1179754170
1190000152
1191884343
1189656563
1191732601
1191799779
1187572440
1189888690
1189618882
1187473465
1179889762
1187766146
1177851842
1177626727
1187667421
1177685064
1179811344
1177969688
1177906156
1177781937
1170418109
1177575011
1170660843
1170831512
1170883286
1165952908
1163788648
1165893619
1165858548
1165717211
1170773894
1170606847
1170219832
1165788909
1170735675
1163756293
1165755388
1170577115
1173215260
1170507412
1154493037
1161464748
1155309920
1161570659
1157416393
1159564804
1161673999
1159750809
1152833686
1159427162
1159492696
1163710073
1163643885
1161513640
1159802724
1159524998
1154623822
1154358917
1152780110
1152724474
1141080696
1152680994
1138923326
1147940719
1145449058
1152625618
1150391141
1147590828
1141245585
1140838194
1140953919
1141302650
1147433684
1150519235
1141024951
1150309039
1140745640
1147488793
1147705938
1141371442
1133816451
1128858573
1135746407
1130882233
1131126235
1131083770
1128984393
1135549196
1131032545
1136013373
1138711670
1138406785
1136175232
1133873157
1130970506
1136133936
1136311840
1136242503
1138046005
1138629252
1126221071
1126085455
1128656728
1125947911
1125387100
1126026568
1127720188
1128316264
1126307404
1126268808
1126175021
1128803875
1128740384
1128590376
1128176623
1128065748
1126443230
1126355418
1127840094
1126386592
1121264707
1121003660
1123442702
1123661866
1120020785
1119397488
1123738716
1120413513
1121109031
1122297766
1120639320
1123204796
1120767517
1120252895
1119891249
1119652882
1122421105
1123857519
1122552687
1123080600
1115240583
1117128763
1115662935
1118190512
1117410728
1116629867
1114828466
1117035882
1116721313
1116808193
1115031086
1114943724
1115372668
1114731081
1116875246
1117573613
1117228559
1116956650
1114634385
1115489405
1105404665
1102958671
1105604056
1114566866
1105507818
1103117174
1098316711
1103031986
1114501070
1098166786
1098106782
1105710746
1100436153
1105302394
1102859699
1096359355
1098409929
1098209414
1112479614
1103218573
1093742882
1085547788
1096294873
1085102365
1085043170
1083277782
1085238264
1085290653
1096151398
1094140958
1096207215
1085201533
1089862491
1087230763
1096085556
1084986787
1090011561
1085399065
1094100158
1094031084
1081566428
1055239545
1081295960
1081407267
1059859250
1081061777
1080883072
1059972728
1055367104
1056221805
1081095287
1083141580
1081134741
1082986530
1056088898
1055784262
1083074983
1080986720
1083208490
1060070796
1054915128
1054984455
1051299316
1052771066
1052907765
1052652311
1052985362
1052831380
1052523459
1054715777
1051056768
1053318871
1052741243
1050938745
1046867476
1052612637
1055066338
1055139982
1054640485
1054768058
1043653296
1043563311
1046203492
1046557303
1046265234
1043629126
1046363040
1042000228
1041700011
1043520717
1046482994
1046155518
1045868250
1046645674
1046773901
1043422477
1041793959
1041598524
1046307171
1043710186
1028697670
1041499211
907879246
1000320571
1041178863
1041116019
1032708894
1040939061
1040975323
1040890436
1034917706
1041031646
1032809986
1028902297
1028530055
998285138
1032749734
1034832699
1041091058
1040853429
907731019
890094024
901249480
879754802
888145706
886352950
899471452
907776024
886406350
886317004
888426479
888403546
888453963
882240842
879779247
882206755
884301399
886134246
888487376
888177402
769199481
836496030
874609141
772440324
770750462
771166363
770919457
769371854
874662433
770545864
811594759
829230700
769328512
770857357
833116595
807348915
879696975
807259104
811616838
807176757
767445451
767538027
743098201
714581168
712607427
712392898
712577355
711034708
714626892
712463141
768978223
743272850
711100696
767634737
711002441
743188516
767304257
712345510
712833223
768819456
698844426
706193846
710837316
710728421
706343843
694298185
702264046
702664337
710780857
700993987
702458651
698866156
702851169
698931786
698819090
703872308
694427823
706263218
702934881
698904114
688036791
692688439
686359838
686097819
682877414
688085420
687931027
686389221
692927976
686211721
684239345
684262857
690188785
688194068
688067424
686426343
686155077
686190227
692654192
684687973
678812238
678795645
682738688
680932819
682517587
679052447
682671628
678838324
678764297
679123586
682593452
678736336
682782133
681020122
678661627
680978936
678995625
682830462
682540122
678706386
673191423
671692804
673122784
678582632
677008629
678619580
678573763
673050944
673348393
676926397
673032047
676955827
674817807
671730581
673136507
671626955
673006232
671658714
673313899
673156413
669666066
663816066
662051194
666393126
665947115
665904439
669913244
662225685
671207212
669811961
669622487
665868628
671593721
668193427
666447707
666337207
669714552
662090746
666279779
669878456
659912531
657138638
658277530
660010732
661951244
658750033
655529150
658702989
656762258
662024558
657098467
658527680
656884389
655513529
658403479
658650701
660427408
660418714
655561786
660562634
649928504
653503973
653842641
653399448
653542069
649863624
651551506
653468618
651955799
653349314
650237255
651761883
653563876
651434407
653272238
649889425
653781161
651570299
653743116
651373030
642489296
642384693
642264536
646678163
648397441
643727944
641838859
645278370
645303483
641908020
645017292
648264735
648120347
648436696
644928319
642037976
646700323
648169297
646851888
648464444
641584888
640084770
640168989
639994971
638141086
641504701
638074940
638063199
639984555
638324818
641771161
640134818
641458923
640042981
639694906
639623280
640239789
638285914
638112174
641825648
634441729
636654846
634683074
633023031
634455782
636321609
633083393
631410489
631353305
632913317
631597585
636492899
636398296
634481822
634630194
636288273
634502127
632936494
634727579
633053994
629484683
629624002
626230689
631183054
626036923
626113371
626181454
624767511
629516450
627644602
629586242
624794403
627732583
626010349
627757365
627697476
631317503
626158394
626077292
631111654
624560838
620229172
620126228
624717063
624668259
623160335
623130148
621609803
620172709
621665795
624510218
621589254
624631553
624644447
623032231
621567751
620146259
621712849
624492860
624390886
617176943
617034443
618884810
617235881
616804683
618737732
616754915
616660266
617104033
618806142
616608381
616637646
616849610
620109628
616566457
617289504
616702915
618681448
615223952
616925954
613708414
615177859
613637677
613619687
615045941
613525553
610673910
612325089
610703707
610641399
610622407
614520154
612360202
613571320
614401030
613590927
613672711
613511731
614447441
613739087
609094433
610335036
603846159
605531109
610614499
604087971
605675453
604310980
610394108
607217218
605693303
604275385
604069528
602541907
596857779
610457009
604107560
596797754
604244311
604052776
573142334
594938501
596673646
589195707
573297882
580910436
573087879
582921606
596720148
580896940
573461018
596636020
589226461
580929837
595114208
596700316
589251673
588707908
573219418
580972872
560763805
556980145
516277925
514718602
514621202
571955053
572973733
561239070
561212722
514596574
573013244
573056551
528764573
516302936
514640595
557025602
537878681
559917050
514671219
514676094
514579050
514562624
513291944
514502871
513409111
513335065
514443776
513307278
512026115
513459206
512076692
513376187
514481206
514514815
513260187
513505464
511809780
514533415
512047449
511988331
502742575
511469770
502470807
500682641
509458987
511516813
511601545
502348933
511436735
502659075
502488633
511803451
511563991
511396604
502527348
500635481
509296639
502642583
511641440
509374974
499085542
499165820
499019424
500542058
499002690
500475886
495683672
494184479
494125044
494090785
499134233
498973364
498947089
500501729
494214871
494251020
499066264
494159250
500367569
499115724
489235781
492396565
490403364
489749050
490435202
489671205
489758488
492566513
492429850
489661612
492364967
492248894
492200585
492611990
492166560
490378195
489790261
494057775
492474140
490327964
470561905
477933905
486342312
471465159
470594533
471664404
486295069
471638523
470535003
471510770
471566657
486390443
486444893
486485178
487850416
471599001
486528392
487805145
471520240
470566217
469333577
470179631
469254585
469310777
469152668
470456428
468971929
468898414
470417183
470387083
470125256
469180663
470434704
470351962
468833529
470219291
469287852
469248673
469224790
469102928
467844482
468790107
462759545
462630605
463582833
462594717
463667963
462698048
462507179
464605566
462737652
463637064
463608591
467993638
462479707
467979000
462582351
467500569
462546554
467799209
459835886
459931023
459808207
460028155
461379833
461280340
460504949
461326700
460082091
462456812
459885890
462429597
460443434
460355480
459991204
459758650
461247670
460129122
461180880
460071468
458746735
458427934
457536172
458849836
456999556
458992599
457180534
456965951
458700575
458408191
458372433
457213833
458622975
458455327
457081085
458594028
457546666
458669354
457034183
458805729
454005904
455947520
455334986
455263839
453862080
453795251
455487659
456895641
455777653
455532689
453824235
455439394
455684354
455676025
455237310
455297390
455861900
455389714
456922390
453921906
453741551
452205335
453641659
453669412
453550186
452139323
452279866
452113761
453615296
453577993
452056869
452026620
453763910
452326029
453610160
452159477
452088084
453701793
452237295
452171917
451161447
451250045
445951774
433017276
450638101
450767609
450687318
450603210
450527158
451095388
450506705
447421458
450857214
447376182
432930167
432890972
432988209
450449822
450483613
450819530
431862673
431083950
432780580
432678186
432618433
432816770
432563619
431524219
431601082
431498313
431145266
430792310
431704969
431434662
432848858
432717283
431470489
431400547
431640153
431554706
429973225
428531053
428660654
430125220
430017334
430046676
430104074
428693565
428577643
428729879
428477777
428417139
428742750
429586300
428558433
430146625
430177059
430207229
428633810
428611870
427046998
426111571
428212599
425934802
425234581
426727572
426036259
428275352
427706924
426177211
426995914
425892388
428110812
427112324
426821774
428342920
425345676
428166106
425972757
427081182
425149940
423415751
423694987
423744995
423655559
423512039
423359326
422812355
424986341
423264760
424926163
424874334
423568826
422985326
422875910
423459791
423129712
423608157
423194561
425059180
420268614
419526199
418346852
419753445
418323454
419566291
419509980
418382904
419933718
420230660
419492352
418367646
419984983
419689433
418401232
419662239
419547237
419878860
419843569
419451431
415735575
415605202
417214897
416514500
418246297
417194639
418278084
416846453
416349213
417254378
416326365
417238571
416399231
416463651
417055138
416372567
415657240
417178838
416424890
416909984
415063464
414990252
413849850
413967140
413332631
415047667
414128132
413886268
415374777
413779738
413253570
411619286
413816895
414076699
413034727
415031906
414027175
413926542
414192169
414249119
410483348
410367120
411570015
410166484
410327212
410139185
411288483
410416262
411325860
411471879
410222634
411375263
411255484
411203691
410392106
410291671
410253882
410199048
411232149
411421348
410099469
407479410
407537454
408235800
408057883
409078666
408163968
408290798
409108346
408080918
407528074
408008555
410121371
409724577
408028954
409134080
409174656
407577304
409431501
408126308
406031551
406860989
406992100
406233671
406960040
407009819
406881128
405893228
406903785
406128885
406928283
407038541
406059285
407420550
406862165
407070767
405942186
405979349
406081752
407115731
404526111
405784065
405819689
404489594
405628329
405680168
405597351
404794186
404454773
405714609
404670251
404616662
405743718
405650638
405854602
405711539
404728814
404576113
405550300
404867519
404120423
403364343
403465418
404343083
404266204
404241373
404207314
403243168
403512833
403431220
403209935
404362408
403301032
404404952
403265850
404289586
404311364
404160939
404191513
404129695
400055037
402322649
402992044
401925758
403127871
403160451
401998657
402303183
402056262
402240530
402225789
399968877
402221801
402000865
400010336
399923055
402030865
401961174
403191418
402183004
397590875
397461070
399858190
398812311
399814647
398748148
397522522
398773337
398796431
399839040
398883040
398919352
397350852
397260438
398986091
399833945
399782537
398845215
399802979
399886867
394671943
396032965
394482517
395972795
394464936
393225329
394728758
394599447
397245138
395932947
394496454
394540312
396068145
395524983
394628870
394781733
395905145
393294463
393160373
394573537
391928815
390591819
390655297
389392381
391958754
391711864
391773754
391648390
391537465
389441611
390710383
391544881
392187049
390173845
393045599
389417738
392050739
391814328
390200377
390495836
389227412
389108230
385055736
385459463
385163216
388658058
383779070
389344619
387533464
389174047
387407186
385421107
389303305
387467483
385475947
383807533
387328081
383874543
383842380
385372676
383498917
383554961
382298694
382594626
383680748
383633141
383595295
383255439
382614941
383422940
383710187
382462399
383186658
383340247
383718877
382360436
382253895
383748915
383503183
382442021
381290166
381399233
382083598
381364392
382027260
381006135
381951955
380127665
382015931
381238399
381132174
381438019
381909586
382149738
381315597
381061992
380181036
381190301
381465226
382206781
378140589
378551515
378849833
378365098
379964993
378574404
379905041
379749752
378699058
378504418
378299818
378623355
380071689
379713623
378245881
379810200
378189141
378781534
380031179
378435644
377506636
365483281
364288033
365418341
364253128
364357463
371048567
364317848
374385781
378093793
369386760
374522131
365367242
365337291
365398561
377578107
373265088
370883707
377242782
364233691
364158137
362139462
364194509
364064649
362884170
364139660
362945574
364031528
363167424
362925291
364116291
364086190
363012713
363138665
362907962
362864593
363047016
363106334
364052085
362086024
359779697
361981579
361862515
359488893
361606114
361784869
362058250
359556080
359730414
361569747
361948847
361809845
362021444
359517744
359617168
361915592
359861501
361885571
361836844
361754900
359107992
358942757
359029304
359413629
359278693
359068007
359009027
357793548
358892791
357768051
358965393
359220849
359348244
357860351
357747142
357722582
359157379
358982362
358867055
357826832
356603556
356582328
355761950
356725949
356673662
356640222
355813175
356705789
357683944
357661119
357326741
356583914
357641007
357702263
357524884
357619380
357468081
356767222
356632909
357574017
355591352
354454990
355505091
354409343
354377477
355714904
355561111
354187813
355665688
355415595
355387897
355369866
355469110
354326927
354299195
354357702
355533703
355637852
355348527
355445014
353340586
353439015
353083495
354083583
354140502
353285067
353114595
353142695
353171151
354052200
353429832
353251299
353012026
353217285
354166359
353055783
353028779
353183255
353103643
353376129
349975468
342962629
350114068
350095199
349799957
349645280
352676457
349624737
341698944
341717556
342943288
341775488
352817378
341729969
342982901
343008310
343047826
350145981
352733158
346632068
340509857
340458664
340407197
341691569
340588256
341572911
339495692
340295409
340573957
341608936
340430643
340626239
340252993
341667499
340552908
340479191
339532463
339470735
341645380
341627298
338444136
338431333
338344922
338301413
337441942
338403584
339445189
338221016
338263014
338325662
338407134
338376326
338284256
338250645
339401988
339378660
338235216
339452027
339423863
339363648
337360715
337186035
336440447
336242877
334848983
334901620
334751610
337132017
336403736
337406615
336222487
337098322
337375152
334986204
334882280
333344911
337169612
336205391
334715231
333266870
328946144
332148870
329028665
331201500
332319314
328974619
330078806
332182770
328792074
332288596
331097050
332187114
330109317
328993939
328919790
329021901
328887481
328773544
332366129
332122272
326512127
326449836
326452377
327733791
327867077
327595982
326477150
327736671
327896350
327682574
326450971
326481649
327933283
327713973
327569429
327829151
326438257
327805047
326430755
326534917
322797777
326256501
324945505
323798455
323772710
323866556
324917363
324963139
326385291
326309222
324834292
326408743
323814403
323760704
322866977
322826226
323787544
326264208
324855642
326358932
322629873
322653458
322694687
320728199
322766750
320849757
320725989
321697168
321728083
321714629
320757140
322712422
321588490
321671422
322678937
320822120
322744801
320787226
321634686
321610591
319715854
320667522
318212465
320631657
317154556
320654452
318005598
316986726
319601348
320716132
318533970
317030389
315933687
318065403
317181827
319546254
318146924
320607736
320701130
318510155
315648988
315761512
314869895
315850305
315931645
307922788
315919240
315697620
309236063
312652835
312706775
312627153
315868446
314850578
312719308
314563774
315881320
315896836
315887465
309280941
304968812
303490708
307901119
303632827
306826964
307856409
304948808
300876040
300859144
298407339
304993182
306891072
307877219
304989344
305033880
303615146
303449699
306921831
305015194
306838531
290675242
294298557
288417015
289512043
289531766
289464328
288374065
291679871
292785835
289498007
288349380
290694112
290657354
290653497
288394774
292036188
292026354
290646499
297596155
288324878
274756991
282752875
287397080
284003930
275677006
287360239
280386434
274769652
284066626
280350953
287389362
284877672
284849609
284039172
283968115
280811212
275750763
274741775
282768012
288294592
263433706
266803581
262531941
264412165
263580374
264450476
262426855
257439601
263688319
263554917
262632760
263663368
274716187
262613112
274709957
262385766
263395326
266864588
262511470
257455400
255150499
255102588
256065590
254184507
256121794
257384152
250135945
256383703
255293360
256408690
256158423
256255414
255096188
257415677
257398488
256273950
255273504
256299752
256371733
254164962
244614202
239683115
236055754
243752225
238186054
248213861
249162151
239739720
249179473
246238493
246452504
241127290
239544128
238490025
244556954
237287757
244527695
243909208
243716031
240343600
234228540
234804767
231862659
234723899
231812044
234224720
234204584
232219053
231905773
234200091
234219221
234214495
233217268
234233277
234209141
233403706
233313511
233265474
233430531
234770665
231366660
230676069
230796108
230838008
229305568
230865326
231650544
229223039
228118881
227449335
228526890
231607697
231342845
227437753
227410580
230954563
227461638
229241832
229279225
227963196
226228794
226138259
221855150
221558329
226282278
226329530
225378484
223953790
223909356
223791563
223862490
227369498
227391542
226192514
225481076
227324227
226105058
225437519
224578127
221546505
208591881
207287058
219345723
209881067
219186804
220772394
216398480
213687854
208823438
219294228
208577772
207261161
206612087
206340925
207907142
213771371
208620946
213739062
220799710
219244779
199846706
205088104
199674645
203929255
201000579
199629922
200093439
205903576
205853174
204769504
200958185
199867644
204837589
206264892
205440508
199891637
200110712
201052686
199550543
204758416
197174095
198330761
198952966
197424946
197453399
199177720
198915957
197476447
198985334
197534751
198258277
197382577
198870831
198227657
199101978
199133955
198355610
198294028
198865241
198823222
195124199
195860612
196112307
194794660
195543143
195092336
197160810
195085506
194764993
195138309
197117408
195828904
196138818
195567840
197102972
194798287
195106581
195842237
196161919
196079179
193342469
193186223
192932255
194759709
193374369
193471907
193431159
193304756
193225849
192853524
192955289
194228741
194248331
194162871
194478817
194196938
193453250
193395464
192865538
193254405
192437540
191386552
191608622
191797229
192099904
191758667
192835933
192602126
191407982
191658943
192557927
191022851
192128363
191463950
192064866
192082163
191836216
192519675
191838973
191437427
188799240
189640866
190982422
189774941
188300274
190376611
188763633
190458613
189718201
188347428
189153243
190070652
190919411
190053602
190493718
190956290
188308676
190345660
189815486
189605420
186568646
187454145
184877051
184659198
188195295
187487983
185518140
184687138
185052297
185823713
184975847
184636866
188232472
185866056
185424644
185351166
184364373
188265508
185019416
186582335
176577434
176593534
178760746
178771905
178530027
178448539
181002147
178484458
178384445
180461450
184325689
176652536
179845079
184284943
179807621
178558764
177067262
177099549
181103484
178413232
176270029
175251292
175930215
171119366
170853111
175319638
175126367
173918827
173311242
173247927
171103706
171936443
175165095
170741436
173883655
173282392
173812595
171442573
175200710
175220640
169014863
168775640
168763163
169494259
170044090
169352021
170068197
169820819
169883935
169046253
170699771
169458006
169028279
168733848
170174445
169947392
168993989
169410717
170457136
170734824
167904210
167059070
167694896
166316253
166801648
167871616
168581026
168542908
168513206
167240071
167271957
167989710
168403824
166777067
166656192
166415306
166732125
166362424
166359274
167559175
165723880
165706472
165474313
166178884
165736602
165601443
165331210
164982548
165387850
164959474
165015898
166208451
166260804
165579001
166232039
164932045
165659886
165630247
165191568
165997717
164317893
163467494
163826913
164598867
164371177
163170629
164276733
164245153
164348327
164218036
164120186
164365684
163157650
164637688
164385451
164155901
163588288
164560898
163543729
163415525
163134083
160973610
160887607
161888393
161652554
160922843
162851446
163117293
162640091
162539959
162346040
161995224
161126131
162283650
162496033
161929527
161029780
162561277
162368563
162605871
158857132
160418805
158838726
160569023
159020377
158968995
160452358
160616649
160118732
159385463
159334253
159257100
160543152
158882065
159287920
158819154
158597931
160032937
160517443
159064731
158418484
155713962
158016096
157219631
155023930
158371357
155798107
154993724
155764818
158510637
157628824
157214337
156790424
156827727
158573697
157589041
158530872
158123224
155043750
157196914
154545815
151710026
154785253
152105255
151848419
153563790
151797507
154144170
152803826
154501378
153219365
151734454
154037351
154484047
152831173
151894058
154761426
152773534
154944305
152513366
150983588
148448342
147855433
148807305
148508716
150178068
146507731
150814184
148146959
148125864
151214190
150838690
146533052
151029082
149418244
147985237
146537062
151098180
150276199
148833119
142501757
143433119
142486311
142438329
145016049
144979366
144899798
146442769
142172653
146414455
146066373
142519655
145960264
146426165
146129712
144937202
146020294
142527238
146481286
142576802
140732693
141169222
141950264
140639971
140559100
140251361
141295864
141990852
141437004
140449939
141318356
141970062
141074227
141930273
142000840
140488107
141479302
141110654
141085236
142074292
139354848
138643770
139408847
139387216
139808438
139773339
138715218
139378957
139847285
138739814
138431271
135350447
139332406
138853228
135215025
138656230
135197549
134894572
135173262
138720525
132094057
131751435
133064768
133145099
133868518
133165831
132128078
133214916
132104883
133253873
132152362
133070471
132112680
133821067
133185539
133129717
133114899
133093350
131645549
132108279
131265855
131237142
131168937
131052385
130891687
130753215
131221910
131206228
130357389
130821613
131106082
130337581
130374644
130317132
130965682
130783523
131024309
130863280
131144990
130321957
130058695
127752671
130291939
129914433
129957624
124113831
127774096
130257398
127795418
124833853
124124028
124847901
127700478
124818818
130030582
130268062
129994948
127730387
124863102
130099425
122570089
124000317
124023749
122551648
122509712
122484569
122322302
124037395
123176575
124053021
123232267
119434273
123249210
123205398
124000970
122532924
123188919
124011435
123287942
123216305
119416408
115428752
113741176
114274986
115469538
113524931
118577845
115448247
115226002
113711033
113554636
113548913
113725700
118617396
115476430
113578861
112996146
118638645
114311919
113586932
101846959
101183638
101871868
112893397
101908603
101122714
112787863
112727428
101343660
112755954
101327176
101203904
112971605
101901456
112841016
101370738
112804647
101381189
101360771
100724517
100080100
100491419
100131877
100695341
100070143
100546868
100712322
100581347
100101233
100708628
100670074
100633782
100654740
100642178
100573587
100645783
100683918
100118379
100516996
100618891
100037464
100024769
99963959
99940041
99386335
99457994
100008911
99437480
99422579
99470786
99371730
99410059
100047072
99896946
99917870
99877644
100060551
99397889
99993982
99954433
99356372
98298516
98684484
97727700
98708246
99183146
98393255
98360646
98321734
98257855
99340089
97846949
97828900
99248345
97810593
97772709
97743561
97794629
99272603
99220919
96186693
95874788
97701843
95871329
95538385
95777699
96136315
95864504
97676864
95821110
96020143
97662736
96158881
95978237
96254750
96214609
95932268
95846254
95798196
95904914
94616840
94555019
95131526
94511669
94474552
95305149
94497461
95426395
94648988
95103538
94778789
95388249
94588741
95359373
95247800
95161185
95194290
95280393
94822618
94739478
93123048
93962833
94240696
93085712
93071632
93046988
91315796
94142734
93967574
94207174
94253361
92480444
91336179
93933169
92447061
92415215
94047257
91367918
94102480
92385542
90436881
91076940
90365250
90351790
89372430
89864355
89309642
89440810
90697749
90418313
89479277
91287138
91042398
89407866
90751221
90669164
90390642
91014588
91105451
90723196
83328893
86463139
87795358
87721946
83926309
83863399
84674035
86398557
88347784
88326566
87877583
83976009
88387942
87846759
86496092
84039348
86538375
83892098
83334378
84952426
82493171
82530124
82480267
81952586
82031933
83291089
83244797
82264342
82366363
81970939
82450068
82540434
83304272
82435448
82289045
82505508
82318651
83313563
82342922
82518230
81638705
81623416
81006903
81647035
80973130
81522463
81921972
81551278
81661441
81595405
80914334
81684435
81570903
81534512
81694353
81499725
81935220
80869551
81675124
81610039
79825768
79692068
78410527
80315122
78905132
78384616
78350502
79121145
79042549
79803534
79101061
80287191
79656551
79346505
78317746
79367235
79769230
79718606
78607844
78937978
75897654
75680140
75434053
78265934
77947197
75455616
78290313
77636965
76733981
77770603
76707666
76673563
77671575
74373397
77604905
77718211
77739566
76950093
76649057
76500181
73394036
73245460
73942405
72079814
72034722
74357018
73426164
73256422
71943199
73970774
73265708
72527346
73360664
73917735
72058101
71971246
74287827
73893405
73766572
73710300
69950371
71795731
63173882
65749079
62798189
64842207
71814963
71863954
71715856
68612687
70323159
65778515
70295038
66059686
65364057
69753548
71777689
66553599
65764214
64170858
61468640
61732428
61865726
62726782
61460162
62422530
61405963
62642349
62711470
61443407
62679567
61909331
62606345
62595994
62278386
61429208
61498355
62776127
62753485
61895025
58694938
59591660
58511947
58708666
60123827
60099143
58318894
58272909
58496786
61114733
60736149
60801646
61384258
60958013
60831222
60683393
60082005
60715219
60062200
58091332
54428766
53943514
53996961
54418069
55936137
53912414
53436221
53922008
54721600
54618782
54443424
53447903
57593983
54483532
57956925
54642186
58071457
54459403
55913075
54600515
52781747
53104677
53077950
53412311
52801598
50888085
53421399
53111875
50620076
53416314
50804784
50616919
52770987
53098261
53123305
53085547
50880781
53092859
50812638
50873084
50602097
49995993
50325579
50000763
50540331
50023975
50030856
49779233
50543201
50548509
50321811
49770485
50609069
50591310
49784830
49716677
49725180
49717278
50292471
50585461
48728713
49017513
49385018
48393063
48716474
49040180
49013556
49418148
49009004
49494615
49710393
49023074
48750074
48720725
49378524
48709880
48143898
49504012
49390094
49406871
47186962
47881097
47179091
46405562
47895132
46842134
46374171
48124128
47902347
48133030
46829503
46369713
48107756
46384975
48117188
47887033
46774377
47168211
48137004
47161724
46286307
46064792
45817508
45994790
45813103
46023811
46002941
45808451
46333191
46311057
45805266
46367987
46327430
46073185
46317638
46350882
45801094
46295636
46078553
46014861
45742812
45475249
45456133
45734819
45561262
45223678
45443690
45229760
45554091
45568868
45486151
45479939
45783182
45741152
45487529
45562549
45237787
45795190
45789084
45783782
44789609
44577312
45192400
44319770
44633348
44642658
44844603
44309492
44800880
44624273
44612251
44596367
44514327
45178934
44601696
44856409
44815871
44606637
44313685
45202891
42595930
43224949
43998488
44280442
44304275
44275401
44005650
42959918
44030344
42952592
42591226
42574082
42569733
43512192
42568170
42966378
43962034
42974474
42944000
43979436
42325615
40749469
42311605
42333176
40253201
41631873
42519160
41391576
41624374
42013484
42495564
42036340
42307824
40528057
40512355
42324528
40751135
42238736
42302355
42296057
38977321
39343967
38981848
40061758
38955966
40045960
40249038
39995270
39842026
40056440
40052606
39836266
39828028
39819302
39365484
39193344
38966063
38888081
39378124
39812997
38880509
38116270
38137755
38369472
38174003
38348185
38081026
38146900
38111479
38179985
38142950
38870493
38105704
38357828
38377995
38362606
38338911
38090181
38122594
38098140
36075732
36082092
35811732
35859818
36255060
35851639
36094199
36262994
35885700
37903916
37128219
36036525
37892778
36100528
37899094
36028891
37885258
37889087
35889993
35819384
33435638
33440797
35652924
33415566
33407272
33419656
34941531
34909300
34915755
34942300
34937234
33458127
33866420
33450345
33425291
33444228
35649398
34922275
33431067
35643398
33148602
32467845
32458687
33190625
32967638
33215108
33363533
33161748
33353419
32429259
32962840
32443790
32391100
33202007
33199842
33218507
33183135
32403902
32279583
32274674
32033957
31904924
30819696
30835526
31673086
31885518
31714358
32148419
31205208
31187703
31749338
31691586
30829350
31895228
32163890
31193906
31679119
31214622
31703649
31742522
29877335
30480244
29992971
30513530
29899317
29888363
30798299
29856753
30561802
30729967
30565885
30064720
30809689
30056188
30715882
29883176
30572050
30579151
29894104
29845942
29557000
27072889
29620206
29579090
27102050
29805662
28661832
28654378
27062833
26950402
26945155
26915928
29576159
27110124
27096056
29628553
27048665
29587631
27151106
28540540
25789128
25796951
26767204
26322804
26328830
26727978
26275622
25609554
26721173
26066512
25590280
26001844
25779084
25577208
26285062
25984610
26083621
25632959
25970652
26095709
23360488
24334796
23602097
22571692
24321518
24494859
23144619
23134696
23937008
25558687
22976897
22968627
22961040
22584906
22404485
22943605
25547183
24726059
24909112
24341456
20855800
20949424
21870270
21843233
21933119
21919990
21927383
21946292
21878311
22395866
22277615
21858118
21100459
20867421
22272363
22285143
22040617
21911682
22267251
21889682
20435759
19786506
19805556
19650520
19906414
19896672
19870668
19792491
19760129
20360238
20590652
20774258
19800834
19721478
19881546
20596828
19751539
19772826
20760617
20767113
19461867
19193204
19188807
19013890
18919477
19199008
19201396
19326771
18926842
19222308
18923659
18905277
18915939
19320624
19498169
19494744
19472796
19331183
19208075
19479279
18745759
18730758
18833445
18759794
18734587
18901324
18725875
18667709
18738925
18579967
18570752
18753353
18585606
18739475
18848059
18576695
18574149
18571112
18719132
18576331
18555463
18401511
17569904
18546117
17559169
18062235
18517764
18542611
17585730
18381978
18404161
17556800
18549945
18399006
18057824
18564180
17563228
18566230
18395820
17573262
16611066
16621655
16763150
16573906
16572263
16909879
16912900
16755414
16476797
16632645
16759293
17272582
16625138
16589795
16613750
16617195
16469831
16752375
16627758
16574402
16030562
16022685
16355523
16010326
16323250
16329016
16361885
16359065
16027282
16200183
16318903
16246070
16250210
16034413
16029605
16270142
16437957
16036828
16017464
16212526
15417128
15422171
15643548
15837630
15533449
15593371
15636904
15974352
15412684
15632826
15968440
15419632
15591479
15831890
15855227
15847118
15661059
15605862
15407245
15842921
15235280
15391458
15365057
15218133
15386844
14927241
15192677
14952967
15208443
15252107
15238447
14969430
14963575
14741063
15228601
15359702
15222105
14973523
14948358
15248597
14242859
14686351
14578524
13912633
14669182
13906708
14547684
13678889
14286646
14571043
14368543
14376810
14278653
13933288
14233559
13926213
14408839
14281634
13943542
14574579
13403618
13532395
13556130
13407886
13583070
13559860
13577592
13393963
13246847
13225105
13235341
13219742
13649381
13655632
13660298
13545324
13414663
13400580
13239753
13524663
12971660
12767034
13076379
13112099
13089954
13101911
12964506
12951833
13096102
12610144
13109785
13175766
12955929
12620447
12772290
13067440
13106471
12960279
12616313
13070891
11464465
11457997
11582767
12251129
11450908
12600565
12237386
12235644
12231157
12243340
12223642
12216039
12204346
11461272
12255742
11719418
11577591
11712216
12596326
12590191
11262085
10970152
11440924
11426423
11445609
11114108
11268999
11085563
10968029
11444599
10956886
11103648
11089014
11119617
11093797
11109854
11098678
10954242
11432838
11254711
10343161
10833907
10347352
10212050
10949654
10135480
10205009
10103103
10115338
10093983
10827744
10218467
10129238
10099873
10125938
10201881
10830595
10836626
10199668
10952890
9839667
10068712
9826583
9870172
9865779
10074514
9859015
10065256
9882898
10072828
9864341
9846220
10089884
9878298
9823397
10076304
9668614
9856257
10074850
10060927
9469456
9476551
9640512
9643883
9659767
9498728
9464195
9450138
9637137
9423657
9666549
9506448
9456583
9418904
9634226
9485736
9647758
9657221
9500167
9447610
9071229
9356435
9335744
9205881
9090507
9322360
9352172
9340755
8995982
9337067
9214645
9201845
9412686
9331963
9316410
9348393
9373466
9408754
9330453
9087220
8851173
8958358
8834578
8831032
8549518
8535254
8555732
8482998
8974711
8969019
8992425
8989854
8843759
8839080
8534198
8830851
8965318
8952555
8846252
8541230
8151962
8231401
8158493
8242261
8139745
8332041
8321949
8235323
8470733
8245995
8143395
8316412
8238127
8478972
8150463
8136862
8335653
8373056
8146212
8468700
7311429
7220249
7408869
7208809
7549816
7308672
7675460
7542459
7304780
7685041
7623302
7638713
7403789
7300969
7212378
7551562
7214784
7641243
7617690
7554124
6740733
7133192
6527724
6525809
7206869
6976144
6523739
7139729
7136296
7067545
6990978
6530595
7063824
7057528
6757630
6993702
6745562
6980054
6973122
7059667
6340233
6521715
6456071
6343374
6406652
6459979
6196559
6344800
6277787
6346176
6275705
6347368
6414134
6412802
6341628
6329613
6271182
6465272
6349402
6273509
6188302
6090959
6091533
6050395
6102827
6169626
6114386
6182555
6191239
6185208
6104763
6193761
6175300
6048699
6195452
6111718
6113111
6116343
6180981
6097308
5983560
5917190
6040323
5970186
6046839
5981485
5972826
5916037
5976982
6045073
6035797
6042823
6038017
5975466
5962933
5961120
5969361
5920235
5979391
5918531
5753265
5755562
5777645
5820405
5823162
5847948
5911876
5842457
5836798
5828239
5851884
5774046
5841151
5769140
5838759
5850439
5843723
5914471
5771426
5834461
5570340
5673177
5483942
5744807
5739927
5480563
5482155
5663280
5551083
5548158
5675901
5546517
5667697
5479080
5742366
5748753
5671499
5669470
5659561
5576196
5407524
5398429
5361286
5400746
5308076
5299003
5306401
5351541
5474751
5359215
5296853
5472482
5302219
5405136
5358341
5349883
5346239
5402927
5363088
5357441
5200687
5291106
5197033
5275366
5151827
5143320
5280241
5125397
5190492
5269026
5121946
5117697
5293631
5149825
5140857
5138668
5153448
5131524
5129431
5193875
4927571
5002907
5015219
5007750
4992384
4944353
4994172
4941857
5009266
4991079
5004299
4987116
5013276
4938860
4996208
4998253
5011982
4947797
4984660
4946677
4854975
4874648
4813997
4811051
4924721
4886009
4868557
4801447
4798517
4880831
4864337
4808985
4804037
4816399
4859717
4922250
4822855
4870679
4883823
4818842
4720494
4786280
4735169
4782306
4716408
4706333
4738746
4704594
4702460
4722381
4732572
4705507
4728271
4705000
4790941
4794737
4725882
4736829
4705749
4710297
4644129
4586242
4634771
4657490
4580360
4663983
4661690
4621642
4577834
4647558
4632638
4584477
4648249
4651341
4659771
4654150
4582436
4588254
4629620
4625378
4519957
4574188
4521576
4514429
4508890
4498809
4559114
4561138
4565599
4518109
4516259
4495281
4451416
4430484
4492997
4556860
4507156
4561933
4562943
4455199
4279009
4426849
4381491
4427309
4386370
4429877
4383520
4379087
4250774
4372174
4368445
4304545
4334755
4270447
4389216
4374647
4307025
4265311
4302386
4254856
4212637
4194638
4219756
4208418
4224027
4216317
4121484
4200094
4134956
4088677
4109605
4102972
4189393
4131134
4221703
4213326
4090118
4092069
4196585
4125943
4040553
4049160
4042284
3872327
3991691
4053775
3979037
4052395
3820374
3882956
4039527
3875978
3994533
3879953
3995582
3973432
3881312
3885072
3976571
3996903
3729670
3813052
3810462
3781968
3798700
3816636
3817273
3809149
3808546
3736339
3795599
3786753
3737888
3806911
3801370
3805018
3791796
3814451
3803833
3812476
3720941
3706983
3645541
3620996
3712411
3719722
3643067
3640729
3725043
3619676
3647398
3616984
3724684
3715859
3626154
3638535
3727009
3620124
3721753
3636789
3561788
3609555
3598938
3513431
3572164
3613076
3568124
3514245
3515934
3526031
3564359
3520014
3559290
3522493
3524125
3566094
3570211
3518332
3527880
3573944
3508341
3402694
3503017
3408019
3386768
3412869
3509287
3511602
3406326
3381818
3497374
3414640
3341391
3416964
3506550
3407204
3411091
3409281
3404474
3505279
3246873
3274520
3250956
3318475
3312561
3270098
3336350
3313584
3326466
3308603
3332776
3272444
3323400
3266207
3258974
3339786
3329269
3263373
3262242
3255029
3175992
3157907
3113643
3167913
3163940
3116557
3109749
3107197
3240813
3107350
3152316
3111208
3114457
3166150
3105569
3118422
3243158
3160892
3110668
3162172
2979694
2978790
3080701
3071723
3075327
3069791
3080104
2977016
3073327
2974257
2969997
3068783
3061126
3056944
3056053
3053155
3058494
2972370
3054453
3076655
2846779
2818428
2925943
2958313
2848366
2869808
2927487
2967897
2852555
2820949
2819040
2818944
2856853
2854027
2822254
2849888
2819421
2868836
2825086
2820557
2766829
2771494
2726366
2770749
2817030
2769620
2762758
2760123
2756024
2736037
2725262
2758287
2730508
2768527
2773921
2772741
2748888
2727974
2761335
2733971
2679191
2722639
2633328
2673453
2674674
2669085
2675970
2684185
2682548
2721094
2663289
2660756
2722176
2723845
2680072
2677614
2631861
2681016
2719502
2657606
2528869
2582803
2581233
2630494
2627179
2620328
2624292
2628289
2623101
2581767
2528023
2629522
2527223
2531883
2625998
2618392
2534942
2616067
2533633
2529958
2522652
2517123
2509384
2469403
2466766
2478504
2525258
2477310
2468791
2480272
2471098
2519463
2479347
2475851
2467537
2488286
2485628
2525680
2512361
2514982
2373720
2371917
2370183
2419844
2376226
2428011
2416098
2379546
2374498
2426263
2423841
2451148
2430987
2417557
2415041
2378079
2429411
2424862
2412018
2418417
2357343
2264058
2358678
2361906
2265891
2256046
2248129
2260086
2252181
2245625
2311366
2363922
2261713
2367105
2254715
2250361
2360234
2366005
2368749
2365532
2243914
2204949
2203472
2195516
2189901
2208871
2159837
2207048
2212402
2202724
2193643
2191760
2190559
2210800
2157361
2197078
2198932
2155787
2214292
2200447
2151141
2144429
2083385
2140901
2134797
2094567
2087466
2149575
2137104
2081073
2093352
2139686
2082635
2153129
2090229
2080336
2092006
2142210
2088943
2084675
1939314
1999358
1895484
1996809
1942522
2075583
2077669
2070465
2069347
1938308
2078538
2072737
1944264
1994310
1991145
1940635
1936631
1892680
2003765
2079587
1891440
1808332
1802458
1794821
1848666
1856215
1851564
1852341
1857551
1806688
1842071
1810551
1889909
1855163
1854094
1804642
1843811
1853382
1793822
1859228
1790753
1724421
1737254
1675374
1668535
1729810
1673498
1744231
1736006
1789610
1746358
1722025
1721247
1727559
1741683
1672355
1670405
1789119
1676750
1671023
1613975
1625551
1666978
1624481
1588362
1662065
1617863
1616625
1623061
1612592
1609723
1622126
1610928
1621263
1663208
1665596
1619090
1607729
1615431
1620098
1530662
1527658
1525884
1522927
1582071
1585339
1586645
1584169
1531393
1587295
1531013
1529359
1579136
1577277
1583185
1532924
1576425
1573511
1524638
1519803
1512886
1400749
1518425
1402173
1407971
1398005
1394063
1489932
1502330
1517621
1497708
1504861
1413203
1492078
1411513
1500138
1405767
1508507
1399471
1404071
1326646
1253983
1239131
1245197
1251692
1322552
1324714
1321499
1318335
1173468
1391865
1320536
1315833
1250971
1247897
1243712
1242553
1172346
1249273
1316390
1163518
1171067
1131205
1129895
1169643
1161522
1083368
1079087
1081028
1167177
1086737
1076960
1125268
1081943
1127274
1123102
1166406
1128868
1085407
1164832
1014847
923462
856089
851632
1075239
927196
1072376
939421
849542
853866
1016467
849396
872156
1073694
869094
936253
1017781
1010673
849459
867407
617254
619919
615527
463751
461101
620725
342717
790698
341891
614386
273064
462340
460912
273846
787591
845437
460153
848340
426651
273379
103208
271672
105617
142955
103093
102579
106069
102339
236375
105931
237226
272395
238634
199005
105497
105794
270884
237824
102699
270763
73970
74082
92323
78484
26653
92372
74073
74200
22059
76196
92175
92449
73990
74032
73906
76240
76132
74137
21984
73963
21095
16445
16744
21193
20906
16843
16754
20937
21148
17014
16772
16761
16305
16736
16756
16721
16294
16289
21023
20913
