1159885837
1167921373
1164100021
1143096218
1167868479
1163553597
1157320123
1177628824
1167622254
1159475964
1159266380
1161486979
1167708329
1166573859
1145573639
1161810138
1144991108
1144835853
1161441578
1167799592
1125839923
1119513563
1128413954
1125954178
1128307286
1117218544
1128808362
1117045242
1117683349
1125773457
1125408822
1140785577
1128728593
1140860639
1117904642
1117797437
1127273251
1118062007
1142897140
1118214653
1110903729
1116938691
1112686999
1109459187
1115148276
1110612096
1114930480
1109316889
1110351975
1113416055
1116008852
1114850352
1113567856
1112489034
1110782205
1111397776
1111514497
1111264727
1110527189
1109584310
1084885824
1097113737
1100190041
1097224804
1094666234
1085033655
1095789365
1084965848
1101931885
1098306129
1096989415
1100936308
1094739899
1085000985
1100889982
1100248121
1096131419
1084924636
1094846188
1098244524
1065911462
1065866973
1080922956
1084642685
1081235060
1083131103
1082813418
1079230193
1080841663
1082960580
1082924210
1083151583
1081303723
1081131688
1082634491
1081179194
1083090694
1079156564
1065823032
1084753960
1065785969
1062253966
1052498827
1064960478
1063542543
1062321977
1062119666
1062036642
1054295708
1052445421
1065038457
1063431195
1052380171
1061986844
1054114847
1063302714
1062195859
1065451338
1062075743
1054221066
1052326205
1029054127
1027038577
1050249433
1052230099
1048112667
1048060844
1029248225
1026745809
1050213278
1029375554
1026869504
1052223664
1047379278
1047224544
1030099106
1046964148
1047060777
1029990584
1026709271
1024884773
1019805878
1023985084
1026586152
1024203134
1021388648
1024039577
1024724521
1024543894
1021483632
1020488682
1021136233
1020423267
1024111453
1024427498
1024303105
1021258634
1020615768
1020362810
1019872385
1018523050
1018449785
1014956273
1009567141
1015264005
1018662217
1009403870
1019711495
1009474319
1006911788
1013952792
1006875104
1015101176
1014835577
1013851735
1014694108
1009242578
1009317527
1013753151
1019765640
998041017
986117964
987807754
1006751823
1004823097
1002807024
997960310
1006839282
998321107
1002764775
987811124
997855349
998206503
986061562
998141603
1004787132
998367197
987858200
998270999
1006836540
983239395
986009902
985956437
983646109
985445557
985859254
985922847
983744689
983603168
983544432
985367325
983404220
985136921
983310584
983027798
983682470
981329485
982867737
983148526
983464492
970586801
973476887
971710242
981077945
971107324
968511561
975353529
979160843
981229837
971657674
971571592
975391597
973446948
971611965
975423925
968657794
973406145
981269996
981153988
981031009
966639657
962807228
968137342
964510741
961003896
968395901
967993450
945900245
961088370
966724098
961045101
968264299
961110726
964457501
966629912
964642468
945801921
964577535
945698514
967890540
933424859
939860625
940003712
939057098
938757995
941430631
938837205
945544626
938950717
938560133
933305500
945608445
938485830
941312715
938629132
938409515
945484506
933572504
941640490
941515488
921206920
926576114
923302611
928119534
926460405
933195721
926338595
923815336
923635340
925996844
923701765
933102409
921019346
928173248
928085182
928013365
923388157
927085355
928136367
923546351
909962796
916790755
909864526
905270373
906439237
916719219
909922155
910052116
916865932
914558161
909297664
905215776
905153976
912075367
909744690
903509448
920928608
909807712
916965515
910000128
902544792
897523676
900272939
900806669
899119869
903483257
897574229
899403160
900589683
900397537
900909230
903411231
903446206
900733658
899297003
897562156
902455812
899251721
899353468
899181629
891739564
890225323
889529345
892128474
890257246
892034461
891827534
894953691
891511899
884324799
897488820
895124445
884278885
891630327
895064032
890279322
889271983
894992922
891960052
895020043
797782450
882068186
796449973
798865629
882228196
883428853
879112861
882162634
839417378
797816405
797745884
797912564
884131976
884242498
796383275
797860836
882203272
884181853
882122597
796669189
795784332
765906728
758879070
757031022
757094118
756958019
756912275
795828838
765938066
756818473
754913499
796313834
756876500
758775590
795862432
758606223
757156308
756843525
757271582
754949100
754886322
753145301
752949012
753449894
753533910
751548779
751497473
753329125
753198439
754843901
753591391
753375159
753235663
753494391
751615409
754789583
753273270
753302867
753107492
753066089
745816563
749412518
751438412
747452756
747561949
749375375
747496579
749321102
745749270
747531802
747404850
747336527
747601163
745681749
745864159
747438833
747637808
749344087
747693648
745721660
741374197
740231116
740193279
745593858
745501817
743686915
743722882
743664192
745557447
743610470
742000304
745639571
745322482
745243412
743741056
745443766
741330574
745392971
743820393
743775588
734413341
740161978
735443538
739729563
734372917
737756696
738326128
738260671
739520473
737856295
737634399
738223701
737687172
738201741
734542141
738301541
739608337
734452172
739428709
734499503
732195017
731825730
733569011
731951765
732243668
733726568
734334125
733494955
731626159
732073300
733797401
732271229
731495801
731336300
732141060
734301157
732034958
733443853
731716668
732311179
727648124
728724977
729008304
727862946
729759196
731201963
729685466
727703875
729833836
730875031
731108221
729473066
729251132
730989846
729152336
728888324
727540668
729374916
727586743
729579161
714629713
727047756
726431408
714794022
713681866
715249152
727388245
726641818
726734940
726813112
725744913
723004948
727448720
727227067
726909576
714747432
714716237
713871253
713794631
727295641
712634487
710830226
710494415
708938051
712420211
710897398
710307617
712903925
710955420
712830362
710643968
710606292
710366799
713599226
712714704
710535227
709011732
710577217
710146218
710448129
708614240
708734441
702561308
708525493
708299589
702659249
708890488
704088144
702602635
706607745
700827724
700790024
708561063
708477788
704205146
702637702
708707793
700910525
706384984
700358634
698822146
698731301
697022234
695891259
697093579
698940026
696643148
694778656
698790347
694732581
694868398
694910031
698898738
692715409
696564629
694824215
698862091
700074207
697057342
700218016
682490505
640280913
686525346
640118463
672377106
692484369
689887488
692419354
686134961
689844476
686445978
692584935
640206015
682458333
692643337
672317554
692678413
682523248
689806641
640360831
633078822
638782585
633043583
636303723
629467103
633152314
632963926
627792644
629413520
640075641
638881230
633111839
633004668
632899447
632933135
629433412
633202351
629371989
636392739
636341281
621691528
624567409
624538612
623144005
618407176
627705444
624499777
623182538
618377570
618434419
618342557
627623346
621673961
627671871
623113108
627736698
618502328
618299847
618471416
623079427
551365775
573373489
605403061
572944978
616693791
552829139
573344209
605453721
616733468
551389959
551422721
551342401
551290510
618235667
616811495
616764997
551245694
605342406
551308125
558761121
548760298
537728036
537746413
551171036
536452618
538824767
538764767
537584993
551129958
551218530
538797670
537534859
548789503
537682845
537156033
537751528
537204819
537353592
537706738
538989507
534559247
533793019
534154824
528837371
527975471
536320633
534638971
533920983
533865436
528781060
529307521
520425284
536354045
528847994
520345387
528030236
528908405
534088076
534687997
533743191
507509547
519091747
518647803
500416847
518726398
516013151
515972882
514946661
507459490
514974120
516161349
509794434
507425793
500403599
500397134
519178531
514899280
516059414
516222690
509700450
494146014
497717850
493994544
497786780
497428805
497232120
497754821
493782307
497685534
497364782
499024009
497616330
494186469
493949365
493866177
497465458
497587955
497330436
498998642
494220413
487411323
487531175
487455218
493540684
492161186
487591494
492237484
490420693
488600714
487562333
487434946
486716085
487066827
490487262
488635094
492334326
492277829
492368506
487527940
487489424
482707143
482810389
486049830
481323293
478828902
478719020
482604904
482556226
478806803
485884400
482756625
478748189
482381505
482472460
485997390
478783375
482778829
478687469
485971954
477479312
467972363
477315423
475548514
473976654
477370611
473925200
468040671
467999229
477431155
473517485
470664808
469633038
469499896
473556926
477453303
470621785
472471857
472075651
469668666
468019011
464210228
462348314
464280398
465550744
465712058
467953677
466755235
465660065
459814473
466827719
465509528
466780965
466686597
458522950
465620575
464166320
459846858
465768845
459891231
465311755
458072369
457278379
451982046
456636911
457174581
455203393
455284117
452234014
457136985
458127079
457243398
457328497
455244604
455174278
458497983
455134603
453675329
454905505
453513687
457057486
446992404
450483613
450169104
447396080
447226219
450506705
447052969
447288955
450025723
447119542
450372303
450345739
447186385
450449822
450413365
450527158
450092856
447336254
446919646
451926122
444784415
444654269
444368308
442903585
445899279
444168525
444685434
444517759
444584844
445955997
444100162
444008077
442946996
444553727
445840336
444490735
442922205
444291999
444739126
444617140
441413808
442840403
441572945
442774941
441355014
442649850
442509800
441444365
441390514
442809834
441054738
440980673
441040911
441490906
442723975
441529593
442425554
441450042
442872099
442584315
439523899
427465344
440303526
439047436
427416334
439014466
439074190
438884574
440340474
439595921
427504459
440256890
438969934
440828942
439106412
438924177
440364466
427581192
427537488
427626228
427380924
427265788
427235299
427171012
426099714
427133604
425594533
427296658
425623789
424221343
423994045
423895068
427231204
427334347
427207756
425990147
426051804
424140033
424059256
426165740
423737355
421099867
420525064
421379872
421659737
421174927
421247058
423700839
421459181
421702971
421493100
423823617
421791314
423786547
421573499
421347809
421543107
421306409
423658761
421428904
419697340
420213866
417238248
417278501
420131013
417383457
417359331
420056546
417322833
417300997
419990549
417327190
419914921
419788555
420312704
419925586
420420896
419870319
417252808
417209780
417143169
416192102
415101747
415056838
416309527
415121395
416224978
414995704
416167905
415082555
415029025
414964289
414821299
414720759
416249776
416128968
416100821
417179693
416273324
414771673
413686439
412291381
407810090
411097605
413616156
411972154
408758714
412310239
411049382
408701591
412044522
413562490
413659191
407838386
413714257
411115906
411066246
408872383
408892818
408632366
394637187
399162963
398202343
400485915
398080335
395333269
395995716
398020202
394646098
407663730
407790738
407756209
398122977
396489949
396361844
396287544
396208976
407649589
407708145
398242469
391996149
381609493
381576066
382737783
383870702
393326111
381551840
393356012
392681988
381520573
394558903
392022566
383827100
383785997
381633699
382789524
382759097
392688999
392599691
382709566
376489246
379372811
376525453
377820525
379400351
381494727
379351476
377883933
380386830
378015538
380426416
380406799
377955588
376468078
377985433
377860838
381480050
376553015
378054411
380454372
372873925
375296200
372859839
375228699
372896094
367725528
374000576
375271384
376307217
374022018
376444148
369125049
367756214
374040150
375248650
375350844
376410179
376373269
375320331
376336909
367630743
367598982
366149596
364075665
366487619
367702151
364101666
367655995
367551545
366463409
366096922
365249674
367573120
367312001
362968865
362951149
364091106
361726162
367673605
362949499
349146484
359961693
360990595
358351511
361699647
361636542
360158486
360067182
349203180
361627954
358251179
360036703
359903061
359847710
361668364
360945880
358170741
360200718
358589404
358483740
343651145
344936273
343844995
348705336
343575608
342208854
342113087
342036556
348656142
343793343
343882277
343732357
341969511
344801004
348579305
341930668
348685008
334958560
342146048
344870008
330958811
301939082
334931304
334881353
305059213
304976175
334841859
330941733
328771546
305002493
303509614
328791030
334815838
303601478
303587572
303558862
301984599
302310738
334793362
301894258
298732230
298710689
299679979
299649712
297589688
296718590
281531663
296775422
281434095
297515421
296744003
296684287
297554743
297624420
296700265
281485760
299674737
297602184
298752938
298691229
278353433
278587839
279981730
278438231
279542495
279630100
279511769
279488887
279913748
280042345
278528392
278495650
281293044
279464982
278396135
281240953
281182685
281131110
281377933
278638915
278301851
276353407
276886607
277202941
277569341
277841146
277776151
277458431
277253557
277406706
277930552
278310649
277577384
277508109
277623953
277388091
276920947
276424595
277708992
277263565
262271878
275772170
262134407
262530021
262508830
262543604
261553891
264676841
260018694
275797488
275867237
276306648
275843954
262159482
262097373
262436844
275817187
262112601
261520736
262140388
257365647
258277699
258033732
258251393
259065548
257993341
257383458
259151395
257409442
259330227
259369564
259420936
259258011
259287144
259191504
259433903
257091924
259400119
259018653
257923120
255721543
253895715
254064726
254773865
255806523
253945788
254000979
254695529
255857485
253857061
255674960
254107258
253794645
253741343
255671168
255960015
255914814
254138082
254122591
254039396
252610537
253135257
251954156
252964787
252651498
252449527
253076122
253159428
253110451
252572003
253021893
252980324
251048206
251004861
253082545
251086908
252420351
253051816
253015856
253093007
250922933
250593020
250056834
250023366
245082537
250186137
249972048
249805007
245284154
245108389
245379033
250963664
250095181
251113947
249938107
250562087
250823382
250141049
245323895
250861900
244353013
243377828
244282309
243357165
244449539
245033221
243285446
244997177
243625685
243403088
244336168
244259404
243315287
243336406
244314857
244383685
244423749
242532163
243591968
245060706
242486193
241888222
241616672
242503694
240006274
242143357
241735771
241791253
241639460
241659852
242519206
241621247
242171792
241836003
241913942
241704259
240047842
240031032
241766101
241686705
239303580
239332622
238578259
233005856
239277330
235286570
235243824
229631161
229596588
229663123
232982073
238419386
228057532
238441982
233042112
228091182
238460574
235283591
239307606
239361059
226636491
227221737
226342136
226506711
227315063
226545902
227265634
227612058
227345337
226376862
227150994
226609776
226277864
226294283
227995198
227639776
227665838
227188054
226454718
226573629
224997485
224291985
225437120
224915351
224869750
225410685
225865566
224873244
225046764
224827312
224695741
224303821
225576459
223535182
224792954
225058708
224627758
225063452
224315898
224261316
223430863
218897231
223483140
218809720
218933415
223112164
218918147
218876364
223361245
223514329
218573583
218905096
223502367
218723391
223468117
218847702
218760766
218105802
218605619
223405455
217409313
217755799
217382982
218077836
217980648
216574873
217434794
217901099
216637435
217715525
216623690
216598349
218047838
217417734
216266739
217396076
217950521
218001867
217407866
218098988
214623175
214473632
214395983
214582474
215028231
214984976
214965666
214357234
214703929
215970856
215532193
213765415
214671756
215965191
215564126
214509453
214437450
214550212
216233002
215006239
212890780
212316050
213337529
212042899
213305312
212071276
213647688
213321385
212641732
212117497
212283757
212243587
212851420
212657716
213506903
213694365
213283132
212622435
212136394
213735225
208574877
211929917
210995024
208552580
210958300
209498309
211877297
208529051
211965177
209340494
211824343
211178852
210975934
211851255
209298488
211908128
210409540
209323028
211834286
208824385
207723165
207695594
205310440
206747651
205346216
205373580
205294014
207880290
208405149
206768556
207815517
205215408
206281332
207845132
205357020
205336452
205321579
208470872
208498855
208524309
204334155
205210212
204846658
205182162
203594535
202921408
201896417
202107692
204774307
201858493
203680633
205147000
203730017
201923157
203622013
202932867
204502576
204526901
203711180
204807824
200687078
200661685
198453693
200725651
200712069
200756807
200425441
199800912
201375114
201391549
200331551
201322077
201339047
200699478
200738461
201354910
199728972
200639431
198470322
201416325
195649224
194983733
194338334
194995827
193572500
193533278
193517565
193561413
194035299
198435896
195627787
195616007
195596237
194201467
193544443
196276223
196262030
195640237
194225473
196248074
192622328
190886916
190860648
191998076
192648674
190823313
192009987
191984623
192596434
191979949
192690096
191966219
192569519
193505425
192743560
192705290
192735386
192663849
190908128
192720545
189431343
187946273
187800499
188711025
188833682
190793078
187979033
186644423
189483064
188797848
187875351
186684256
189459292
187840513
188864491
188751210
188777380
188909802
189021949
187902497
185975251
185276747
186616896
186012376
185248240
186560457
185202837
186229171
185995821
186308372
186564602
185186023
186192410
186022697
186334784
186266586
185264681
185234753
185218233
186155614
173033389
179360208
174836498
179371408
174890300
171686881
176188746
171706052
174889007
175534931
174848564
176167448
176918938
176198235
175522914
174871436
176934974
179392184
174861330
171666636
165730274
167255130
168007157
167836775
167871616
165642865
165758184
165605364
168907359
170966203
167362415
167300703
167221943
165769787
166993127
167979471
165679386
167348211
168810349
167326125
165069924
163483885
162443954
165054505
165110355
165554818
164771427
164732911
165100259
165098213
163284415
162897635
162411267
162993926
163007025
165111939
162960149
164822767
162931493
165086682
159605178
160581243
159570854
159550700
162316681
161782966
161603948
159584369
161850538
161906321
161633697
161596567
160514449
160555881
162286140
160904280
162337302
162368685
160532407
159622691
159539903
154459701
159515402
153778433
154479926
152306810
157933234
158701246
158145731
158364156
152258287
159525778
158724286
158714378
154515632
158327821
157949555
154491393
157921613
154445587
148311964
149012777
149518702
149415970
149027730
152235497
149724376
149360269
148300106
150709302
150680333
148343840
149288639
152247165
150666158
149710956
150646241
148335079
150696898
149487545
142012722
146284880
141861756
146299233
147679747
148279803
141346704
142403593
147669187
145500337
147941742
147062397
147321541
147701394
141177542
147049772
146155331
146861678
146266105
146815624
136427457
140738601
134773761
133185768
133755894
133599628
137947550
138772369
138752558
138706258
133789277
137388274
136300862
133156229
140711200
140627954
138778827
136338618
140671252
133137972
130447399
124030530
124095637
125613572
124066335
124051331
125620771
130407492
133112428
130459390
127772338
125658603
125638837
125586074
124100643
130427416
124081828
123150526
131246400
125599096
119329077
121392807
114674738
123132833
114710991
118292606
121358315
114739684
121362877
120375505
123118573
114638065
123078964
123050433
123100255
121376322
120352609
119379510
121339213
120335632
103446402
113941995
114317617
111302175
103423176
114276603
111288016
113879258
113825135
112252316
105906015
111304311
112220716
107177452
105138804
108302052
114346657
113916555
111286063
107348397
93682415
101901588
102643048
101331110
101889001
101292914
101701199
97925462
96690266
97956145
93724350
101916312
101878328
97959072
102678605
100701394
93843734
93697487
93743793
100637125
91557666
92994407
92284352
92273524
91605022
92973720
93618182
93028172
93600301
92927380
91617241
91538932
93654771
93637411
93003223
91502381
91523196
91484427
92291256
91631845
89691987
89663742
87574685
89652263
90862823
87510869
87484071
90894257
87586639
87599911
90883804
86879874
89683319
89561110
90907253
89577181
90871973
87520743
87497622
90848215
86228799
85618412
85634074
85610403
85494345
86213242
86629325
85608046
86182649
86693996
86670661
85666258
85653575
86863413
86197660
85627265
86835154
85505006
86847442
85679803
84097070
84944536
84907719
83814055
83132599
84772202
84708392
83628008
83249057
83846729
84634576
84074407
84924037
83088678
83169462
84876144
84888497
84962117
84728921
84668433
82804579
82893284
82564997
82786605
82572825
82450492
82947281
83046344
83031477
82474943
82351048
83008633
82844611
82876410
82833689
82420094
82376505
82816043
83065989
82995374
82067863
81655955
81664916
81613176
81672743
81572075
82314052
81557138
81491935
81630191
81538584
82119797
81435317
81516286
81410569
81587985
82179400
81645995
81600147
81680648
80034240
80012146
80273482
80635918
80201655
80299617
80576248
80016081
80248260
80095627
81247232
79998076
81394591
80076902
81358787
81228331
81194728
80119026
79983954
81161093
79480989
79515462
79283070
79953124
79060518
79055714
79446031
79968703
78815016
79314922
79298748
78695585
78670962
78615582
78604023
78570115
79007913
78772624
79344584
79377241
77831431
77941542
77748850
77922674
78070133
77840647
77722633
77910034
77774988
77699223
77353463
77666532
78055245
77753227
78556161
77989136
78035181
77956357
77913777
77853842
76412815
76275892
72710099
76426903
76283027
72769442
76959465
72739274
76298417
73205256
76980813
72752478
72196981
72699797
72178703
72760222
77342678
72720618
73149334
72187501
69150333
68721362
68712005
69587869
72155215
72170214
72105936
68702416
70790041
68730071
69599342
70738942
72087773
70726719
69640558
72126260
69612092
69155311
72139769
70758689
65703936
68302014
64951917
68285164
65764216
68693735
65596827
65148557
65780088
68294301
64966891
68267290
64907030
68329865
65714594
68336184
68309340
65510908
68317220
68275275
63780451
64412364
64444945
64290021
64206948
63809644
64395200
64464954
64369602
64337558
63917922
64857147
64324380
64877915
64279155
64736004
64229404
64187882
64455131
64433465
63338646
63357311
63133956
62287028
63577193
62781009
63574507
62801257
61786646
61840159
63548447
61918376
62755614
63602493
62135233
61903029
61766640
61708574
63748459
62273271
60791164
60866275
61678577
60734468
60615469
60640022
60714549
61186208
61689909
60831660
61214303
60808344
61166903
60762343
61644074
61631225
60695111
61211651
61151412
60667352
59963054
59486794
59602970
59652610
59501980
59953440
59464271
60020868
60008533
60593470
60000456
60493329
59991452
59974666
59636230
59555922
59513103
59477731
58667417
59588052
57745160
58260857
57688098
58307727
57704956
57799328
58648107
58646843
57752803
57698262
57767851
58653908
58234259
58281507
57779867
57738429
57732104
58229104
58270712
58295058
57630248
57175135
57667641
57264418
57181505
57236269
57604132
57209566
57167667
57227495
57144704
57194300
57135189
57125098
56694192
57675406
57645176
57114072
57617560
57248539
56192280
56196404
56194974
55232285
54924487
54781911
54916054
54409087
55274685
54431493
54376163
54418424
54363010
54301099
56681609
54439212
54760776
56185652
55306249
55313020
53414889
54212464
52944111
53408457
53371334
54273287
53830185
53806154
53401643
53758403
52910933
52959565
53393417
53039691
53387097
53858830
53889793
53879979
53049007
53054265
52677929
50431142
48274517
50420511
48146859
47857581
50403254
47980786
47936045
48103379
52684690
52671677
47855754
47995274
50256305
48288302
48095054
48025993
47925347
50264025
46055006
46897486
46080226
46074834
47148804
47838728
47139759
46730903
46717004
46429786
46743358
46763432
47835834
47850190
46048643
46737496
46034511
46920122
46901709
46755541
45229154
46028444
45578640
45299434
45757477
45472289
45487185
45481507
45260417
45253398
45247691
45150525
46027411
45190563
45548104
46012184
45744993
45737322
45552492
45193699
44829772
44878494
44810888
44766224
44956231
44561968
44888958
44861920
45121430
44783470
44898874
44847619
44584002
44928094
44594577
44572613
44933887
44941663
44910757
44965279
44245314
44186024
44474393
44253111
44042147
44028629
44281993
44006123
44557244
43941963
44486267
44264918
44179865
44034279
44020120
44201721
44452842
44048784
44542746
44288108
43568762
43726577
43560964
43918402
43523633
40902857
43744358
43769284
40969329
43737339
43900961
40945610
43930961
43549770
43554615
43532942
42913215
43775971
43540833
40770562
40541364
40634548
40589934
40738418
40652538
40595284
40723699
40573447
40665644
40581131
40567180
40534427
40528351
40535879
40750648
40701546
40616349
40689942
40762547
40605149
40125454
39921623
40139556
40026008
40394920
40019744
39722336
39750440
40013123
40181291
40116808
40443870
39680485
40007900
40239777
40522409
39971699
40193997
39756844
39742357
39434223
39219077
39479240
39066531
39666579
39374644
39191137
39210411
39584617
39079675
39050021
39616207
39360529
39629810
39602414
39390070
39202545
39081971
39182023
39450624
38202790
38390800
38726545
38794209
38939405
38737886
38677414
38780654
38702127
38213437
38932672
38820095
38693607
38395910
38380402
38670997
38765913
38385371
38376452
38810839
37993837
38149751
35673128
38169079
38175868
35670756
38183867
38155378
38133676
38006320
34864459
38142746
38120982
34660276
37989694
38128618
38161127
38192665
34848408
34669111
18160412
34648425
18137356
18421292
34632819
19226694
18003204
18410900
18156072
34653620
17999673
18007616
18415093
34640910
18010729
18014410
17573262
19222308
34646767
18141969
15676746
15589033
15476600
15406656
15402092
15997848
17567784
15580402
15646183
16020469
17372465
16016180
16011757
15519232
15099281
15094732
15680358
17569904
15238029
15594991
14396377
14392413
14354621
11825301
13217761
11791978
15085953
11863885
12700501
13532373
11985966
13222545
11802570
13858824
11860212
15090011
14366318
14371310
12723776
12029901
11674800
11637233
11356782
11341394
11129577
10845048
11633061
11362801
11525921
11352368
10931619
11282932
11377872
11520330
11296828
11133769
10951184
10727924
11638008
11157365
10049688
10038301
10033587
10599379
10357688
10723888
10197875
10538959
10594315
10229661
10588815
10606367
10369235
10251602
10247397
10600618
10532581
10603082
10202576
10104641
9984921
9975374
9988603
9977537
9970730
9874169
9894389
9981381
9897591
9764179
9755893
9870137
9862033
9759201
9751805
9866809
9883756
9768975
9972971
9965436
8749095
9234894
9650641
9653836
9222402
9096284
8744623
9638980
9305517
9300142
8753920
9660291
9721429
9214288
8846870
9657243
9646262
9230469
9666711
9642487
8075397
8068477
8094467
8256179
8246633
8334615
8252580
8260113
8092178
8250300
8160470
8154150
8079535
8077566
8157694
8243821
8081971
8342513
8337741
8305822
7408861
6868606
7495798
7532612
6795379
6720196
6510789
6501785
6487625
6489213
7664969
6743408
6841165
7492847
7489959
7411152
6843859
7551633
6730836
6801968
6396055
6442958
6483122
6388499
6429898
5978103
5926616
5922504
5956749
6383976
5849596
5981708
6046884
5881814
6451015
6446164
6456873
5932564
5952825
5847236
5781948
5641774
5700017
5627136
5757717
5695223
5683310
5844892
5790291
5754139
5787320
5795933
5793508
5805570
5680565
5678552
5810552
5693036
5760286
5703432
5427621
5425035
5482345
5540419
5431968
5430106
5475687
5423264
5544262
5622453
5479823
5465710
5434899
5478236
5464723
5586162
5511210
5418752
5545892
5538115
5358975
5331959
5346822
5397821
5348993
5344834
5364511
5361077
5353216
5260814
5340882
5362692
5416132
5257625
5413895
5288030
5365997
5350905
5285443
5395309
5009809
5141825
5200095
5111685
5043415
5144146
5137408
5202602
5146334
5011888
4995881
5075390
5118663
5254523
5214432
5139900
5212435
5039668
4999108
5073006
4986085
4945315
4879697
4982339
4992245
4941701
4939789
4931562
4917847
4914168
4977917
4892104
4971329
4935114
4877475
4889352
4925486
4968817
4876060
4989640
4810242
4710864
4802117
4799031
4807108
4846573
4793719
4701238
4786102
4850012
4721447
4804761
4795898
4856222
4714734
4717758
4844104
4871575
4873719
4866418
4508413
4454830
4573519
4696557
4554929
4551772
4561211
4579078
4456595
4681190
4576077
4648613
4650541
4636002
4571141
4451400
4639217
4643099
4569051
4453609
4298695
4280340
4341389
4328767
4217930
4184106
4197853
4351612
4356554
4295620
4447820
4449285
4331185
4181350
4424532
4214948
4326576
4291172
4284189
4211993
4033741
4066046
4013039
4041789
3988291
4119241
3986251
4093794
4022949
4039449
3982960
3980541
4078087
4102317
4076677
4037194
4097012
4109656
4074683
4068508
3922414
3934408
3956412
3962247
3928947
3969656
3616959
3615222
3607900
3932575
3972429
3618593
3663594
3960719
3925055
3931460
3926335
3967582
3936442
3918750
3485870
3385463
3457210
3600395
3379064
3387953
3477655
2735040
3484131
3394615
2737366
3458974
3377099
3598127
3498771
3424483
3397006
3422522
3392937
3604864
152166
113188
2525393
2527535
112846
112761
2730497
2675508
2718042
2715693
2529158
785127
2726219
2725154
112960
2523519
2733733
783546
2731777
2727695
36166
37999
38068
37784
38477
38267
37916
37707
36231
37968
36290
36051
38507
112684
38127
37876
38219
112544
38439
36191
30215
31968
34744
31793
34670
34529
30196
30138
32136
34772
34695
30281
35704
34859
31874
34949
34477
30445
35997
34613
25715
25786
27136
29859
28207
28163
29765
28374
28268
28536
28613
29708
27011
25840
25605
28430
25650
25540
28679
28309
23819
25403
23765
23443
25244
24279
23750
24343
23904
24096
24136
23987
25100
25343
23554
24267
25156
24031
25452
24213
21527
14135
14200
13241
21760
21817
21844
14121
13496
14113
23272
23386
22007
21872
14180
23331
21929
21705
21681
21671
12828
12830
13065
12762
12752
13228
13058
12740
12733
13076
12723
12754
12770
13059
12986
12827
12755
13021
12971
12714
