1179291503
1190725975
1191138642
1190828441
1192859763
1181653995
1179418700
1191019208
1181599873
1180909739
1179368876
1179464062
1190956777
1180759327
1190449681
1179251445
1192722532
1191071482
1190228843
1180607422
1172110598
1170642095
1177156669
1175325028
1175280966
1178073071
1176518556
1177203489
1175242368
1172243226
1170588811
1177828183
1177224820
1177893801
1177683852
1177992100
1177764682
1176759721
1176606783
1175372824
1170479658
1164898545
1170337487
1167912727
1160008461
1162670043
1170160015
1160321098
1164800003
1168078122
1160218846
1170549869
1168030965
1164674220
1167990899
1162070919
1161985559
1161937732
1160139270
1170250553
1158394253
1157580006
1157170581
1159145266
1159938363
1157633327
1157362482
1157223500
1150077167
1157292054
1159891109
1158944654
1157404482
1157533477
1156868446
1158845118
1156685505
1159067289
1157486979
1157687822
1140876639
1149946469
1150012585
1147575624
1146688227
1147271935
1145094164
1147482539
1144971964
1147834503
1142416943
1144880597
1141965253
1146913556
1140955287
1144765351
1140468539
1147384194
1142229416
1147785285
1133211734
1133128870
1137609938
1137375609
1132814830
1133286121
1138669604
1134492543
1134221252
1133451756
1140136660
1138737701
1134395954
1138582226
1133013471
1133382440
1128627688
1133528305
1140310279
1137093095
1123379170
1127838753
1123781677
1123681599
1126163668
1128351669
1125969094
1125592056
1125484168
1123488823
1127692633
1123273194
1123578589
1126081106
1128456328
1127973636
1125859426
1127594252
1128209629
1128536566
1118035866
1118257918
1118634382
1121221674
1121024487
1122973144
1118682556
1121352626
1123207140
1121320546
1120422878
1118151752
1121124105
1120949900
1120818609
1120270524
1118725909
1118361482
1120748287
1120627194
1114121997
1109344713
1109521495
1116216275
1114165865
1109435396
1107542344
1117842348
1107497548
1116361135
1108982547
1116268815
1116320859
1117950433
1117680077
1109648797
1109796832
1109588738
1108844775
1117801016
1101803176
1102590372
1101986338
1105172656
1102537264
1104751220
1105232838
1102698355
1104884363
1102653818
1106548375
1106810130
1107153119
1102320362
1106989606
1102192401
1100842879
1107447781
1100777208
1105133767
1080934215
1082041118
1086436618
1095746560
1086751754
1095836430
1100696273
1084657194
1083752486
1081810440
1081041715
1080975364
1082438227
1086137128
1085996085
1083876842
1081070283
1088923802
1083825815
1081902482
1076544138
1074251170
1074401479
1074011670
1080165337
1080048118
1073894143
1073656087
1074684276
1074525625
1078434872
1079971438
1073775495
1080307971
1074630698
1074466292
1069756853
1074149663
1080666690
1080601080
1067486684
1067735458
1067420024
1069268917
1067550967
1067331754
1067786780
1067250457
1067625180
1067116298
1066993510
1066802369
1068896724
1069550502
1067832086
1069620636
1069370080
1069687714
1069465966
1069081329
1065530279
1065307496
1064802187
1065741178
1065669120
1063746079
1064688357
1065784660
1065109662
1065826171
1063667033
1063850439
1064933591
1066711581
1064615208
1066602656
1065389052
1063578646
1063807715
1065214173
1058473420
1061476274
1056778276
1053537720
1053281864
1049982958
1056665332
1058040141
1049880825
1050053248
1058170770
1058338286
1061060870
1054211531
1061386089
1061277646
1054286826
1061169914
1063181603
1056729063
1040452326
1040170084
1039671008
1049445645
1043145608
1040326356
1049630774
1049794631
1037831911
1049216444
1042729525
1037931474
1042516977
1049324494
1042860947
1037661804
1040032145
1042115242
1041971776
1043046511
1033434244
1026030816
1036179386
1026247840
1034182581
1035280447
1026957405
1035480972
1036245913
1033286295
1034087190
1036082151
1037524500
1033792301
1026135961
1035984043
1033929037
1035120824
1026813237
1037344937
1016152510
1018002655
1015419139
1017509186
1017929043
1018084807
1024422812
1016240491
1017956026
1016115740
1018055018
1017984028
1016168252
1016088625
1015327830
1024294194
1016272274
1016197399
1022062059
1018125138
1006893748
1010817796
1012451488
1006586968
1010496015
1006809685
1006686616
1013091466
1008889425
1008773994
1006495510
1010639684
1006391520
1015231336
1006853534
1008853042
1012586843
1006757347
1013289277
1011145128
1000590582
1000426976
1000320571
1006223738
999796458
1000545685
1003973089
999934246
1004628265
1002672737
1002720204
1004543533
1003873328
1003765178
997971241
1004675275
1003663601
1001875107
1002434841
1000647384
997850295
988984582
989605771
985252580
989551440
993492316
995092141
997259793
993585054
993792926
987620496
985331738
997784200
993745410
987773142
985456255
990924666
997609877
995012459
991687384
962214173
949543012
971336264
948707370
942622056
949904588
962498539
941917513
948374910
939885068
949643808
940025806
938142419
962657545
971209078
940117441
949413887
938099409
952462437
949791491
919982081
928103100
925312525
924729142
937836562
929441687
937925111
933811420
922311889
922707589
921252090
919283065
921346526
927579087
925158115
937983243
929637187
927372146
920236961
924828718
913821105
915583787
908871129
917887188
917639229
913433576
912120874
913924613
911336858
917776428
911733453
918004906
908747706
911824863
911901665
907146304
918140693
911548874
915686105
911988990
904214636
907058476
905173830
897089671
902442263
906193503
899248821
905229346
902728909
902281378
906621787
906373181
902353968
899302420
896650282
899387117
896458004
896832978
902819490
898553345
894859439
885742075
883834135
881552096
887733835
885505425
894791570
887973391
883386161
881348838
887849835
889714664
885389430
888070096
889550072
885659284
896332094
889625575
883613697
881193621
876526540
867275344
859459684
859543394
869608186
867403637
858047181
869073524
869158883
856023020
869700555
867342271
876884484
858004016
865978363
876783745
861214320
869245843
855962999
860078529
844291032
854017183
854088531
841952187
842697933
841911637
841537126
842243104
854165580
846832586
844388770
842187269
846321651
841474596
855872724
846424363
844228612
841502357
842798569
846507442
835616685
841168426
838912737
837179994
836834393
838982036
835554779
839098602
838372388
837548581
837513348
836561754
836627862
836894974
837445933
835738029
835653762
835707918
835638398
839247537
831909810
831748622
831565661
833373398
834841087
833556902
831816276
834766994
835011855
833013838
835392544
834928363
834658740
831486187
835459929
833633107
835324919
831649088
833134887
833500779
828019043
828407397
829957250
831247271
828158984
831042746
828307626
830270012
830197591
831303206
829321561
830236949
829194295
828371829
829247363
828217450
827468614
827359752
827284071
830293938
824419109
824146288
823990891
823271519
823404777
827232536
823107981
823609799
823881750
824259631
826397577
824327829
823773120
823682189
822498998
823321989
824064142
826334615
824464341
823522881
822021917
821188772
821493079
821608365
822253791
821237229
820713586
822184492
822094138
821551122
821445438
821365098
820771442
821759745
821683360
821313172
820802604
822432113
822358878
820645059
820216022
819821529
820301675
819951833
819480867
819017598
819880664
818695378
820519624
820148199
819619066
819043007
820383152
819767852
818768279
818567014
819053287
819521995
818854820
820605270
808884504
814865369
817218002
809025053
817926538
818080068
808733027
817764875
818502086
814583494
814762566
814685083
815888969
809092331
818006118
811239884
815939925
811176901
808806408
817838642
801435819
806451671
808542693
804750214
808658404
807416048
806683082
806586219
805224953
801593171
806871132
805129661
805081056
804926281
806514214
804867679
801374236
801316990
807311022
806367433
799100303
798214572
798659949
798714976
797221084
798371077
798286337
800903767
801174273
800572610
801111184
799243550
799442683
797108921
801014766
799355503
798432287
797014751
800634373
799184892
796908578
781837425
781740171
778589814
778520401
778299528
778266927
778235916
781875906
781935404
776767283
778478873
776544477
776831886
778329752
782072186
778194506
781902358
781990637
781796575
776516746
768715075
771160983
772561129
772349523
772222264
776470927
767634401
768808772
770982053
776408900
768982951
770634213
770451096
769374450
767722637
776494733
770550292
769219194
776376347
764283091
764260940
765810639
766110851
756704205
765981075
766080452
765906728
757711239
756676303
766020245
765772490
765876653
767445451
767386648
759624144
767199850
767051220
765938066
765679008
753107492
750782570
756616876
748681574
754931513
754796090
746922137
756558742
754853960
754693527
750714475
748913915
754356893
756487920
746821658
754982793
754885553
753027165
748788622
754957768
740933860
739476287
739668209
739305738
740995621
739193653
746479447
741337178
738266522
741655663
746692382
738244396
738020850
741534124
739593519
739358068
738221299
741445856
741225032
737927528
733561528
729886270
730831040
737805227
737634913
737214976
731643585
736129328
735333210
731275066
733201981
736286561
735236451
736238296
731497922
736010387
733724131
731390439
730917398
736315006
721583256
726893070
719082224
726819141
719645591
729046930
726666620
729151693
719538315
727024084
721913080
721481633
729858303
720135746
719363449
721828225
728817835
720023900
716240193
729330419
704429345
702934881
715084955
714393389
705881825
706021421
713091114
715705088
703036091
714364878
714338481
713312073
715172470
704496555
704062917
713244091
702784763
715233177
714299988
713407149
688984009
691307495
687014463
693701100
691754627
691412568
686144914
694908007
691209331
688006089
702525709
702624138
694508999
693901540
694301378
700533647
702558153
702450819
695970712
694864900
680642275
685990800
684307268
685928483
682209790
682488394
680576995
681986901
682385529
685368610
682443384
684324787
680680505
683546700
682579232
680774426
683796868
680740985
682131935
685229395
679923256
678780834
676695599
678751356
675971574
678069650
676057710
674832921
674692517
674803668
677905108
674741754
674325459
679679453
679781232
674886105
678698346
678726864
680065517
675899939
665759536
667774633
674113577
665882274
662687592
667997319
667177368
674246923
667873189
667084923
665950209
673748444
672716956
672379735
665662281
665208959
665100144
673681621
668059059
667949040
661409535
662580154
654576343
654396442
655133930
652565314
661965817
658112333
657962482
661745250
661090825
661030633
650815638
656388540
661287486
652657322
661215108
652850769
662039716
661836360
649625551
649006713
647911798
646331452
650728662
644088750
644011758
645816849
650621766
646008410
643524718
647798523
649534531
648818804
648901289
645501563
643529332
648003229
646231314
644125927
636789700
639669458
637877228
643451551
637937888
642674578
637153632
637226530
636871193
637620786
636673090
642914191
643484416
639611230
638764451
643416224
642807946
637527540
637294820
636946373
633663406
632097397
631991930
627958531
628311851
632361402
632286931
635162543
635064364
633521934
628435334
628136276
625192310
635482920
625293698
627893676
633924661
635613317
628056159
635344420
623646932
619550693
622438625
625108917
624173477
624087071
620996124
620795609
624303820
619604022
620923714
620738715
621105420
621443234
621409219
620665420
623718385
624416608
624373447
623783592
613023497
612706734
611928828
611708960
613320799
613233458
611643825
611477652
609164228
611878336
614268027
612903291
613124828
618120106
612750089
613377902
609142886
612601914
609107220
618205596
604939860
603980007
609075434
604958080
603464718
609044707
606815926
603934254
603315766
608827467
603850491
605200850
608984671
607341962
605074427
608911025
607256975
606943590
606670345
608759305
589993223
592730871
591467775
591890072
589922146
589810874
603214371
590508602
598086137
590440758
589126704
590087424
603143719
601930131
598018843
596141924
596013810
593123291
590568560
590146878
588658100
580685274
588747229
588852483
589065190
580372630
588921479
588396966
581769807
588546619
582096188
581948750
581886134
580506954
579132234
580604215
577553722
577651776
588438664
577738681
576348201
568302716
576002619
576096681
575867559
565710666
569715049
565796154
576200937
568234133
575712946
569645948
566718548
576291420
563830983
575893269
574182217
566890241
570962320
569522952
560728056
559495428
558566905
557271517
558435090
558979501
551237187
562216616
561982756
559643071
562250678
556954139
561039209
561000198
551200568
559100519
559044884
563587931
557310503
559755506
541486045
549680103
541447580
541541050
549553824
548352282
551190216
541553684
547134989
548557697
549830140
548502448
549760112
545861533
548278984
541573674
548432512
541527452
545780321
541335502
538479820
537536521
538657784
538955498
538613410
538944131
538922408
538766353
537482602
537662185
537642870
541279786
538550248
537614081
539619984
537584353
537408463
539669186
538975793
538899706
529870913
529898781
529950642
529647693
527992941
530020996
531417847
527928238
529343913
535997960
529938352
529965357
527855910
535906685
531780520
528029525
529552458
526888295
529914333
531805829
525040756
526785503
525390942
526814020
526493458
523463100
525565867
526869473
526846814
526722825
526311513
526628256
525537025
525467119
524940413
525356283
526557947
525425327
523502315
525489872
523256796
520958022
523240089
523194872
523384587
521157493
520979512
523418662
523313950
523343699
521047169
522648418
520853774
520884904
521115283
522502625
520459030
520915585
520544003
521013447
519485518
515288507
515848419
517664852
517754954
515908220
515818142
519534782
515332040
519557860
519505606
515987490
515999791
519584323
515938509
515867669
515973233
517277010
515946057
515628342
512734494
512815649
513156186
512654840
512937814
514529042
512566540
513862063
513133115
513114009
514494151
513942210
513085340
512453829
514511666
513804655
512374907
515202360
514018276
513177973
508832885
508799184
511526133
510673631
508728969
511389241
510366309
510249154
508653322
508601974
511572656
511500075
511459190
508880968
508801893
511442182
508689138
508856771
511355265
511424523
507282973
507997680
507079082
507846942
508409107
507228249
501463186
502214029
507897265
507939818
508560733
502008576
508272326
501695861
508356877
508471278
507256731
502101115
508196240
502107908
498655477
500679906
498942780
498914712
500856190
498834590
500924986
500882180
500036455
498875096
498595773
498802217
498996190
498754962
500975717
500808092
501046398
500729919
500767402
498979875
498503358
497428574
495327136
495085743
497305327
497217528
496876580
495300218
498271769
497224806
495204151
494901377
498377517
497106358
494713781
498417743
494991305
498175641
494787360
498116715
491530075
489591622
489388910
489430097
492862081
491332174
493397122
489775322
493226726
489499743
494655737
494601520
493561339
489723148
489338288
492976218
491223300
489652019
492914036
491615790
488174082
486955905
489105313
489146828
489258724
486018018
489234103
485952690
485908486
489263916
486058676
485986915
489190196
486038306
486086217
489332414
489274903
485973944
485622805
489096024
482951214
483136231
483933055
483103343
483025011
484235544
483183176
483636910
484183546
483142255
482992875
483068174
482983651
482924562
483832327
482898729
485549352
483856119
484288962
482876902
481433004
480156940
482766062
481493524
482796608
482604803
482689706
482540589
482474523
481474812
482391779
480141384
480889703
482822526
481022891
481539867
480840918
482721887
482850932
481512921
472467415
473632622
473921254
473532258
472297935
480109625
470552521
473581632
472457504
470527586
474012340
480045604
480094573
473701294
472551560
472167004
473674839
470580564
479994198
480066850
468260353
468334585
468476152
468098041
470420036
468225740
470464187
470449415
468375071
468344442
468613929
468679940
468434566
468199916
468164027
470482689
470508920
468131035
468306303
468557331
465308696
465261568
466708759
466637728
465336268
465234074
465279198
465211029
468028868
466729189
466685293
466663582
466406737
466344554
466752256
467997920
468062488
466615047
467980564
466470806
459737352
460874500
461121550
465151489
464937397
464985456
464700708
460987719
463638383
459759306
465047071
461034913
461059204
460899270
465180875
461176478
459788526
459688230
465102622
461219543
459572012
455229355
454932812
455095524
454398755
455207395
456061922
453557043
453587991
455146091
455263839
456007508
454490211
455118792
455184144
453521507
456214434
456152346
459656679
453476328
451523546
451952315
451423473
453421873
453386046
451473379
451856845
453047275
452956877
451725211
453094515
452035280
452907936
452000839
451810209
451760124
451908249
451673798
452997872
451555168
450290021
451320514
451390556
447641278
450175425
447431208
447373728
450458962
447564210
450545264
447476216
450494366
450423001
447533038
447300511
450569368
450525556
450239470
447608663
450387725
444054750
442896885
442694162
442429562
446074243
446100663
442835561
444285016
442485975
441407602
442729172
443999771
445629224
442780250
446048895
442854296
442636090
446135357
442876458
445710230
435860071
441310454
441271553
436077361
434549333
439126600
434637056
435768241
434593465
441385570
441362804
439040041
441334027
434671172
441303402
435678652
439078432
435473650
434500547
439101649
430125433
430038871
431441416
434403915
432329021
431349961
434155251
430824010
430105277
431282148
432253324
431306066
431426408
431373865
432394192
431458336
431397220
430014224
432174456
431449521
427950783
426506896
429836916
426640696
426440426
429670427
426960033
427649248
427034181
427888023
427836727
426564416
427713832
429953465
429914511
427773187
429875771
429775182
429995716
426351542
425625886
425472642
424561030
425647504
425396205
425586306
425123729
422681065
425019868
423361832
423198062
424662057
425546415
423294153
424732060
422623282
424938613
424853619
422877281
422810341
422539680
419284046
417093185
420742718
417028462
417245787
418212095
422290289
420674124
417176573
422456112
417268724
416816357
417135773
417218878
417198328
420800079
420872255
419327376
418170255
416581704
416141110
414284787
415012261
416643614
416747919
414832987
414993762
414204807
413145545
415023434
416161557
413073149
414357880
416699884
416119500
414436907
414893486
415022503
414953439
409900677
409852369
410740706
409721231
408839630
408801184
408650931
410845868
407748243
408703324
407525404
409659411
410920968
409818115
410801363
408869081
407744348
407702060
410997173
410975454
407438829
405055816
402662743
402930782
402859972
401509936
405320803
403500466
403635251
401548702
405244270
401793764
407398847
403718995
403544814
401733060
402788585
401594701
402694255
405383412
391729021
395731939
395758476
395600799
390703882
390693176
391660898
395854711
393135135
391913429
397065301
396862479
397226492
396599824
395695176
396658807
392930560
396767121
391818555
397312212
387638594
385165040
390506371
389119517
387082201
386983251
381390300
379852526
388931574
384859258
381328505
390200377
385235936
379066996
379579860
389047536
387667577
379730617
379621179
379792408
376003400
374943827
373685198
374892485
373631097
372743787
375926243
378977873
377555347
376083851
373907585
373880349
372787331
377507447
375074346
377436480
373947122
372626919
376311585
378480702
365005815
370225820
370300498
365594915
364965244
364926474
356418763
372557666
372611853
356010589
356451614
362223300
353953927
371566480
362085585
356089220
370237178
365704201
353733198
355948993
347371131
338020812
352893672
335792283
339092383
339042578
339966266
349944857
347501535
335885711
338036688
349995541
350011901
347441795
346539466
348750709
348699445
352686986
352599230
352863524
332935805
333012603
330688070
330432296
329611100
334246495
333095931
330443495
334702746
329768049
329809284
333143019
334730988
329793589
330779357
330844179
329731198
331843828
331791745
335732531
325968743
318979783
312450355
321327037
313632423
314468952
313604501
312208696
312129116
329575057
319238934
320575667
319041006
319113445
313481509
328584170
312576428
328535128
312279026
312621862
288264335
305555032
304753676
304665947
312040257
301764472
288229571
311475311
304802241
289151370
289104106
289210533
303080156
306540632
289192416
312083595
289111160
307604411
303134607
304800745
283020012
283092653
283128931
285272329
283050769
288225367
280676182
285236704
282981627
284433704
280792229
280714264
280752799
280786466
280683060
280830600
284546719
284493845
280649857
282948473
278894120
279019492
278841117
278792784
278964044
278541796
276592784
278643195
276547512
278584451
278441601
278956481
277190619
278671205
276190625
277344404
276138605
279069168
278486140
277391626
262579147
263470198
266744516
263615518
266864588
276086979
276034112
264360198
263494556
262603145
266726957
264324774
263335409
263298375
276001295
262482014
263633662
268881455
262457078
262324734
254686153
252994168
251224971
247174785
251211760
251187088
251245054
247135997
251101519
262279207
253037640
252961271
251166842
251198367
244785987
251047817
245311439
255770721
252040450
244744201
244534972
240720294
237556096
239784683
240762282
244699399
242997941
239909384
239815845
238960917
243058170
238926870
242295893
239581087
242912809
239683923
242865704
242340227
242173998
239939218
234250858
235590999
237529802
234435211
233516314
234197954
236444310
236474449
234305201
234444635
235113983
235638465
233659369
233553615
237525771
234436049
234384267
234351209
234150247
237493467
229489731
229707068
231958360
233402396
232075476
233362746
231863134
228179139
229447790
229297710
229685670
232478039
231051229
233453307
229533310
232521569
228160729
233480584
233316414
231665117
227815963
227363428
227988113
228031199
225766635
225442936
227441022
226668888
227326911
226654568
226628580
225400971
227298308
227919465
224891319
225803072
224920511
225697157
225795410
226345835
224058228
224202395
223440626
223110793
223552736
223151535
223916845
222811033
223416395
223135286
222770758
224154640
223540006
223181626
222803257
224023026
224193744
222783889
223561285
223071694
222664170
218534310
217885656
217805337
217722280
220347682
217842431
222712442
222692360
220892650
218017974
220951855
222735045
218737724
217927377
218785254
220322872
217400816
217753379
220852194
216355222
215721955
213696585
215579181
216314177
213941497
212477129
217250155
211995389
212494692
213733697
216499176
217164460
216447654
215753045
215384050
215791112
212455823
214735009
215473065
210886772
211197082
211283861
211539863
210591086
211976841
211384034
211276713
210760427
210087919
211950611
211247650
210898363
210694376
211222980
210812424
210772718
211308318
211336154
210627216
206638219
207422309
209867243
209988612
206571022
207416087
207507251
209821018
210026948
207347989
209000133
209734965
207434476
210058090
208158957
207513892
209042718
208192490
209945353
207496221
204848487
204821174
205160549
205071171
204332732
204199463
204171276
205449026
204137048
203433728
205626627
204866756
205461011
205193313
202823530
205113819
204322121
202805484
205424380
205047163
200310613
202772985
200378590
200451539
199769726
202693032
199931797
200343561
202636980
199925547
199741290
199821639
200522998
200973005
202745418
199946957
199871949
202538977
200943658
200477230
199201453
197376967
197338935
199473849
199225571
199604315
198712804
197404401
198904681
199625952
198801960
196234094
197303690
196219210
198774141
199694107
199502717
199534658
198739019
199570126
195596052
191838604
191806569
191625344
191565516
190449261
195397732
191650831
191533726
191044162
191587700
190484936
191863807
190426621
196057519
191021515
195309668
191886318
195360934
191808611
190399461
189100234
188297681
188190082
187600296
188221679
190421994
189069274
189813427
188289976
188025631
188331043
188124736
189788093
188086558
187976173
189833915
188154474
188273105
188004332
187579116
187160057
187275923
187235438
187551890
187206008
186616876
187314420
186522848
187401004
186638716
187374459
187505921
186569088
187474111
186596446
186542437
186499527
186459763
186431623
185745086
186313555
184825151
184395095
185817110
186340459
186371394
184757057
185787935
185982301
185847385
185993446
184391459
185979932
185884884
185767823
185968845
185951294
184410218
185929812
184232686
183234583
183645447
184156209
184259894
184009699
183694606
183320046
183476317
183190933
183939068
184374098
183438350
184342916
184192868
183670157
184298348
184041867
183712588
183279287
182655567
181486355
181053810
181084152
179840372
183146014
179815456
180278278
179897023
179873994
181781329
179731960
181517040
181815730
181138557
180326698
181002770
181462393
182608891
180366740
173261149
177624894
173227066
176448354
179690140
173037849
172240793
172318202
173297271
173200881
179597500
179631653
177717444
173097513
179668930
177756512
173144817
173184906
172975409
179578163
168718264
172020837
168643104
170730920
172075712
170513003
169563321
169581392
168675671
170758610
171462405
170670101
169591304
172048554
172128018
169508317
172219330
169527215
171521586
168597768
168113187
167830831
168070176
165984334
165337611
166189671
166104291
167801331
167074044
168570664
168007526
167164951
168150841
165301129
167113786
166058408
166030389
165277991
168531647
166138758
162918706
161167656
162034740
161986566
161944656
162083844
162726265
162141342
163599237
162844581
162757035
164224519
161191390
161155082
162791743
162896143
162870184
162815743
162113888
164257983
153575956
158624551
155868927
159844742
156772513
155011638
158553162
160123611
156888770
154958230
160058404
155781041
153541960
156817415
158592975
153534182
155949466
158539548
155883720
159806469
151465084
151869759
152060505
151431832
150421309
152118451
148226383
153418680
151951524
152710681
151895840
146962284
151383196
152675096
147491521
148197756
148884523
152159362
153453443
153390518
141495333
141460011
143659424
146935641
141559551
141527115
140873157
139835556
142833230
141363951
140846536
141333895
139876301
146850428
146184268
146221953
143712623
141554298
146893755
141422870
133512421
135896575
137422696
133671853
136739816
134641879
135602970
131092116
138452607
133620287
131124785
131913767
138410688
136676229
133555064
135635746
135579635
135944221
131899941
131941088
127446899
129436461
127335245
126403963
128599343
130099986
128636282
128230111
129398438
129349890
128155519
128120997
130132490
126466809
127380209
126438617
128574044
128350765
128189809
131026185
121900521
121796612
125525847
123890440
123934950
126367711
123110890
121834063
120250848
125548077
125486981
124689233
124721332
123912298
123084665
120271451
121873387
124660256
123824003
123057108
117058750
119404273
119073440
119418851
117024713
117041933
119033643
117075136
119004920
118359455
119228604
119385546
119173128
118906846
118393183
118552273
118433357
118866904
118940065
118526935
114329593
115959020
116104158
116973558
116119654
116047652
117005124
116044976
116027244
115278623
116954966
115237159
111939104
111891260
116042336
114300779
114358243
111961652
116894954
115212174
108759013
108754177
109992979
109905067
108158828
109847135
108030425
110109876
108323415
108303757
108289367
110066128
108265669
108241976
108727583
108187508
109953789
108809781
107989904
108212769
105487821
106846823
106864548
107011685
107878940
107938602
105550394
107842174
107914716
107251305
106931677
106891634
106805596
105523752
107757115
106962528
107213706
105576243
107794837
106905652
102469498
104861162
103124967
104985263
103161890
102496906
102445189
102305647
102275467
102396230
105031640
102233362
104834184
104928606
102373048
104957075
102527411
104807628
103094826
102357477
102168224
101252094
101188029
101167898
101673295
101226467
101647098
101859273
102143145
101810027
101623954
101275470
101171381
101147044
101594568
101872697
102186302
101287208
101108347
101209378
100992575
99951339
99243796
100477360
99266279
99966539
100414714
99281360
99987182
99301812
100441623
99800565
99929254
99886531
99863039
100388924
99315795
101071690
99976612
99779717
99193437
99176095
97311094
97283135
99222989
98093993
97998581
98331898
98041847
97223549
98121280
97357946
97201576
97168456
98303989
96868807
98424019
98380647
97252295
99150419
94257627
94219912
96057009
94165580
96205424
94135759
96168591
96219024
94200161
96826756
96130661
96065541
96614782
96850760
94239619
96034009
94185095
96774302
94218021
96638265
92161861
93139572
92821455
92838907
92080243
92856402
93224104
92801402
92155484
94115560
92869111
93194655
92670479
92755127
92183383
93261787
94089731
93158153
94056460
92780099
90825881
91928144
90783372
90492260
90452598
90719211
90700447
90594220
90574225
91954328
90769964
90737208
91452141
90806144
90681564
90552941
91982266
90619151
90526786
91420482
87416824
87379879
89559654
86784617
86759133
86736120
89575024
86820111
88769578
88754894
86859444
89505598
89539097
86804640
86849784
89455282
89433125
89489245
87445572
89519467
86656391
84012830
86714173
83912693
83963276
86575741
86547289
86692266
86607949
86460704
86560974
86631859
86486021
86473045
86449566
86531282
83896289
86503960
84038966
86593057
82114090
82835186
83849781
80418781
82073118
80396644
82873464
80945438
83853720
83700434
83026375
82920795
80975844
82946965
80897263
83783247
82991981
82848198
82195712
83830063
78969397
79112800
78858084
79046247
79786369
79133955
79818197
80368483
79149243
79068382
79085730
80313624
79019514
80286509
78947790
78921244
78899222
79807164
78815016
79790356
68648282
69455510
78750572
71276975
68652084
75475217
74010745
78726702
73509682
69050434
70627740
78755322
75331487
69428434
73989224
72607665
76661464
73534078
75451790
74875681
68565894
67014133
68519915
68547059
68475779
66562084
68425980
67522486
66961330
66854876
66840710
67488430
67055846
67366006
66827157
66923737
66883973
68429485
68588776
66546356
65557996
65780978
66482232
66034065
66539582
65713309
65604411
65141611
64830665
66080053
65990017
65799744
66461404
65755852
65618172
65125122
64390200
65566880
64415102
66531570
62424138
62356725
62748193
62848066
62431850
62861868
64369258
62732419
62720339
62407090
62841025
62707682
62414661
63800983
62398576
64345470
62443849
62855297
64287883
62437766
62273541
62260484
61401777
61249110
61941928
62296745
61387003
62196182
61930100
61280951
61961043
61233457
61417559
61918549
61494128
61432438
62172985
61952141
62208955
62182567
61151412
59218329
59167285
59206471
59362231
60978347
60985903
59289630
59273161
61211651
61166903
61130389
59258493
61214303
59233632
61186208
59338314
60947565
59176628
59245728
59015908
58174407
59024286
58187545
59030770
59037453
59006964
58995046
56625151
56607665
58044686
58100013
58066570
58985157
58180866
58030816
59042338
56643929
56136747
56123378
49965980
51414292
54815312
54845562
50491297
48336417
53289368
50503364
50442898
51442064
49971920
49957113
51428341
51909695
51463553
50462919
50432055
55181693
53306094
48318396
47472428
47784458
48306418
47426778
46263363
45714424
44228472
47490409
45426259
48080398
47771843
47759053
47439788
45442219
48090662
48069601
47393364
45682755
47041366
45970594
39902405
42789227
40110730
39970480
40099202
43998488
39983325
44005650
40121928
43977506
39890543
39885931
43141092
42736209
40090954
42195764
42804808
39989662
39910883
39858102
37925268
39026301
38975292
38970561
38012396
38981530
37926537
39828813
39845692
39014697
39823089
39004191
38962067
39081716
39820836
38993350
39106941
39092198
37987344
37999098
33147792
33009355
37825620
35274203
33123038
35319497
37811904
34975737
33359716
33130872
33330465
33170800
33109402
33389471
34984649
33341356
33038095
33029184
36759204
33378119
30524083
31201087
31338739
31192542
33005998
31355315
32532321
30783670
31350076
31420181
31428561
32819446
31578988
32690106
30514026
32885793
32671850
32527848
31344492
31686535
28874298
30277463
29961811
28884048
29831320
28865944
28026409
28920032
29967703
28891949
28858486
28909981
29186054
28619566
29772806
28625256
29840438
28706611
29782650
29817078
24937006
26862976
25656126
23585830
24301411
25132958
23178677
26597805
23382424
23103332
27087664
26590064
25866845
25841330
25124181
24529105
23363769
24708479
23288473
25118533
20767113
20760617
21546625
21251798
21396609
22414154
22952430
22444193
22407895
21107123
22216745
22243398
21576246
23092323
21419503
21421056
21579355
21215355
21211001
22226270
20604094
19932886
20248278
19939165
20395552
20585911
19935220
20429702
20343819
20608656
20367430
20593525
20401741
20261929
20252918
20615774
20375760
20415014
20352718
20283257
19777264
19749614
19918371
19607476
19887891
19873937
19853802
19617583
19747552
19893248
19905835
19611979
19923310
19743654
19766874
19898111
19624288
19772342
19756410
19928927
19396575
19598398
18990583
19469480
19463806
18995615
19474818
19391606
18850464
19385646
19165159
19014381
19005900
18832822
19004459
18845629
19168921
18842224
19477748
19601357
16822916
18096674
16762358
17826141
18202547
18093321
18100421
17831543
17821346
18818700
17741883
18104579
18210566
17952504
18074232
17947783
18078428
17836575
17018511
17942761
16096200
15639866
15653359
16757139
15712791
15480719
15792079
16225228
16587041
15717560
16085511
15620227
16112215
15783688
15631327
16241632
16104971
15473685
16578908
16351293
15361756
14709291
14905250
13874336
13897790
15326224
15346932
14842852
14736277
13910967
13888841
15324484
15365359
14727329
15317155
14701132
13867022
13917958
13972931
13882179
13805258
13042204
13023277
13649377
13667971
13201896
13180348
13802474
13721237
13742062
13687783
13661516
13656750
13194132
13171033
13708829
13812981
13161716
13196477
13017157
12900622
13006074
12742268
12734673
12704522
12884862
12876903
12713677
12567596
12698225
12749007
12837941
12668110
12824852
12671171
12866692
12595260
12590297
13009900
12557130
12072305
12337003
12074152
11976632
11935794
12079819
12550917
12326824
12413065
12087114
11985892
11927541
11922965
12376746
11996128
12486003
11862924
11940532
11932138
12400318
11378392
11526330
11856903
11823900
11521183
11510082
11708983
11677834
11848983
11672799
11716071
11703393
11641162
11645761
11652987
11555424
11669572
11386157
11549507
11542442
11035209
11012170
11014375
11016916
10945150
11025840
11187666
11039908
10935804
10919049
11031076
11195407
10940541
11242728
10954747
10911473
11249757
11066348
11071966
11227742
10824536
10809930
10783319
10898589
10774932
10905132
10772941
10800457
10768829
10779876
10818242
10763938
10758268
10775476
10753362
10748808
10697430
10776420
10901832
10892317
10553672
10672960
10646606
10640345
10582340
10693665
10571971
10576469
10536814
10649774
10549120
10644088
10661913
10532477
10669693
10653004
10543769
10525791
10657008
10690623
10438675
10426539
10423763
10461168
10431754
10342586
10521678
10417676
10402960
10520216
10399385
10338191
10318959
10324942
10466657
10414901
10339990
10442994
10409700
10472463
10193443
10289827
10149735
10018348
10012044
10209223
10022441
10294898
10203208
10049630
10186319
10072313
10285892
10281476
10007522
10146095
10313485
10027097
10069168
10004226
9797121
9919158
9927767
9903850
9804784
9914227
9910820
9800661
9940049
9808584
9932530
9838332
9896876
9832202
9908185
9831605
9951178
9946681
9811740
9792492
9725866
9711887
9673067
9447948
9293098
9721622
9715873
8896475
9173149
8944092
9672354
9789167
8948655
9439912
8903234
8889706
8834107
8819894
8900115
8892717
8701497
8794581
8705814
8674262
8694140
8596758
8786993
8583518
8779891
8711550
8579192
8574539
8783428
8697833
8677380
8776570
8602167
8789833
8565428
8682192
8197247
8558043
8445659
8192090
8230406
8222283
8434241
8309507
8189587
8532078
8541782
8440707
8203622
8138514
8322828
8536376
8236883
8199962
8193719
8226597
8128379
8125369
8114623
7961327
7929382
8038724
8063493
8044770
8117378
7984200
8059739
7971031
7965402
8054739
7974637
8050332
8040799
7961735
7931794
8120030
7598684
7841964
7680254
7590289
7669973
7925661
7837294
7867073
7673804
7685436
7681567
7859014
7818990
7923139
7769344
7927153
7844047
7874896
7676566
7603144
7578533
7527959
7582534
7518863
7516332
7580048
7514076
7453161
7525271
7450331
7438519
7580610
7442904
7441162
7445492
7529845
7586793
7448030
7522473
7584244
7362129
7357933
7279175
7377230
7381885
7383543
7353873
7350196
7437241
7387222
7300354
7435735
7138894
7134114
7131181
7135919
7266440
7365118
7356555
7255304
7102970
6897100
7109579
6900893
7100219
6959607
7040517
7045024
6893352
6707957
6629205
7112975
6963205
7107338
7029674
7055484
7052060
6967979
6905593
7115923
6486637
6512273
6509304
6627038
6451882
6482477
6572237
6442006
6484158
6456071
6574560
6616507
6578867
6618824
6562924
6447613
6569860
6623792
6621309
6488152
6421929
6379812
6433322
6428045
6389942
6435213
6375497
6373451
6369299
6420147
6383971
6426347
6423354
6318245
6430842
6418817
6387428
6321372
6393001
6438059
6297212
6275216
6144849
6134594
6292862
6138832
6142347
6129073
6298877
6301312
6233241
6197342
6192644
6189934
6146699
6290741
6194736
6132113
6230317
6200363
6116630
5927340
6056484
6066441
5924584
6052794
5922665
6125873
6070488
5951803
6054650
6058409
5948242
6121481
6119398
6124510
6060526
6118198
5932318
5929910
5857115
5859353
5887316
5733137
5919588
5918044
5864713
5874064
5877484
5741463
5736070
5855254
5921122
5879634
5853923
5774993
5860987
5851795
5779841
5871003
5697921
5693244
5649665
5690138
5497218
5633990
5642121
5435333
5437231
5501966
5499333
5495061
5449205
5637556
5439516
5434266
5443819
5440987
5446859
5536124
5194247
5433184
5182191
5187075
5155943
5384239
5337861
5154979
5431612
5190756
5160347
5184504
5389633
5386623
5309573
5162135
5172056
5381763
5332023
5158379
5153998
5056156
5088873
5086274
4986198
5152248
5084775
5092400
4987975
5120077
4983024
5088133
5149618
4969337
5150924
5094330
4972385
5091020
5050580
4992078
4900516
4963111
4933880
4911701
4861700
4904810
4924943
4914033
4928445
4859274
4847201
4964771
4964346
4932259
4907179
4856394
4967072
4936272
4902153
4921508
4836092
4837342
4822978
4841825
4765857
4769087
4792669
4788864
4779204
4761578
4783661
4772804
4755381
4711825
4844400
4750416
4833586
4752684
4826072
4747975
4427891
4437548
4499995
4502361
4423673
4432205
4482144
4672464
4494127
4615769
4669957
4618492
4441113
4631511
4612465
4484957
4609358
4491395
4444374
4489223
4346123
4348221
4342244
4352191
4256487
4270045
4370641
4415923
4349454
4366914
4276312
4362371
4355090
4356973
4264444
4421131
4267712
4251375
4314590
4317851
4036355
4237769
4172271
4021694
4024168
3971921
4239194
4241774
4181631
4163666
4161120
4030500
3978311
4096738
4175813
4026386
4034436
3970629
4235403
3974986
3962611
3865841
3898725
3929298
3905760
3956707
3907973
3916695
3919820
3931218
3954145
3895177
3960653
3925215
3955392
3952605
3900396
3896990
3912675
3965112
3838207
3822512
3788916
3684386
3842448
3774919
3761653
3712896
3703538
3676992
3818615
3859592
3856255
3767804
3771902
3707100
3692131
3680291
3836363
3757794
3649580
3659265
3652569
3553764
3496049
3541077
3672813
3492720
3600717
3548047
3545650
3538073
3450696
3535757
3539383
3668644
3664481
3654854
3490897
3661207
3441505
3389591
3386106
3290100
3151298
3396264
3439920
3447087
3383849
3366925
3146485
3161312
3284219
3393083
3287566
3159080
3443398
3286061
3163090
3437556
3114124
3040321
3144421
3044182
2995719
2998977
3042575
2994157
3142056
3056564
3052955
3142901
3111053
3038384
3140320
3100694
3112195
3103334
3051298
3001602
2934239
2987678
2937556
2992585
2936215
2907600
2894491
2889905
2941567
2959804
2939360
2909740
2904173
2887660
2952033
2956409
2913070
2905553
2985918
2899237
2884556
2828576
2786391
2829833
2885562
2850390
2879437
2880564
2781352
2856277
2878157
2853892
2851992
2783884
2801248
2882951
2835285
2779637
2778814
2857230
2744371
2694819
2737403
2692173
2743006
2708806
2754112
2710557
2740214
2703520
2730943
2712401
2699848
2756558
2748888
2745420
2751979
2733058
2732322
2693293
2648423
2647055
2642352
2631542
2635890
2553267
2691213
2546278
2650458
2632581
2589600
2557332
2552844
2555301
2592540
2645844
2687997
2560401
2630480
2590776
2500017
2492546
2440641
2464152
2349381
2461702
2351930
2447591
2383624
2355843
2439034
2437454
2451825
2432058
2382350
2457513
2537834
2449851
2455114
2435738
2333244
2346111
2271699
2241610
2234453
2321438
2270518
2324894
2288297
2284024
2268949
2322713
2237932
2333635
2285706
2320245
2237015
2335632
2236650
2240352
2176345
2181606
2062467
2189220
2028131
2195014
2104575
2131923
2195837
2191769
2111635
2038562
2192971
2070691
2107452
2194738
2184367
2067178
2044266
2026083
1913205
1973804
2024888
1906391
1967930
1914053
1986776
1933873
1931838
1924725
1921800
1911100
1989735
1927574
1910280
1961674
1970713
1955277
1909390
1908409
1886407
1877922
1718866
1762231
1825477
1875263
1680593
1700279
1756770
1835188
1695368
1654703
1767658
1819314
1751426
1702122
1642235
1884783
1827902
1704851
1352866
1565632
1355586
1432784
1275955
1636532
1567326
1562611
1560633
1259269
1559593
1605859
1557103
1425397
1440121
1602885
1359403
1270278
1444054
1429793
266598
1196397
1252639
1212771
1187018
1158344
1262367
1015877
390050
1210922
1256077
1202629
387506
267402
1208833
1193762
235702
1191239
367172
1182938
189899
141246
141118
141327
140989
148244
156035
191528
158654
157782
188745
234870
159579
158756
147753
147558
156288
205974
189278
157007
113356
117388
117370
140791
116819
116088
136964
136771
137859
113444
113385
113235
117294
115566
117604
116304
115723
115849
138081
116221
99837
108256
99969
110788
113045
99674
111070
93658
113148
108257
93846
110839
110806
110995
108211
108373
93909
93927
94035
110886
91296
76011
73259
74090
73357
72185
74383
74189
84842
72087
71340
76225
71980
77330
84681
93554
91401
73309
71894
71808
71023
70947
41729
39321
69237
71050
71147
68433
41989
68587
68472
68512
40732
40661
41683
40444
40323
40316
42059
40385
38752
34859
38587
34022
37091
39229
37027
34264
34140
35231
34090
38819
35062
35342
38624
34097
36928
34179
39138
38545
29925
30122
29733
33499
29559
30224
28340
33462
33428
28287
30039
29645
29937
29612
29498
29530
29509
29903
33556
30013
28205
28272
28057
26348
26745
26312
26157
28214
28193
26801
27933
26275
26863
28022
27968
28110
28135
26153
26224
28072
19576
19592
19242
19222
19133
19579
19260
19110
19551
19612
26019
19602
20053
25137
19560
19149
25080
20042
19725
20149
18280
18345
19038
19069
18717
18384
18601
18331
18736
18818
18310
18279
18353
18237
18188
18844
18300
18794
18205
18214
