1135999946
1138967377
1152738993
1138737399
1126157661
1136073301
1157453729
1145376121
1138900767
1138792809
1138700602
1152706713
1173117533
1138619198
1161566368
1161599876
1155166341
1138836774
1135924916
1173151510
1123854427
1121320698
1067744319
1123897591
1067615477
1063767396
1063670066
1061854041
1061789077
1121190880
1089451073
1089515775
1125670434
1067798923
1067681438
1125786073
1089628361
1121242944
1125349597
1089562252
1052008369
1040616921
1046107143
1046041910
1046011115
1059427463
1040445882
1040539712
1038361897
1052101569
1040774441
1059362789
1052148309
1045963084
1052229159
1040708358
1051945701
1059479225
1040641064
1046078096
1038313136
1013901796
1006941652
1023617760
1004843858
1019906967
1038217966
1004903635
1023537155
987690725
989305885
1011353696
1023573462
1004953979
1023506965
1019850581
1028184816
1025582395
1038269497
1038165537
969322038
973351026
973292567
971542634
971483609
973434018
975279152
977437550
971373424
971203714
969415489
969365108
966949251
977388106
973399060
975246558
974993794
971289939
969063521
973470542
962758849
944935520
940265368
944893304
966874508
962906510
946873002
946698405
946766577
944728095
962854273
964784376
944846732
966905127
941945013
946837723
962811404
944535913
964803454
941910708
911435677
938187793
935796771
934938182
916250288
938117504
935028094
937109137
935561884
938074582
937784431
934838951
914196640
935926165
938148715
937002799
909594809
935133671
935251320
935749066
884298907
907326527
889844479
887959306
890092516
892175134
885586697
889946860
893528949
892238446
889990695
885502261
905181800
884266699
900435395
907274464
888118898
909230538
900629937
885328632
881972570
884112132
882111650
879476733
882175921
881437103
879166175
883979223
883842624
879610511
879551418
884233758
882239996
879273746
881520201
882216778
879409420
882041109
879674178
881852701
867624876
867716258
853728360
871197141
831885120
867506024
853622154
843010255
829429949
861738991
843081767
831797706
872917077
854379829
871278431
861666438
833086539
831729158
833167479
831654208
828431926
813313494
814852297
801294210
828330998
814772541
813362805
820920815
803662026
829333842
814934778
820903927
820864420
813398777
805573656
801366574
828284656
803469693
828394850
801440973
800105548
800205676
798529993
795734421
798598047
795777772
773194105
795667903
800499216
801226472
800142324
795652871
797772701
797715995
795589677
795871268
773235458
798576476
795709525
795818027
771400827
758428717
756749846
756569716
756472010
773139123
752920523
752841086
741698345
753013457
758361732
758269734
771349248
756628871
756792602
754228606
773104787
753057581
752981144
739591916
721774452
721846062
722335913
722293540
723862544
722262097
724090800
724068608
729578090
724039698
722079699
722235352
721714404
729429387
723755830
724015793
723642171
722196815
729489828
723559383
717512836
716927203
720155541
718245050
717439503
716347588
718081519
717032699
718041834
719543092
716978773
719749518
719621308
721562593
721629565
720197548
720117828
720005439
717705161
717652181
713973837
712446231
706574459
714316725
712467131
714388703
714342025
714235282
708676636
716318329
708545494
706486094
714287214
712426146
706530114
712313756
712394173
708509556
714362060
712357995
702534976
685195518
704546485
700661779
704502150
700727973
686134912
698701852
698654664
698591507
684366703
686161235
686080654
686096080
704410099
698888581
698858723
704460541
685083779
700703271
669768577
684205950
669744495
671417451
680575186
669674844
665819043
669573422
665753255
669482098
669285320
684322973
684342868
684302430
671380999
684236778
670674028
680637434
669721728
684269576
660335697
665166632
660401707
660015928
659940886
662965108
662158642
665675104
665535053
660376414
665438154
665340424
664747535
660304554
665599708
665015933
665074749
662136404
663201227
663077410
655281801
655198423
654979697
655371588
655142325
654532567
643511670
654918811
643474828
655433964
659848458
655061129
659497504
659759347
655058841
659398785
655410512
655317650
659565151
659605830
641316014
643013346
640933483
639842329
639501702
641723321
641231317
640818986
639430115
639288121
639802311
641560179
640734017
639745170
640900813
639671119
639365279
639173045
639873559
641464009
629106822
624441450
637360829
624372402
637564450
637441510
630552380
629318240
629269731
624411296
633691886
629047050
637509187
628932303
630808701
628992490
630645849
624465006
639102439
637808632
612050531
620090732
622903468
620129911
620110533
619945123
619897035
611984707
620735654
620840234
620054155
620026800
622948124
623007441
622983671
622714049
621563704
621543789
621509890
622972454
611938396
608622933
605530771
604029648
609164228
609140031
608544678
609107120
609037360
608921176
605602351
605483629
605440539
603977230
608978021
609072098
608296630
605621984
605566696
604013798
603582544
603700192
601986417
601182321
601231556
602231092
598365015
598391618
601916536
598309280
599767248
602460283
602287842
601164917
602418280
601204722
602364471
598336208
599728758
598267020
595897493
597599201
595012203
596497533
594972825
594945339
597821389
595755491
598184913
595069697
598226378
596623121
595045085
597717816
596543384
595688505
596584280
595842078
598137629
597551835
593039423
591755665
591982063
593435193
591718880
593475269
592095846
593452325
592812160
593316827
592015382
591556859
591482632
593021624
593409814
591819584
594923734
594646922
592864458
592037368
590298757
587886770
590358933
587947082
590693994
589823756
590559964
590064851
590155205
590458332
590673723
590509435
589898982
589762763
589306011
587929312
587905754
590608690
589216476
591224180
587672843
587594992
587177551
587733595
584277626
587820049
584016196
584246124
587769540
584122408
584302787
584070468
583905717
587344482
584165140
586969830
587852585
582504527
587513879
587423943
577220350
582404208
578914185
576441708
579427712
580190862
582451615
582429963
580889544
579378787
578252356
578233014
576137705
576073390
582483693
580843868
580305882
579062716
577599416
576183291
572604024
575990293
572525779
570982503
557384842
568413444
571265969
557456095
569846106
557426680
572218864
572403035
568358779
568454111
557408848
569811215
571042560
569783065
557442584
558647330
540800803
549235597
542243693
542173860
549831998
549889694
543832567
543738553
557346488
548653137
549853558
557231566
542773859
542822223
538887770
541075384
549914553
548194608
541188986
540872840
515478416
520990985
512961084
512897839
515536555
516038623
538252927
514462044
514423272
514180444
514102866
514053267
513090743
515598206
513058527
512993861
520541017
518980095
514614500
538812932
505528627
508446147
504850873
508387551
502114747
508204996
507198720
507165392
511478633
504864899
505148857
502295005
502132003
511424494
512836202
512787678
502186663
507015755
511371345
502227374
501223406
499968156
499864043
495887116
501788381
500303136
495786143
500262348
500024950
499795054
501131242
500398471
495845357
495814017
499895198
502071354
501277033
500338851
500376832
502085350
492302176
485888915
493339718
495591191
493404155
495443691
485879635
492279295
482344080
495745577
495656364
482269330
492247853
491750662
495695677
495511333
492320896
485851711
479513776
491837815
453181462
452776245
462141586
429585321
452711502
452635367
462265892
452837798
459232705
453006372
476152559
452906987
453227251
453112798
476129893
463217914
476172302
462210821
462237259
462186269
375090484
324829512
377949010
324857686
372381706
375248256
324877443
375219256
377972249
374053405
362830084
378022854
375200628
377993252
378017858
379350905
374038685
374031833
374014986
372433686
322238123
324799224
323422188
323539585
324611426
323185910
324367297
323284813
321630569
322457908
324425561
323749213
322192290
323647639
324556778
323596055
324605358
323686127
323237448
322517752
307738724
321614758
319635601
321585223
319665310
320678059
320130885
321276275
319065223
320693890
319670451
319220360
320547900
319648983
319113445
320085951
319646410
307856726
320185970
319168084
306833623
280106858
306845574
279981730
306858386
279928364
287942870
304793692
304769204
280037734
302273060
300892173
299609707
280258799
299636958
299761641
302251152
287856457
287912184
280160251
278761096
279536033
279660679
278646981
278548447
278346230
278699351
278280404
278486601
279687860
278225247
277412669
279896337
279584051
277464394
278430820
278365839
279568824
278596162
278247641
277344360
277404405
277039103
276372800
258952742
276485888
276247213
258899039
258858350
277151943
276132283
277045101
277188502
258785692
276432006
276299715
276205320
277104311
277069967
277145235
251890231
251929368
257387009
252067046
256781472
251997895
252008521
255034853
257317073
256862759
252116086
252029025
252050991
256748917
257350189
256831065
252002894
251974822
257364209
254720255
250968991
251818111
251196061
251773366
244820669
251180863
251227712
251208799
245097982
245480146
251161003
250516222
245575482
250555798
250475006
244927656
244779160
244940629
250235504
250262613
244120063
244768783
244670930
239903633
239806792
239773111
239580075
239836300
244774503
244706496
240294665
240264709
239654318
244730377
239746059
239711764
239640910
239626819
240387096
239141716
225826544
226544688
233870076
232326963
232599103
229939973
233892098
233060414
232354544
232043069
226504710
225840626
232261125
229214774
239108615
233086115
233307496
232303050
239129573
233832809
218378222
217811551
217762927
225742894
225232301
217847275
224591007
225762267
225712544
223529117
225508043
225792812
224696627
224555264
225251852
223517328
218516514
225341374
217723279
223956883
216638490
215387962
216851450
216128685
216863245
217698976
216451823
216270100
216416481
217677742
216885833
216235107
216101006
215640769
216294318
216906748
216206966
216623316
216839476
217646008
214946086
212325264
213569851
211913425
211887770
214995328
213704791
213606630
214835064
214747484
213353128
214967210
214982922
213647365
212557026
212455851
215010495
213675828
211943391
214947589
200709922
196485198
196511991
195815341
211863549
200457728
195209360
193328327
200702064
191717583
193293315
191779430
203713203
195871107
195284058
192427340
192491692
191961512
191661977
195792515
189960720
191535120
191564067
190391833
189463291
191637541
190267018
190199786
190764191
191592378
189565324
189524398
189481410
190787041
189596999
189501918
189948796
189254812
189244323
189484041
186541242
186010921
188973001
189229790
184933163
184890511
185993446
189226860
185427887
185004605
185456638
186505647
189003636
185492486
189057984
185621206
187080663
185523464
185397929
184606762
182702771
184570428
182402174
181058706
181279167
183904244
184552863
183543882
183144555
182670095
181309456
182455197
183986981
183755263
184350664
183900614
183868005
183105382
183881910
183744447
178697844
179782302
180265116
178661726
178634386
180347566
179520977
178553687
179484192
179122648
179557515
178678513
178649949
180378055
179183089
178494648
179823284
179051645
179156863
178703022
175602295
174127052
175334889
176134932
174328804
178399562
175419093
178453110
174111060
175260308
177538651
177497283
175655268
176145101
175587675
175297837
175625925
175388087
176340580
178359302
142901011
171621711
144631986
144620203
173706870
172847717
170711058
173787756
142854122
170971930
171516666
171448150
173975721
170715895
170549761
166987668
173999912
167133018
172793946
174099452
136953279
137900459
140891023
138751259
141603267
141489892
137919944
140858284
140838125
138816479
138069425
140996837
141627848
138711368
141445208
138723441
137945326
136941405
142841919
140970626
135608604
135861016
130539912
135981339
136896676
130655835
130528481
135582535
129570397
136120360
135944291
136023024
135550470
130614057
129803272
129530013
135826573
130512372
129483575
129841546
124912019
125128612
126497390
126684611
126441978
126122685
126114324
126669484
123975961
129434994
126649929
124974508
126606351
126158413
124950101
125099168
124929883
124017294
126587579
126631250
123065988
121350963
119720073
123539738
119228604
121394622
123601159
121333100
122883576
123722209
122430983
123078964
123044138
122947551
123954438
123429707
121373774
120998853
119750431
119694531
117842419
116042336
117337435
116047652
119173128
118993018
116027244
118926752
118896508
117307144
118959201
117212330
116104158
115959020
117882974
117860417
116044976
117838936
117227828
116119654
115291824
111351118
115219158
111990081
112018351
112006290
106075230
105477440
111368962
105567487
115270812
106110212
105440074
111825015
106141178
105423027
111876535
105398327
112035017
106116796
105157723
104385853
104361800
104974570
104343045
104894522
104241732
105092265
104222175
105144667
105046748
105169432
105119904
105099858
104468833
104402707
105132874
105021593
104373437
104414206
100767708
102840115
102971244
102110536
100743895
102751520
100731900
100717213
99946042
103003047
102774987
102813412
102204513
99815305
102138120
102793525
100791180
100751240
102730390
102179725
96503593
96466626
98385105
99607659
98282053
96588632
96533868
96388433
96428395
96609445
98334768
96447106
96407815
97762216
96854840
96372817
99775891
99581685
96828024
96877465
93588817
96060993
94810956
95618677
95608684
94840494
94028804
93560320
95596324
94065169
94758277
96020001
96155145
96129936
93579912
96057009
91427462
95642098
95828433
95586117
88885807
90966638
90993611
88815878
86980945
87037855
87272434
88798440
89134628
86998029
91017036
89175278
87568474
87011738
91043458
88859984
87553731
88841960
87270094
90978142
86332385
82951208
86273960
86314405
86958985
86939254
84081880
83890728
82981172
86301563
85204843
86286718
86250376
84684357
84505111
86262110
85177864
85266296
85238043
85309441
82028721
82074831
81682088
82177489
82134015
81666470
80620049
81266237
82884178
81698891
80606787
81647352
82917755
81675208
80354515
81690463
81704332
82008482
80085219
80584631
78322375
79584325
79173323
79530152
79505918
79108308
79025662
78436356
79623269
78356463
79658421
80062626
77208319
78265489
78410925
79190002
79469272
78725590
79066654
78463608
73728838
67112954
67088820
67026942
67683588
74540624
67607863
74572421
67522486
76769093
74574348
67700120
73744891
66620874
66644238
77178441
74558095
67488430
66581801
76778539
64949931
60343497
64290073
64980936
66388572
64870970
60443599
64835897
64328543
60427385
66376460
60410547
64911815
64990352
66361478
64934671
64969104
64364961
60451329
60435468
59673526
58773653
58488914
57089846
57076115
58803790
57059670
60326019
56718399
57156330
57147181
60269593
57101856
58448663
58472640
57168177
59649229
60304180
58530833
58512058
56122621
56107735
55639453
56139712
56707269
55723942
56159062
56680249
56697173
56610227
56401485
55709377
55698116
56688746
55715868
55703198
55692529
56150748
56667374
56433943
54613919
54176778
54091032
54961722
54073965
54128426
55126061
53209247
53152167
53188944
53136538
53534174
54974900
54109741
53510908
55161283
55178711
53161943
54152500
54646785
52030695
52367235
53123305
53108352
52392832
52318863
52055326
52330615
52383232
52324850
52222014
52047582
52022280
52366621
53098768
52375218
52364870
52357213
52040016
52038403
50717084
50542381
50283369
52015096
50275268
49710626
50515651
50265926
50279954
50519422
50554354
50269849
50192047
50161608
49718858
50176179
50260616
52009728
50688751
52007020
49270777
49256397
47601106
49020152
48041033
47964696
48372450
47746992
49003984
49011264
48359657
49292724
49614210
49582415
49629581
48019084
47730356
49599264
49228667
47947796
46032174
45860176
45887974
47324400
46535954
45719811
46316619
47289338
46298247
47307977
47343920
46459166
47374724
46289937
45877646
46037591
46473216
46486437
46308958
46273208
45152412
45512012
44790232
45018776
44772170
44966375
45203460
45175820
44951808
44821217
45190235
45001315
45500043
44960352
44975524
44991656
45508628
45496280
45194544
45504427
44249681
44483921
44408550
44039201
44443813
44157119
44228096
44144953
44263694
44399788
44057665
44047569
44757000
44422091
44053282
44744435
43998393
44717827
44501476
44438235
43958790
43201583
42606885
42076280
42594829
42627640
42054454
43977506
43892922
43275923
43261140
42065647
42633914
42070100
42611097
42617351
42060224
43254951
43224949
43493761
40981726
40973739
40971645
41700678
40955690
41814409
40924780
40488321
41830261
40912344
41819559
41827028
41687831
41689183
41454604
41744293
41824436
40932976
41655598
40895771
40152101
40014201
40477519
40469646
39861424
39042658
39051996
40021698
40198307
40005892
39772467
39893994
40177197
39767122
39065852
40161498
40186377
40459235
40448558
39875357
36039771
39017802
35887029
38433766
37086655
36075732
38417197
35891619
38430246
36028658
38422612
37307486
36264265
37095808
36255449
37091652
39036109
36102309
36098103
36082092
32882070
32747485
32896359
32890358
32642611
32912196
35819591
35860032
35865209
32920616
32701494
32707790
32676919
32657948
32617739
32668261
32728145
32722073
32737411
35811738
32422388
32232139
32488535
32413670
32244539
32238051
32488812
32220796
32210699
32598775
32198517
32140131
32439032
32488049
32496438
32404209
32208628
32462481
32469425
32180009
31656831
31952052
31990688
31895228
31885518
31723376
31994585
32123279
31967980
31975957
31745924
31733047
31670976
31904924
31866099
31753671
31944575
31677849
31645610
31959104
31628252
31499402
31243425
31231127
31412817
31439307
31637333
31292512
31501484
31516338
31425048
31296544
31479793
31255675
31285551
31531582
31526328
31521891
31490682
31273785
30832954
31216734
31150599
31045089
31030412
30977684
31194459
30947291
30933560
31011676
31172893
31141141
31191176
31185463
31161606
30965634
30829189
31219630
31019869
31181808
29413678
30738287
30808624
30798588
30693946
30541978
30705852
29552444
30816731
30684465
30756491
30750779
30552884
30535565
30519066
29845352
29834159
30559328
29599830
30722133
28667302
27641903
29375839
29238851
29231652
29393541
28976248
28705062
28690914
27653020
28677970
29364063
29405010
28718127
28647076
27665772
29314008
29226015
29338446
28656197
27042254
27029233
26996921
26964868
27628522
27088334
27634421
27222619
26855393
27450179
27051421
26807589
27211537
27206579
26800134
27456066
26959572
27439754
27428369
26991026
26215334
26270937
26193217
26004440
25850796
26691417
25838409
26658780
25828503
26253754
26304716
26286899
26279295
26032108
26201461
26295500
26261825
25995209
26649858
26208104
24874540
25420985
25223280
24909112
25098643
25067481
25817508
25237597
24882688
25806965
25032304
25276796
24957167
25800409
24867407
25325878
25046117
25449321
25320511
24855038
24018489
24563392
24475784
24654526
24482962
24013139
24468231
24569668
24289057
24007655
24268328
23968102
24003144
24456314
24310092
23956654
24301716
24281854
24359781
24161541
23909052
23810783
23731400
23916371
23766970
23494733
23936666
23745815
23705650
23489679
23945676
23722428
23502443
23928418
23539732
23517757
23531068
23578494
23475044
23468233
23091032
23105449
23074527
23361444
23160256
23332263
23082956
23152391
23124414
22898625
23187633
23113369
23371010
23339884
23407929
23347424
23397681
23097462
23351588
23068598
22111709
22100829
22082227
22586870
22542452
22076357
22890296
22805929
22891474
22869889
22696058
22532117
22578309
22105643
22087374
22683778
22270148
22094361
22572193
22792617
20359405
20351019
20659672
20486009
20383247
20663118
20507074
20282948
20669374
21841290
20495010
20375877
20197456
20367334
21732988
21179632
20658998
20192977
20655128
20511844
20023071
20049645
20034141
20148903
20189622
20172242
20167741
20156807
20181622
20000405
19985775
20030813
20013952
20153950
20054863
19994337
20003320
20183319
20017703
19988938
19891804
19822454
19698546
19753791
19740930
19685025
19799918
19692315
19679637
19885433
19953334
19950468
19748645
19673733
19975739
19953944
19981123
19820177
19758591
19735533
19501401
19516305
19498207
19391516
19487869
19507343
19670258
19629684
19552027
19495283
19473377
19491499
19526002
19512660
19484779
19484271
19538235
19396722
19520889
19503933
14937659
14953971
19272476
19303973
19324866
14974687
19374029
14978389
19278297
15102682
19310649
19377838
15126666
19315878
15130510
14950425
19381852
14946213
19298083
14983407
9446908
9164639
9548961
14903353
9545805
10719199
9541057
14933571
9599088
14614781
9153939
14627517
9602907
14635121
14925629
9441514
9444692
9174380
10707439
14623988
8758940
8931851
8739416
8836700
8910887
8908146
8736006
8925879
8923238
8948559
8825619
8748621
9150400
8919720
8834578
8752704
8840991
8831032
8913679
8916241
8201371
8602167
8328947
8062230
8232124
8198357
7896722
7891824
8582375
7900914
8595877
8322828
8608883
8067641
8562842
8332944
8136622
8057044
8047087
7870376
7054747
6633379
6581126
7682117
6637740
7685978
6635429
6509304
7056526
6649508
7865394
7058387
6313249
6512273
6316051
7788552
7792350
6311827
7689353
6645634
5630186
5744719
5748173
5662610
5756497
5755528
6214861
5828369
5741314
5657270
5896172
5625687
5760894
6142856
5639961
5759511
5756876
6210345
5631292
6212583
5348402
5456393
5371043
5470292
5350403
5392919
5343490
5548532
5233187
5407441
5380909
5345371
5415642
5458747
5373527
5417955
5340773
5208931
5476446
5379053
5138668
5135112
5200483
5184108
5070504
5068862
5195364
5059557
5167630
5204519
5197935
5165671
5066218
5063744
5126720
5188254
4998354
4996962
5128865
5206380
4940178
4995320
4872159
4935174
4996717
4979815
4938860
4859865
4982359
4959648
4844908
4986198
4944717
4866694
4857108
4941857
4932758
4972673
4854887
4852065
4598888
4757953
4779547
4752684
4617960
4766023
4677913
4615356
4698712
4755381
4702460
4610229
4771651
4776263
4686441
4679681
4768763
4613046
4596999
4792491
4370819
4406834
4402101
4479343
4432298
4429877
4404524
4472630
4492245
4500812
4483651
4444094
4421450
4474584
4425657
4409209
4397399
4446451
4400746
4415917
4276781
4350642
4363017
4339083
4282971
4247510
4245947
4334005
4329670
4346945
4160988
4156923
4258534
4356050
4129815
4280115
4341934
4253720
4153208
4249158
4040881
4056093
4055643
4037364
4069738
4016170
4059691
3998818
3987355
4071628
3986223
4075251
4034669
3985110
4013575
3999880
4125169
4054558
4096634
4058082
3947778
3946454
3873194
3871957
3904266
3944007
3953949
3889172
3952722
3848764
3925215
3854754
3983709
3907426
3845883
3842458
3942927
3899633
3842262
3874864
3797549
3805859
3817814
3730873
3801739
3809912
3793915
3656973
3814088
3735637
3799307
3651302
3739980
3641207
3654104
3807789
3811544
3815436
3737586
3649472
3639440
3520770
3577675
3519346
3507252
3634085
3569335
3567599
3529058
3578519
3523295
3528092
3509933
3636260
3576499
3564670
3565276
3527047
3570721
3521998
3459562
3501150
3498648
3505954
3474986
3393612
3469285
3467616
3460759
3377471
3395353
3503635
3407697
3375086
3397651
3501231
3469737
3346675
3406153
3501002
3335414
3262092
3180150
3340477
3337713
3171543
3167925
3176472
3330513
3273887
3313862
3251781
3266406
3259706
3267485
3255965
3271778
3264956
3166733
3332705
3064632
3023348
3124270
3075642
3066781
3125795
3159080
3123086
3155842
3072557
3121992
3161312
3116493
3062415
3163090
3021880
3024655
3114168
3068783
3074049
2895238
2922961
2920550
2868258
2921748
3013814
2918183
2864724
2906161
2866628
2972852
2919575
2975878
3019600
2974870
3017868
2971894
2897031
2973873
3015893
2815253
2721550
2861458
2852555
2812411
2714577
2845445
2850139
2810136
2806052
2763995
2762546
2760793
2863111
2813834
2755635
2854027
2859148
2758442
2856853
2591866
2700441
2619072
2613163
2528868
2594213
2668902
2596514
2702689
2599463
2713636
2670930
2672077
2617337
2595119
2552329
2550820
2590567
2527518
2614643
2362061
2354585
2518672
2361299
2499782
2410155
2392479
2360254
2346000
2366010
2515147
2393849
2519968
2412310
2512380
2510083
2517069
2363134
2352725
2440289
2300143
2287033
2329765
2290926
2344274
2324405
2297925
2295700
2280061
2331934
2241705
2238336
2300963
2243568
2289096
2333488
2292884
2270885
2240191
2283448
2188181
2106027
1886344
2062467
2132335
2190321
2058934
1831229
2133755
2191474
1833580
2104035
2237159
1933552
1928573
1888182
2158766
2130065
1835472
1962543
1716971
1752266
1717303
1767586
1761994
1714166
1787755
1764126
1827950
1696667
1789583
1665149
1726716
1719055
1706201
1720986
1791136
1725631
1754599
1784903
1577502
1510792
1663091
1564312
1650702
1599093
1597299
1647851
1519571
1571614
1575386
1656586
1643647
1640647
1654495
1594233
1592944
1658279
1561787
1568487
1387668
1380297
1374350
1371667
1464528
1376901
1432506
1454337
1392133
1496344
1438129
1385070
1500954
1451298
1457663
1499471
1462903
1367240
1508297
1435679
1162207
1159905
1148639
1118698
1230229
1158328
1314514
1316914
1311447
1294249
1306641
1226905
1292019
1203663
1157255
1147003
1116416
1299990
1154766
1163306
1105413
941087
1101435
1056248
1094312
1061890
1012466
1096004
945921
943694
1100313
1009897
1058674
1069517
1063729
1113944
1007138
1098655
1097408
1066155
847514
860839
851883
842751
939075
834431
864024
844980
920916
917538
837375
862025
829647
833353
925724
841864
907895
859276
926781
912481
781173
824684
650998
681577
767926
764660
761342
682762
821019
783865
773680
684410
828245
776354
778677
818430
725540
678380
816645
682315
639356
641300
644059
604615
649966
606821
599882
642622
612129
601821
637525
597342
584874
587275
586512
608637
610396
595713
647668
649026
542864
456184
566633
454378
572881
577151
584100
583698
542538
582008
579172
580779
576024
488906
569856
541368
497232
486351
543858
567849
419811
35642
35684
51416
35671
35585
22540
451132
411909
75667
421341
22592
422838
35631
84520
449422
22455
452637
75804
22640
