1195640662
1195561319
1191239945
1195770295
1189079367
1195415085
1189160074
1193550228
1195832421
1195605927
1195508601
1195467358
1191191265
1191151948
1188996034
1191116848
1189233402
1189120167
1189038339
1195691854
1188953581
1186108883
1183903830
1186176647
1186626861
1185960525
1186041740
1181485142
1181442306
1186432784
1186316445
1181520984
1186476811
1186242900
1181404446
1186571704
1183854093
1186378778
1186533943
1183965226
1181360760
1181211482
1179236553
1176593675
1178990299
1181282157
1179367772
1176986318
1180951985
1181022929
1179333895
1179278872
1176727404
1180852691
1181121141
1178880843
1178760740
1178628715
1176836906
1176907317
1171934139
1175150375
1176180100
1175000830
1174538898
1172156030
1168836143
1174074429
1175109365
1174433364
1168913119
1175208281
1176434385
1174277861
1175067155
1174162270
1172301435
1172034004
1176330021
1174635138
1167654515
1168063733
1167961722
1168672215
1167444906
1168291057
1167583643
1167511121
1168102896
1167835521
1168484178
1168235315
1168160376
1168336665
1167755381
1168765310
1168007316
1167895877
1168586519
1168408885
1166093450
1164216051
1166307830
1164360827
1167216146
1165235521
1166955656
1166432902
1165110608
1164464061
1162139683
1166536500
1162208553
1167330892
1167092170
1166812670
1164087784
1166659215
1164972054
1166180839
1160618572
1159994995
1158301136
1161944891
1161837800
1159769151
1161884126
1162018014
1160067269
1159818659
1158183427
1160199212
1159863254
1158090063
1159919917
1160143301
1160274587
1162057602
1158496515
1160709572
1156413385
1157866878
1157699286
1153319810
1153401298
1152826214
1153824818
1156271502
1153717649
1153478244
1157647816
1147816926
1157983177
1157818659
1157760258
1152746030
1155922926
1156177008
1156536919
1156048872
1147622367
1102167943
1145475500
1145391062
1102747217
1147539805
1102817613
1147438689
1145097069
1102633023
1142964104
1101807475
1147353361
1147724841
1145190112
1102552985
1101928187
1102048329
1145305428
1147676251
1091949724
1088789450
1087906119
1091031937
1088643346
1099180914
1099639701
1097037547
1099348105
1099749466
1101688065
1088376908
1088496806
1099522537
1090776107
1095781374
1090906857
1088930760
1099844619
1087878391
1085491321
1083408151
1081334639
1081272976
1083587414
1083119038
1083250419
1081392563
1085317169
1085567759
1085374765
1086903431
1083358185
1085254225
1083478923
1083164785
1081609894
1081541203
1083307343
1081458413
1079197177
1081214050
1077764025
1077639824
1079593422
1077481398
1077696927
1079546733
1077573976
1079269477
1077417379
1077231047
1077828497
1072449593
1079405245
1077362184
1077293570
1079473735
1079230193
1079342856
1065705955
1065653132
1065814210
1071995740
1071855091
1072222109
1069957067
1069880625
1067727756
1070259141
1069365191
1065582927
1072285064
1072368859
1067685070
1070380253
1069474256
1071915412
1070327527
1065760490
1049395191
1063890492
1044707046
1063524042
1065369672
1043347914
1063595987
1063320606
1049185501
1044726374
1049288983
1048055429
1049498145
1047313598
1065439802
1063854975
1063431195
1048094854
1047441208
1065503089
1029774875
1028152496
1030894765
1028333841
1027978310
1025737760
1029325946
1029994528
1028106504
1030842194
1028213755
1025777084
1030788310
1029480713
1028051610
1028266267
1043287243
1029641288
1029888171
1027909594
1021859215
1023650828
1025492583
1025535722
1021792493
1021962604
1021693552
1023583897
1021729645
1023836686
1023681387
1023609718
1021643647
1021593734
1021824870
1023787344
1021912526
1025610140
1022011423
1023742483
1011209331
1012352776
1011569549
1011018174
1012151816
1011339366
1019588702
1011074470
1011877359
1011258781
1011486270
1011402934
1011762518
1012258708
1012046980
1011660119
1012532521
1019671823
1011122499
1021553002
1010644414
1008717838
1010714661
1010153886
1006977585
1010789757
1010516464
1004830869
1002687658
1010867305
1008806834
1010952339
1006911293
1006866767
1008770419
1002807024
1002764775
1010298646
1010403842
1002729499
997653828
999250649
999466809
998126330
1002474947
997379460
998183657
999627645
999784532
998036195
999339102
998239652
1002580483
997640680
1002371106
1002641976
997546383
997755995
997204711
995658955
995580089
987640341
987724512
995069341
995399553
995202983
989299854
988923479
988529794
994989668
989432409
991633703
995505004
988661690
988449714
988797926
988374994
987692308
989524678
995330388
980194848
978091878
977053216
976613182
980270480
977144938
977098272
987567805
978219173
977985512
977860055
980922987
977835727
987507412
980579810
980665292
976986156
985561966
987426227
980822886
973953326
974218792
975980659
975913381
976203426
974574258
972962619
974321203
973080069
976083164
973887846
974017183
973154881
974078066
976526542
976371556
976305654
974671034
974474762
974143826
965287989
965118521
967117661
965220094
965421596
965170230
965357346
971107618
967285002
967236834
967539429
965513455
967625701
965254578
967443327
971228209
972868619
967352659
967211725
971011306
962126683
964850625
961767251
964922128
964218487
964886995
964099915
964020037
963406739
964319100
962248763
963704212
963515096
961875474
963598396
962032876
963924601
965066075
965015254
961951379
961639385
959867041
958660895
958557093
958240288
958139529
961694983
957292895
959798902
957138731
959571804
959632406
957252765
957339871
957201034
958383067
959377035
958030907
959341250
959710899
955259526
955157927
954981104
952698338
950725958
955358055
950679204
950639824
952748925
955125818
952860776
954916234
952788719
952927274
955074166
955203680
955034263
954936996
955271493
950590261
946636056
948529726
948604834
948652562
950279646
950434228
948832431
946806981
946535317
946433640
948703783
948746463
950369455
950553837
948915101
948955694
948792030
946742862
948994330
946913051
944393657
941889709
944597493
945025546
942094838
946315233
944249975
935906508
941995007
942524754
942379377
944995302
942257452
942965747
946235811
944513273
935931839
935868075
944951298
944167042
935777892
932027842
931987741
931785059
931383644
931873358
935686612
931716916
933809106
933696574
933482689
933589110
931464403
931609376
931237503
933569372
935596447
933888715
933776323
931927109
919283065
929892161
919567965
919212322
921115081
929949336
922688546
922583687
922765622
922367133
922436757
921410803
921243600
920991044
929747462
929572840
929653397
919412901
919088185
921546543
914855623
914998259
916965515
917115824
915095242
917854920
914934410
917295393
915695359
917054972
914719829
915533036
915617199
914791020
917545787
917625260
916888389
917778549
917388012
916778402
912841676
907732846
910584459
910419659
911700466
912902733
911491994
910938774
910720703
910506488
907811012
908002420
910844321
911872506
907924309
907871711
908114536
911792276
911031499
910329777
905365389
903320302
903479008
903377638
905337096
905266937
905234437
905312538
903341547
905393204
905292672
905474498
905556805
903439446
905510965
903522163
903404651
903279718
907638657
905442357
901601680
899421859
901402706
897573106
901373454
901259556
903248906
901043737
899363018
899223860
901560517
899465486
901329672
899502931
901518244
901204705
901105350
899154864
899301394
897632700
897358445
897188354
894871408
897075315
897004836
894488305
894816167
894043879
894299722
894742621
896809362
894665062
896876117
894387407
897545857
894574419
894168855
897301430
897253312
892565226
886273824
886241762
889853509
892455026
887723305
892360628
892365522
887471297
892406713
889940958
887980386
887797488
892532756
892489432
887585967
887321467
889994128
892128647
887907750
887255297
885495914
883455857
884149394
885722536
884287627
881138570
879766475
883614996
884264796
884202740
881213354
879854821
883743339
881292768
881060329
883365631
879798194
886204863
883865545
885620909
877586490
877424598
877360034
877242054
877214859
877283328
879723950
876964934
876899857
877139452
877493708
879511164
877058093
877454706
879555804
877161174
877657024
879630278
877849320
877750519
874433558
873940260
874607338
873697449
876218346
876635904
875599664
875714371
876097066
874521190
873790644
876379110
876542937
873860539
875845087
876765577
875515152
874043535
875425144
875983961
860332106
871197859
860294131
872003357
860278171
860475173
872109025
860388960
860559239
872998898
860614086
873642574
871948921
871888084
860512947
872052570
872980890
871119728
872920320
860425530
842552808
842425686
841248885
860254564
850491109
847852528
850601312
839381282
839338997
841074715
860237816
839210559
840894002
850548725
842329606
860215065
850420774
840992321
839291821
841159398
839073992
838771008
836632944
836516611
837166216
836722189
837213104
838812024
838480920
837297768
836892293
838990235
838557678
837390543
837103269
837008629
836431302
838663543
838905153
837261346
836326677
835496505
830043427
835625535
835571055
835454647
835271731
835126683
830389980
830135515
829996758
835201738
830502472
830338640
830297968
830313510
836365247
830430295
830081843
835341228
828455166
827995128
828362879
827930054
826581930
826554760
826501299
826455436
828406892
826186917
829945946
827893459
827802211
829900760
826257804
828071877
826119051
826047046
829840986
825946303
822698300
822661929
822232934
822717595
824573746
822132638
823470039
824613090
823908967
823540162
823809460
824534553
822743112
825802983
823660274
822052166
823732005
822331694
822395087
824485939
820394705
820037071
821769345
820524672
820472374
812943949
821952652
813063128
820822945
813130144
820865900
820764505
820176323
821681243
813200924
821828751
813000294
820257170
819945491
820311912
812535913
811525860
812690357
812787190
810826059
810695493
810421065
808739551
808563630
812865164
811004312
808978417
808869012
810913872
811461652
810604085
808641477
810494207
812600726
811490024
807276000
807204795
806478425
806824372
805307015
804511260
806326761
805434889
804383875
804577181
807311130
805378491
808471370
807072193
806560668
806403174
804305230
804255434
806272984
806934837
802322847
802608848
800381897
800006162
802263280
802128851
804195903
800171841
802802013
802518902
804137865
802381197
800288953
799968362
799907195
800228737
802662802
800107459
802430471
802191944
799716626
798610176
799762377
798671562
798542462
799823212
799666134
799330580
798774339
798443977
799144417
799390880
798878056
799604362
799542643
799479614
799217574
799862190
799793116
798983866
778611754
796184963
796247049
778760178
796380293
744642015
796564204
787888322
744495031
778682648
796300876
798355884
796657279
796482742
796771259
787856613
744554109
787921565
796884612
778560664
742815537
742013910
742708696
742941298
743058059
742544859
742395687
744277981
742326838
742238335
742158907
742088107
741977696
744330316
744402035
742631479
742206378
742122359
742043554
742495976
739700868
741892183
739833952
741787755
739883030
741821854
741582673
741425060
741853504
741375968
739924118
739765424
741914064
741747128
741688183
741510089
740018083
739982563
741941472
739952300
739565128
737985296
735661285
739538506
735816686
736451322
735750442
738245027
735533575
738217662
738098768
738042604
733712758
738204257
736644721
733550404
736597747
735882112
733626956
739629876
733346055
733212181
729217713
732001241
731851626
731248203
730967281
731171758
728513297
731074393
731493711
728964850
731946559
731882311
729095973
728922165
731387608
728821646
733433215
728646228
727602166
726789857
726725440
726449174
727539359
725277811
725514335
725419717
725361384
727176835
727096705
727638866
726890633
726530850
726614839
725781880
726974772
725712027
728447833
727276499
708936095
708981307
706990560
706836628
706777658
709278421
725179739
709054888
706730242
724910551
707237194
707056486
725100042
709217299
707140943
706914756
709138701
709385766
708876647
725018837
704575466
702726536
705052808
704970865
704280378
704773596
704445798
706674857
704640955
704896617
706438510
704523444
704482335
704605486
704709443
706514671
704831593
704188955
706638918
702763396
698570470
700666629
697944156
700760776
698660854
700688433
702664704
702617580
702487379
700603269
702698159
700532913
700461959
700731557
698799285
700781521
702459798
702639111
698779014
698725796
688047633
685725775
696163312
697860811
685660737
694804218
696368212
694889989
688023725
696272747
696745732
685989364
694082393
688079160
694446234
685927105
696663293
685815585
697767900
694752712
671963797
685317187
675762707
680729329
670908198
673634835
673670374
672132452
670969623
670836949
675855149
685504980
676063667
672510121
673795449
672038057
685228704
670712865
666963263
685401426
662209356
660517712
648185623
647555511
647433890
647198453
647651290
647279949
639533011
662173811
657212378
660474863
651639998
657189896
648212031
639611230
660454786
660552997
662149087
647371589
639294842
639436627
637124069
638050672
638021441
637775171
638080131
637532670
637360829
637615144
635955854
637056325
637443453
637690103
635516017
639365279
639225397
637186586
637272859
635354625
635273813
633794534
633703668
633531191
633476431
632314929
635044643
634283295
632532273
632573718
635167552
635106587
634854467
634969404
633609268
632406795
632462282
634908143
634246502
634203197
626552847
632229818
626472724
630087092
628671388
630367408
629987745
629046299
628840744
628911917
628614849
628766561
630156049
628546437
626787141
626709745
630213595
626891713
630290709
626645366
624809016
623580068
626321071
625551427
626420945
624923873
624769815
624837667
625400544
624138583
624882755
623665199
625489778
625217410
625602431
625162553
624194219
625329538
626366490
623515823
622348216
621222914
620987759
623474765
622444199
621378767
621166024
622136761
621953592
621073602
622281943
623263128
621318840
622080179
623302088
623239891
623421272
622210130
622002075
623346043
616918374
616857487
620916627
618556289
618826720
618503957
617019601
616964660
620746021
616711215
616684734
616651747
620821805
616798131
620675710
618588952
616624344
618638970
616747614
618697990
615243222
613761232
613727533
615140520
615002858
614982920
613799553
616563651
615210137
615109269
616591289
615078471
615056035
615176376
615039168
615021099
614917889
615294525
614950993
614878117
613512290
610856417
613437362
613537830
612020180
612123614
613691292
613659472
613488629
613338701
613407030
612169301
612091871
613372305
612197765
612066749
612046405
611980757
612106622
613465052
609219231
609237621
610570779
610505400
609185509
610749969
610639247
610623828
610599413
610824522
610540083
609107220
610431200
609063313
610476964
609079037
610374719
610292087
609243631
610783704
605382616
605252847
608911025
608827749
604474134
607495333
604651352
605315039
604432563
605523113
603721108
608989425
604532623
605440539
608723720
604713281
609028223
607472312
604603533
605483445
603304915
602947024
603611150
603663967
603384626
603109246
602429715
603234349
602379299
603183299
603006060
603047878
602822703
602784981
602757014
602724967
602855901
602908481
603531587
603469614
594292195
593906799
596374738
596339003
594578429
601882387
596264083
596166957
594629421
601812951
594512440
594350614
602369036
593986205
594122639
593430456
594067865
601742030
594225005
594450027
587466423
587125915
588849875
588606097
586971531
587412991
588542830
587067705
585608788
585497764
588425111
585408496
588789669
587338750
587209068
588694989
588904572
586897636
588460632
587270078
582099959
583021088
584053691
582807367
585114588
585202859
583939720
583096211
582927425
584095222
583298805
582205127
582145770
585291839
583240433
582901542
583992455
582011022
583175518
585044116
581658615
581344405
581874535
580557036
580127095
580033699
578724119
581479875
577675305
580203449
581814151
580280101
581600531
581953986
581742787
578803433
581531668
579868378
581413264
579966308
575847337
573490564
573573538
575442719
575124121
575917098
575581139
577616084
577417585
575507541
575370921
575079746
575180139
573333528
575734329
575232915
573277935
575309085
575664648
573408208
571405890
571725788
571341831
571882846
571313849
573235808
571552796
573188210
571960537
571522908
571368158
573033701
572997735
571453472
571833071
573079393
573123617
571770701
571663516
571486213
568949148
571254305
570038501
569079408
568894843
569882171
569030085
570079181
568848886
569978542
571277764
569951961
569849406
571293843
569928314
569146784
569902964
570007828
569861007
568987628
568561097
568532156
567389945
568779105
567265487
568660746
567317424
568466106
568805376
568544009
568588711
568699530
568521156
568497104
568732395
567422749
567451345
567353228
567293406
568617349
565956009
565927386
567179168
567090763
566211600
566125617
566089776
566175358
567152038
565907729
565975721
567060988
566054169
566024520
565940171
567164812
567205207
566003468
567115065
567228417
565777189
564254719
564226603
564172178
564387596
564116057
563958285
565693736
564198019
562601123
564019658
564074058
564286478
564356155
563906402
562624871
564417727
564323282
565860543
562645660
560028745
560059289
562471596
559961949
560974908
562571302
561152005
559990277
561097786
561020598
560893289
560926585
561126800
560011413
562508663
561066234
561171683
562538305
562369960
562424390
558553160
558503882
558269304
558683850
557516239
558083153
557460517
557488331
558171236
558938643
557538860
558453518
557556110
558326718
558629332
559922900
558393129
558594944
558658219
559942763
554476070
554400484
555915775
556617461
553709554
553619286
556836702
555793387
555954276
555281438
556778168
554429561
553548625
555524880
555364505
554493605
555843964
555590759
556673581
555427257
547832375
547278485
547272795
548611905
547782020
546853141
546480726
548575673
547301678
547996572
546442195
548121902
548234734
547336479
543469558
548081863
547936627
546389824
548177558
547880618
540759922
540794675
543332289
540690445
541885642
541035306
540900813
540961477
542090557
540601634
540167084
540841632
541004960
542033537
541936385
541836781
541121735
540650530
542000172
542163625
539311859
538239384
539379581
539426930
538166991
538009485
537976831
537895246
537874741
537847203
537073727
540122965
539541394
537821954
537932825
538059134
539480219
537599911
538111833
537793277
533139986
533168026
531953677
533123134
531920073
533217660
533071728
531999349
531983372
533277305
531797342
536608075
533196815
536715378
531760151
536666578
533256188
533236418
533096103
536638052
531549559
530022891
529982675
530078942
531609950
531717214
531410558
530225375
529995785
531687367
531651351
530161255
531744625
530000393
529561017
530197543
528292189
531489416
530050993
528332028
527657351
526594115
524960538
526676770
528266382
528245274
525027555
523194872
526909556
523140717
526939091
520633447
526890452
523245519
526869192
524255216
527724049
526485396
528257769
520545288
516847442
517947277
518751480
520090932
519287251
517853745
517185935
520489021
520251215
520376019
517068505
520325822
520176362
517973508
520131024
519231085
518928977
518827924
517268671
516944545
516752622
515446506
514099375
515498761
515269831
515066282
515007907
516689312
515393064
515323590
515195512
513959548
513070535
514055372
513034186
513867785
515548620
513742927
513791179
515126831
508380965
511135314
507906890
510159108
509945034
511049311
512319812
508011589
508320380
508163370
508099786
508444434
509695625
511296809
512190628
508251933
510039720
512120710
511213530
509799005
506774388
507781709
505245510
507731791
504124487
503620374
504424153
501724456
507826822
505856581
501686880
503926288
504626171
503770059
506239901
504887075
504157158
501873369
501782752
504214488
500879876
501606005
501267462
500035434
499369310
501326149
501170958
501376785
500057913
501029143
501541545
500919463
499399717
501181897
499516573
501655114
500970709
501469159
499463242
501106256
498832998
496306539
496136168
498206402
498307966
497947288
496243584
496106531
498365082
497905674
496073156
496189597
498155141
497995220
496354957
497856426
498437973
498062341
498876867
498502090
492384271
494824834
494222458
494691070
496008758
494612943
495976298
494414344
495907872
495944304
494923409
492529535
494747658
494521836
492363892
494461007
494253878
495981297
495031963
494283649
487788929
490284829
492332660
488025050
492305667
487691961
488059737
490230263
487867829
487750253
490131916
488117014
492359560
490329362
490773954
487823636
490148531
487963804
487919780
490366651
483015947
486082476
487656853
486108507
484524500
486059817
486130295
484472059
484471224
483964390
482978772
482937718
484433608
483858101
484498993
484549054
484576944
483736004
486159385
483020140
482778829
479991405
480889016
479958663
479906860
482840068
480026403
480932698
479871115
482810389
482707143
482934411
482899730
481474812
482859670
482756625
480064572
481448759
480822915
481173093
477487139
479602204
478642712
476983493
479766125
476118873
478692212
476993874
479529899
479815673
479665594
476138113
478731860
478606499
477469547
476097566
479715608
479661224
476237351
477042066
474529960
474251518
474084619
473837339
476070923
474686426
474168997
473910967
474651848
474630282
475960252
473055231
474606247
474418915
474570581
474469513
475427108
474246197
474240168
473754427
472992865
471720744
472951366
471686301
471806027
471661167
470404530
470214776
471771765
471740135
472906126
472368698
471768593
470425242
472487954
472999940
472858143
472557228
472420291
470180165
468676402
470011131
468881076
468755365
468605819
468812766
470077933
469961745
468541968
456415495
467951265
469893703
469848574
470132023
469781747
468949130
469014080
455435089
455400013
467944627
453376241
453336536
455331366
455144483
455099347
455031069
455171102
454614395
453126273
454975498
454917844
453278019
455292823
454550330
454395400
454833173
454472473
454754975
454685372
455369358
451312930
451497365
452672521
451562737
450235891
451360194
450169070
452607575
452900643
452831260
451622155
451177195
450036827
452752227
451419859
452969049
453043944
452568512
450125314
451246772
421702971
448944590
448627992
421459181
449835299
450002056
448912193
448852270
448786447
448745574
448667738
421573499
421659737
449900189
449790372
448873171
421543107
449727437
421493100
425073553
419682954
421379872
421306409
419870319
419788555
421347809
420056546
419620112
419597334
421428904
419990549
420131013
419925586
419914921
420525064
420420896
420312704
419731940
419552961
420213866
419537552
418415655
418493810
417301754
418432625
418540770
418476266
418391783
418453499
417249501
417322222
418518415
419278024
417259901
418369551
417276810
417348237
417371217
417135773
418549873
416084447
400397683
415917517
400306992
399277153
409660698
416167905
399229190
416014288
416129474
416192102
409672744
400229236
399143026
399065626
399024045
409653041
399117321
416112776
400348909
396689469
396337101
396407161
396637833
398843415
396645678
396560416
396496013
395001000
398991586
398904227
398822866
398930873
396218923
398860261
394904371
396252519
395135582
396299529
395045274
394714152
393759803
394097388
393768378
393987018
394683735
394837204
393594950
394798087
394037371
394752497
393937189
393638368
393849387
394642026
392152751
394179871
393689374
394138574
393885645
392010052
390735013
391960537
388461924
388369638
391998778
390756649
392131624
392042077
388077551
392043611
391980754
390801906
390787053
390718860
388266999
388132718
388195257
388025794
392144759
385746453
384091034
384116469
385803780
385973062
386450295
386058337
385867762
383832667
384316692
384215054
383909882
383964124
386148227
386020895
386279881
386257723
384076863
386347041
384022608
381216013
380159013
381464727
381587314
383800349
381511606
381397469
380339119
381440577
383726040
380289036
381616757
380251106
381478178
381493238
380458570
383746609
380316137
380206977
383771791
378928267
376347355
376289413
376211306
379054307
377860838
379084918
379315158
376251927
376204763
375247384
379276775
377610497
376172403
377883933
375256153
378985637
375228325
379296038
377352590
375148517
373471804
375186150
372533725
370146121
372610546
372482988
374022018
375170745
373404673
372656886
369864668
369990820
369942795
374705504
370300498
372564133
373291989
375201788
373334696
368415548
367233968
368482014
367004718
368285455
368347737
367272011
369786708
369778429
368606397
368713452
367150499
367103550
368664886
368502451
368236173
368556079
367262864
367055367
366937516
366887818
366701126
365700679
365539110
365009567
365552889
365624079
364823460
365048676
365771232
364964342
364913307
366782692
365744595
366824875
365657402
365507465
366745092
364874700
365581536
361976364
362070646
363317281
364465346
364783557
363173692
362006078
364720703
363608511
362112405
363663854
364557439
363383373
362031913
364616072
363277034
364671428
364502184
363223012
362161984
361715075
358743140
360268236
361782176
358854164
358794330
358954437
358686587
360334660
361695038
360309747
360242950
359078618
361761811
361945920
359052871
358983055
358823770
361735243
360287406
357820987
357656666
357576436
355431796
357843304
357443823
355453260
355137134
357504942
357617796
357791986
355299419
357548207
355329253
355255904
355049507
357787948
357636049
356530040
356513642
354187587
354167659
353946458
353051976
352963965
352664648
352617000
353860641
352492802
352990546
352630041
353028685
354152924
353852930
354215234
354985796
352396558
354084886
354245040
352547719
348718101
349511746
351443393
350789416
348192274
347309367
348321143
348235659
352333898
348761964
351373536
352292322
348465099
348392842
351322371
351278055
348137066
351629697
348794287
348148172
347075421
346613998
346601850
346129463
346080828
339142271
339216551
339649232
339737666
339605060
339870952
347198881
346033934
347140506
347246740
346139016
339802492
339692691
339191904
339915749
338715178
331486813
326384605
326359464
339080974
331554346
326314004
331717755
338776611
331429675
331518615
326341737
336882673
337751027
336846627
331634894
336884950
336819875
336745218
338731724
326251591
326135579
325430298
325544990
325150860
325095174
325293023
325351853
325694354
325208217
325015444
325568425
325488522
326289627
326165082
326211177
325245714
325059719
325639470
326080255
324093998
324174119
322908495
324927075
324249341
324397432
322874738
324859500
324304095
324037195
324507577
324828058
324983939
324896423
324790024
324132900
324062210
324950034
324465521
324566121
320696875
322743133
321634686
320709843
321588490
322800833
322551949
322760165
321721455
322539687
322853141
320681604
321671820
321685334
322824919
321656191
322581522
321610591
321346509
322778553
317792736
317743572
319572098
316551284
319491217
319149307
318110143
318064506
319266860
317691876
319212097
319308023
319529323
317856604
318020280
319458722
319399172
319606962
317935420
319352096
315644418
316467222
315527431
315487303
316418990
315732169
315583553
313690289
314739996
314715049
315378525
315429722
315686742
314195317
315774676
313725780
313718178
315319088
313659827
314160157
313504836
312129116
313296379
312208696
312457317
312594470
312624820
313425763
312403643
313463384
312563875
312507178
313621827
313584102
313363921
313537279
312361081
312327858
313418206
312279026
312083595
312040257
308882545
308625808
302535887
302701619
302655997
302485879
311987782
308797347
308848038
312002191
308743275
310857663
303622905
303609099
308689404
302595685
302434895
311980285
301069591
301005121
302262378
302291127
302352869
302245287
302427384
302396428
302203976
300872577
301115309
302224286
300978791
300958021
302188509
300878896
300908086
302257311
300703111
300667917
299632301
299522821
299649304
299668610
299561881
298663206
299752487
299733987
298766128
298704010
298725318
298496712
298746076
298486035
300630471
297696305
297677202
298642739
298679823
299603976
296697046
296638957
295274505
294730210
296659049
296619914
295079899
295570376
295328614
294916115
295184112
295142368
294809393
295443723
295010333
294818721
296611763
296716996
295394835
294870247
294472689
294317793
294156062
294613525
294103720
293928912
294282150
294510842
294446492
294364589
294410836
294346163
294236862
293863048
293796670
293990356
294206691
294240879
294385097
294044693
284840394
285633303
285574824
284770277
285808794
285412608
284396804
284773152
293598060
284762757
293649309
293730117
284901036
285525434
284803268
293586007
293530771
285462620
285679952
284767044
283527771
283287261
282490735
283666470
282528099
282637073
282606780
283737030
283672543
283706479
284337117
283568889
283625660
283458751
283325362
283383056
283744978
283574617
283239953
282565747
282174720
281110583
281045722
282230894
282446075
281337270
282373985
281278700
280979524
282336698
281432318
281237734
282023195
280917382
282287480
282066888
281384634
282407325
282111731
281192925
279913641
279810690
280122299
280800562
279740844
279704974
279136104
279204341
279019943
279774441
280042345
279091072
280198298
280865884
279855401
279658284
280832840
279082535
280080970
279981730
278752075
277569341
278481198
277458431
277508109
278409414
278636590
278875912
277577384
278682348
278817300
277368350
277243935
277288781
278967219
277164665
278925810
277406706
278572919
277129600
276513542
276756804
276642404
276482420
276424595
275513607
276598144
275936605
276691198
275883232
275901641
276547408
275510635
276243836
275856530
276293169
276339571
275472282
275422220
276808118
258281266
257706099
258332596
258356885
275364647
275294631
258312100
258102229
257910124
258249626
275150653
257740189
258140100
258058359
275239448
258013052
259241469
257973809
258194566
257626364
256680777
256714587
256337650
256595997
256637844
256289927
256558133
256304644
256532644
257572264
256451055
256357174
256320656
256443321
256410593
257601698
256382680
256472491
256723429
256506295
255026561
254879113
254843412
256154971
254606417
256212899
254603531
255110611
254554384
256246243
256139560
256267002
256183527
256110128
254709780
254941473
256113955
254983318
254657573
255072009
253280361
253185758
253324230
253187950
254472619
253051816
253029241
253110451
253093007
252263558
253082545
252309019
253135257
254513032
252204508
253752699
253076122
253216937
252238762
253159428
251236641
250861900
252083306
251194923
252281183
251113947
251827334
251792223
252106753
250922933
250823382
251215802
251954156
251086908
252133448
252119396
251927424
251048206
251004861
250963664
248795896
250186137
249167587
250095181
248412789
248971821
248921799
250023366
250780375
250056834
249040298
248850311
249070948
250237581
248438257
248332656
249117546
250217428
250141049
248459625
248305447
247210352
247240917
247175909
246558718
247100550
247996882
247050213
247778498
247864148
247138035
247921459
248247978
247010305
247957005
248280514
247817071
246541000
247744236
248058736
244824584
246178940
244558727
244516685
246369104
244485103
245770069
246425381
246396369
246222248
246124033
244449539
244399062
244795214
245284154
244632068
245379033
245323895
246329510
244597608
243658825
243707192
243740999
240336962
243831969
240312107
240228316
239533784
240243014
239485128
239426670
243704040
240278281
239357397
243607304
243797284
243630394
239451256
244423749
239400765
239296764
239337242
239220413
239312696
238196688
239217191
238913044
239252472
239272463
239008150
239047316
238007134
239234509
238946337
238113864
238142768
238872926
238785331
239275268
238825645
237395136
237246262
237766012
237931689
237655170
237173343
237320034
237720549
237669385
237311171
237695538
237902366
237967144
237678928
237348354
237275555
237651455
237201850
237745784
237427962
237094166
231697335
236350927
237018926
237045984
237089880
237117018
235723244
231671490
231742302
236443606
236520033
236226451
232063865
236468775
232054527
231788050
236178411
231777118
236273553
231187603
230900960
230845250
230487187
230478070
229690541
231047677
230077216
231152219
231115989
231090193
231017348
230936131
230467278
229727288
230848699
229736965
229677522
230967709
230874093
227999980
228057260
228693969
228510547
228577368
228632214
228538908
228549590
228055299
228029375
227915740
227885473
228728404
228920113
228098585
227854189
227949341
228602233
228667045
228487162
227592231
227485065
227458761
227470003
227504929
227757839
227734085
227788812
227639776
227519970
227448052
227557723
227446268
227696931
227002114
227612058
227573111
227536234
227665838
227822316
226883340
224971428
224092074
226619333
226652955
226973937
224635809
226594986
224124690
226637526
226944381
226940710
226667126
223941429
223823452
224039038
226857350
226910448
223918742
223962724
223705625
222801485
223616834
218344302
223662011
223644824
223727582
218397319
218322671
223083881
222792165
223052816
222814171
218426223
218374777
223679050
218297679
223633055
223602834
223758502
217462906
218064201
217438991
218216416
218080860
216536297
218038315
218230633
217938027
218204720
217425351
217965123
218267301
218247671
217453175
217414990
218193323
216561959
218009859
216303680
215569306
214746354
216216883
215013727
215067421
216189490
215638734
215609939
215051610
216268959
214722518
214891139
214656415
214689404
214174667
215028231
215870049
214929513
214153857
216239422
212915643
214015055
213990072
214119589
205981569
212875869
214042824
206009725
213669464
206210509
206189538
214136164
206171856
212985337
213709141
213874155
205960072
212368781
206233682
212942024
204956496
205426201
205605404
205581954
205442845
204794103
204418160
205467721
205548415
205147000
205637504
204763302
204735202
205516944
205010797
204295885
204251141
204223516
205500874
204205357
201293882
200320578
201662111
201314801
201720756
200544319
201629864
199936628
204165947
201384811
202683655
202410360
201701941
204065405
200441101
204098009
200379534
204028372
204129260
202646767
197536373
198677684
198462170
198584657
198611116
199644817
199771898
198369031
197711341
198555619
198541415
198415087
197683155
198389628
198436624
197721421
198856458
198451571
198392159
197698979
195849338
194992686
196959181
197504937
196801820
196035178
196077720
196976198
194983064
195882619
196536126
196948727
196671852
196711079
196577593
194557699
194330993
196836228
195997990
196932149
191523754
190778933
191189882
191147297
191576588
190735265
193115205
190888986
192200501
193336425
194314639
191965515
193930335
190883424
191537777
193165206
191227104
193946717
190756098
190460350
190430358
187976173
188687568
188007375
189064563
185486105
190345316
188881885
188075407
188053064
185513416
186274525
190402067
188710061
190096137
188782325
185608802
187878550
188851940
188742572
183723121
182896946
183711978
182852692
183784193
184619676
184595046
183675361
184560280
184529119
183796825
182868825
184504056
183699631
184515947
185157683
185451955
184579685
184726492
183734921
182622245
182671057
182037662
181363709
181852823
182697263
181987629
180816158
181939881
180744245
180730222
182723936
180803132
182575155
181354650
182807334
182765784
181794910
180827508
181729764
179988069
180618922
180368238
179635481
179387432
180671283
179570580
179402341
180696401
180658789
180640715
179375183
180682502
180706894
179976210
179602945
179952899
179714595
180720603
179671454
178621143
178173230
178199328
177545310
177787527
177650495
177588070
179360062
178139036
178659955
179369090
178259145
177712154
177412255
177466754
178649768
177753420
177358643
177319643
179334198
176442596
176472199
176103815
175452262
176918938
176902685
176934974
175055945
175472559
175476873
175087651
176511542
175800576
175475203
175487112
175463564
174424710
176127373
175770133
174625514
174301705
174375959
173659898
174249833
170670101
174342071
174229045
174126043
173717888
173422513
174240857
174318219
174400548
174263364
174138142
174208186
174117289
173409131
170758610
170730920
163609495
162411267
163734214
163746460
163709487
163629943
163572365
162895047
162677073
162995551
162787922
163815918
162775354
163758424
163826639
162892753
162443954
163767905
163841896
163721822
161518664
161236353
162337302
161590906
161298231
162261223
161283023
161267930
161549097
160335086
159622691
162286140
160352493
161319220
161331185
161617279
162316681
161253365
160369729
162368685
159550700
158714378
157949555
159525778
157933234
159584369
159515402
159539903
158701246
157921613
157884091
159605178
157000149
157062157
159503188
157901140
157042888
159570854
157023673
158724286
154382039
153962879
152140292
151547269
154359320
152103806
155162614
154372080
151530698
154383112
154216806
154133950
154178683
156207102
152235497
152056647
154331707
156981165
156187894
154350690
148564316
148529616
149207575
149186680
148558045
148506840
150059816
149565075
151498430
150973666
149969065
149938351
149353298
151467519
151432656
150026713
151012469
148612630
149993783
149169513
148461379
147253669
147759717
148482526
148307912
147941742
147282746
147904540
147190225
147792832
147746267
147229885
148167398
147775397
147732946
147321541
148284261
147814453
147847969
147723956
144017418
143989833
146330729
145284935
143961557
147049772
146351883
143956371
143814139
143797858
147085084
147118640
147136390
147072225
147097543
146311021
147162495
146342741
143066551
147062397
141705231
141026377
143057918
142395951
141012496
141081879
141732993
142358394
142624568
142385320
142403593
141749109
141095299
142369216
143036416
143045130
141039096
141048882
142658112
141741355
140105111
140002011
140986149
140229663
140167238
140182295
140671252
140738601
139980920
140957367
140927035
140711200
139386967
139374055
139343092
139313974
140904654
140993182
140126241
139362452
138412511
139193188
136427457
137012249
137101081
136998625
139214627
139171412
139297514
137061287
137553984
137484179
139000874
138577397
137513652
137388274
138562078
138359920
137590390
137081006
136300862
135800792
135225417
135968305
136280311
136053119
136260295
135759882
135262884
135938763
135274752
136082940
135243648
136394836
135866416
135211961
135191816
135896197
136028275
136338618
133789277
135169606
133112428
134901179
133842827
133714240
133156229
133755894
133185768
134867939
132152362
133214916
133137972
134943674
134244926
134227232
134209721
134188508
133877458
134802540
115621867
120043258
115641911
117803439
115850615
118199789
118146271
117404577
118123008
115693476
117763650
117726773
117374874
117825329
117854604
117840793
115681038
115736370
113943824
117438950
113229586
109653899
109732740
111620357
110609156
110675650
110593156
109697187
110742512
109769967
109686831
113911002
113135852
110695683
112161184
110588151
109591115
113168101
113884777
109624537
109465428
109324423
107423984
109275464
108471788
108421096
107362227
107403801
109412194
108503191
108345120
109346555
109439494
109396122
108385465
108360602
109490974
109426414
108404383
108373229
104368383
103609271
103561770
96947525
107352559
97577345
96925936
96865319
96877826
96820613
96847986
97602127
103577225
99991972
104353005
103594430
96754860
104405767
96792691
104390076
96265055
96161056
94825631
96233278
88130698
81108184
96114940
96051280
94841675
81119772
96276932
96200755
96138500
81259314
96084735
92166558
96217903
96727584
95593952
96247237
80163541
80524637
80503696
80502335
80196664
80463120
79951297
80140847
79927939
79908315
80475823
79961778
79936650
80034240
79943547
80487915
81091949
79977350
80493611
79917722
79255297
79858855
79350171
79044461
79393415
79296909
79367743
79352632
79336689
79314922
79872059
79840780
79287418
79268765
79895405
79246857
78532558
79018566
79880029
78551564
77833373
77874821
77862273
77853331
77896501
77823191
77812975
77399029
77388421
77363812
77154082
77788526
77771347
77844802
77376766
77377771
76558051
77197066
78520842
77179842
76536991
74100144
73997921
73663256
74109373
76114301
74881336
74016152
73931493
76181183
76216975
75466780
75438849
74137489
74128589
74117794
76269348
76200851
74151471
76519300
73651036
73138500
72087773
73412062
73430960
72604787
72571275
73653751
73099734
73057151
72994179
72430156
73391346
73120352
73089850
72983724
72105936
72433859
72699407
72439931
71314037
71348296
70607864
71771452
70548328
70551699
70073711
70471858
70555016
71445071
72016075
71496302
71459855
71286976
71206102
71246180
71482647
70064789
71428494
70507826
69987592
69939600
68580000
68236702
68226764
69458572
68631611
68243081
69101860
68124124
70054027
68531001
68178445
69917877
69073888
68215930
69059070
68194626
68615980
68162841
65996893
65690297
66036644
66959635
64372490
64075531
68028986
66922911
65663363
68000811
65717955
64114963
65742311
65112035
66883973
65773264
64090815
68094675
68075015
68051095
62488717
63172192
64055501
63186019
62497345
62568397
62579636
63251690
63222939
62597457
62518317
62506626
62532613
63368959
62482784
62508850
62490285
63357206
63336688
62607416
62407371
62115603
62466933
62241451
62392491
62074184
62066161
62475596
62046091
62028458
62171576
62153184
62055657
62037127
62457725
62107055
62018835
62446422
62217928
62134170
61560061
61678577
61644074
61961338
61631225
61949447
61617641
61547904
61665410
61708574
61656366
61982457
61999372
61689909
61582609
61621970
61575020
61992521
61571802
62007179
61010701
60480761
61001977
60990618
61537364
61027163
61019030
61398618
61057245
61379315
60899852
61089199
60977238
60917935
60992067
61422397
61049549
61040452
61071355
60495743
59956026
59868604
59985413
59782247
59889817
60443475
59813542
60434901
59531604
59929176
59968027
59976890
60001627
59947720
59939656
59938096
60462329
59843252
59978111
60472452
59069992
58183352
59291653
59046797
59006467
58190191
58988819
59517007
58409759
58428712
58249257
58241060
58610713
58218930
59078909
58152303
58100013
59058584
59041197
58990584
57683409
57656474
57958902
57589575
57366796
57623931
57635346
58044686
57703363
57612557
57673074
57929861
57675287
57690028
57385154
57228292
57239449
57645776
58066570
57984274
57120004
57081405
56969142
56986496
57185537
57028854
56700315
57096229
57004907
57201542
56702474
57176268
57192348
57134209
57111143
57167711
57217526
57067141
57151400
57049416
53733166
56693021
54830370
53763941
55169322
53620815
56681495
55647115
53671832
53645110
53593280
55620424
53690118
53576429
53527971
54845421
53542261
55593632
54853068
55185369
52452717
51824099
52426114
53515768
52438136
53221579
53361528
52912582
53341498
51895837
51577085
51573390
53230295
51883121
51841539
51566568
53379163
52891409
51862174
51557629
51429776
51370692
50698774
50745894
51021009
51389156
51550067
51006772
51351009
51036146
51316035
50727827
50648522
50683584
50631901
50665116
51450676
51299783
50154754
51411337
49381994
48742108
48705115
47915405
48711575
48450529
48832386
49263233
48436986
49811134
48019084
49242589
49619083
48309864
48041033
50110517
48825204
47905964
49287477
48293555
46346809
46560645
46356376
46298247
47680913
47514286
47855754
47710067
47857581
46904870
47672657
46922978
47164740
46289937
47693992
47850190
46316619
47866218
46308958
47410976
45113278
45975743
45936941
45121260
44815871
45500141
44486934
46162511
45700813
45073718
45390734
45768569
45494499
46254734
44791281
45773601
45620128
44767442
46273208
45375356
43706683
43634235
43625784
43515176
43361695
44463205
43375586
43665496
43739136
43730740
43930961
43524697
43368268
44192523
43688757
44376288
44367818
43514165
43508626
43891218
42384170
42195764
41939281
42393547
42380306
41948075
41896368
42371540
42329343
41929940
42275484
41671082
41663564
42048862
42285851
41905345
41614592
41920549
43173586
41913912
41592571
41367506
41598669
41250541
41608720
41325557
41319546
41108169
41118718
41361946
41296830
41372014
41240861
41346072
41604555
41110793
41085449
41351004
41307363
41384564
39855944
41032354
39508468
39264120
41010449
41000730
39964238
41053639
39865293
41078217
39853205
39517474
41021730
39779005
40750757
39877960
39772726
39763921
40989974
40978462
38164756
39201511
38390800
38916117
38624949
38395910
38158878
38630720
39093824
38308294
38292380
38572159
38153509
38145638
38944683
38925445
39246718
39239675
38932595
38619120
38063319
37649126
37664559
37528084
38000721
37670510
38131415
37808756
37782363
37819638
38072060
38013409
37659304
37686838
37596989
38082313
37509702
38017052
38140555
37676793
36753442
36618904
36742314
37506423
36632820
36617772
36479824
36492932
36471855
36723867
36846435
36791988
36967639
36624421
37331979
36731514
36520465
36716462
36508156
37320996
36282036
36013360
36289397
36297035
32931498
32929195
32893696
36442522
32942447
32916024
36238735
36226306
36340848
36000531
36464201
33745170
36265634
36276133
36303859
36453414
32858064
32427597
32897838
32416989
32237079
32460392
32874180
32652378
32665313
32633331
32470540
32197161
32223569
32885793
32450309
32228195
32238927
32679840
32207682
32690020
31264261
31922378
31982616
31902488
31712040
31018741
31730977
31972320
31031437
30980828
30996576
31942803
31929949
31259200
31988171
32171285
31943622
31891237
31723680
31705172
29813270
29807817
29853634
29824063
29868368
29777696
29883617
29879197
29873642
29861746
30715882
29887588
30503626
29832454
30028645
29844999
30243972
30254943
29856200
30043607
29626246
29767042
29751382
29759092
29639933
29189667
29203099
28430815
29171731
28419062
29126617
28452158
29647622
28442849
29139929
28425466
29181564
29745454
29117216
28600106
28215150
28024222
28049267
27857021
28030693
28403928
28201261
28388582
28247708
28039148
28228263
28014534
28007720
28412081
28000056
28208442
28064483
28254636
28221752
27994692
27606941
27840531
27614472
27623707
27471058
27818993
27701404
27693832
27811851
27459037
27440934
27680708
27806649
27640649
27631544
27452721
27833425
27654365
27663485
27827789
27394547
27378860
27228200
27194396
27276675
27251869
27172524
27387990
27370163
27238893
27218140
27187805
27413508
27202382
27404023
27210662
27179116
27420272
27429807
27263353
26854084
26834477
27013525
26981207
26810458
27005392
27023168
26974104
27038297
26797226
26780176
26997188
26790756
26774319
26819716
26803616
27044897
26845604
26988530
27032125
26654037
26592575
26617329
26454463
26467206
26646696
26445914
26410027
26461106
26389586
26611072
26664205
26635903
26626538
26423136
26402726
26430022
26587265
26396774
26600691
26000563
25973831
25791448
26178651
26037783
26226040
26207219
25986190
26214643
26196628
25861599
26382510
26188282
25813052
25980045
25992644
26170557
26023236
26029444
26012589
25554076
25624237
25575938
25566261
25779500
25764183
25548766
25450618
25425462
25785892
25583908
25756856
25543559
25630348
25616372
25558034
25442232
25435979
25771204
25563583
25409590
25041435
25070945
25241440
25200854
25381915
25031932
25231089
25388928
25062816
25403210
25261002
25396438
25205501
25417687
25222834
25211155
25049098
25217643
25027815
22795876
23213804
23134696
22859648
23219023
23201773
23207368
22964228
22820238
22813095
22974063
22793238
22967372
22808682
23144619
23225499
22994158
22946133
22817056
22823298
21579164
22271240
22075017
22585350
21615695
21606372
21594572
21611173
22628682
22266004
22596187
21598034
22458789
21591557
22781981
21587760
22636051
21583350
22787439
21553901
21454942
21447451
21383171
21458365
21430126
21388928
21433375
21406154
21412907
21272940
21419487
21545550
21166345
21450887
21161694
21436625
21400915
21425110
21396858
21440173
21116452
20455846
20488103
21144524
20316422
21129808
21122748
20530649
21134389
20429547
20485418
20463348
20446063
20313145
20402941
20451316
21140280
20460393
21156609
20466604
19703230
20284928
19881817
19643457
19635611
20124124
20133738
19946889
19639367
19890071
19944353
19941497
19953334
19913841
19922662
19707820
19698928
20120149
20114067
19786617
19489874
19561136
19541173
19619464
19493441
19486442
19338602
19596853
19630699
19624040
19274715
19627173
19422581
19335828
19320624
19331183
19588978
19326771
19607620
19613721
18823049
18812115
18807898
19199078
19059297
19243743
18818700
19077057
18841427
19056147
19065118
19202969
19072579
19069284
19261058
19245746
18829076
19248363
18901769
19051792
18088361
18059379
18209872
18114213
18106285
18202178
18792399
18053187
18187496
18196746
18182472
17554799
18094440
18221048
18046433
18221761
18634542
18101832
18800047
18226142
17345487
17322074
17203091
17329710
17223512
17208330
17194623
17263507
17529813
17471443
17551538
17465100
17214315
17525301
17337308
17546171
17481066
17198615
17316586
17217712
16323371
16589054
16474004
16301826
16318268
16231350
17191119
16594226
16468057
16306607
17089885
16455437
16494918
17077095
16328155
17069349
16462753
17073069
17084829
17065585
16065242
16077924
15966703
16224704
16070580
15781412
16219676
15957810
15933834
16062864
16203492
15948616
16212272
16127587
16208418
16119101
16066234
15975019
16122732
15765730
15632287
15628221
15606969
15597232
15644128
15445752
15437082
15650531
15621242
15754608
15507842
15500441
15506943
15481500
15441980
15616253
15514582
15590037
15493059
15637096
15228094
15061768
15044648
15343403
15350115
14906714
15180885
14911836
15073600
15052359
14892708
15202411
15187213
15067669
15333566
15210759
15041003
15353482
15221508
15190722
14668722
14570612
14538003
14552420
14701485
14688666
14657863
14716754
14545713
14878286
14577929
14662584
14710243
14581680
14585081
14770518
14559437
14880925
14874009
14728311
14376714
14227785
14081780
14242859
14335556
14233559
14501439
14340587
14089112
14041565
14026262
14363789
14330571
14060804
14193479
14212997
14222300
14325212
14049481
14522671
13875767
14014971
13884709
14000274
13848365
13919020
13914360
13900643
14021369
13866220
13859949
13206959
13181514
13191045
13196872
13924040
13908444
13854361
14006382
13203170
12902094
12892504
12829450
12849177
13038537
13045317
12834925
12586204
12838768
13145318
13175453
13168994
12855734
12749633
13052570
12739357
12843981
12884816
13163427
13021513
12549345
12402816
12340407
12212792
12393210
12363502
12183636
12412516
12564026
12233805
12374606
12202990
12020551
12581823
12386778
12227690
12012766
12349439
12532084
12194706
11836739
11590783
11600529
11593887
11717584
11604524
11854325
12000162
11848654
11839650
11721563
11661251
11586042
11581580
11646106
11656272
11576802
12005040
11675486
11650972
11396780
11296828
11362801
11377872
11195689
11554116
10954242
11356782
11559643
10956886
10943144
11352368
11292350
11282932
11286473
10951430
10938534
10936068
11549734
11104411
10571971
10426317
10576469
10352018
10326117
10346111
10287854
10317561
10821051
10339784
10447247
10810907
10436841
10684320
10800048
10815057
10429453
10407314
10816712
10334964
10212169
10076569
10149837
10215520
10035193
9961845
10082206
10203896
9965415
10157913
10195255
10161745
10210960
10046805
10037733
10168937
10175425
10219305
10041030
10151788
9942698
9725866
9949344
9952905
9803167
9832202
9795781
9829272
9807160
9849077
9956134
9826142
9947425
9817661
9791292
9787314
9799345
9838332
9810302
9831605
9713127
9686496
9688805
9452512
9450832
9427506
9318390
9323636
9333325
9329637
9537568
9701401
9458807
9606739
9695897
9545598
9443668
9719529
9435190
9306952
8839244
9179720
8706144
8730384
8734247
9185069
8948654
9170818
8953503
8942789
9174147
9194312
9305281
8959834
8950670
8840424
8832458
9189185
8836783
9299455
8144532
8318862
8449683
8693973
8615297
8699014
8619015
8585505
8572505
8552848
8460275
8445042
8559772
8440707
8328713
8326561
8313469
8547398
8599365
8591532
8138715
7474127
8050973
7465426
8063493
7603144
7545642
7541373
7538076
7538475
7460050
7469511
8059739
8052616
8054739
8134014
7652445
7548351
7685041
7605105
7301696
7273123
7297922
7132308
7310604
7447837
7290320
7294648
7136812
7279175
7457302
7394264
7397620
7391679
7379089
7314233
7306028
7271357
7400773
7383081
6754664
7124101
7118677
6968385
6740388
7128729
6897236
6750165
6746433
6975311
6884815
6906565
6972456
6903221
6893730
6899843
6889154
6981890
6973027
6977811
6571283
6504107
6471792
6503911
6469080
6459297
6645672
6467051
6655465
6504041
6639630
6658210
6504536
6579970
6662458
6636224
6574652
6465891
6470693
6473631
6397445
6385086
6449063
6387220
6400332
6322889
6444099
6314773
6382075
6307511
6398466
6319692
6390496
6310856
6308294
6258609
6305500
6457468
6453322
6440751
6208644
6164270
6230192
6222453
6219278
6154106
6238705
6228571
6161852
6211301
6235403
6169958
6243350
6167257
6158733
6152784
6229411
6228100
6156355
6234281
6133830
6130850
6141523
5956568
6084688
6079004
6036657
6146701
6032386
5951153
5946273
5937881
6075888
6011350
6087359
6041304
6029802
6149375
5959736
5953802
5761822
5736981
5833141
5826880
5890461
5815050
5906022
5933447
5892331
5857721
5829554
5896396
5887316
5818739
5930235
5739687
5872326
5821862
5745250
5907485
5535747
5714700
5618117
5622238
5540701
5710607
5531947
5730048
5404581
5409657
5719745
5701642
5407072
5724707
5538378
5628808
5516216
5509880
5513375
5625384
5267755
5039203
5264484
5122613
5400952
5401993
5270001
5106689
5175222
5166843
5112217
5032796
5045433
5126711
5109347
5043558
5169476
5115271
5160800
5120393
4987611
4959461
4952911
4968779
4954277
4983676
4961052
4861438
4910554
4957253
4859717
4853655
4986713
4989611
4966592
4913506
4992490
4955989
4899573
4865646
4697868
4702554
4851392
4840196
4743364
4742902
4700654
4639100
4637272
4750083
4635505
4780582
4713358
4690898
4634563
4746781
4784639
4625687
4707557
4848130
4519170
4449580
4500785
4521901
4623248
4493334
4605169
4608400
4613944
4508196
4495270
4510219
4497869
4456145
4515452
4616390
4448044
4439240
4513376
4511767
4260778
4353220
4248391
4239194
4435370
4275143
4244544
4269602
4205337
4432205
4300768
4188354
4196249
4303265
4427360
4254526
4295384
4200131
4193161
4290948
4176505
4169678
4053229
4093098
4089176
4056360
4057458
4167157
4059062
3988774
4180401
4057179
4088123
4166087
4082646
4049851
4031191
4173072
4051877
4125934
3979877
3977963
3965081
3978233
3970279
3986987
3985120
3961394
3928127
3958498
3966800
3930200
3925602
3960086
3983137
3966505
3963310
3923436
3976835
3973549
3721215
3723978
3879361
3856751
3840501
3920900
3845271
3876796
3718502
3716443
3862343
3916712
3712896
3850675
3813814
3915188
3865022
3811909
3877812
3809837
3700272
3518740
3634116
3517144
3691999
3631639
3695306
3616575
3515493
3638662
3623522
3709479
3611369
3609394
3513260
3618987
3614492
3689436
3605882
3512226
3445807
3390823
3298761
3298546
3387226
3324257
3382030
3329205
3326759
3453791
3318779
3301815
3299269
3311025
3451411
3448959
3255521
3465761
3464595
3392571
3216021
3150006
3155967
3112205
3202926
3249919
3225271
3209604
3220091
3245287
3206246
3162166
3252378
3237295
3199649
3241678
3154663
3114539
3199382
3158993
3064632
3020529
3019169
3076009
3075186
3014992
3007055
3072068
3061255
3076867
3104577
3096777
3073464
3057577
3108985
3106308
3010946
3008579
3066781
3094519
2847982
2858005
2960731
2970755
2925361
2965555
2963784
2924432
2921077
2973370
2902465
2907652
2967231
2844424
2900905
2853751
2849916
2810136
2922304
2840231
2743636
2717414
2715476
2709277
2701453
2743845
2744176
2807948
2751979
2713306
2765334
2752676
2749454
2758442
2802872
2742006
2711196
2713933
2786391
2755635
2515475
2618748
2522856
2520849
2512467
2517972
2603865
2594126
2524418
2590109
2591568
2617628
2597709
2595189
2509596
2609499
2598997
2399800
2502965
2611150
2345135
2355843
2336093
2338856
2395891
2361473
2351930
2343146
2388649
2341092
2390958
2385017
2384816
2351106
2330382
2328621
2381398
2384394
2348128
2363317
2105653
2292683
2187994
2283709
2233971
2182519
2286803
2299043
2288814
2295672
2111635
1973091
1974595
2185721
2279491
2190163
2280777
2290871
2278148
2108530
1840612
1882872
1968817
1610989
1962378
1877922
1785893
1889027
1783247
1775148
1964266
1598825
1779467
1922139
1972209
1657082
1703467
1650935
1654703
1692764
1545585
1549417
1525776
1547662
1417627
1552209
1544434
1527658
1528884
1514034
1519803
1400371
1559992
1542257
1517621
1419999
1417429
1423313
1518425
1421986
1385466
1304085
1381346
1350086
1347281
1320012
1341356
1386051
1364072
1394017
1344567
1362487
1356993
1315787
1378155
1388879
1357993
1352868
1374350
1371667
1137489
1094312
1161676
1136127
1111558
1144689
1286436
1159709
1093410
1146318
1190398
1187068
1139499
1141744
1113156
1116642
1156909
1163695
1118752
1166003
753968
752562
777081
751555
756853
1039711
765215
891781
749821
767926
783578
761937
1092400
774420
771267
850339
759211
900193
1065042
763392
727592
704283
729151
709039
707812
745657
702815
719209
721030
716264
706130
714873
725387
748280
723224
701366
726529
710647
712615
746928
666009
663971
662976
643926
680908
549699
533111
667031
646679
664995
571274
551419
567281
700382
557099
550688
531161
565283
578053
552734
440165
434693
410368
517507
471559
474556
454999
439173
520810
413237
481974
480503
412629
470469
411277
473253
472429
474631
525695
527616
395440
207059
208028
363951
204664
366309
339226
409196
237596
194338
362756
337859
236909
205259
236008
193676
369465
206570
409713
191122
149333
161000
174796
175494
176044
175041
190432
142268
173252
149580
140918
150148
137934
141049
174392
173959
149847
149114
138167
144377
93555
103556
61556
103863
103761
103702
103584
103659
61455
94072
134063
94158
110927
93740
93629
93445
103204
57372
103416
103292
30244
29807
42430
42391
24004
55220
42039
42208
29852
42729
23988
42048
56656
42622
42511
57199
42115
30333
40646
24049
17638
19501
20051
19984
19224
19225
17462
19724
20021
20064
19242
19305
19530
17444
19511
20100
21820
19475
19485
19517
16556
16635
16491
16950
16942
16432
17392
17401
16477
17431
16655
16534
16408
16736
16523
16546
16246
16215
17017
17413
16092
15733
15774
15766
15622
15562
16029
16153
15828
15785
16132
15841
15799
15758
15747
16166
15541
15532
16134
15830
15419
15326
15217
15493
15505
15334
15516
15414
15318
15297
15497
15228
15216
15213
15509
15304
15344
15288
15273
15422
