1170511717
1174010943
1195082919
1174482905
1174238056
1170098983
1174155683
1166770982
1185830615
1195193678
1174744305
1174834331
1174583173
1172608051
1170582528
1170398158
1174345263
1195422860
1185645444
1170469960
1170511717
1174010943
1195082919
1174482905
1174238056
1170098983
1174155683
1166770982
1185830615
1195193678
1174744305
1174834331
1174583173
1172608051
1170582528
1170398158
1174345263
1195422860
1185645444
1170469960
1166406590
1160598041
1158803282
1162631629
1160497269
1159105714
1160388274
1159018971
1166487809
1158697713
1151650202
1166648480
1158910946
1160733083
1158306337
1151785397
1158418971
1160831164
1159206792
1158562573
1144166919
1142489321
1146759955
1146633952
1151174588
1147092459
1144600246
1151299645
1144675865
1142641622
1146512097
1144785501
1144302471
1142417041
1151077474
1146919793
1147225265
1151508056
1144445996
1151403364
1140032166
1139599927
1132911440
1140179523
1140301476
1142327116
1141990885
1139807414
1137954420
1139716702
1133220305
1133046977
1140432442
1142149828
1137861851
1137710680
1133121723
1139950649
1139527809
1133328669
1130409635
1122383675
1123635048
1123540263
1132800730
1126094698
1126151615
1126015351
1123479447
1125796816
1130618335
1130306278
1130136828
1126214623
1123724049
1130532738
1123359936
1125909311
1123050730
1107413218
1107099527
1107036638
1107281638
1104906776
1104268608
1104941363
1104429482
1106210482
1104560459
1106310187
1106095884
1104723469
1106741811
1104132186
1104866509
1104355303
1107347189
1104796122
1104616720
1107204224
1096904912
1097412919
1098944667
1099259163
1093908251
1097313289
1103836523
1097217223
1099091558
1097139537
1096753647
1097020403
1103906634
1095515145
1104053479
1093949685
1098978126
1101202950
1095610327
1097511816
1093587521
1093663091
1092813602
1088391893
1093040697
1088603402
1088489815
1089387562
1088829838
1091580826
1090840546
1089295974
1092723509
1088713698
1092923492
1090693858
1092652745
1089461416
1093159006
1093856363
1082278148
1088184021
1086751754
1086560087
1082949489
1086443408
1082170684
1082053151
1086883471
1080428278
1088251165
1088099155
1087058584
1082504233
1082396096
1080228904
1084472418
1082704937
1084586116
1080345173
1079819080
1071808434
1075690726
1078284085
1076077470
1079905472
1077961035
1078180303
1077722294
1077804493
1075943267
1075842955
1075580163
1071851007
1076221507
1080005254
1078071159
1080115381
1078957270
1077886314
1070991393
1068757380
1066576721
1066481538
1064944758
1066926388
1071125939
1068878936
1070649671
1070615813
1070752284
1068549769
1066786741
1070871047
1070541134
1071260966
1066683888
1068671632
1071753103
1066396461
1061788153
1060568838
1055351479
1064638118
1064716814
1061561941
1062716211
1060427416
1064568332
1062602659
1061381838
1060305678
1064833257
1064495980
1062854894
1062962655
1061736485
1061649354
1060674964
1061487951
1017524512
1017407259
1055108348
1004548520
1055262456
1000308686
993195314
1012964699
1015485948
1010766419
1010880836
1049939106
1013123648
1000226003
1006391520
1000063720
1055174642
1015634833
1006223738
1004481076
973120899
977768234
971083095
984727791
982210989
950618401
992811522
978942278
984581112
971489114
971241327
972689000
966647492
962229757
984897939
989095802
979771191
982061375
978458192
975092041
927579087
892202489
888082728
927377579
934664221
934531683
914245960
924990462
927959234
905166134
925202259
938252027
938340111
936442011
889692408
914167980
939111085
927728762
936323629
939632346
872658524
879219261
859847485
869419118
859607459
886087786
881678343
879202325
886135896
883783280
879232371
883914342
861453247
871013314
881902683
872542222
869508123
869675917
872734655
871088236
767689193
769374450
767596783
771125367
767419503
737659888
747154300
748520139
770551674
769328512
767198624
748349410
772432494
772548096
769161952
769044770
747066559
767497059
770858488
770899986
737593498
722187017
721806403
719645591
723729189
719538315
737417289
729330419
729046930
721893899
729151693
724015106
719150885
723952356
723004948
721693735
723850342
722113814
737493402
723637942
647934457
690961802
654576343
643056312
686756683
693202860
686910669
691099481
681482626
652850769
687046653
681242203
655238249
653132443
693082584
643141931
641368857
693327618
641230160
681617264
628982311
628136276
637544497
628056159
628484826
628398985
641134568
624177654
627958531
635778676
635667178
630088610
624073412
629087815
637620547
630185898
617404777
628275541
637826206
637733992
614443715
609024398
610510725
606943590
606700270
613927995
608750878
610041461
608868438
615298820
610263617
616428333
608936604
616486143
610447143
610550812
611878336
606815926
611928828
610175556
601072579
601013504
600875129
603798571
600800887
604812525
588921479
604951278
602413445
589072947
602089950
599633031
602478239
588747229
603874302
588658100
589157786
588852483
606577888
601976562
576042443
565756031
588546619
582286120
585494009
583654256
583924864
584015812
566987770
567112369
566890241
570962194
583845655
571059810
567081398
583783006
568394580
567018954
577907481
569607667
561066176
551097697
549665595
561068032
555815461
565695447
559555648
560950215
555826373
549803852
555890593
551040902
560867218
558503538
557162694
557106666
565596076
559573652
561021561
555756888
549645003
537408463
548615364
548421142
547285041
547282547
548490691
537482602
536241780
536097060
548561518
548378078
527992941
527928238
536183530
537536521
528029525
517745326
536239227
548354204
475803414
517654670
474273572
472457504
472388993
472251391
467390297
467432130
470242782
475880380
472467415
472332142
470092336
475760161
474213163
474344704
472551560
470268376
470200229
470185074
465868129
464539665
465662973
465718079
464598091
467008649
465623884
465779823
467098882
459737352
467067425
459580021
466533366
467034728
459543756
459759306
459788526
464656115
465919802
459545054
448723343
448059542
446575712
446730717
446525436
459529751
452835886
459489298
453262657
450046922
446649246
448124539
452781970
447501565
453083523
448180076
451562923
450242399
445866233
448706570
440190881
445053459
436656292
441149416
441268546
444996513
444922469
439699260
445200904
444122306
440627348
436908744
442755597
439767701
445104500
441853858
444947587
441206805
439519184
436696041
436260507
430636176
427106371
436167201
430686614
425279636
423361832
429568769
425396205
425472642
427072315
426939706
436226444
430593542
425546415
436196532
428511634
435134720
435929058
435849162
423198062
414571967
413293099
420835302
416972601
414569869
417875384
420949358
421036490
417093185
410912988
423058918
414690055
414620757
410866607
416489421
413145545
423294153
422657856
412741558
409646633
408784693
409812440
404918131
403759725
408636420
407346896
404759489
409865202
403807901
403675686
403888090
410833679
403949678
404701463
408697166
404832490
407262986
407315965
404010435
393217609
395728477
395858606
397263628
396862479
393260717
402930782
397116985
402788585
401920488
395688380
402859972
395577387
395551835
396953367
397167358
402713482
395570143
403620932
395600799
393112521
392996039
391731932
391913429
380364875
380214704
380331315
379650091
379570235
379250352
383935290
383845974
387869248
391877519
380284496
393062355
383990122
387947593
379611842
380326728
375197861
379018618
375093735
378446974
373631097
379109590
373907585
379226050
375177428
379195312
378971841
375223704
373880349
379146888
375066071
378988998
372768954
373822884
375548319
373947122
371700977
368761009
368973985
368901669
372017435
371566480
371295949
372047911
368721804
371377972
371611913
372675820
368823855
371622392
372748553
368999526
368664886
368946009
368606397
371462309
367699478
362705702
366782692
368502451
366714234
363850444
358502453
368427662
362613782
358389312
366676920
366824875
364016008
368482014
368556079
361196863
367716959
362286938
361284913
358029781
347602770
355337805
356451987
358003489
348564710
355030227
348502094
357360534
356478929
357405396
353353195
351268833
347650942
348626099
355215333
355348645
355313925
353969015
356415703
348291114
340831892
347555165
346268654
344083276
340925596
344131123
346402290
347444526
341127762
340980808
346205032
344021308
343991635
340776379
329435197
347492138
347480589
343973096
341039560
346459844
326113817
317572259
327501544
327429212
317559808
322378066
324665523
320369666
326035275
324733894
323628558
319542008
327361896
322566735
325875481
323369391
322539975
327530975
319493308
317659595
271102834
306486949
313603231
313600691
309962510
309898269
271145478
307604411
315676654
271123757
311544149
305661817
303392661
301437834
301377412
301299783
271088718
271076032
307274450
311198327
265697576
265767783
263657611
263565113
268775251
264431672
269910097
265672438
265677043
269927795
263584058
267690993
268737468
264470591
263387356
263462906
267640827
263639362
262650433
268683084
256605129
248833721
251481680
249148759
249194945
261340981
257016905
262385766
256638582
261315064
248923562
262629776
262546824
254704432
262520546
257013789
247951776
254562526
250695581
262426855
247262704
244681964
241187819
247305780
240631410
241126778
240620237
241069423
246077464
244723867
247898369
240664537
243764125
243833027
245361632
241865896
247349987
243872786
241876260
246099823
239150211
235719134
233570396
233538510
233493876
240427852
240502538
235078656
235088219
240423342
240122762
237391649
235673358
237452896
239083719
240387434
239131865
239918317
240345376
239460233
231110787
233247198
231009038
232322240
232012166
231863134
232622009
233276995
232290200
230667456
231613433
230968648
233098974
233073852
232707565
232584002
232039312
231156107
230368877
232753199
230160552
230334089
229685670
227998566
226577440
229618751
229707068
228711379
230196414
227943774
227913196
226632456
229650565
229579943
228807317
228667376
228770974
226605768
230241521
230229373
221240037
217943923
217907666
218785254
226191290
220900242
226405046
220951855
221749876
226004668
221882392
220836502
217307769
221921577
221209206
221273692
226037227
221626967
221574969
226566973
215631045
216791028
217025393
216499176
216257366
216404742
215487593
216871929
216452233
216847188
217281688
216817843
217260641
215753045
216345487
214816728
217208758
215791112
216309461
215721955
212510421
212884182
212436324
212852178
212175464
212801321
213871124
210851031
213534221
214691897
210748795
212470789
213808381
212479207
214633877
213059748
212426245
211473923
210793751
213773674
209252181
210153968
209512639
210115997
208651692
208192490
207396135
206787800
206970736
206712251
209919951
209734965
210172277
208158957
207437857
210704194
206758066
210659745
206612848
206951745
194809706
193936310
194709920
203918686
202949535
191837913
196549028
203962098
198501967
193999102
196589211
206194079
196497326
194769268
203235414
196522152
202242367
203021965
202352940
206181798
184542876
183673185
190505854
190430351
185543476
185576531
185470497
186950966
190459872
191805427
190031772
190020831
184558784
183641839
185496392
188977633
190067080
190050967
185440266
184369821
181815730
183320046
181621275
181574890
180431295
182746980
183091142
182776465
183057605
180365294
181653484
180408962
182814248
182166485
181713732
180173685
181781329
180150706
183279287
183632465
177549343
176017752
175701466
180128659
175707869
176096774
175652230
175675658
179949711
177501212
176060030
176136134
177575028
179876873
179829887
176117753
175628770
177616094
179911130
176133166
173001134
175610895
174921604
173840671
175597839
174948970
174939592
173351257
174310867
173285926
175056282
175016490
174278703
174299345
174968813
173144817
173312548
173097513
174993894
175078615
169786012
172974416
170396364
170017292
170430008
172020131
172058296
169967039
170388621
172128018
171905787
170446806
170468389
169819468
169765704
170409747
169714563
170488471
169748597
171929636
162564101
168150841
166398196
165557656
162674079
165619530
169700649
162634849
163485509
161096667
163454120
168113187
161140437
159951014
159903467
162932161
159984437
168070176
168007526
166430737
159688944
159637694
158919361
158901475
157842770
157679879
158956513
157583263
157727383
158876699
159320515
157769212
159385035
157624493
157545129
159359627
157805606
159661111
159738665
159713610
152701471
152403325
152388065
156888770
153564346
154519319
155875305
154148991
153051252
152353556
155910208
157395317
153501454
152373455
156772513
156561870
154189947
153533922
156660603
156817415
151693739
149170320
151710970
149609844
149218911
149153972
148586743
152339056
148558220
150555661
149186568
148514508
149246005
148541756
151727220
149201271
150334226
148832405
152327556
150440831
147540020
147820001
147234861
146913094
148197756
147863868
147841872
147604719
147153571
146848701
147211526
147171963
147580288
148466651
148226383
147621337
147189888
147489909
148487907
147255591
145899296
145461808
146099058
145400548
146612920
146453152
145444026
144173368
146526829
143973780
145838556
146506568
146742051
146552872
145866040
144230049
146583082
146490277
146470939
144204002
141851603
140853404
143251120
141881421
141294359
141494872
141902686
141856276
141837892
142885858
141962842
141415958
143318654
143288080
143783733
143604369
141932203
143568148
143740807
143698803
138146717
137603543
140817761
140781387
140503618
138736384
139778188
138557562
138540013
140565341
137936521
140730500
139747461
137908363
140537658
138529178
138499495
138574088
138475498
138094915
137164673
135131307
137194137
136809868
136739816
137565162
135614056
135085151
135738127
136293316
137081006
136509800
136776337
135860970
137101081
135108480
137217098
137160240
136471566
137253564
134655913
132639113
132075711
133881846
131964747
134612380
131924963
134459025
133018621
133050128
134790355
135047321
133971094
134713773
134437711
133914737
134590008
133822959
131998523
132674986
130702037
130332575
130305090
129520949
130366651
131092116
131026185
129900632
129017971
128968199
129835320
129177523
128992358
131124785
130729284
130253461
129481292
129928281
129129361
129871017
127898105
128619472
126539758
127407111
128424396
128516765
125927764
128582606
127930030
128120113
126980412
125886192
128062219
125832171
128475052
127958610
127332653
125960059
125854492
128180383
123488360
123371698
124219028
125089608
125061394
124492630
124196343
123426742
122716503
123770039
123455659
124173782
125005930
124243140
125507071
125034454
124272723
123403051
125543481
122692269
122634008
121255476
121227563
122577443
121766316
120680328
119675900
122522759
121580324
120897484
122553545
121719381
120720359
122666208
122609660
120815275
121629642
119637464
121691758
121660045
116522126
119376923
113553262
117264610
116493716
113832335
113796455
117291759
117033026
113065530
116543920
113811450
113584410
117354305
117316346
113048169
119345142
117340692
119309911
117382987
110684262
113023537
110718727
110713705
112175787
112270952
112246559
111480434
112463352
112204851
112302938
111891260
110624651
112226625
110600486
111961652
111939104
110768351
110649568
112433991
106759788
109901919
106777561
108253453
108695154
106045924
108051430
109659622
107641151
106083041
109738215
109685348
108084027
107604465
109796295
107571897
110574709
110596023
108730221
109849492
105257226
103765955
104579107
104562303
104639532
103857847
103003466
106041113
106016097
105280974
104608513
103891511
103927478
103814147
103029474
105299817
105333520
103792533
106001704
104667399
102890929
102850013
102234897
102071846
102049612
101842006
101791682
101765897
102152932
102130133
102186969
102977296
102868550
101836356
102267084
102946716
102201839
102913040
102101064
101819370
100819687
101462538
100279895
101451002
100859795
100188300
101441108
100903136
100314263
101580913
100204786
100173357
100959387
101481009
100801304
100839333
100892315
100232443
100932574
100265360
100155775
97649353
98050956
99662893
98095273
98123456
99532561
97629850
99607659
98077523
98269403
99701202
99513043
99504466
97665868
99636457
99568731
98020769
98878600
99545391
96729275
97462842
97434896
96520832
96702639
97225814
96573367
96868589
96713949
97253369
97200523
97132948
97135663
96680293
97117913
96883940
97300757
96547440
97161461
97140129
95783914
95889479
95392250
96484030
95837572
95429271
96130189
95364325
96148462
96426428
96457519
96115004
95861489
95798091
96046155
96406615
95761456
95759069
95814581
96014973
94552895
95239927
95111031
95263635
94445434
94233738
95211190
95141587
95093165
95078019
95183896
94609921
94482964
94464603
94228016
94508083
94780719
95163020
94574176
94523623
93051749
93779552
93207626
93035290
94127530
93188750
93160040
93024881
94156883
94143803
93936315
93418489
94196048
93070470
94096924
94041741
93238817
94215794
94067473
93264265
92441722
91723096
92503000
92607959
92619699
92459189
90692614
90666692
92475691
92408012
92419941
91903504
91751638
91699191
91044014
92563974
91196702
92542458
91883653
91921306
89874128
89471467
83805104
90039416
87274762
87029537
89806931
87044000
89825338
90407657
90377473
90013280
83295827
87067653
86154398
90066911
85302765
89855543
90062504
90391224
81537289
82878354
82809929
82908100
81591660
83023888
81998536
81604605
81522105
81946180
82837521
81576164
81562704
83003683
81349073
82987252
82857800
82028721
81969401
82973419
81312770
79465330
79112800
80156397
80758502
81285414
79101151
81261831
80170777
78073396
80710746
78793722
81327157
79067260
79505889
80732692
79495121
78770707
78180789
80691772
68490259
73289051
77613860
76567083
71796468
74042405
69023190
70678919
70582129
72949732
71792359
68514594
74054555
68904623
70705741
77579479
69246040
77563282
76549540
77540825
65646244
64293611
63247604
63131776
63104854
64313188
64403934
63220673
65661540
63614285
66914259
65159461
63102153
64415776
64272322
63183517
64429505
64445444
63630498
65374491
61773813
58768940
58380450
62240196
63063667
61789743
60151377
58813307
55947092
61744668
55929503
55843967
61758600
58401954
55832259
55819543
53845578
53833916
52549610
62257769
49490590
51752321
51765048
42486460
42030262
42277263
45603736
44736210
42498259
52143984
52531808
42445131
42286789
52155724
45621350
42432832
42184883
45559608
42265062
51786128
37724450
34996669
39697741
34120406
34771160
35008930
34858834
34986610
42018576
35281861
35270089
34925077
34758941
34751036
35958375
34563630
34554042
34538357
35951099
34543698
32572603
33377668
31373789
33347921
32624108
34080178
32851025
32838191
31847134
29928603
31329953
30135253
33337408
33585777
32832160
32823039
32626258
32590833
32581769
33106142
28411992
28116353
28970876
28223889
28106965
28725742
29630790
28582302
28406118
28276402
28230269
28282215
29647001
28043856
28734921
28057493
29621869
29763049
28214747
28694168
26181116
26033591
26358641
26561631
26976137
27254692
26982420
26619804
26565544
27187824
26613201
26187902
24483790
26635526
26226615
27619998
27710886
27153622
27266062
27196405
