1148904564
1149980486
1154319512
1129165727
1150128901
1133008928
1155037686
1132125768
1133555650
1149257973
1155187590
1155133074
1150066720
1132615478
1149128027
1132202908
1154480250
1133441567
1154110987
1132759371
1128089283
1121308966
1129003931
1117767339
1123842545
1129109009
1125749519
1125647013
1115502708
1118227348
1128799908
1126354592
1118311854
1117591334
1124151145
1123892210
1118820876
1118729661
1128298112
1128643379
1111985844
1107933272
1112018861
1107862066
1111933146
1111886629
1110927094
1110488338
1109957287
1107976675
1107769551
1110550283
1110018647
1109826267
1109905675
1108034545
1112371504
1110222649
1110150427
1110086993
1105391828
1098068386
1098007125
1096287493
1099675210
1105340040
1102773903
1098245332
1102142535
1102888794
1105435348
1097946508
1103051059
1102298750
1102965148
1100713846
1096206125
1107688936
1102385076
1101903449
1091534977
1096141879
1093632754
1094137824
1096086089
1093818353
1093499775
1072096328
1072163635
1092838695
1087206690
1096019010
1093348260
1093065997
1092710801
1087108107
1095419698
1094256775
1094203307
1092953341
1067689492
1059460338
1054722858
1071819598
1063578646
1072036663
1071972546
1069717240
1061817387
1063667033
1067754711
1061777564
1061552198
1067947325
1061333593
1061904912
1069773054
1071750427
1064165832
1061851550
1054470596
1042197048
1040356836
1045083066
1045744433
1042720490
1041995570
1054226590
1045876092
1045634217
1054296971
1042505750
1054533175
1054437112
1045178359
1054388937
1054107096
1043492508
1042039668
1040214599
1039169070
1033404550
1033199051
1033929037
1033585020
1039321248
1038004017
1032305928
1039468658
1032211159
1027987873
1033792301
1035436935
1032027051
1031898571
1028083001
1037374447
1037911761
1027733583
1039585839
1023724270
1012964699
1015634833
1010766419
1006391520
1010880836
1004481076
1023749795
1004390972
1027542806
1006223738
1004548520
1013123648
1017407259
1013377826
1015485948
1023801516
1022627525
1017524512
1013499230
1001902014
989095802
979771191
991083118
982210989
1000308686
988990851
981934719
999681185
984581112
995912397
984727791
1000063720
980438024
992811522
984421888
1000226003
982061375
993195314
984897939
972411903
971656493
972689000
973120899
971083095
970908945
969159674
975092041
970777558
978942278
969079889
977768234
977887752
974479557
971489114
978458192
971241327
969320249
969355719
979611377
962922294
962229757
950026106
945861371
950419870
946029852
966647492
965742070
966964259
945949043
962817219
950479462
962887234
962868676
965898266
963924601
962765109
950618401
946514524
963695539
936323629
938340111
932410219
939111085
939632346
928867723
927579087
927377579
927151462
927037435
934664221
927959234
938252027
934531683
936442011
932731229
945789623
932630202
932321156
927728762
923152553
920168446
920350438
914167980
924474265
922392733
920237985
924990462
922765622
914981377
915370367
915046688
925202259
920453227
920392855
923088422
924617708
923200608
915452922
914245960
892596031
892202489
899364600
912424818
897568590
895192734
900296384
899636136
899412645
898886747
905166134
897513230
890306909
898813051
899616035
897538363
912175175
899529207
895131202
895087083
880808347
882422912
879219261
881251290
884198973
879232371
889692408
881678343
888082728
883783280
881902683
880991067
881125068
886135896
884308397
882372850
883914342
880913465
886087786
884370813
872542222
871088236
869925420
869675917
869908118
869419118
871581804
871013314
876451583
872734655
872658524
872162395
879202325
871516264
869508123
876361854
871616204
870738601
871540916
871496421
868325142
868177738
863797820
863461336
861453247
859406710
858483334
868217510
858457764
862195225
867346374
863631011
862289540
859847485
859607459
863728825
868241602
863397146
853987015
862230415
842522690
843283827
848858711
841557184
848836563
849752631
844028618
844077671
841588975
842446114
841524417
845054319
844932484
841494554
845084782
844998899
853903323
842370576
849830352
843249594
841454342
839312356
836750789
808681237
837317381
836524724
805223807
836449472
839015802
808662787
805065786
837357812
837010067
836912523
836815884
838949528
839177820
836645468
838572993
808922872
796759439
787897361
800684286
772432494
770899986
797259250
785923491
797026064
787778402
770551674
775119556
770858488
800896674
800801415
787827904
772548096
787771181
771125367
804993023
796915306
760006884
758415647
767198624
767497059
758370789
760566384
764174531
758162001
769328512
767689193
767419503
769161952
762541827
758594907
758329476
767596783
769374450
759558580
758622806
769044770
756782461
753296987
751218004
748349410
753707724
745054406
753303692
754944508
753766445
756818027
753165926
751141321
747154300
747066559
746649735
751189110
741929726
748520139
751261322
753213161
737659888
737417289
740866806
728668086
731107594
729046930
728597358
737593498
738180328
735284784
729524189
729151693
731670479
741847944
733115820
729330419
735445721
737493402
733047240
725803822
722187017
722113814
721693735
717375993
721893899
724015106
717463937
712411578
723637942
719645591
723850342
719538315
721806403
719150885
716100798
712358319
723952356
723729189
717316848
717256216
700018117
707658260
703548264
710416004
705494749
701782233
711528770
701688610
700319532
711435191
709595493
703290240
703622930
704607324
707586918
704525693
706655106
704564026
703238815
701604912
688795988
690611202
688853119
698683286
699781911
693505692
690961802
692988649
698785751
693202860
693327618
699916565
698845702
698819028
690703868
698729429
698881874
693082584
691099481
699727758
687046653
686370030
685048754
684765709
681242203
684527687
680924742
679683013
686581223
679617278
686756683
681482626
684952460
681617264
680965086
684593158
686910669
686400587
686444160
684692923
673244130
670500731
669849597
665142021
678961129
668792097
674913400
669600366
668737134
679178783
673181296
673216706
667875472
679394086
679121435
679453153
667781262
673159538
679257399
674884607
653530812
658795104
651653861
652505530
664043974
649900491
653507793
653307282
649879130
658850542
655238249
660468103
653363479
653267035
659490073
659565425
658830055
652850769
653132443
654576343
641817336
643393735
643554493
646712504
641368857
643141931
643056312
645168678
646688476
643590325
643498984
646627673
645147681
643626929
643352512
646650992
641848066
647934457
646670194
645193188
639997638
636250245
636206140
638085844
638053557
637998812
637733992
637544497
639064331
641230160
641134568
638106963
636351314
639974253
636320792
636294476
636272748
639932375
637826206
637620547
636136082
634369191
634397235
634339457
630185898
634442746
628275541
632455943
634464377
635778676
628982311
634418744
632578722
630088610
629087815
635667178
628484826
635396699
628398985
636117625
623143428
625976697
625933135
625064342
624508509
625904541
625224459
623892836
625952757
624481546
623123496
623094165
624177654
627958531
628056159
623816840
625879429
624073412
625148647
628136276
621643364
616428333
622476228
621412949
621625127
616486143
612109708
612011542
617404777
613927995
623028294
623052365
612091871
612138121
615298820
623073586
622424708
614443715
612065146
612038986
608936604
611878336
611928828
607540630
607459745
607389379
610041461
610550812
610263617
607477337
608868438
607433132
608750878
610175556
607616071
610447143
606943590
610510725
607503088
609024398
601976562
604075640
599892891
602089950
603966345
602478239
606815926
604037282
606700270
603798571
602413445
600800887
600875129
599917040
604951278
604812525
606577888
603874302
601013504
601072579
589072947
590762123
588921479
590734370
598407090
590698722
598422159
598363439
590640085
599633031
599853599
598383767
598336106
599866473
590784522
588747229
589157786
588852483
590681626
588658100
576670052
578254990
579489406
585494009
584015812
580849775
583845655
578223986
588546619
587921605
587947082
583924864
583783006
583654256
583523185
582536241
582286120
579527215
577907481
576709608
569607667
568394580
568514103
571059810
569843318
576644121
576588014
569907576
568555210
568535933
568589725
569867738
567081398
569887173
576042443
567112369
571498089
570962194
568570927
568608493
562458566
561239117
565695447
561211289
565756031
562624628
566890241
567018954
562760479
565976981
565596076
565923372
562820209
565941254
566002912
566987770
565902425
565865377
561068032
562723313
558811195
561021561
556162138
556127843
556244070
558503538
560950215
559555648
556113934
556055863
560867218
556084628
557467375
557162694
561066176
560138367
560156890
559573652
557106666
556271601
554590607
555890593
549960644
555756888
555826373
550013315
554543698
554517503
554483426
551040902
549803852
555815461
549645003
549665595
551097697
549984139
548792770
548561518
554653220
548615364
547431841
547405310
544883310
544809372
548490691
547509021
548421142
546471042
547282547
547458268
545320907
548378078
545262565
544725504
547285041
544944988
548354204
547478117
546559754
546451536
542844814
541687452
544548550
543119416
543044530
542924828
543086285
541634979
544579714
544638501
544610086
544153915
541601914
541552946
541581297
542957900
543077360
544678329
541660732
541617420
537734102
536485528
540345562
540320071
539102020
537482602
539065820
539021679
536450747
539043838
540368874
539133545
537536521
537408463
540289338
537712729
540260327
538994534
538976024
537759663
528029525
536183530
526285934
536441893
536241780
535531692
534623610
533122094
536097060
526942057
527992941
533208639
526803638
536408495
527928238
536239227
533233391
533154402
529324000
534667361
523087443
517092860
520181275
520727180
525522753
522957514
522891527
520809354
518800639
518859942
519009059
524736423
517654670
518003683
519048980
525488337
523156745
520119534
517745326
516584551
500676721
510233845
508461408
510523561
515275149
510495775
508509091
515495531
510975921
508327086
510836166
508212298
508113469
510729747
516469254
515335547
510349289
508376339
515407796
510614707
485282227
481462909
497364513
481445704
500108644
484472059
488501219
488297835
488395354
485270040
482358644
499771264
495541860
500640865
500050045
498587477
488209990
484559229
499942632
484498993
478289077
475760161
479568557
477303359
475683936
478237280
481419312
477257557
475880380
477375925
474344704
480873762
480921953
481397636
475803414
478723048
479518541
478349764
481299053
477401220
474154222
472551560
469546643
469506153
472467415
472251391
472332142
470242782
474273572
469650682
469603133
472457504
470092336
470200229
470185074
468412717
468257689
472388993
474165858
469571926
459545054
459759306
459580021
467542159
466669858
459489298
459543756
466593718
466750005
468230684
467472583
459737352
459529751
453083523
459788526
453262657
466691469
452835886
466723026
466706731
447611931
445763313
446271509
447451333
451481503
445942924
444807462
448585905
447640172
446133328
450512163
451562923
447384926
446303067
448513732
452781970
444737266
450470812
450544678
447379147
441353902
444049782
441117194
440859584
441505271
440320364
442944841
442598808
441446884
444647088
444600792
444115201
442680463
440300194
444687565
442948134
442911384
442836731
442617663
441383264
439108983
437711917
439125917
434774590
436322806
434685737
436381936
440070194
439187311
437746083
439159192
436362975
437810324
436280087
434734386
440147248
436047365
440186298
437864225
437782123
431060488
433062949
430979341
431135391
431469731
431337514
430007758
431402488
431441129
431427832
430878351
429991322
431374332
432821673
432778972
429606601
430812650
432847803
433010514
429568769
427187611
428804336
428402044
427216313
427108577
428700450
427075676
426939706
425679932
425704196
428511634
427339655
427388700
428075809
426520263
428449664
428760811
427310434
425644443
428735272
423607890
425396205
420949358
425582741
425472642
425279636
425613455
425546415
423198062
423361832
420835302
423709819
423294153
421486633
421433665
421400785
423565026
422734529
423658948
421036490
417093185
419712209
419662912
418350962
419102796
417256388
419144896
416909861
419923805
419789088
419603965
419278024
419752910
418329337
416972601
417939237
417262135
419210687
417723780
417233203
413145545
414436979
414301495
416774735
416156244
413293099
416830394
414362941
416197496
416242733
414690055
416184141
416691724
416677572
413031348
414571967
416213495
414620757
416179232
414569869
410583544
410912988
408784693
409812440
408697166
411170608
409646633
412956058
408636420
409229133
408466370
410866607
408893329
409865202
408213205
408911469
412741558
410833679
408504927
409552087
406599084
407153718
406640283
403949678
407535608
406327698
407138239
407398213
406378808
404759489
407357631
407087859
403888090
406482417
404832490
404010435
407417465
404691323
406547647
404918131
402680088
402930782
402788585
403620932
403756060
395688380
393434419
396953367
397116985
396862479
403675686
401439763
402859972
401573669
397263628
395728477
397167358
403825360
395858606
401658244
393408998
387869248
383990122
380284496
393062355
379611842
393112521
379773751
387947593
380364875
380331315
392996039
391913429
391724000
379732412
380326728
383935290
380214704
391877519
379650091
379195312
379226050
379109590
378971841
376504886
374846271
376571699
379570235
376544988
379018618
375093735
379250352
375177428
375306892
375066071
375197861
378988998
375223704
379146888
374784495
373822884
372768954
374124360
373947122
372748553
372909925
373685198
371611913
371566480
372675820
371377972
373907585
372913670
373880349
372936315
371622392
371462309
374100304
373631097
371766834
367779941
361737723
362705702
360445087
366373642
366404251
363850444
367699478
365266102
369214478
364016008
365289436
361865933
369063122
361795657
360538918
367664420
367716959
369172095
362613782
360398135
357709765
359041334
360245738
359016969
358502453
357816831
360313948
357781894
360281715
358996126
358858619
360311004
360340882
358829373
357851057
357880805
357808326
357754010
357733384
356415703
355030227
354253957
354215436
354282589
356451987
356593421
357405396
355580113
355625746
353066698
357360534
355659970
356478929
353105965
356664926
355215333
354153090
356544207
356633838
352884529
351612214
348626099
350056235
351583482
347650942
351554403
351655560
350185832
347492138
350819609
347602770
347555165
348564710
348502094
351696370
347480589
347733468
351629105
352943385
340980808
346647734
346699415
346564625
346665460
344131123
343973096
340831892
346459844
343991635
347444526
346643185
344021308
341127762
341039560
346688243
346402290
344083276
346708722
346594078
331021062
340776379
333406425
331005341
338347130
329801765
336158759
338327283
331045200
338313476
330984430
336133201
334683549
333397423
332169586
337269090
337249500
332149625
336110629
334718324
329104654
329435197
327636568
327429212
324902934
327685854
326113817
327361896
327530975
326035275
329138088
329319272
329166678
327668879
327615740
327501544
326342144
329310567
327648139
325875481
320230233
322378066
318414016
320647377
320666470
322566735
320624122
321127911
324210884
322539975
320622415
323807043
324665523
324733894
321093416
320369666
323628558
317134091
323369391
318421222
316734281
314790660
313687840
314827525
314808480
314168793
315412641
316809953
316671314
315676654
315834355
315893225
313739555
315892100
317081945
317106077
315807532
314179125
313725276
317063309
309766121
309153874
309962510
313648454
313243929
312753039
311188454
309898269
312594236
312774295
311005299
313600691
312393712
313645784
313646776
312771925
312724142
311544149
312555924
313603231
308904400
306874653
304602659
309031867
305190331
304654923
306428848
306486949
305237163
307604411
309015408
307842264
305661817
307813361
308990283
306858172
303111393
303242157
308350791
306843650
297263186
296213478
297331497
291402511
295853246
289264998
294263874
294058177
295133695
297557876
291353428
295241469
296086148
294012680
303059378
295071458
295204089
291284899
292464999
294125394
285982330
283938736
285854442
285641265
283809040
285984214
284803033
281638279
286031751
284865716
283043661
282906860
283699640
285923976
285816057
282718572
282951779
282733786
285580936
283985414
280388400
281553128
279280824
280651052
280687664
280246656
281611949
279339744
280438453
279984607
279422322
279357263
279193891
280644973
279456041
281529842
280295265
280766108
280357550
279243550
278142036
276920947
271123757
275687824
278101446
271145478
271076032
276089784
278066315
269927795
269910097
271088718
268683084
271102834
276023097
268737468
276045089
277825664
275727661
268775251
263657611
265672438
263584058
262546824
267640827
263639362
262650433
264470591
265713555
262520546
263387356
265697576
263565113
266896041
265677043
264431672
265783531
262629776
263462906
267690993
248923562
248833721
257270390
254562526
261340981
247951776
261315064
247898369
249148759
249194945
257022120
257072003
262385766
249347495
254702430
254522624
262426855
256965984
253742768
252120869
240794657
247349987
243872786
247305780
243030478
243252660
241591937
243207464
245361632
244723867
245768322
242502410
247467973
245789429
244681964
247262704
243833027
243231176
241187819
241151301
233570396
240387434
240782487
240423342
240345376
239918317
240502538
240427852
239131865
240664537
240631410
237452896
240241187
239150211
235719134
235673358
235078656
235088219
237391649
240620237
233538510
232622009
232113444
231009038
230968648
232039312
231613433
230334089
231110787
230129261
232753199
232012166
230368877
230224542
231863134
230160552
231156107
232707565
232584002
233493876
229685670
229618751
227943774
229741438
228770974
229737561
229707068
229650565
229325525
228995277
228198162
228807317
227998566
227913196
228979061
229579943
228667376
228993927
228711379
228184806
226577440
224279115
227473073
224266512
223522769
225805049
224219281
226566973
224293214
225816765
223512439
226405046
225760673
224235412
224305657
226605768
223421222
226632456
226191290
223397270
222755902
221574969
218785254
222777941
221689341
221921577
221882392
220900242
221273692
220836502
222775978
220951855
218519489
221240037
221209206
218478284
218176038
222778841
221749876
221626967
217208758
215912374
218156426
217907666
217307769
217943923
216499176
217260641
216601177
216345487
216257366
215791112
216404742
216309461
216452233
217281688
216589427
217350136
217025393
216665879
214009609
215721955
213808381
215753045
214095410
215631045
214136403
213333475
214633877
213701663
214691897
213773674
213309383
212510421
213059748
212479207
212470789
213871124
215487593
215476636
212426245
210555887
210946108
210659745
210704194
210263266
212164866
211696644
212057256
210851031
212436324
212125458
210748795
210267095
212175464
211719565
211473923
210490543
210793751
210513858
207396135
206858330
207437857
207257872
208373345
206825911
206758066
209919951
209386563
210250890
209377951
209734965
208158957
206712251
206787800
208420888
208708484
208192490
207148277
209086932
202352940
205860551
205532144
206342901
203235414
202949535
205899477
202242367
203021965
202218936
206035553
206480408
206003277
203918686
206047455
206020565
203962098
198501967
206612848
206517945
196522152
193936310
196589211
195337460
195659147
193999102
192619669
196497326
195595725
192728478
195618005
193550124
194709920
194809706
196549028
194769268
194317892
192640704
195643693
195659957
191476458
189298183
191942241
190505854
192199809
189958160
192531554
190602184
191544541
191805427
190459872
191754280
191237866
192503509
190430351
191910837
192537533
192561866
191837913
191493651
186525207
186707270
185178549
187719758
185008862
184425762
186021075
186007128
185207703
184483439
188467346
188495314
186817682
186068180
185138905
185092098
186781072
186739329
185682872
184447438
182925037
182776465
182017564
183641839
184424544
183279287
182814248
182889800
183673185
184264785
182945637
182915543
181949226
182543629
183755618
183632465
182746980
182091764
183789806
183320046
181916813
181815730
181653484
179998240
181358870
180686654
180445722
179949711
181543841
180230233
181621275
180173685
179876873
180150706
181713732
180715189
181342909
181330085
181781329
179911130
179761234
176241213
176136134
176117753
177575028
179748221
176096774
176260841
179795802
179618825
177616094
179799407
176200298
179333643
177501212
179319866
176133166
176060030
179589568
177549343
174070059
174821762
174811857
173144817
174832445
175498744
173969326
173840671
173312548
173390997
174004184
173097513
175404718
173351257
173904244
175474033
175462903
173456641
173285926
176017752
170314727
170626936
172564402
171289935
172240793
172318202
170691946
170302023
172128018
172605011
171736540
170247371
171723458
172619367
171752095
171327299
172219330
172580601
170917162
170661700
168007526
169543626
169491807
167945186
166398196
167844589
165557656
166276074
168150841
170215607
165445126
166309999
170017292
169967039
165619530
169512725
168113187
168070176
166430737
168892407
163454120
163016571
163704182
165416623
162973820
162634849
163718207
162042930
162175983
161940144
161968522
162932161
162109233
163707564
162791743
162674079
163485509
162564101
162959771
162162260
160921899
161799340
160355854
161788186
160339943
159903467
161140437
159494066
159385035
159320515
159484685
161096667
159470526
160887143
161835141
159951014
159984437
159359627
161908975
160326115
157007488
158326457
157769212
158559898
158536378
157679879
157917922
157805606
157727383
157031039
157443507
157046073
159115755
158481862
157583263
157908410
157842770
157624493
157545129
157483808
156009177
155910208
156817415
155131634
155979581
156660603
155211096
155875305
156772513
156106884
156888770
154979788
154966688
155942968
155197336
155171739
155037536
155186029
154969857
156147115
151773599
154330128
154914885
151727220
151748826
148832405
153564346
151812983
151669699
153533922
151862275
154148991
151710970
154189947
151792269
154410575
151841902
151693739
150334226
153501454
146742051
147891322
146913094
146848701
148487907
147949131
146583082
148558220
148614577
148514508
148022528
147916198
147841872
147820001
146552872
146612920
148541756
147863868
148586743
147995464
143783733
144135417
143457403
143429853
144070208
143698803
144111161
143811077
143604369
146099058
146506568
144204002
146490277
143740807
143568148
146470939
143489438
146526829
146453152
144173368
143288080
142656327
142579808
143318654
141932203
143022894
142713568
142626380
142338563
141962842
141679354
143042242
143329220
143357762
143035399
142885858
142683660
143397257
142751011
142598827
141663931
137748330
138574088
141415958
140781387
137603543
140853404
141349180
138540013
141494872
138475498
140730500
138146717
139336102
140817761
138499495
137565162
139355367
136849329
138557562
135738127
136373648
135108480
135085151
135860970
134709432
135131307
134198842
134240438
136739816
135047321
136032657
134790355
136809868
136405833
135191212
135177748
134228697
134214100
136509800
134182652
131026185
131228538
130253461
130305090
130366651
129900632
131216030
131924963
129481292
131092116
134143190
130878662
134161901
131998523
131242161
131124785
130332575
131964747
129928281
128714342
128726165
128707442
127407111
129082493
126225389
128744533
129129361
128582606
128992358
126162939
128619472
127332653
128968199
126209483
128516765
126610513
128475052
126280141
126451881
124330935
126108733
125061394
125089608
124492630
124440335
125543481
124303844
125005930
125140081
125993208
125195457
125034454
125507071
124368773
126056039
125167767
126027900
125583965
124407982
119443776
119309911
124272723
119423125
120897484
121811706
124196343
121766316
119453520
123916495
119434678
124243140
119376923
124153181
121155133
119345142
124219028
124173782
123770039
118715474
117843861
115486288
118265126
112119405
116371106
116388080
117892026
116356025
117033026
112079001
117827038
116291693
115389843
118675439
118703150
116418566
116400300
116305591
112091096
118689584
111719487
111961652
112049123
111209667
111306417
111354268
109615045
110481867
111290668
111939104
112059501
109355820
109318394
111228755
109505865
110466942
111891260
111278143
109528852
109554183
108084027
108199367
105039686
108408948
107447380
108366544
108117488
108173704
107414291
106608675
108223919
108296462
108275318
107432215
108389280
108051430
105567487
106636978
108262197
106618976
100470497
99815305
100421057
99987182
102684207
102648902
101279415
100621396
101583833
99343921
103540237
101033722
101074155
105002735
100663663
104969823
100497659
102631139
101615209
99775891
97672757
95814581
96547440
95996259
98556205
97300757
95837572
98240006
97692443
96573367
95798091
99319596
98541174
98576038
97334841
96198665
96190866
95889479
98610252
95861489
95163020
95093165
95078019
94574176
95211190
94638102
95183896
94666120
95263635
95111031
95777348
94609921
94795836
95141587
94867653
94842806
94552895
95239927
95759044
95743591
92842824
94445434
92914093
94523623
92897557
92824891
92758851
93620535
93594639
92817015
93605714
94508083
93262285
94415904
94464603
92858796
94199433
93957237
94482964
92929710
91813813
91767388
91746066
92578970
91278981
92725266
92408012
92531781
91883653
91717702
91261479
91232673
91358863
92585379
91840841
91794659
91968810
91772422
91687907
92419941
90953367
89699030
91025199
90939498
90301483
90252426
90275380
90923459
91162244
90967846
90912114
90289535
90307731
90305596
90955035
91196702
91049440
90245435
90261746
89707630
88965789
89476461
88264991
88893545
89447145
88975869
88841603
89677641
88864164
88297339
88314300
88267824
89523079
88923845
88906454
88253631
88327983
89686856
88370037
89511015
88163852
87936837
88180516
87346254
87582322
86989239
87598927
88132867
88204832
87369575
86971729
87569546
88242206
88224502
87982311
88106801
86957596
87560673
87961389
87911570
86626154
86859218
86673832
86235043
85611771
86184574
86849784
86573569
86872812
86243173
85589015
86224855
85898822
85604328
86886484
86637552
86186384
86595427
86865312
85577690
84776159
84884991
84919066
83424514
83373325
84140571
84046968
83387285
82524187
83824455
83356075
84855995
83295827
84872785
84912188
84818423
83314212
83346228
84031117
84900276
80791217
82445452
82478955
81537289
81394756
81522105
82200297
81576164
81748883
81562704
81470633
80501556
81444518
82166564
81379362
81757104
81591660
81604605
80493611
81349073
79867986
78508325
78504258
78495562
78436356
78322375
78174404
79900519
78356463
79909890
78169992
79881792
79893605
80487584
79268765
79874259
79250782
78463608
78410925
79257995
77613860
77232382
76786737
77307822
76265354
74081592
77107486
76797535
75434744
76814204
77277550
77259896
76806614
76589859
76823627
76274531
74068137
76257793
76287037
76690485
73985385
73440451
73184982
73900975
73415703
73131115
72604787
73107109
74054555
73538961
73118434
72571342
74067648
74042405
73669801
73513769
72725396
73664288
73180924
74065927
70632046
71552737
70705741
70054585
71289540
70098910
72012523
70084853
70063111
71527530
70594537
71353857
72467050
72192261
72209636
72213329
72200270
70660657
70071147
71538868
69264501
69658208
70020984
69205611
69170416
69635869
69198109
69527130
69216702
69540749
69489294
69557099
69180474
69255803
69587742
69575287
69647513
70035699
69997717
69538133
68735815
69078199
68269965
68490259
69150398
68725736
69157227
68514594
68670715
69105871
68531001
68713964
68986565
68730599
68650851
69023190
69114912
68719056
68549632
68277839
68262295
65822128
67395012
67607863
66620874
68212605
66644308
67115005
66585875
68153116
67093027
68082067
68098525
67700120
68242028
67436516
68127424
65813603
68232332
67683588
65462146
65801571
63431334
65768481
65470934
62907895
63889247
64860653
63928283
64888388
65713309
65777530
64833511
63979050
65453148
65445250
65021710
63900631
63741813
63967296
60988904
62466933
62034330
62804802
61984286
62436622
62458052
62023633
61379208
62306734
62476984
60979916
60967986
60942624
62377378
62040613
62446422
62396053
61996043
62490756
60427538
59531932
60344276
60441830
59734165
60451329
60364019
60768719
60485601
59941595
59947869
59921100
60719806
60698222
60324184
59709806
59954345
60497053
60412276
59052845
58194363
59038139
58636383
58084187
57475487
59045280
58428322
58106001
58430698
57690256
57665835
58231655
58655492
58176531
58050740
58653591
58184711
59028454
58628889
58201894
56974274
56909502
56712747
57143499
56705017
56692968
57058665
57127099
57156198
56992786
56718049
57106946
56884407
57041932
57182659
57028077
56934521
57446971
57175368
57089889
56632790
55999140
56478532
56616004
56667521
56553009
56164063
56597023
56508620
55984681
56675218
56584445
56645902
56567501
56535162
56658384
55969187
56644430
56458181
56415275
55909977
54070426
55886177
54636690
55046458
55013356
53064889
53855556
54686063
52861914
55491695
54098011
54692221
55025799
54662727
53874490
53865246
55465104
54079774
55012280
50266966
52127548
50277430
51049326
50283714
50625081
50270966
52208111
52186696
50652423
52166259
50627480
52860397
50607044
50600337
50288967
50666541
52750832
50636570
50295413
49454180
49962879
49704007
50232217
49693179
49337698
49517013
49465468
49325727
50089920
49486471
50117158
50078688
49681014
49475125
49952314
49502202
50246902
50102089
49942224
48501705
49097992
48784261
48962145
48509425
48776558
48551148
48547076
48816208
48793423
48484814
48804202
48842710
48853088
48549267
48330605
48535490
48520667
49273490
48832556
47445747
46432565
47760844
45737843
45619535
45607537
46586366
45730132
47731964
45633306
48317350
45883346
48278002
47429385
46553895
45902903
48315757
47740351
45714584
45918603
42848111
43933369
43936398
45395343
44471015
45197120
45586486
43743258
43233543
45171494
43214886
43196484
43644679
45420484
45598042
45406424
44001030
43511249
45185403
43979663
42139518
42472547
41740894
41645430
42737384
41677748
41659332
42156411
41960712
41861271
41691776
41668145
41684328
41651462
42144979
41857171
41641247
41529133
42698224
41867310
41515503
41416616
41430782
41408812
41132188
40882329
41125265
41512462
41392231
41255250
41396779
41111166
41402172
41386769
41421499
41274934
41101389
41492561
41381580
41443550
40855843
40547923
40306302
40546085
40846892
40329852
40818281
40547139
40537385
40807529
40691552
40552944
40864851
40100521
40339739
40091535
40798709
40702513
40872828
40839637
39669369
39861441
39910712
39640084
39383287
39050355
39794119
39539021
39593357
39656500
39599954
39853715
39939734
39932060
39696446
39688538
39683943
39646461
39540632
39920573
39040922
38993045
38916876
38691455
38964967
38524339
38981848
38972380
38706064
38419139
38414048
38408563
39003776
38535817
38401674
38905979
38699182
38652803
38912762
38510550
37133909
34674814
35412019
35912489
35678502
35903764
37809530
35428229
33753768
34689749
35167625
34666357
37811676
34665082
35422651
34693826
37131511
34034735
34682883
36339402
33390495
33201692
33196383
33040674
32948793
32932809
33136515
33563410
33178058
33188083
33638388
33107696
33031928
32918790
33382985
33649112
33150136
32889523
32900761
33028873
31923415
32882017
31556048
31587446
31798355
32871947
32861410
31918725
31919297
31805190
31566328
32077925
31567153
31565796
31565279
32852585
32706584
31791413
31597707
31940106
31047204
31548422
31029570
31273105
31020399
31241173
31256621
31036242
31536805
31519302
31010670
31054340
31497488
30817134
31502239
31001190
30990246
30812126
31540863
31265396
29972648
30278181
30790325
29956834
30252635
29832266
30319563
30234758
29941381
29934265
30283801
30243623
30062199
29963603
30295665
30531825
30313074
30304535
30054765
29842234
28455767
29387147
29755431
29369768
28441016
28449206
28580521
28270519
28286616
29432241
28467085
29379755
29412355
28477397
29773422
28276365
29818393
29423125
29398120
29546496
28222388
27336166
28047756
27713304
27704289
28213955
28037430
28248520
28028026
27965476
27960797
27329754
28017022
28258676
27955953
28238410
28056527
28205995
27696044
27684482
26032562
26930627
26326531
26476045
26404605
27320814
26331594
26085270
26099542
25681659
26485518
26289537
26044087
26081045
26053769
25668639
26281949
26468042
26093250
26060055
25450940
24084104
24902695
25143506
24330231
24036078
24443019
24925424
25661959
24322878
24749566
24312262
24894669
24303985
24935867
24340133
24914443
24077539
24072196
25140615
13043966
13056457
12617361
12542454
13031554
16149244
16135233
14785375
13025773
12628843
12635636
18235160
13061062
12451604
13017164
12588538
12623977
13055036
13050596
12609395
12444727
12259502
12434272
11741208
11727233
12425462
12372578
12253481
12421364
12251063
12357881
12351298
12330785
11735624
11724617
11719367
12323052
12439370
12263732
12340206
