1192270301
1190283702
1190142888
1187966872
1184784360
1184659440
1183771383
1182644007
1182470682
1181095067
1180385243
1179174598
1179039585
1178335414
1178201751
1178130198
1178024908
1177249387
1176973720
1176799491
1176678707
1176598744
1176355842
1171538701
1171451469
1169373671
1166894823
1164366581
1164289815
1163492282
1163430107
1161382578
1161158684
1160702653
1160618572
1160539556
1158674046
1158463797
1158266363
1156462945
1153672736
1153448659
1149631857
1149503165
1149280837
1149193095
1144966844
1144883513
1144757365
1144406920
1144360705
1144298458
1144228596
1144138774
1144029852
1143934539
1142911931
1142861376
1142443080
1142290558
1142213899
1142112505
1141914209
1141839356
1141757062
1137824098
1137735184
1137675454
1137527201
1136563579
1136441927
1133844633
1133785130
1132169254
1132100676
1132023940
1131916725
1123774224
1122859403
1121290245
1119996212
1119857880
1118779100
1118732358
1118658939
1117534805
1114049921
1113992133
1109208061
1107480686
1106989060
1104690497
1099958658
1099250763
1097034588
1095118342
1095015924
1094901335
1093159006
1093065662
1092091955
1092062176
1092032472
1091991574
1091901625
1091848366
1091801574
1091065308
1087267986
1084924079
1084876121
1082940963
1082262375
1080171162
1079946935
1079019149
1078300569
1078153782
1075972695
1075820398
1074421004
1072857311
1069827953
1068457664
1066434041
1065739298
1064887373
1062976438
1062860773
1062762671
1062615677
1062000933
1061946029
1061910777
1049346759
1049240056
1045017818
1043309580
1042864382
1039542468
1037399987
1035490456
1035401537
1035275178
1033993868
1032245070
1030260148
1030156278
1029678836
1027064209
1024412328
1022887591
1022685258
1020953308
1020879117
1018995743
1018847471
1018731157
1017265060
1017205974
1017078047
1015215628
1015086937
1014909428
1013575741
1010717866
1010626660
1010248154
1007866244
1007757463
1006116968
1004390972
1004047038
1003933004
1003507343
1001961632
1001826953
1001710340
999863556
998026811
995912397
995861858
995816467
995783466
995735318
995333519
995215706
994686940
994558179
992679950
992532104
992398438
991751674
991721041
991689892
990701928
990606633
990516065
990414302
989632750
988990851
988901767
984371414
983009691
981934719
980700791
980588752
980438024
979608807
978274484
975233563
974479557
973396723
972566445
972435500
972331043
971656493
970908945
970777558
970628994
970488741
969355719
969320249
969079889
968051324
967882956
966889193
966844025
966514014
963924601
963635064
963555552
962817219
962765109
960389935
960052160
959952446
959891782
958392432
957408798
957348617
955057292
954839599
954047127
953875555
952728649
952690108
952150539
951616072
951478636
947925000
946114216
945848161
944207504
944077889
943861261
943795140
943742583
942066822
938152948
938079876
938041389
937972042
937922968
937866901
937780172
933257595
933172177
932971881
932883645
923200608
923152553
922327783
922169403
920453227
920392855
920350438
920284435
920211091
919803781
919684439
919659050
919520119
919450332
919346676
919219787
913840970
913690892
913557203
909065346
908867700
908785240
908681081
907077642
906653682
906126563
906038684
905936547
905181708
904748854
904645386
903190978
896115786
895966488
893691870
891135705
891033526
890897270
890081568
889971254
889625575
889516428
889410360
888266805
888227934
887561323
887469275
887396522
887246258
887136453
887045221
886981392
886223752
886188540
886073851
886028035
885340017
885227721
885058308
884323593
884273847
884239699
883567244
883493626
883313658
883139539
883053319
882921262
882854741
881780859
880863105
880719318
879705146
879625643
879556668
879470464
875687285
874462671
874421800
872300232
870645338
870396535
870330525
869048129
868986225
868920861
868863386
868123953
868077253
868041039
865959872
865891839
865840097
863980402
863948527
853830325
853714795
853550567
853494492
851995073
851906959
851821186
851667261
851578488
851557124
851458972
849985740
849903794
843040824
840839665
840756637
840289917
840230269
839382251
839338997
839291821
839226440
839154670
839085279
837515419
837469684
837437059
837389946
831224394
831130651
829204430
829145889
827376154
826339621
826286396
826177869
826114395
825991410
825717798
825575250
824291369
824232245
820041709
819047620
816997124
816554890
816492839
816390411
816293415
816218534
816144175
815302112
815260538
815211142
814714143
814622018
812309342
811373943
811312455
811238324
810604034
810378608
810304396
808649477
808593784
808559146
808524335
805373086
800840954
800702006
800647825
799750184
799681968
799637790
799026363
798747860
798672476
798591775
798423697
797281922
797161220
797060958
796957203
791554749
791462640
791388312
790795943
780079075
779637555
779568477
779379230
778011452
777950258
777865630
777809476
774212247
774123940
773609784
767044927
763629606
761223658
761158533
761080573
760575382
760565120
760530156
760494295
760438652
760387810
760338514
760293800
760257547
760203894
760159586
760091720
760019935
759842219
759764212
758264877
758162987
758072909
756579715
756504541
756452691
756389193
750839576
750770878
750696427
748311380
747384490
747335170
746838678
745559042
745535276
745325147
