1195071219
1192270301
1191025674
1197423204
1199985475
1199897874
1199803730
1197648516
1195299034
1191079229
1190828441
1190725975
1197273810
1190944386
1197171702
1197061768
1196735685
1193220014
1196630556
1194942360
1179174598
1178201751
1179039585
1186166975
1187966872
1178335414
1180550230
1183771383
1190283702
1182644007
1182470682
1190142888
1185923613
1181095067
1184659440
1180667768
1180385243
1184784360
1180739648
1186048126
1178024908
1165406915
1171538701
1167485331
1169373671
1167355155
1176799491
1176598744
1169843088
1178130198
1176355842
1176678707
1176973720
1171822593
1171451469
1166894823
1177249387
1171925363
1165308140
1169985120
1153448659
1160539556
1165153214
1164289815
1149280837
1163492282
1153672736
1160702653
1149631857
1161382578
1158463797
1158266363
1158674046
1161158684
1160618572
1149503165
1164366581
1149193095
1163430107
1156462945
1137824098
1144360705
1144298458
1142911931
1141914209
1144883513
1141757062
1144966844
1144757365
1144029852
1142213899
1141839356
1144228596
1143934539
1142861376
1142443080
1142290558
1144406920
1142112505
1144138774
1133785130
1133934265
1136675794
1132100676
1136796242
1132023940
1137735184
1123774224
1136441927
1136563579
1137527201
1137675454
1121290245
1119996212
1133844633
1131916725
1132169254
1134052409
1122859403
1134172572
1105000229
1109301294
1106989060
1113992133
1118288943
1107153119
1100104911
1099250763
1099958658
1118732358
1118658939
1117779239
1114049921
1104690497
1118779100
1119857880
1117534805
1109539172
1109208061
1107480686
1094901335
1092091955
1093641112
1097034588
1095762877
1092032472
1093508328
1093159006
1091901625
1095384025
1095118342
1097824357
1093065662
1092062176
1095015924
1091991574
1097565422
1097414597
1095873630
1095815538
1082840092
1091065308
1082262375
1091801574
1087267986
1084762774
1084876121
1086272948
1086883471
1084335575
1083952404
1084924079
1082940963
1080527195
1080171162
1080425668
1079946935
1091657378
1091848366
1084140725
1072857311
1069827953
1078153782
1074421004
1069499058
1075820398
1074529008
1069684148
1078820621
1076753988
1073067549
1069402488
1079019149
1078894191
1078300569
1078971358
1076895785
1075972695
1073308028
1073168845
1068626755
1061910777
1063685081
1062762671
1061946029
1068560465
1067644885
1049240056
1067741026
1062976438
1066740748
1064887373
1062860773
1062615677
1049346759
1066641134
1068457664
1062000933
1066434041
1065739298
1045971240
1030260148
1039542468
1034157348
1042864382
1037966449
1032245070
1045017818
1047899078
1034071418
1037883395
1047839993
1043309580
1035401537
1035490456
1030156278
1033993868
1037399987
1034208958
1035275178
1024854072
1024997866
1027415166
1029961320
1018847471
1025323427
1024412328
1022792632
1025202876
1022685258
1025519189
1029678836
1027064209
1022887591
1030031599
1020953308
1027264648
1020879117
1018995743
1025445504
1018731157
1017205974
1014909428
1007757463
1004390972
1007866244
1017078047
1013575741
1010717866
1010626660
1015086937
1006391520
1006223738
1006116968
1004481076
1004047038
1015215628
1004548520
1017265060
1010248154
995735318
1003507343
995816467
994558179
995912397
995783466
1000063720
995861858
999863556
1001961632
1001710340
998026811
995333519
995215706
994686940
1000226003
1003933004
1001826953
1000308686
993195314
992398438
988901767
991689892
992811522
989095802
983009691
984727791
992679950
991751674
990606633
984371414
990516065
988990851
984897939
984581112
992532104
991721041
990701928
990414302
989632750
972331043
974479557
980700791
980588752
973120899
972689000
980438024
975092041
972566445
982210989
978458192
978274484
979608807
981934719
972435500
979771191
977768234
975233563
973396723
982061375
966889193
970488741
970777558
969079889
969355719
968051324
971489114
966844025
969320249
963924601
966647492
971241327
971083095
966514014
971656493
963635064
970908945
963555552
967882956
970628994
952690108
951478636
957348617
959891782
954047127
952150539
959952446
953875555
952728649
954839599
960052160
957408798
958392432
960389935
955057292
950454050
962817219
951616072
962765109
957049239
943742583
938079876
944207504
946519116
948310216
944077889
950337576
946403986
947925000
946114216
943795140
938152948
938041389
945848161
937972042
942066822
943861261
950226776
948407083
944301097
920284435
920211091
919659050
920350438
920392855
937922968
937780172
920266911
937866901
920453227
923200608
919684439
933257595
933172177
932971881
923152553
932883645
922327783
922169403
919803781
913557203
919450332
911659766
908785240
906653682
909065346
907269527
919219787
919346676
911762270
907208533
919520119
908681081
908867700
907077642
906038684
905936547
913840970
913690892
906126563
891135705
897215144
889625575
905181708
889971254
889410360
890081568
904748854
896115786
893691870
890897270
899349875
897138348
895966488
889516428
888266805
904645386
903190978
897013924
891033526
887378971
886028035
887469275
886223752
884239699
887136453
887561323
887045221
884323593
884273847
885227721
885340017
886073851
883567244
888227934
886981392
887246258
887396522
885058308
886188540
883313658
883280829
883139539
879470464
882854741
876884484
879178269
881334356
880863105
876783745
880719318
879705146
879625643
879556668
883493626
881188764
879031048
883053319
882921262
881780859
869419723
875687285
871257565
870645338
868986225
869048129
868920861
868863386
870330525
869480640
874462671
872300232
874421800
872590955
871020726
868123953
871205962
870396535
871100113
872683219
854442252
852288629
863706767
865891839
863948527
853714795
853550567
863781667
853494492
853830325
868077253
851995073
863980402
854352425
865840097
854122995
851906959
854278138
865959872
868041039
851557124
840756637
850147727
840230269
840971367
851821186
844669188
849903794
851667261
843040824
839382251
850343258
840839665
850459992
851458972
849985740
844760844
841086469
851578488
840289917
831224394
837515419
839338997
839291821
826339621
826286396
829204430
839085279
831130651
826177869
837469684
837437059
837389946
829145889
826114395
831392382
829321874
839226440
839154670
827376154
825717798
816554890
816390411
814622018
820041709
815211142
825575250
816293415
816218534
815260538
814714143
819047620
824291369
816997124
825991410
816144175
824232245
815302112
812309342
816492839
800702006
800647825
799681968
811312455
811373943
808593784
810378608
799750184
799637790
808649477
798747860
810604034
808524335
805373086
808559146
798672476
810304396
799026363
811238324
800840954
778011452
796957203
798423697
791462640
797281922
777865630
791554749
780079075
774123940
797161220
791388312
774212247
777809476
797060958
798591775
779637555
790795943
779379230
777950258
779568477
760575382
760530156
760019935
760565120
760203894
763629606
767044927
760494295
761080573
760293800
760159586
760091720
773609784
760387810
761223658
761559787
760338514
760257547
761158533
760438652
750770878
745325147
758072909
756452691
756504541
750696427
747335170
745559042
746838678
756389193
750839576
745535276
756579715
759764212
748311380
758264877
745252441
759842219
758162987
747384490
743207155
739611614
735488191
734098406
735576224
739723251
733917977
741320769
737874247
737763865
735953006
741436647
739790950
734022905
733849021
734241324
734142146
734190544
733773269
735381365
723914375
730981968
719229662
719059879
718214309
732981675
720914304
718171054
718238403
721123022
732905895
718121449
733122657
719151733
721264662
718016092
720974051
733649803
721206632
718084451
706086271
717921838
707168206
717804902
708157243
707707660
703645547
707248810
707808373
717868512
706171472
707889380
708267255
717652181
707114577
703565000
708064304
717714121
717963256
708370938
702188432
688083476
698549867
698473191
688124254
702492400
699839553
698252209
693405231
693325262
703376186
688018648
694533780
701778357
699934998
699724363
699624498
702524184
700024137
703471556
683310899
683115643
685306532
683243834
685627307
685133945
687495935
685687335
683033631
685453877
685534770
687210542
687600916
685059098
683460857
685228704
683170512
685126559
685380271
681999237
678062657
679500572
680003836
675613341
679818285
677595704
675692227
654117335
667315857
656864596
667422557
675778331
678214809
678359304
677897149
664795387
677738476
662805261
656814473
681915018
643300099
652005115
653011118
653162111
651919509
652217375
651153860
652124780
647985812
644744113
651075815
652920179
653328374
652290395
652064089
648033396
644677490
650996034
653241431
653090302
643026360
636038226
640912952
637638027
629233442
643175002
642951416
629162361
643103765
636888172
629310702
629278607
637146356
643234057
642218095
640965157
640792745
637068356
636075289
629102400
628048767
621281665
625758640
621172284
620706739
619996878
624173477
625605125
619946109
622926170
624087071
619897035
627466195
608995176
628097735
611561592
627354008
620028447
627421663
627287776
606661169
607366570
608825468
608007212
607280003
606351474
600382989
608053579
599275302
607950224
599481171
608645848
599324050
603810079
607161999
606220442
607215693
606286519
606768020
599397689
599213513
598996776
598861394
597316905
598818271
597937795
599150742
599093009
597851869
598921679
597677736
597128002
597250119
599032773
598082790
598017452
597740399
597172024
597041967
597106062
595470323
586905268
587170381
586801020
586720652
586047595
586112357
595859336
596999750
595536149
586148583
593209177
587023869
595281980
587095286
587685925
586831489
596942056
596168111
595956509
575783092
575362586
585892434
585849417
574173774
576384287
568305182
585907476
564273983
575679866
574277345
585655864
585976584
564928518
565428994
564999962
568351054
573721176
585764182
582151406
555330395
553559816
542210990
549801043
544471523
555285633
564223472
564243628
554472002
554378273
550960182
544430481
553631900
544385012
544344282
554445361
549736339
544285281
554401407
563307169
541379219
541406684
536231791
538883185
542032819
529858109
529802840
541571585
541541043
541557707
541462970
541276815
538567920
536186636
541323552
541219609
542164062
542072227
541434128
538909060
519553958
520336643
519530701
529299783
520924182
521057821
520391668
518970721
520861757
518292102
526601612
521027875
520199362
519107407
529147855
520962152
519028173
520823515
520449031
520990427
516890146
517749166
517145146
517283108
517915937
516098191
516073688
516797464
518169606
518264847
517827272
518199445
517566831
516980258
518028586
517991380
518065122
517418025
515993378
517665468
507864317
515775398
504095031
511207492
508198074
511312254
507797284
507250542
515896366
503977792
507205334
515956120
511163709
508047818
503898485
501895478
515476931
507280458
508134001
507985002
498399252
498326920
500998922
497429065
495494527
501060606
501120052
495543382
495422170
498195022
498090055
497496658
498121736
501185011
497368859
497557775
501842328
501792518
501267462
499926660
493195385
492332660
491892286
492359157
492304773
492280117
492057583
491779976
492158471
492234218
491907957
492115147
493257149
493868988
493730220
491400591
493782001
491968620
491487283
493114661
490189013
488418886
487354276
487219693
488365395
491121387
488356215
487384656
488726892
488504782
487398259
487268462
488687004
491357248
488564963
488758845
491231853
487299804
487186628
487419414
486899158
484394222
486817313
484400001
486888365
486963905
487130420
484298429
485837367
486908127
484247874
481499033
482382743
482471932
487076385
484111212
487084801
487089852
482526539
481495024
477356641
480679600
477959989
478390921
479460008
477929436
477397068
479352827
478074402
481349579
481376827
481402301
481439202
480786555
481493016
481466126
479408725
480734091
479290831
478016154
471343281
477087348
477145963
472175926
471282586
477241151
477191158
476034487
476059391
470399551
474555347
470106273
471390416
476090554
472239343
477137504
472237095
477296482
477327048
471237267
466656569
465129829
463347538
462856693
463606210
463632905
470001427
466630576
462941796
462914487
462819420
467576854
466683491
461841823
469154254
466465662
463558775
463013710
465178912
463412698
461028253
461785594
461427514
461003954
461580479
461326700
461138296
461721757
461459910
461110495
460983988
461374395
461229553
461190246
461658938
461164573
461049767
461270985
461502331
461081359
459194543
451962007
460830342
459674709
459597690
459652158
451982935
460912811
453482349
451893798
452022520
460210363
460937255
460868006
460253685
460963197
453441647
460172947
451359019
451489928
445750543
450149170
447392451
445801388
444429185
450260393
447502229
447449495
446653224
445264292
446787557
450403442
446031803
450197037
451109485
447548272
446847250
451038815
446721591
450320367
444231008
444008744
431295134
430044575
429826942
444387136
442778472
442887830
430005695
429424556
429949145
442813297
431217001
429991322
429908334
430482339
429796757
429362923
442848246
444287794
427218147
426439304
425818624
425641391
425154842
423261474
425717042
425490699
425072388
425565140
426528253
427858630
425784963
427932941
425679795
425615867
423413307
423337519
425755635
427202644
422010463
420483635
423073167
419947343
422768557
422438132
421951076
422625820
423143768
420242968
422204592
420353789
422088689
420045375
423212361
422993177
422535441
420170431
422843394
420112974
417295246
419471091
419779608
418367068
418030620
418396211
419598522
419892337
417278684
419427550
418316103
419500642
418342296
419556889
419827959
419397676
419627406
418383610
419735917
419474158
415328248
417261597
415294492
415272984
413302839
413400935
412158313
412183596
413525913
416602352
413487385
417256388
413245791
416830394
413360939
401560854
417239082
413441897
417221718
412126626
394236509
401396132
400834963
400769204
401448417
395146321
400940291
399764930
399807101
401509988
394342473
394206500
399786546
394297769
400916009
401295765
401348724
400771400
400898378
394245438
393711237
391429742
393768378
392077285
393037182
393658172
393850230
392962461
392028975
391957430
392042317
391999957
391567803
392057662
391240506
393075111
391501678
391176210
391980754
392903051
390680368
389718132
389263468
384847233
390652787
391122447
387139266
389802684
389748877
385377821
391087487
386922825
389739613
388898208
391067718
390698799
384674200
390157169
387056817
384249533
383183544
383123093
383016347
383915702
384160905
381906510
384039606
381542347
381856271
382012776
383244446
383111886
383057814
382007490
381953941
381558920
384087021
383989938
382567496
384097752
379619913
380756887
380220132
379734780
380251106
381004033
381491873
380364894
381538135
380728738
380316137
379789443
381478178
381535424
381521950
380934247
380687322
380339119
380289036
379657273
379255432
379587685
376119871
375163011
375185157
376155546
376243825
375228325
373975735
374724546
374718153
375199975
377400062
377492843
376295976
376197638
379195248
375813825
379232269
375712840
362356711
370138386
371460252
368939992
372359217
362589256
362547628
373946152
373581552
372292278
370835345
372502143
371666057
370293841
370234825
373644528
371254407
362258227
366281868
366310586
362083794
359805627
359719519
362052432
361307332
361608311
358700780
358657022
362206040
358790001
362149071
359894300
361328249
358818748
360007933
361574265
362087549
361662696
361630607
358752458
355903872
358599638
356520967
357370779
358378096
356565135
356503511
358563506
356032009
358498091
356478193
356412815
355966804
356541557
357539546
357326481
357514571
356572985
356433899
356455886
355299867
354971617
353521718
354179547
352999579
355269369
355323935
353592813
354198208
355434174
354521860
354129016
353015064
355367449
354147120
355343258
355408569
355456061
354099644
353449549
352818462
352915059
348760481
352892575
352974890
349980125
349900541
352962000
349932237
350015228
350051300
352997639
352553193
349699720
348822716
348728084
349772992
348797127
352940487
349830264
347305453
345817144
346095976
347641236
345981643
347373036
345854590
346209259
345749785
346091212
345780456
346324531
347435898
348687222
347246740
346285055
346165256
346035018
345812474
345922480
345697887
345609541
345511434
345439589
345634873
345358203
345605350
345524684
345493740
344997760
345680458
345469611
345405198
345728865
345656754
345582827
345543589
345375484
345326767
345563617
342640134
344128323
344173970
342724301
344989964
344315005
344943880
344882425
344271363
344800122
344334318
342664313
342857884
344026571
344299818
344295891
342618130
344080830
344249237
342815998
339338554
341421106
341378511
341494560
339351940
339321499
339276006
342518927
339307355
339295300
341461244
341324793
339847883
341142634
341259869
341185897
341074315
342570930
339892349
339254675
338252567
338305876
338205929
338152767
338232248
338120683
338102276
338743645
338819041
337794900
338181845
337743849
337639907
338261357
337682366
338720345
338324690
338342297
338273797
337849659
337191746
336694040
335753955
337218124
337206565
337535931
337560354
333164533
333030546
331944366
337236033
331742636
337602270
331890423
335743566
331906478
332014259
333102211
331980289
331684762
330920282
330716209
330836250
330641387
330603754
330396376
331017869
331427476
329770627
330940422
331611701
331553194
330804799
330763549
330995489
330966987
330983082
331374970
330556523
330888059
329708396
328589173
327482137
329637682
329572407
324326217
323566730
329734712
327297584
328577855
325968803
327251407
324464908
326032766
324379870
329501866
325823922
327460010
327530129
325898569
316930224
322356996
321107473
320470112
316858262
316793506
321324753
316974533
316972296
320569815
319173757
322360253
319562574
323478829
316898816
321170466
323431957
321363550
321475435
319220360
315831820
314573175
316271105
313555719
315860937
315412641
314630776
316371718
313526631
312449151
311574571
316308616
315646670
315588184
313603388
314443780
316226847
316442758
313485436
316744307
302085324
308892498
302006727
302036678
300731223
308222598
307758920
308678123
308840358
308724525
308924211
301960548
300700392
300657562
308326537
308812160
308354776
307659737
302124875
308265962
299585895
299542420
298536402
297550349
297471198
296529500
296446346
300172750
298565542
295459443
298509723
298483925
300546543
300180923
299609083
296487486
300610868
296556035
297517857
299569504
290496565
275696326
285794044
281442036
292908465
286941819
279235028
294893809
294835050
292863566
284791649
290449588
279182992
286967336
285826367
288313450
281413028
288268491
284765160
285220486
275104516
275314842
274567514
272033174
275228102
274439118
274356205
274301108
275043932
274590891
275424635
274396193
275370378
275029199
274621464
274473005
272063020
274236575
274194758
274517764
271968663
240470929
213293344
221051766
213317867
221084712
244788527
233432027
234969313
270389215
270429256
234278037
207549506
244779111
233461345
221110398
234935570
212944506
219508240
216430292
187918420
177821983
192349723
177463544
178073625
188753921
177401870
205039624
177371752
177703401
188962173
187886877
203672618
189879825
177671329
205067288
177799544
189843002
192386492
177644975
176139894
176061804
175419093
175394210
176459470
176487487
176128884
176835033
176862768
176144136
176156508
176759883
175698938
175839839
176886077
176028126
176805539
175867269
175379026
176721858
174016531
175182152
173292300
175260189
175148080
173756886
175343294
174728895
174451786
174042741
173130762
173992471
173068839
173908783
174379220
173099429
175291046
174409511
175317390
174743190
171701489
171590750
172992842
172454289
172105810
171561900
172369199
171648457
172347899
171148535
172552657
171127202
173037150
172528100
172498559
172403992
171617011
171682750
172581140
172955511
170918285
169499261
169544805
169157563
170177839
169195043
170230047
170023348
169586618
170407316
170198312
170165632
170852056
169945220
170086123
170216348
170048042
169524761
171113379
169465803
168787498
169112282
168691762
168653729
168226922
168190502
168116521
168842857
168216887
168827709
168174066
167918799
167767072
167868710
167813465
168150697
168734797
168208065
168809480
168766566
167303090
166882071
166425979
166115620
167338995
167213820
167698662
166802818
166472881
166448168
166352256
166152078
166391023
167316654
166051769
167251924
166496198
167277823
166839562
165751719
165062125
165343925
164924512
165073466
164894313
164890137
165084022
164719216
165723480
165321507
165679554
165369368
165050697
164995183
164333690
165736785
165701120
165030380
164684865
165016719
163721556
162817193
164022692
163687871
163710251
163601214
162907998
164292791
164046203
163697500
162857618
162534152
162932460
164260676
164315377
163565563
164088432
163543343
163673789
162883293
162470033
162052423
161136055
160297947
162098901
161055432
161109069
160313348
162024024
161634842
161020969
161212559
160840734
162502889
160794694
162075102
161558609
161593961
160257904
161430539
159113393
159061535
158600404
159375189
160193478
159326539
159371469
158647954
159337438
159280898
159412028
159452736
159433576
159141353
159304594
159089479
159028550
158663601
160218781
158623862
157425965
158265330
157881682
157048395
158394074
157541662
158522658
156917832
156885921
157707635
158582715
157776530
157008534
157665475
157858987
157743021
156848621
158560781
158357545
158310210
155817134
156598137
155564027
156104985
156808818
156557980
156685744
156070470
155998541
156035921
156148918
156638355
156554864
156131230
156115422
156091386
155619523
155783547
155966225
155106945
153622650
153653553
154172870
154654823
153651302
153609166
153606840
153568109
154551068
154203729
154676400
153594696
155064469
155087275
154275074
154133621
154702648
153639187
155054172
154245560
152515652
153470336
153536291
153502881
153173006
153202578
152845777
152772150
152819156
152739569
153292006
152547098
152587736
152796230
153326157
153426156
152762583
153232831
152616913
153452422
152121249
152094184
151534672
150759587
150685234
150724397
152184221
152485267
152148733
151549446
152195782
152053067
150743113
151322751
151561509
151574812
152156853
151517952
151357999
150702651
149719701
150596975
150665144
150613614
150485726
148987230
149598654
150379547
149645826
149311095
150632108
149365126
149374135
150523767
150556909
149678942
149337549
150650058
149284543
149252854
148203543
148265178
148481855
148867976
148461656
148670836
148889385
148518045
148612630
148574150
148284745
148708914
147646849
148305919
147650162
148246844
148915388
148634463
148497323
147631605
146170818
147272307
147467372
146906279
146251988
147333229
147267110
146881200
146849772
146819410
147292757
146106315
147548636
146207231
146139755
147618861
147601084
147505867
147574110
147387386
144549919
145502100
145370998
145304766
145525072
145407938
144583899
145443509
145101070
144465333
145138011
145470825
144644186
144311295
144517204
144607803
146039314
145985656
144429585
144629978
143033186
142155137
143025578
143341542
143007943
142310750
143047842
142983537
142695920
142341878
144242593
141697837
143376197
143414510
142732542
142269416
144275256
142237131
142329671
142666432
140997998
141013366
141354310
140685718
141306151
140663840
141378137
141585409
141542868
140972078
141037207
141059001
141023402
140941972
141657035
140702327
141051060
141411357
141535232
141685165
138958453
138618454
140227500
140104514
138881647
140078683
138932660
140215123
140178039
140137595
139952062
139831624
140006460
139869261
140190841
139797237
140205799
140161344
139765850
140244934
138517271
137751801
138610583
137701426
138521592
138125542
137736517
138224349
137630871
138562730
137669764
138592336
137601063
138602557
138547610
138181798
138577524
138488733
137721627
137678228
137256109
136508426
136825522
136852458
136053238
136082639
136034204
136545818
137388274
137309704
136466767
137506523
136432598
137479943
137341060
136069735
136800387
137568613
137539119
136514657
135132695
134123702
134006233
133231926
133227366
135086073
135219432
135245143
134059380
135153942
133658859
135852710
135169175
134151632
133617234
135256412
135608756
133971292
134088010
135200611
133061220
133129303
133170805
132873980
132482050
132567901
132631329
132530225
133204705
133190573
133026184
132969978
132925790
132913532
133078239
132825716
132781529
132114615
133155263
133101528
132102597
131602897
132013814
131541709
131199145
132053529
131972231
131895088
131214887
131569413
132077592
131939878
131665765
131636043
131861104
131237529
131254821
132034416
132091128
131272895
129855108
130219646
130371883
131031611
130780428
130866390
131176654
130003986
129930937
130816580
130368589
130732515
131091750
130903719
129972160
130306086
130270757
129898711
130392514
130034746
129129361
127742302
129785761
127631616
127655437
128630883
129177523
128702666
129758335
128674970
128174334
127804349
127831277
127782792
127601074
127763348
128228315
128720150
128653269
127711764
127084666
127127525
126514988
126708005
126621121
127472041
127248153
126666561
126590146
126473416
127556733
126610346
126441190
127411211
126637317
127209455
126690813
127515175
126425326
127153101
126380564
125587304
124836806
124854542
126327559
126173931
125996557
124883082
124819237
124792796
125602206
125195457
125167767
124800694
125576145
125270397
125140081
124868973
124781010
126059701
123117061
123147313
122726110
123132781
123953265
123509451
123573135
124758058
124712249
124408470
124690845
122649693
124254813
122690708
124647588
123984497
123970987
124301388
122766350
122612358
121292440
120726826
121256972
120837371
122283510
121334255
121219231
120405902
121930728
122328779
121418231
121309158
121158663
121399372
121382577
121862383
121797911
121364475
122300330
120787355
120282080
118687255
118643540
120252848
119913047
120122945
120211418
118635894
118656086
120352999
118628253
120295491
120385012
120332493
120177315
118669530
120312244
120372228
119853339
119368261
118506776
118611679
118146271
117464938
118388383
118458580
118538522
118590800
118564646
118119265
118421392
118226658
117381432
117103246
118115779
117413053
117117714
116995309
116967971
118198004
114351060
115284013
116142022
114469940
115445508
116322507
116274903
114417368
114432572
114391497
114445867
114188947
116910633
116112903
114406857
116698444
116252692
116942339
116845472
116297623
113116078
113937295
113897806
113602572
112853694
113874798
112834349
112752608
112783316
113593344
113139986
112628380
112816032
114134352
113621883
112702896
112680432
112477896
112447336
112721803
110750308
110380081
110140099
109304806
110798527
112406396
111636036
111611018
110604347
110349563
109270614
110317887
109901919
110290522
110989294
109353738
110193480
109325903
112365761
110216451
108302618
109160107
108959246
108176565
106504000
106350570
108273320
107045787
107287305
108320259
107577322
107277685
108246373
107300516
106483439
106382583
108905630
107748836
106978026
108206264
103047161
102616790
103438380
104559418
103939135
106315500
104200242
103886418
104035060
104243457
105716211
102634680
104009532
102979772
103008583
104265989
105747433
103976930
104536631
104211431
100928704
102171269
101607900
101563745
101074451
102308760
101228872
100967298
101245994
102397498
102139264
100861841
102600769
102389296
100960512
101112167
101633738
100905657
101538386
101515564
99171123
98916972
98524869
98809000
98993966
99684500
98847289
99931466
98950534
100840298
99869304
99062289
99946823
99249676
99281291
99711345
99889622
99905358
99227488
99201453
97642678
97609236
97114824
98413061
97504497
98313324
97541851
97350096
96878255
98509707
98382580
97580024
97085331
97463949
98489732
98354130
97120249
98462817
96853492
96866489
95839381
96522137
95205232
94088940
95503411
94872986
94759281
95535921
94816796
96546268
94057176
93846772
94127144
94895014
95551445
94162299
96495690
95816158
95800049
95531518
91921306
90825720
92021676
93813630
92601528
91950791
90730964
90844326
93512166
93233045
90928422
90748947
90792260
91903504
93493481
93211196
93796126
90805194
92000303
93458697
89536864
89499202
90222254
89981202
89585160
90695046
90588449
90252467
90240225
90151742
90137841
90009814
89563890
90710847
90267889
90261146
90118546
90232386
90182985
89599340
84013964
86794103
89291586
89262340
86765694
86742530
83241297
87907541
81874342
75385948
88608747
88634496
83088783
83933802
87840406
81883948
86844027
87981966
83986444
83257970
64139632
61740629
60228251
61941672
60295473
61890556
60244027
61352497
64104229
61913293
61404406
64231590
64120739
61309588
61283138
61923369
61328497
61727481
61379657
60685892
57632196
58523475
57613203
57961189
57674113
58005328
59199103
58546989
59356665
58510832
59411823
58493466
57596765
57660831
59429970
58986845
59377175
57979539
59214238
57643274
39477709
57439985
53348591
51750269
57531559
57515281
40167593
55673472
54371478
51738307
38858461
57456925
56993979
55468639
53128887
40176217
57500095
57009593
55448727
51719509
34545032
33356315
34513696
33379566
33603646
34371232
34067184
33877808
34503889
33624840
34536082
34045427
33998838
37789950
34493050
34486112
34302521
33615669
34381041
34138008
33062244
33144754
32703809
32695966
32445942
32190410
32179714
32918512
32453084
32899471
33188781
33053069
32430443
33135230
33075301
32930006
32209874
32200213
33083460
32943723
32115781
31920202
32108174
31730047
31619437
31681357
31931367
31706265
31633332
31625223
31945549
31698989
32097149
31497566
31610036
31690748
31517457
32129552
31734314
31508582
31364920
31017562
30457913
31029070
31003744
31270064
30793261
30299517
30992703
29542438
29532237
31371598
31484742
29436391
31113016
29452037
30783663
30773800
31491508
31276529
29362013
28511407
28759132
29369043
28193484
28226853
28516472
28299497
28201261
28216267
28322273
29354425
28747427
28312405
29375209
29003492
28741021
28287805
29426190
28277835
27603880
28001824
27861067
27654365
27879425
27856046
27695872
27827562
27905000
28119414
27706408
27993964
27989475
27889898
27835824
27643494
27612668
27453601
27629630
27846462
27406444
26477792
27400890
26880373
27385872
27432588
27416030
27424645
27103392
26898724
26865245
27444446
26446700
27095328
26698801
26483633
27395054
26907741
27437002
26492507
25554076
26293529
26429785
26410860
25563179
26180970
25459481
26207533
26201242
25449987
25296498
26403482
26214774
25548766
26224100
25452693
26072284
26230186
26190500
25468159
24937030
24871839
24855759
24523046
25192773
24917924
24450466
24428206
25116010
24909407
25094989
25083090
24843640
25202075
24852323
24868134
25064253
24925368
24901155
24880028
23707776
23316435
23330625
23791999
23190106
23176429
24422297
23781588
23184410
24281436
24267321
23914467
24290780
23908917
23579253
23571969
23322368
23596458
23591325
23299216
23166673
22710360
22730605
23159900
22971957
22978994
22703638
23077942
22952745
23124810
22699189
23148274
22965715
22974662
22632733
22958544
22725772
23095934
22897154
23084726
22451275
22289963
22458789
22444011
22352258
22194510
22436314
22209411
22468475
22276350
22284635
22263527
22202450
22228555
22111799
22347926
22463945
22299678
22222482
22107010
22055474
21840526
21720143
22003530
22017701
22088105
22078867
22065074
22095587
21570208
22101196
21564097
22009192
21991853
21714297
21638005
21629147
21737437
22026559
21501572
21105676
21195440
21059247
21219606
21416303
21210496
21421899
21203995
21489895
21223353
21216486
21199757
21494844
21100577
21480819
21426368
21430609
21091938
21472299
21475219
20782014
20775652
20705333
20899013
20004741
20874627
20966477
20693793
20700277
20763748
20880496
20581848
20905212
20410823
20401269
21047967
20863696
20857854
20434263
20182274
18986906
18974336
18903266
18964805
19195021
19062201
19054981
19058797
18898460
19017886
19198481
19051101
19185739
18911612
19201067
18995281
18907758
19177135
19103474
19192181
18884409
18815758
15726780
18112959
18826469
18831881
18878464
18894381
15743824
15579986
15623489
18116321
15733124
18888418
18821533
18840777
16078422
15585798
18859483
15898951
15512598
15333460
15031579
14668937
14531940
14570372
15204082
14822742
14679624
14875274
14580289
14574452
14685975
14524054
15191913
15198138
15360234
15038656
15300137
15184675
14493202
14468002
681405
610847
14474749
661871
661356
637838
14370665
636387
14374608
14371131
662866
14451812
678794
680115
639282
632817
14459323
14483333
560099
599157
488539
580762
541133
519643
579760
542102
493352
597447
602154
609635
484259
518588
604258
539922
543117
525872
606088
481530
399534
371261
369143
415824
417215
421951
391609
384802
374900
368224
373529
473833
386832
399880
370579
477138
372531
385817
398753
389129
326294
330295
364067
362646
324602
304009
359171
364935
360058
322534
361151
328503
320022
305376
356237
323587
357843
318324
356939
301173
260792
259596
246535
251258
267429
264645
289071
269360
297663
252076
291031
298662
287700
299779
285988
292931
262806
261774
268468
261216
228348
227189
205007
201360
197177
222144
219798
217002
196125
202279
195303
219001
217964
203266
218433
221738
196687
195648
204014
217410
185278
193416
188427
178327
177801
184846
194748
183648
191020
194121
189079
192950
178673
191703
178942
186565
192011
190796
184112
185887
