1190598284
1189851660
1191815023
1164753313
1164521830
1193914768
1194124931
1164416650
1189253827
1193561224
1191746227
1192717932
1193494038
1188593448
1190187242
1164920775
1193991571
1163883229
1189185881
1194954074
1163817303
1158566369
1156716334
1160438346
1156294831
1159712021
1161844911
1160326268
1158677171
1160089591
1159765113
1156615146
1155722419
1157732555
1161749962
1156484074
1157663638
1155586987
1153757016
1160192382
1119771573
1153174136
1119934250
1108589945
1106023651
1119478866
1121654895
1108936208
1105865880
1118848682
1121428613
1153600312
1121900823
1119634851
1119199494
1108702946
1118994771
1153065398
1108829699
1121775725
1035416648
1101270836
1039506562
1052815442
1037314301
1035229010
1105514445
1105354593
1101069290
1085741062
1105582609
1037439709
1053295996
1053512833
1037106730
1101152907
1036981781
1039335413
1053040117
1052918910
878490714
913399688
1017123648
1027554669
905757303
902081566
1023130169
974527417
928950415
951536462
1027441297
902527281
1018944654
919526792
949445638
1022956435
876092712
924600412
1018778320
1017001699
865293339
840556897
840487337
838431591
820135858
818452495
853564866
846019574
847778889
819993897
838312077
845908219
818401059
840414364
772436958
863055151
772342935
838216293
844231040
820270717
767596783
769408915
753891929
744695457
767748153
742783725
771086362
767350156
744610675
742913931
768917747
770634213
770956861
767553437
769282496
753972043
744497192
769371854
767267226
769106392
737307469
728651655
741089508
733289386
737446652
739366167
732995530
737118474
738837255
739468006
732835960
740878212
737031060
733178054
738934498
739568621
737565247
735539818
739020813
728474672
721468444
709886474
711764151
717060240
717383520
725418608
709748249
709543009
711652560
725229247
713303051
717122383
709435399
717324910
708174124
725305685
721558106
719507814
715244154
708110545
707425958
708003365
703287493
705606114
705229518
703618556
703862428
699875101
707068127
707721087
707535702
707811575
705516307
703947500
703495231
699726770
704965135
703201467
705095580
705385396
691825369
688811366
692949140
684844980
694135767
689248610
685608628
691659276
685326376
693727772
693029054
685031073
688742696
684929541
681734683
696192792
685509575
694258551
696075772
681889039
654799464
654892138
676155501
654704624
668585041
668665633
668512374
664211697
662937603
662409321
681626465
666296174
664732744
664299704
666354546
662643673
662514307
662328380
668456784
662777694
650607970
646239220
639242347
646073502
610063296
630130527
610182855
648937269
609933898
626739267
612999949
630278999
626889878
612898675
647701288
620963956
639136022
647630297
647499192
646345085
607969375
603563948
603315826
600690243
603371224
597701310
608050358
603459600
594359095
608250956
604707597
599313374
600600762
609831177
608330080
608094046
597386137
599204885
594193776
608445859
592896311
572308149
572200928
594073474
592624928
592563588
592696280
589949071
594003100
591540115
588835083
572392775
588755363
591297492
591471858
570924008
590059670
580332628
590033984
590197755
549445842
563313998
549380875
541990587
559241920
557971687
560688635
550721116
561905198
558056835
542054831
541942724
550589896
562001841
570856294
563408071
560779816
549220238
546851408
559312023
460352985
511926564
511907453
511785303
509574906
537076487
459088061
464628033
464612954
510264884
529179921
509751080
464507976
529266424
537177879
539344535
539399388
526254093
529012099
460435431
385977662
376228977
397673974
388356409
459031307
375310756
380535232
386048275
376103639
417655287
401313955
375716624
401388092
375626170
375361824
388454168
397595913
380506722
374517806
375840706
363073841
359218685
371817205
374465451
357790490
369719159
357821310
357761669
371850087
357334849
369654299
361830261
370531743
364328908
363111939
361871761
363021317
370558505
359275678
364379677
356612147
356750776
355819976
357291467
355767649
356992701
356677934
357214032
356351071
356729708
355667048
356190397
355636016
356651496
356707942
356242787
356290893
356645378
356931013
355907496
354556627
353639808
355501483
355460236
355059713
355533168
355020749
354293609
353447352
353695611
354199080
354973030
355621967
355157927
354359235
354331103
353389937
355117764
355579433
353508157
352322683
353078925
353018668
353046996
351850384
350673921
353317051
353204605
351674102
353270328
352254159
352243625
351740415
352650121
351667113
352382960
353096720
352113455
350746270
353179227
347779031
348898071
347749168
349136807
347995515
349184797
348975442
347812634
350272968
350193542
348926581
348868176
347820776
350171586
350138910
347961490
349001830
347764581
350113887
348096864
346684167
344207571
345499505
345522807
344429549
346729522
345850394
344245370
345467432
344194158
346614260
346986209
345886338
345488442
346646739
345059658
344979289
344497403
345444242
346878207
341332584
342615189
341188295
340571383
341398615
343423898
343043092
340765114
344096642
341804761
341300915
344141903
342986081
341132719
343018293
342735203
342662315
343093952
340542030
343348990
339096362
340166218
338171443
339024013
338694604
339176556
338958733
338142264
338094639
338048172
339453588
340110966
338635147
340472126
338327697
340217366
340511511
339401005
338348310
338307077
336003192
336248853
336821318
337815353
336286725
337046184
336779632
336343019
336957603
337754978
337998578
336729063
336372837
337871022
336317187
337092151
337526445
336852689
336900062
337005704
335597164
334218480
333994971
334290295
335196986
334563567
335932382
334355511
335817878
335970693
333947756
334156670
334413950
335741582
335875565
335658327
335130138
334899269
334622936
334572199
332774019
332701108
332650451
331934523
333506934
332585656
333265804
333058447
331831997
333450858
333540244
333123508
332539804
333235457
333572396
332427514
332379203
332502847
333175093
331889442
328522335
329707031
330357224
329877942
331241513
329836909
331209638
331472878
329860640
331367412
328690771
331268584
329129244
328709168
328802741
329091723
328471508
330312936
328778139
329969988
327467260
326185991
325989948
326884788
326995336
328030719
328140001
327907546
327505774
326039592
325937482
326105745
326096966
327949027
327403042
327628191
326230102
325862528
325800709
327600257
321830189
323747292
321329446
322530874
321833119
324065560
321258703
323770335
321371991
323092448
324132602
325084749
323979846
320844301
323299951
325598119
324771389
325468656
321213182
323138618
317352472
319571624
318758504
318711915
318007446
319472207
318867953
319348970
319400634
316131169
316101162
318768045
320355067
320819278
319597913
319513326
318137243
320300210
319542689
318180709
315175482
314977047
315275828
315221070
315071339
316002371
313508899
313863126
315963604
315938187
315981010
313904769
314159067
313882176
314238112
315017336
315044676
314074431
313996997
316058272
307561981
312997162
306983015
307672678
312966574
307702567
310632235
311353891
313101661
309493665
312903154
308750268
307146794
306505910
306461011
312927658
306424827
307215136
310658481
313059500
303978569
304133914
301123139
303842876
306336400
306292019
301806354
301724976
303907716
303898815
302835401
301460840
304993083
306242989
306153420
301205143
306184052
304325502
303746216
304261465
295702625
300918380
295862465
295772833
300938151
300091118
300196723
301079681
296789424
296667595
299050498
296552732
298965723
295696411
296623780
300149044
295741416
296653750
301049995
298105125
295632254
294657559
294201876
295540067
295428904
295577778
295611165
294351867
294326355
293394888
295657839
293327675
293962892
295515981
294704738
294348830
293444286
295556463
295420959
293332031
293111308
291989713
291962305
292016988
292206030
291935821
292258729
291756941
292955492
293180703
293086699
293029204
291931097
293057893
292027943
293185514
293256283
293288909
293151653
293005281
290678073
291672170
289609738
290584273
290404573
290727941
290951606
290814265
290658451
290417427
290894144
290436885
289678480
289563991
290544035
290477098
290619847
291708267
290698737
289598460
286899338
288269814
289445348
286745582
286615907
287423009
286690956
287152133
287098049
287080605
289540803
288003795
288208455
289294019
289515419
289404544
288060713
289475798
288473900
287395513
284880847
284822276
284741292
284685490
284629954
285953555
285981702
284406975
284308079
286007316
284875009
284694214
283837050
286033046
285987024
283856267
283805942
283780734
283741422
285645843
282117690
281553852
283523016
283471379
283089385
282407514
283186814
281588042
281477845
281535471
282137417
282595462
282204946
282264899
282688206
282684938
282069339
283572790
281507920
282552726
279876950
281043082
279963249
281169112
280454458
278850223
279902151
280444074
280968779
280092121
278899488
279952377
280140977
281435945
280037444
279140542
281233670
279000648
281277375
280481880
278169466
277833608
277568654
277778941
277648656
277510469
278718852
278002485
278702038
278797728
278147284
277884301
278045403
278121455
277964833
277426933
278648619
277704322
278086466
277604126
276744718
276653948
276914943
276447233
275492930
275415310
277388639
276512228
276422881
276789041
275564950
276276740
276176756
275533830
277324638
276896143
275478776
276706164
277332732
276593818
273628830
274362235
274261487
274897390
273818307
275307839
274210107
273650706
273772499
273694433
274419647
273736968
274820831
275137150
275021873
274484604
275202756
274956332
274323267
275369054
272470072
270228482
273037096
272940745
272647954
270173353
273352554
272687244
270290249
272600123
270165966
270121779
270629711
272030661
270713959
272537587
271615772
271279926
272768207
273123857
269102520
268379472
270065584
267983921
268584896
269483043
269063673
269057080
268282063
268324033
268058271
267392188
269397059
269002068
268440183
268499195
267963006
269327463
268020896
269142773
266362646
267305081
267383477
266099251
266313204
266901079
266188692
266969134
266465440
266146151
266917623
266001999
266511083
266939826
267023535
267125513
266055858
267254542
266857055
266424480
265868230
265164739
264964233
264853252
265837062
265023026
265898281
264913435
264788162
265404467
265286270
265094760
265222717
264259344
264907557
265324704
264766703
265476401
265367323
265360764
263110678
264204543
264167912
263061487
262823553
264125941
264042893
262779389
262681192
264111128
263751500
263739184
263710990
263229182
264007285
262873364
262751097
263145028
262713152
262242285
261040281
262192701
260697637
261904095
260702437
261179604
261712702
262154759
261783152
261636021
262089456
261979028
261759099
260872539
261127172
260754961
260789739
261609178
260671227
262048713
259627878
259597124
259572214
260589058
259841983
258705659
260265195
259777993
258733337
260645404
259810541
259522126
259541958
259717393
259928496
260621686
259504675
259139446
258606037
259502248
256963005
258063557
257419082
258572773
256867009
257551510
258104774
258476580
257811953
256956717
257517082
258162302
257333752
257370442
257443539
256900614
257664210
258511889
257397098
257493583
256450646
256400863
256309513
255264298
256784143
254091097
256590603
256379891
255295893
256831170
256421688
253750413
256485576
255245826
255953100
255316471
256354581
256331780
255224791
253696326
253025583
252406612
253041493
252329377
252267997
253262626
252278495
253102894
253463801
253113156
253235231
253179864
253125763
253473160
252349921
253155823
253562473
253432705
253209582
253143527
251227632
251944759
250064602
249824215
250272563
250022995
250243114
252155858
252041154
251284248
251208291
252177276
251416571
250890382
250237979
252301043
249980548
252015294
251896317
252197249
249442600
249397365
247966225
247676080
247237842
249531694
247715725
248116878
249936777
247052277
247299721
247922568
249746298
249480667
249457806
247290923
247181000
249874287
249418094
248089848
247001440
245958580
246694002
246887780
245832414
246676611
245876103
246761374
245517628
246929358
245929355
246164139
246723024
246720261
246018844
246847249
245903455
246106781
245808107
246962982
244951420
241438915
243533185
244541086
243093107
244061157
244437478
241502320
244927298
245211386
245258626
245479170
244495248
244015204
244871969
244774954
243622046
244847915
243768908
243659593
241400915
240401973
240321972
240116087
240990182
240301836
240884395
240698365
240367039
241062676
241033369
240600219
241118489
240720980
239847890
241003127
240237610
240481909
241413114
240674066
236488641
238853368
239492273
239724744
236976789
239454164
238038971
238748030
238487854
237203265
237664979
239796652
237684211
238822898
238569847
237667931
237165421
237076332
237047410
237983246
235720445
235584933
235327793
235399281
236346281
236241809
235608783
236278139
236182941
235745138
235624323
235395976
236223221
235705553
235441619
235384635
235356214
236458384
235258459
235241983
234037959
233782624
233742158
234684280
234705941
234346902
234266866
234997716
234775840
233954232
235047663
234912630
234882944
234853328
234356412
233759407
233558788
234098106
234954774
234807911
233481665
232350342
232769598
230959311
232257688
233142026
233519408
233036451
233222102
230151399
233100946
232419892
231346098
232511383
230013577
232462586
232295610
230291263
230394152
233063697
226080804
229243806
228741206
228702161
228666227
228003064
228139041
227303753
229596738
226833579
227747825
226971730
226548046
229127561
229164458
229203800
227771198
228167659
229985417
229639301
226057730
224928447
225528171
224709451
224544907
225487808
225401252
224526130
224823238
224602064
224427493
224091002
224027132
225918821
225369900
225262869
224676041
224641081
224341846
223768216
223653737
223676571
221584040
223440624
223464840
222317539
223049612
221162873
222256715
223646919
223514501
223244163
222346075
222660729
223412964
223089460
222782310
223492962
221383566
221125011
218573655
220639027
218300812
220281606
219583219
218782644
220887967
218721530
217820518
218326705
220130002
219328637
219290583
219189274
218098020
219760468
219782387
218343226
219446490
220754491
217273037
216151224
216034744
216836040
215529063
217576730
216929406
216862353
216780007
217610116
216443692
216405724
214616641
216008541
215479570
215987009
217547577
216894195
216350197
216202113
212904492
213537820
213871446
212456734
213151301
213681639
212766984
213573525
212700177
211962536
211931008
212184844
212137124
213204510
214531823
213230925
212425190
213718259
214576988
213747055
211907280
211544627
210308543
209858750
209577151
211498033
210833863
210410829
211634449
211586161
210378925
209685722
211449375
209533914
209208645
210526631
209158761
211148216
210800405
209501706
207374232
208145952
207913614
207734501
208727128
209104391
208629422
208559819
208074391
207841300
208614968
208777077
208805568
208113254
207331521
208937511
207305635
209109811
208910455
207771684
205054559
207255452
206939268
206900075
204698501
205013880
205017945
204775187
206909949
204629544
205458426
205396800
204607150
206396654
207217690
204617764
205439243
204588040
204381003
206354133
204286051
203857285
202214662
204342139
203049821
202678625
204026988
203165109
204015284
202493817
203887703
202640793
203578013
202923946
203022587
203948785
204023762
203963537
203951563
204111172
200159686
201486010
201101266
201074827
202197038
201037982
200765332
200457987
201756264
201188541
201425186
201146445
200411693
200125365
201805836
200712856
199360882
201442736
201684545
199482158
197285951
197239422
197864251
198442464
197849035
199324687
197752578
198403956
197934904
197152442
198522307
198379499
197964133
197899550
197819469
198845779
199269330
199250765
198323516
197714285
197033103
196401787
196309371
195124199
195138309
194999563
197004058
195976887
196375352
196359728
196348869
196274508
195074059
196013505
195041840
196986603
194972069
197046330
195018452
195333087
194697490
193655196
194004476
193597707
194389309
193558300
194788692
194326160
192698324
192675970
194378942
194472475
192613933
193499187
192647416
194453678
194330591
194357567
192745352
192719953
190594345
191297548
191913738
190971074
192201829
190879769
191248583
190843554
191988399
191998805
192352803
192007726
191350555
191320406
192020857
191634665
190448377
191308061
191869803
191022851
189360156
188909683
190257086
190040242
189797677
189323483
189130852
189307470
189084729
188661683
190068418
189713162
190136065
189373576
189499588
190261215
189674879
189749929
189523166
189885063
188094312
188009676
187291580
188356131
186874723
186706107
188588788
188174163
187861271
188139212
187329690
187784247
188084716
188630932
188282216
187412337
188608412
186736001
187820110
186879072
185812773
186392664
185651213
185540067
185995746
185597616
184808435
185766137
184620341
185966080
185701872
186246437
184705902
185494408
185129706
185177511
185927138
185433060
185161158
186161100
183656868
182733152
183204428
184370791
183556779
182828625
184549064
183914847
183437670
184305992
183964482
182652609
182401323
183625326
184247589
183315309
182854499
182788256
182618136
184598193
180840509
181871969
181867490
180756400
182313223
180814831
180608821
181053806
181824249
180940511
181087591
181121778
181956171
182185091
181582852
182202272
181247570
182228636
181206564
180904933
179600992
180583820
178953852
178738130
180115293
179247232
178950719
178558764
179626407
179164650
180461450
178788552
178922973
179279619
179233967
178809571
179152604
179462954
178881500
178773296
176616107
176320213
176785790
176270029
177992712
177685595
177046091
176810712
176752245
176675386
177595650
176377385
176302710
178530027
177946263
177730920
176682775
177643964
176234778
177520051
174905245
175309603
175628096
175606218
174590763
174639117
175643372
175592428
175930215
175198241
176020220
175665809
175342406
175194197
176055752
175268143
175261814
175967015
175831343
175078408
172444400
171983608
172689408
173984330
172715294
174261489
174238860
172092187
172313022
172395430
173204495
174288554
174264715
172787763
174192658
172488467
174323388
172141463
172749667
173950857
170330008
170328283
171559097
170887190
171849832
171037575
170717744
171524812
171872541
170662144
171810279
171949920
170608842
171185069
170844697
170349177
170395045
170491355
170380131
170342136
168714699
169624491
169744610
162667913
168988289
168377459
162884011
168261911
169951920
168966350
168276287
169205290
162924830
162711320
169913866
169806298
162554956
169041652
169061325
162915614
162466647
160622191
160550498
160765615
161051269
162020678
162425947
161781752
162518322
160532264
161421855
161887733
160494438
160652012
161830946
161710920
161155840
160589641
161440025
159822718
156523874
159057534
156677233
158828274
159212965
158953618
158776967
158877259
159334253
159782540
155918662
155906937
159261816
158907640
156466078
157164903
159724384
155843576
159174075
156830044
154093949
153086126
153726178
153022577
152391286
151926880
155696581
153260684
152513366
153131938
153914153
152347533
153053184
154134303
153865597
153075624
152471385
152961527
155279153
153962344
151633856
151291911
149147944
151245353
150805317
149063714
151885079
149852325
151288316
151856213
150773110
149125534
151675791
151622389
150394530
149882624
151655334
149104366
151691215
151064252
147741490
145983052
147683251
146394144
145989472
147773533
147725761
146063612
147696412
146028920
146428612
148833119
147078830
147827098
148867744
148745052
147160127
148475776
146378741
146157040
145729701
145214156
145115357
145017796
144306348
144102656
144015902
143990361
144742863
145839694
143954021
145682746
144842362
145196436
143906581
145149690
144800062
144759059
145872192
144210185
142919697
143235260
143125390
143147901
141841276
141660240
141637114
142576802
142433418
142133864
143355044
143596516
143284960
143165710
143381411
143334647
143108680
143557304
143527908
143304741
140343103
139850679
139688079
141077024
140477824
140315167
140297420
140214202
140231653
139765108
139725771
141060262
141164347
141605663
140248507
139796096
141087065
141108491
141146353
140369684
138724799
138706977
138693005
138651140
138649571
139408847
138748970
138940269
139597849
138326507
138979268
138629366
139635381
139500104
139382820
139319236
139664953
138783227
138771115
139458504
137995765
137902922
137830722
137271979
138093499
138295455
137886840
137852623
137807782
137788843
138161518
138252822
138202318
138045573
137745054
137306205
138130475
137939263
137968460
137868498
136263572
137029798
136989246
136505866
137049798
136960813
137230026
136925132
136340115
137179241
137129400
137098323
136436213
137008508
136949081
136391740
136306520
136293556
136213061
137075728
134623027
135214311
135283983
135386192
135643146
135428375
135300259
135474716
135356683
135508353
135267321
135317718
136192646
135249745
135234469
135592673
135408604
134699149
135696710
134747340
134258509
132362919
131415356
134167672
134573868
134476268
134183232
134429187
132209424
134229047
132167950
131467550
131361255
132201903
134214657
131491431
132335335
132151614
131392468
132263234
130403527
131124104
131253443
131283428
131085436
131156618
130383965
131329866
130646240
131214594
130380659
131270112
131308769
131189106
130437259
130457068
130526928
130584040
130421623
130620855
130212924
129184782
130262573
128718026
129520294
129477283
129589932
129449906
129678691
130133670
130300743
128734428
129422294
128789600
129221504
129605610
129686180
129329611
130337592
129286625
128513746
127866836
128476394
127754306
128667172
128428359
128373412
127734243
127596304
127562976
127516035
128552113
127664999
128640218
128591726
127774652
127704196
127818027
127675614
127720158
127244919
127286910
126651549
126567440
127483400
126631516
127440824
126461236
126257063
126535402
126373994
126117100
125523368
126176984
126491880
126433818
127365693
126616943
125547189
126681014
123085478
122337701
122304990
122249717
124706844
124604350
124373983
124614882
122439074
124906307
124892165
122357776
122280552
122320634
124685099
125490369
124480857
123366386
123339610
124746766
120413673
120387152
120315490
119398449
120043055
119789749
120251953
119962905
120383692
120208141
120188857
119379463
119443783
119360612
120281349
119325986
118367780
120136182
119422421
119433747
117886516
117683521
117585459
117021981
116855398
116826147
116669929
117417901
116637662
117370457
117039868
118109365
117336723
117873474
117843888
117057325
117076862
117298404
117495913
116629969
116464403
116073694
116012490
115887243
116483228
115764213
115642843
115646374
116122686
115838792
115245506
116127573
115104723
114906696
115202694
115154624
115007032
116574306
116536172
114826602
113645083
114241461
114707563
114780730
114532076
114539974
113905360
113818682
114204096
114156145
113847511
113877765
113621162
113942515
113576498
113670269
113986608
114537004
114128030
114052226
112547471
112372481
112590838
113027138
111885324
113216177
113170992
113378498
112259576
111940728
113475161
113272646
113436840
112184344
113112690
113002711
112448108
112222909
112204835
112324499
110867650
110712523
111381491
111364013
111323639
111119716
111082338
111472972
110757126
110618003
111169250
111153575
111546234
111038756
111595695
111858295
110798571
110576268
110534918
111499262
110515427
109988367
109655622
109807625
109739194
110053171
109925483
110498144
109619114
109171405
110115667
109852250
109543961
109208120
109572907
109119947
110479006
109707746
109847631
109519181
108483980
108000577
108640636
108568391
107946346
108457274
108724658
108783960
108559412
108195104
108516136
108052538
108923057
108601904
107890073
109011670
108684636
108962535
108829752
108928156
106702239
107155451
107535709
106985960
106617202
107762591
107796570
107001095
107470804
107619338
107492169
106686681
106930721
107579069
107706339
107830174
107468392
106854240
106800687
106745459
105896723
105880669
105934568
105480600
105625493
106075663
106199635
105928166
105944606
105856649
105851541
105833303
106109125
106157597
106047250
106115845
105436771
105868092
105998120
105913026
105373023
105164095
104724483
104519556
105335097
105249475
104594332
105406204
105184645
105265416
104802725
104542997
105298859
105232340
105146050
105128315
104770613
104626867
104436953
105186288
102645309
102632535
102060112
103568250
103674998
102037495
102671164
104407461
102107561
103078472
102104288
102729095
104426615
104387611
103910068
103697380
103545765
103253381
103860848
103953013
101949387
101298514
101991628
101890823
101621977
101382061
101366679
101418422
101593359
101926727
101914367
101561476
101446033
101462905
101879085
101597846
101406189
101264496
102018918
101280234
100615848
100066613
100862170
100633442
100722959
100114230
100006047
100131654
101246883
100667211
100651821
100169165
100148656
99979191
100097412
100078722
99993799
100750452
100816520
100834512
98693999
98594320
99462326
99494710
99352922
98725650
99444689
99260687
99337935
98667732
98636721
98621818
98577752
98715981
99572999
99458438
99607767
99516472
99480590
99319848
97859653
98475482
97712141
97745723
98450003
97880802
98306307
97840048
97638088
97783110
97764499
97807366
97732964
98522010
98501754
97825347
97743507
97655670
97683409
97590720
96354154
96859187
96112030
96757660
96594978
96163744
96328503
96299871
97448758
96023984
96666474
97398324
96186555
96313508
96237129
96939315
96873723
96792886
96050063
96097869
95944651
95690193
95672957
95525259
95703756
95580068
95330592
95959777
95017087
94988076
94963549
95626356
95392534
96010228
95721428
95002780
95612290
96016599
95637438
95595945
94697796
94541344
94302034
94752836
94280696
94855806
94512503
94961143
94888508
94312967
94255172
94142734
94916078
94935585
94211881
94275537
94184118
94947512
94667886
94630339
93543590
93572403
94002580
93593617
93525677
93623973
93463357
93324215
93436508
93290601
93557545
94052681
93379158
93609031
93492708
94095757
93878535
93514702
93903976
93420125
92716563
92206696
92852773
92867519
92970596
92777297
92228157
92894697
92558363
92694247
92171634
92638334
92955542
92911762
92752032
92661842
92212977
92098820
92190553
92533015
91702166
90772384
91930690
91116261
91531658
91800161
91989153
91483234
91423337
91341978
92023603
91192679
91817154
90849118
91847989
90663447
90845350
92077276
91966721
91737934
90210109
89774761
90400223
90404964
90220085
90184322
90206468
90656661
90125328
90383112
89863467
90446238
90154275
89800568
89987007
90170703
90019013
89467697
89583522
90543371
88088975
89073052
88605824
88788536
89145235
88364655
88810991
89120470
88885442
88342085
89108794
88746700
88713381
88428159
89354663
88550979
89423055
88869907
88833104
88850686
87876425
87824192
87001845
87011424
87707297
87375925
87064037
86962421
87449111
87854918
87912420
87468559
87347036
87040000
88002622
87806390
87667283
87415196
87966989
87023083
86003272
86356517
86683246
86781191
86659487
86314583
86099481
86753637
86625575
86032287
86588584
86120593
86063563
86440343
86407584
85950133
86070628
85917523
86730750
86330721
85025166
85741414
85761228
85353732
85303914
85053302
85037231
85002514
85413069
85076165
85655065
85665932
85886857
85423851
85403482
85171427
84847729
85678496
85018948
85011050
83636704
84400129
83512988
83535029
84287888
83846804
84652816
84595482
84590323
84565162
83613265
84798522
84691426
84326981
84431112
83641460
84736770
83962238
83676721
84830263
82792981
82751997
82726284
83073561
83437085
82910572
82823793
83462659
82991428
82637322
83467809
83035030
82944524
83129013
82663542
82820713
82629071
82645006
82762198
83000635
81799878
82031933
82091605
81598350
81529822
81615577
81765835
81861513
81547374
81907868
81813926
81791850
81586046
81566090
82621262
82339691
82120098
81756012
81853321
81842342
81130211
81106919
80742879
81194025
81053291
80653604
81260069
81485322
81212858
81460649
81140884
80672126
80699095
81054767
81322044
81066762
81292947
80635778
81234919
81188937
80549985
80480675
79996045
80623042
80505419
80588281
80608091
80517445
80044527
79956324
80537120
80527891
80156277
80126772
79975379
80183560
80225067
80012886
80493660
80032464
79332033
79297715
79907532
79935214
79358560
78751119
78817793
79863223
79468403
79554828
79424559
79945512
79852539
78711750
79509534
78779806
79361441
79315527
79278754
79923712
78667583
78688394
78619139
78529979
78044905
78002459
78267838
78641666
78580128
77989089
78504289
78129036
78021780
78593774
78237174
78205215
78168890
78096901
77967230
78515700
77952956
77327671
77876766
77399608
77841962
77829965
77447656
77367798
77359503
77336704
77407389
77919656
77857587
77463727
77354219
77938906
77901178
77432401
77386200
77418304
76412813
76914786
76873686
76748707
76847930
77317327
76856405
76832513
76805575
77306114
76799282
76787629
76774701
76815039
76927282
76393702
76889570
76823768
76730538
76965434
76261396
76366062
76314434
76372287
76377000
76287123
76278265
76325257
75897654
75861270
76336262
75872366
76225962
75911703
76356768
76306004
76297476
76341196
76252501
75882547
75782591
75277031
75706411
75353359
75289481
75851614
75681334
75836344
75743543
75619020
75827690
75776675
75818803
75808403
75649864
75272469
75761456
75793531
75318416
75843805
74675864
74633809
74597163
74650300
74544529
75203049
74662651
74558885
74531522
74622338
74489513
75123672
74780646
74798853
74608852
75245861
75214354
75229628
75146755
75165531
74384295
73693701
74153035
74133930
73937889
74109125
73599821
74040224
74449508
74010189
73962866
73914854
73668572
73684888
73581042
74169969
74077317
73983893
73620899
73610181
73375463
73540492
73475627
73392973
73151124
73437762
73132570
73099421
73082668
73051951
73036798
72918844
72745740
73466521
73116203
72977753
73555087
73193776
73001158
72947563
72420529
72112073
72736647
72635541
72457471
72093057
72368257
72708710
72494909
72661523
72720025
72563644
72142314
72151668
72395605
72591494
72727662
72129195
72061870
72678260
71484333
71442903
71156477
71882493
72023629
71779544
70751159
70990761
70728480
71320823
71849588
71130407
71424110
71085661
71229589
71019282
70768267
71980515
71051978
71813522
70510747
70455369
70355080
70627354
70305377
70256744
69923307
69881983
69972584
70485339
70075863
69836602
70707226
70416063
70217890
69817092
70274477
69862984
70682403
69944653
69242355
69575295
69253467
69460364
69365686
69341318
69114884
69077360
69557461
69270168
68911609
69328230
69585044
69402149
69792416
69430483
69761580
69777277
69382179
68939776
68369528
68427167
68347531
68872592
68047391
68480045
68525590
68408821
68393163
68457393
68602012
68442492
68354378
68814344
68832505
68621527
68501354
68101470
68853992
68894391
67395679
67562041
67474257
67314024
67834108
67416479
67339622
67972476
67816150
68010963
67275533
67924086
67857988
67289917
67958323
67365557
67263861
67021554
66981889
66854322
66523305
66487072
66776897
66439611
66400866
66361414
66717915
66500219
66374744
66386692
66543000
66417572
66819880
66802974
66790860
66766065
66751263
66727296
66708124
66742262
66112288
65926485
65881461
65610440
66346797
66059686
65903200
65890782
66182504
65957547
65977792
65680914
65650970
65580781
66197259
65527815
65554321
66016361
66166093
65940163
65264861
65490780
65469716
64768159
65115705
65187461
64886202
64956745
64942970
65474293
64792214
65342733
64846887
65250422
64966529
65135575
65165620
64866157
65148015
65357853
64152620
64255743
63734316
63972043
64596049
64220301
64074644
63957259
63727640
64093631
64177176
64084634
63690951
64739459
64716496
64618142
63667344
64692664
63953938
64191254
63448871
63121404
63462502
63236383
63596571
63648566
63420544
63209571
62993510
63248803
62974927
63540073
63083938
63222486
63567026
63405509
63623018
62983842
63155833
63485670
62659138
62935140
62917484
62671595
62941251
62469158
62947661
62575239
62967331
62683754
62928624
62569235
62646283
62560498
62953619
62630253
62478181
62611273
62960211
62916183
61704831
62089975
61718230
62462103
62125367
61654366
62117340
62132977
61778046
62328864
62083356
61724581
61795158
62040471
62215789
62028297
61694727
62233711
62077533
61811597
61566599
61150942
61103249
61636558
61116056
61624601
61064352
61047940
61035580
61589160
61007415
61202138
61135796
61338110
61215850
61573858
61071409
61595538
61555589
61026502
60758935
60589408
60666656
60572299
60993675
60646354
60548953
60512880
60706090
60624741
60537648
60685650
60555484
60736149
60497726
60462561
60487313
60719169
60478759
60522508
60016726
59575722
60107460
59992284
59561947
59904739
59975849
59554026
60118523
59568826
60001632
60194308
59983262
60104154
60088180
60210116
59626230
59895588
59545485
59587229
59077168
58952115
59200878
59051743
59099373
59522790
58724103
59008547
59023123
59215695
59128702
59041125
58766836
59535577
58763931
58966905
59058073
58698401
58691857
59118497
58227741
58201178
58221067
58553451
58260026
58668454
58643441
58572637
58650594
58516719
58184195
58675360
58233064
58681398
58662292
58272670
58656559
58206813
58185220
58176076
57735606
57800914
57745026
57306605
57704520
57502962
57465819
57827408
58158313
57771919
57814001
57742746
58078620
57723038
57338587
58097129
58141422
57434824
57825464
57854156
56708852
57278438
57259275
57243337
56779245
56695989
56680415
57216205
57086666
56702704
57293139
57208425
57269731
56791802
56765908
56757441
56741951
56790066
56749006
57223396
56509363
56611378
56544780
56198017
56601522
56560414
56630808
56230335
56664272
56648263
56217036
56237317
56528375
56491973
56262465
56186942
56254847
56247977
56223864
56209475
55928805
55905864
56064867
55910302
55684691
56020596
56127212
56004084
56038185
55966711
56139735
56176729
55946765
55808221
55886991
56113616
55722151
55714038
55692498
56153135
55301615
55492345
55270103
55136554
55658363
55517958
55241463
55314751
55283288
55672761
55116181
55209286
55577611
55626134
55541792
55469212
55079673
55075592
54886905
54877638
54291573
54220785
54790846
54864264
54462097
54346572
54269268
53882423
54808324
54753256
54650270
54248623
53907173
53872126
54728526
54450023
54858530
54672054
54363859
54326795
52928543
53430390
53293940
53308544
53395219
53358372
53063791
53025816
53326781
53055744
53272044
53832857
52959555
53254781
53419264
53376235
53345778
53224451
53046374
53010663
52565519
52670849
52524122
52661905
52598298
52581935
52503437
52459667
52881794
52606218
52423481
52697334
52281726
52862236
52819884
52680300
52475803
52409430
52688626
52687679
51968737
51986095
52266419
52187408
51937475
52151554
51790034
52221246
51844320
51980954
51973044
51956821
51882596
51822512
52200537
51864831
51993411
52245469
51805411
52115573
51689875
51366329
51756489
51481214
51423449
51306008
51514609
51327379
51269912
51257368
51135095
51535947
51547379
51524361
51381878
51704090
51454809
51288918
51738321
51438391
50894376
50960625
50766696
50706054
50720363
50637707
51125260
51081358
51006372
50978617
50671241
51096167
51022577
50744206
50687468
50911422
50948278
50731549
50903284
51108346
50489687
50324830
50534445
50358697
50550024
50389540
50622950
50611014
50542071
50332393
50319983
50504904
50477985
50528538
50449555
50343498
50428691
50426732
50369438
50338114
50052713
50108823
50074982
50096130
50050801
50165564
50067042
50060132
50151229
50207000
50314492
50119319
50084829
50220069
50082712
50181357
49983071
50240379
49961205
50130340
49911012
49834183
49823148
49787039
49683489
49700140
49774452
49692837
49674811
49657129
49802824
49909568
49946209
49863029
49642986
49875201
49898977
49853396
49625316
49930558
49563190
49407594
49543411
49394215
49253848
49237365
49220014
49386585
49400687
49042878
49582312
49033030
49057412
49600542
49499796
49461530
49511674
49439089
49276603
49449787
48744557
48914816
48789639
48889525
48766000
48853088
48784376
48566224
48773638
48499613
48756445
48842710
48750067
48903112
48554795
48547076
48549267
48804202
48871756
48781074
48383244
48299061
48442226
48454860
48448700
48434846
48249649
48491830
48236773
48474516
48277612
48210446
48429600
48263810
48465782
48464243
48352158
48313323
48221408
48200859
47997655
47920347
47867707
48175748
47888866
48167525
48027013
47967261
47953270
47874889
47899211
47931308
48056836
48045424
48191969
48069597
47878547
48185157
47868912
48013155
47628490
47566086
47714343
47640587
47773511
47560379
47675250
47850240
47860320
47855824
47852522
47734336
47612092
47844466
47839041
47744051
47694232
47831279
47588183
47660551
47252210
47211031
47225742
47526921
47236505
47190936
47148455
47543128
47375379
47347135
47205534
47177668
47390384
47551090
47532002
47164005
47170426
47521519
47290232
47358626
46799319
46776586
46868852
46896637
46716013
46761648
46594033
46840745
47108796
46812639
46739006
46784900
46772795
46732362
46828106
47133352
46696951
46745306
47123698
47141675
46374518
46122644
46449271
46483866
46182197
46133337
46385235
46396196
46433638
46580937
46161873
46505594
46423100
46404491
46360496
46543910
46469467
46148312
46112447
46455266
46015493
46100694
46010697
45824269
45983664
46068813
46063500
45819715
46042581
45999916
46072359
46050094
46028059
45801415
45813994
46080852
45807411
46057973
46092302
46021048
45782608
45510963
45789879
45518141
45744626
45753324
45739665
45554087
45527608
45542132
45773873
45795397
45757106
45714096
45566128
45777905
45560133
45765679
45727707
45532701
45328017
45305363
45496604
45286053
45236950
45083323
45506664
45263303
45482030
45314085
45473530
45231606
45501345
45297116
45448017
45256156
45243967
45249233
45065720
45488896
44894194
44939229
44910818
44837414
44886552
44824238
44661566
44986699
44875642
45034511
45005757
44915388
44861497
44927465
45050709
44965845
44972888
44920019
44902624
44849734
44486500
44590576
44631778
44608754
44565967
44497361
44616667
44578782
44554759
44544293
44526745
44475015
44571357
44601260
44456807
44517194
44585208
44623270
44596979
44643566
44342060
44300398
44266740
44259851
44209563
44319449
44337706
44313979
44343561
44287227
44334492
44279301
44246770
44236241
44233559
44224096
44115211
44328295
44309756
44291909
44080589
44019511
44093960
43979663
43968674
43830969
44028680
44073603
44049740
43842877
44086471
44038050
44001623
44100789
44066535
43838307
44059018
44042324
44106482
44011610
43801750
43810087
43745278
43700454
43688004
43767994
43555445
43789686
43756234
43580148
43774893
43574895
43560803
43796887
43782483
43733348
43814840
43567403
43593144
43807112
43291882
43270949
43550034
43255091
43239051
43526765
43423669
43536170
43202955
43511547
43306229
43313254
43219310
43319372
43455120
43484015
43299808
43278464
43467907
43544082
42838442
42795125
43150578
43112255
42932715
43189858
42828429
42751877
43126651
43162232
42702105
42911300
42733798
42864873
42719445
42924521
42762633
42895687
42781428
42882610
42564394
42356814
42622068
42607923
42478604
42648255
42669941
42585616
42684347
42492105
42610668
42595154
42505460
42583263
42520544
42657514
42575381
42681253
42692915
42550088
42206212
42063504
42304967
42176514
42344026
42240317
42336128
42295922
42341335
42273722
42193131
42294658
42226327
42328569
42288244
42313776
42248235
42212960
42323973
42281962
41760728
41738606
41723286
41929590
41913008
41751416
41882373
41889423
42054593
42027143
41969926
41894824
41902721
41952128
41872301
41808213
41799009
41789207
41768720
42044092
41691955
41649863
41699793
41657893
41659332
41637071
41512663
41577496
41701325
41569311
41547610
41494230
41667858
41472605
41460222
41644391
41450204
41582007
41708210
41684328
41301249
41312621
41287583
41115929
41419407
41226678
41435948
41258345
41405787
41400557
41394206
41183587
41172677
41210255
41124752
41193177
41411541
41165284
41139592
41428775
41015173
40909534
40893288
40854424
40821180
40994096
40812963
40969669
41018082
41032022
40924085
40870620
40880883
40954549
40982402
40837966
41041256
40943826
40932364
40863189
40286175
40442383
40380585
40363073
40348197
40567471
40413322
40457091
40335802
40329266
40292159
40393630
40321936
40283935
40309582
40313498
40598732
40405771
40298508
40427804
40141285
40205761
40165582
40104528
40113713
40279334
40060328
40050504
40046377
40093989
40128113
40082366
40042728
40153165
40115792
40192488
40071289
40193633
40225067
40036898
39872543
39936288
39804200
39799831
39913206
39884448
40036194
39900995
39929326
39962780
39809975
39971074
39794265
39787916
39833643
39931934
39782497
39826862
39821707
39815146
39536288
39704984
39643709
39564887
39542261
39690279
39605737
39548375
39680042
39617129
39595475
39572773
39629448
39580853
39560223
39530023
39417062
39667816
39554955
39403623
39264561
39111953
39361744
39020878
39092823
39307854
39393124
39130554
39256018
39323572
39000032
39080447
39220048
39294774
39281320
39272096
39245953
39229485
39213108
39344774
38948058
38633317
38673965
38628514
38718652
38619413
38920747
38668353
38652231
38687313
38644238
38704730
38979015
38692644
38681168
38661813
38733919
38638509
38933658
38908693
38381680
38473716
38407236
38417587
38366424
38399536
38424997
38393459
38373264
38347195
38445794
38483023
38355882
38438973
38385580
38374739
38411608
38455143
38476484
38612773
37884101
37923825
38181382
38155340
38153083
38137317
38113868
38144282
38106689
37892640
38161402
38120394
37933455
38200450
38170184
38188305
38128506
37900140
38092940
38083490
37413884
37540523
37796705
37621177
37383972
37877312
37840457
37401189
37857365
37596889
37391114
37864579
37833100
37638911
37568763
37811698
37370300
37655542
37870142
37647847
37265314
37083363
37330822
37102072
36913876
36904233
37127403
37247489
37346058
37013947
37107220
36889373
37031719
37306090
37062073
37289873
36897942
36894293
36880566
37121725
36875535
36837043
36850518
36783187
36604826
36809950
36599868
36820042
36771504
36829949
36612483
36584973
36753280
36798542
36593352
36869973
36855993
36764252
36629599
36865104
36296454
36246098
36530864
36342252
36572092
36540040
36334960
36369982
36565096
36487363
36329323
36234754
36521767
36271545
36352322
36365029
36281833
36346913
36549371
36312268
36077793
35882384
35889978
35998802
36007143
36090562
35886559
36134967
36118729
35801424
36016229
35790310
36129150
36128240
35975623
35896404
35860365
36100218
36192109
36223260
35561019
35290317
35099172
35069879
35625931
35215227
35044099
35031822
35550940
35196523
35732780
35223313
35119103
35572294
35106653
34992656
35191314
35737456
35609648
35618412
34837049
34797258
34970167
34646223
34579990
34512550
34980008
34963117
34496056
34777420
34638908
34587807
34417317
34613801
34504406
34854852
34555566
34953960
34737521
34652012
34002823
33993023
34349007
34305437
34262643
34121104
34097892
34403225
34331467
34293546
34361778
34241009
34316122
34250938
34231417
34107004
34221246
34372651
34302362
34142953
33726140
33953477
33982025
33715086
33875574
33504592
33836821
33740777
33499856
33568177
33947447
33586943
33481697
33854215
33855747
33704928
33492051
33450552
33959347
33457331
32840027
33115499
32806891
32908953
32884164
32891240
33299297
32990356
33224824
32936609
33105051
33012661
32981351
32916058
33161024
33445543
32848497
33021818
33240445
33065719
32267218
32064342
32612157
32560606
32221555
32046138
32754574
32601567
32227116
32038118
32292727
32553566
32298238
32573559
32791009
32275107
32592311
32286527
32092005
32054531
32013232
31832575
31296022
31119419
31271179
31110937
31745743
31102606
32022927
31282443
31321229
31257361
31248804
31106417
31732675
31957508
31726763
31289864
31344047
31263780
30974488
31003058
30837418
31062147
30865331
30846619
30886951
31028452
30986294
31069240
31037587
30860940
30870522
31058047
31051429
31063216
31017936
30877846
31042433
30854085
30552456
30812135
30766950
30598352
30590070
30806300
30736440
30565539
30832547
30761723
30747723
30572584
30559853
30798005
30785764
30817134
30579427
30547154
30529219
30520325
30255847
30228002
30273232
30237947
30404265
30449822
30289687
30414512
30387471
30395380
30376945
30370875
30306674
30282584
30246885
30440908
30298706
30379202
30423582
30264896
30018337
29904782
30108804
30045761
29880810
30038476
29886944
30071282
30125547
30001380
30135967
29910192
29891557
30121127
30077728
30053861
29992741
30092628
30026298
29896377
29874017
29676649
29619315
29582341
29640295
29692332
29868804
29796515
29629146
29703421
29572341
29687131
29680730
29709612
29668381
29593173
29600325
29699369
29608060
29826062
29462192
29483964
29419424
29404949
29424760
29437380
29259198
29253784
29496541
29487803
29231101
29374234
29392450
29344729
29503676
29247240
29478257
29239942
29471802
29357003
29177658
29117998
28771792
28983721
28996041
28881645
29201068
28891130
28734546
28754695
29219670
29127358
28745160
29186527
29156269
29090199
29084163
28876352
29144595
28764240
25156570
28719711
28635134
28675024
28431374
28213862
28219862
25495491
25335252
28694851
28208257
28627059
25330253
28613407
25326973
25322731
25161878
28685046
25153044
25491508
17268763
18916219
17112205
17032001
16903214
16898629
19211089
18948331
17034348
17989481
16894248
17155837
16817155
16812339
17158041
16629301
18141101
25149396
18008130
16626868
16622823
16365638
16234762
16264577
15998841
16140230
16478927
16484214
16618386
16099268
16145446
16105152
16109973
16261915
15993072
16186870
16054176
16361732
16181319
16118209
15559949
15662976
15803706
15838724
15651302
15900365
15478279
15733425
15656985
15553451
15437844
15718292
15641205
15833623
15905322
15646696
15556361
15727510
15812099
15721574
15105606
15242136
15016779
14996211
15245732
15060042
15193101
15238398
15230394
15224505
15143223
15137080
15117820
15213832
15206304
15431992
15187890
15273141
15219836
15110249
14264214
14974183
14407674
14986287
14401630
14268035
14800069
14774625
14418265
14290304
14865707
14981708
14805068
14297133
14978435
14423721
14792535
14991082
14293103
14272837
14113257
14097618
13793084
14092480
14237964
14242498
14017846
14109172
14015568
14008621
13980945
13970609
13799061
13766904
14076815
14229937
13968917
13985138
13771629
14102383
13607546
13591838
13576284
13227143
13639236
13625125
13482867
13644857
13488002
13251960
13601811
13585438
13565230
13598290
13632522
13476283
13651154
13204880
13224132
13762599
12616542
13091973
12942666
13064526
12920303
12915165
13085182
12928808
12925318
13088706
12908896
13109445
13076953
12948693
12938586
13095441
12623084
13070917
12933488
12728771
