1143116432
1159112158
1151976309
1158997573
1143077327
1156912079
1156708307
1156213085
1151713294
1195214991
1156311096
1156570517
1152045813
1151889863
1156796289
1157043400
1159331909
1159390683
1156465550
1156618966
1140609344
1142993937
1139611684
1142755676
1142573520
1141127762
1141021524
1140782481
1142835954
1139742073
1141200873
1140415958
1141081027
1140707019
1139653512
1142905735
1140842057
1142637493
1140959764
1139481408
1127031027
1138610291
1123166343
1123015575
1128456328
1123379170
1120354688
1126940297
1120172255
1119705739
1122830631
1119575007
1123275521
1128385373
1138533421
1122622889
1120325118
1112301003
1119809245
1122507882
1107338621
1101604835
1107226081
1109561261
1106958688
1103118395
1101237785
1098760647
1112246929
1108997693
1101499524
1098848093
1098927369
1099034152
1101388253
1098569587
1101105329
1098668382
1099875951
1095011595
1070930457
1066990651
1094246249
1078656854
1078281707
1077848438
1078154419
1094344350
1083883967
1077945184
1075680849
1073537268
1080447119
1094579995
1078472782
1078346025
1073700264
1066630314
1078023764
1078076195
1055941318
1063649358
1056314902
1055655956
1062809630
1062951807
1065530279
1057064203
1056990969
1055349636
1065646862
1063581625
1066476964
1064468174
1056186440
1063040084
1055796994
1063726549
1056953883
1057123227
1049944498
1055257042
1049268845
1051748286
1051532666
1051015075
1050935732
1053725433
1051233767
1055219243
1055136132
1050782525
1049869060
1049176383
1051100612
1050011384
1051349847
1051728369
1055063196
1055013582
1049067239
1037805054
1047780769
1047692114
1039875236
1035998148
1047858471
1035905355
1035852850
1037721527
1039999375
1038036779
1036059241
1037967518
1037891759
1036120243
1047994028
1048042229
1040116395
1047921093
1032702315
1031307470
1022602834
1031193087
1035340346
1033950388
1027934345
1027857575
1033909496
1027799100
1035764353
1034139788
1033359395
1035484664
1031252687
1031091573
1031040128
1034199664
1031366908
1023450224
1021589251
1022356265
1011070688
1012235606
1011002004
1018417143
1022282037
1020637493
1018503971
1020546068
1020969260
1017180134
1010899593
1021513853
1009918940
1022469233
1012407774
1010830769
1020432952
1009820455
1009418116
1008698863
1007256226
1008316856
1006672955
1009645088
1009524906
1008675468
1007395021
1006745790
1006121771
1007331676
1007134463
1008462081
1008544544
1008194596
1007201045
1007300188
1009340170
1008611732
1003278211
1001189767
1005348630
1005872693
1005691549
1000438290
1003173093
1006018843
1005242686
1003340698
1002066616
1000522895
1005455542
1005289399
1001710340
1001291013
1003515743
1003419232
1005948113
1000583832
988627096
990393772
983873723
983360032
983293653
988465489
983183000
984347499
983094909
984030993
988827031
983950442
999552691
999422356
999379542
1000363112
983421710
988883422
988941655
988752922
977184157
978746267
977131594
978843164
977084294
975392907
975388382
975311199
975268452
978961264
982956796
976218399
975346679
982393529
978265564
979015802
982298124
982613303
978908689
976315498
974422482
972239821
974509406
970382788
974966967
973118348
973971550
975229471
970968384
973023845
974590153
974240348
974865776
974022330
974147770
974716415
974342229
974080867
972304787
970277793
963724983
966373311
965444461
964353061
963988708
963515096
963391970
966492497
965510206
970121950
963433906
966587636
970210166
964233978
963766947
963322002
962093308
962021405
964119127
963890140
960466285
961862933
961667537
960386500
959150143
960795410
959123496
960896862
961609519
960567986
960256057
959831802
961747476
961942153
960646643
960178222
960090005
959222011
959192532
960860631
946501483
959062856
958765220
947757278
947564407
946579420
958236621
958863143
948536552
956042995
948454081
946656323
948401858
946724362
948335901
948233282
958163092
947682633
958970947
947621676
938004246
942563025
937333454
945709472
937569250
942663179
945814746
946148244
946277531
942451921
945922858
946397046
937230333
942734331
945661832
937706802
937641072
937943933
944832589
942931980
934581929
936454511
933715834
933919304
933460566
936594858
932877588
933062686
934669793
936513587
933777712
932953432
937143416
935767153
933852548
933368596
936854319
936952765
936744763
936680249
918985360
917742872
918759386
919040967
919117951
922627143
932637620
918883288
918548103
932794754
918591674
932478874
917957891
932456576
932709897
919237523
918657507
919354248
918808313
917847946
916934674
916817924
916066616
915679973
914009837
916997951
913836228
917092903
915918890
913129591
914085713
915580558
913075354
916730654
916763752
915641136
913912224
916871300
915987354
913175808
871986569
874075250
912859809
872775800
884974683
912973980
874009761
872696978
912927306
872855242
873940992
872807987
872031560
873790644
913006533
889559991
888987487
885055099
873736986
871916406
871632007
871686458
870842071
870781177
870157287
869223902
869090877
870196344
868753143
870131275
871661578
869253584
871843230
871778791
869006926
868842133
871718509
868916041
871895414
869151179
858272330
859333466
859132421
860088534
868542583
861314833
860784788
868651087
860852664
868595766
860046125
859221357
856117773
858314478
856290467
860701695
856166138
856250039
868699361
859994660
834814830
834741243
845589156
844280966
846296304
855444111
843785087
855294194
848189288
846376186
844939667
843991232
843914578
855107611
855223360
855161526
844065486
855366410
855081294
855037867
832608807
832348712
832809477
832968421
832322417
831413824
831094504
834666371
832905295
831021496
832676063
831282562
831197868
833034711
832251800
832422611
832381115
832297077
831355319
832753953
830781303
807281892
810842782
830738589
830641756
810676683
830899629
811168838
830672795
811004408
810777624
811107312
810421128
810907894
830968857
830849623
810576785
808297386
807357228
810514973
775000184
765484066
765935151
764248239
763854894
807073653
765928952
779807327
774823611
779948177
764075878
765260052
763953506
765335754
774849244
764122829
765584336
764226041
763769352
807218226
762492156
762054904
762002130
750156064
762240951
750537653
762401725
762355873
762467002
763514558
762296549
750025567
749927307
750111746
762425774
750452641
749987976
749851385
762184693
749808432
744287428
747640526
744604872
744532752
744092356
743938353
743963186
746823668
747685926
745321098
744139357
744039188
748754709
744338502
746956872
746692357
747982282
744396519
746894367
746763426
743131062
743211637
742757133
743650195
743612443
743356869
743001445
714979565
743296018
743680399
743598498
742815537
743623259
714905569
742925730
743051916
742688165
742606194
714789075
714855410
713022223
691060985
683689782
692044224
690894510
714717113
683782650
690730355
713492313
713580182
712967078
713077241
684017244
684084787
692037052
714158226
713136105
711609537
691899753
683949082
679704710
679618841
679789578
683497569
682429378
681915018
679501763
682358976
683300315
683047896
679148319
683374616
683166821
679197137
682471567
683103643
681999237
680003044
683182632
679248703
675952820
679097684
677204333
677738476
674691310
677278880
676541540
678360536
678213665
676644786
679035691
676600099
678060154
678985939
675352225
676481620
677895646
677456941
677135756
674102564
671951981
671238166
673702837
671920844
673623750
673543493
670597295
671381341
671344584
670427108
670673172
670368469
672113480
670747067
672164886
670517218
673999962
671288588
669784390
672243585
664587723
661682896
659388460
661575925
659497324
659296872
669679481
666799386
666863251
669734050
669705939
659697101
659610947
659136451
664481887
665328851
659101081
669045179
665135978
659241899
654875605
654604915
656043103
657613550
657664188
658281560
657573706
656233448
654738421
655903999
656430804
655810123
655867841
656356884
658613029
657709445
658581166
656004013
658007063
658365062
654337431
648005989
652617900
647206770
647481720
652539403
647340526
652450181
647400295
646521801
645780776
647162208
654560051
654474946
646481325
646451642
652361991
646131183
654435949
646185006
637329841
636899493
636800843
636620374
644438163
635871398
644492808
636687185
637886079
637620547
636752990
637235828
644428979
644047819
645710302
644412432
644130787
644088750
637544497
637934646
634791727
630620086
630726602
633837004
634925341
630471787
635772748
635121183
634844021
633369571
634725392
630853066
633893986
632328896
635022012
633327968
633709032
635482920
633651432
633777302
610245770
629682537
626689043
623335383
626570422
629615104
627481479
627375202
610138209
623366527
610049768
627555422
610363820
629739997
629546622
627531808
627445326
610415230
626621069
629504746
600199427
601820928
600841581
609648354
609767292
609988640
600936052
600295680
600153455
602413175
601011397
609704255
599518615
602447961
609887033
600249626
608845323
600418031
601747729
600355608
598921679
597697195
598095808
595187618
597818080
595587392
595348458
599421057
597630604
599219900
598861394
597764122
598797757
593210743
598995669
598178830
598023729
595275129
599160533
598744783
591837762
592260327
591433046
590386847
590320439
590855298
590822757
591299282
588824256
585979261
592766106
592168421
591737947
589157786
593051940
592194310
592220560
583308652
585750944
592721207
581196029
578799900
580254626
577107853
580174305
581147040
581229809
577046873
581328946
581997669
580607270
576156290
578724620
581112888
577274554
577216554
576371885
577166281
579076110
581397504
573628700
571798365
569898863
569855172
569926659
569833047
573568907
571998248
572617013
571856865
569793907
569763702
572252212
576078780
576000847
569826387
570527545
569870311
572069092
571915319
567649348
568261999
567530685
567081398
569607667
566512712
569168280
567570455
568980322
568219595
567112369
566987770
568139007
566458125
565642279
565580729
569117898
566641435
569503564
567018954
564596189
563901784
565228228
563879092
565311937
564691466
564081178
565514095
565168589
564616513
564108503
563999328
563893511
564991307
563245211
565090337
564148084
565433628
564175142
563726671
561561814
563204034
559453597
559045655
558113809
559367005
562318121
561691076
560697652
560652094
559096716
558435090
558205722
562250678
559841899
562216616
561526753
563044136
563134101
561746253
556552865
556425608
558031765
551791660
556812240
556622200
552462806
556466498
553191064
556881316
553371992
556515897
553317626
552505498
556377076
552406162
556751183
551737402
553253357
557981195
550255326
550745799
550540091
550329761
549189978
550228450
549707073
550415622
550863992
549637335
550964932
549243444
549300177
550377754
549367624
550796169
549780240
549146832
549110669
551690438
547795677
547762024
547707750
547610155
547898704
547535471
547509021
548035377
547212421
547127076
547556025
547662454
547587318
547061054
547940473
547636175
548408676
549056734
547977996
547854180
546816563
546568301
546528736
546618229
546471291
541342302
546297639
546442195
546371397
546341232
547034286
545375528
541932014
546409657
541970454
546996571
546726583
545299427
545227920
546673094
539225513
539306661
539351295
539160088
538373181
534144706
540909706
539263041
539191137
534076595
539398090
540983153
538321220
538615658
538211167
538680953
540845752
539462608
538254912
540779495
532847823
532155467
533828714
532398631
533790361
533910812
533016922
533656366
532348928
532901939
531825637
531797342
532497327
532196583
533738398
534002197
531863815
531846862
532253811
531762743
529750504
528576694
528690810
528807182
531704877
529015672
528745821
530766355
529552458
528940015
529647693
528878386
529076795
531671946
531070800
531738326
530979546
531624768
530701305
528628339
527343530
526570237
525895653
527253265
527198870
524398316
528538464
525882737
524229823
528000457
527925840
526486395
528493662
528042591
527657351
524339302
526019852
525952105
527388900
527296789
522161646
521918703
522002154
519456013
518626169
517945737
522305542
517754954
522082512
521845971
517198264
524150775
517987450
519192450
517850386
517075961
517329714
519433080
524084180
519403715
516708039
515175477
515006246
513982632
515547019
514231543
513695442
514212814
513776307
515236817
515737314
515664437
515096239
513655584
515057192
515157302
514073618
514933518
514160527
513608365
512574626
512245061
512749098
512864092
513068486
510061492
509958888
507873102
507638313
507767785
512261462
508125684
512350819
503938666
512276619
507683364
503790642
509888896
507824155
507726760
501370685
499854486
499821804
499805192
499538643
501106256
500874766
499656886
500176011
499419585
500968938
503642444
500831059
499376830
501454836
499618448
499487875
500925290
500109730
501034564
498057343
498399845
491411473
498249269
498451101
491332396
498809834
498645330
499352178
499294057
498175740
498600825
498336753
497900814
498705678
498506682
497968091
491568954
497850240
498129879
488261139
490979848
490052011
489514517
488616307
489967202
488677154
488013398
491017019
491245679
490063764
490058756
489978495
490916335
491176330
491031065
489896289
489581314
488164902
488019810
487610368
486475976
487017417
487932817
487884771
486937689
487113468
487775522
487604307
486578787
487201260
486877251
487816329
487857467
487641308
486817582
488007373
487972968
487574331
486531110
484897346
486299492
485568782
485517631
484728762
486423744
484851492
485026164
484686814
484793968
484786595
485461862
484978342
486382866
484697071
484653285
484183546
483984047
485349374
486340291
483704131
481993754
479825300
479750194
481879694
483926031
480978780
479847716
483505159
479858131
483444170
483621640
480588107
480537596
483553483
480637191
480697824
483915539
481916758
480921620
479258657
479518541
479599417
478254247
478113561
479645944
478428970
477828460
479389164
479290831
478209019
479462484
477971798
477882284
479343202
478494647
477805737
478318114
478030086
478035943
476587425
477266579
476467219
477100614
476362870
476896962
476030008
476750486
477150928
476058446
476403913
476325641
476818815
477169922
477206743
477317613
476510984
476933334
477757422
476550915
472645603
476003458
475297272
472163454
475598855
475308125
475289296
472384916
472313089
475644942
475040339
475322205
475705770
472640317
475141458
475203238
475946804
475254801
472256260
472203419
472080638
468868048
469044721
468810534
471459967
469833184
468428046
472042381
468550652
469673210
469545271
468472795
472118329
469627467
468728931
469004285
469978547
469902826
472018987
469589016
466339692
466549919
466508302
467920930
466176034
466236108
467153716
466463434
467213625
466445681
467977207
468340450
467849741
466288398
467955537
467589796
468391749
467478189
467885863
467109944
466085768
463446763
466009112
464161554
462886977
463071979
463317104
463251436
465840396
465724149
465666868
463415961
463381327
464210648
462975611
462828653
465677711
464118163
462945964
465771822
461446931
461637437
460543522
461749154
461541998
461866604
462703631
460347914
462017607
462048898
460260591
462746788
462091002
461827295
462824504
460672852
460493028
460175224
460436305
461588452
455892256
457890549
457773371
458057495
457688508
456019633
460126469
455953742
456399731
457487540
457819856
456450317
455821469
456336433
457421607
457578409
460064064
456275272
456239417
455744972
446441649
440695733
445779531
445805332
445700358
446505139
455671137
440031698
446562201
440639460
445882165
455616350
440726994
445647898
445575544
446573344
445490407
445277590
445187515
440169567
439630622
438251633
438271103
436950930
439617191
438203540
437035668
437616621
437492290
439734627
438956514
438332585
438148774
438561226
437257589
439921370
437112642
438922013
439818015
437423132
433562675
433394091
432380295
433637054
435296481
436710224
435447245
436867267
431886723
435214276
436014160
435678652
435985869
433494648
433445345
436801147
435386252
435892919
435843083
432146989
430873550
429335593
429291143
428522497
429196799
431838591
429241090
429610551
430593542
429110441
429067559
430542569
428996790
430636176
428582070
428504173
429672400
429160015
430807244
429032605
422725780
426439304
422882150
422786217
427773566
426230760
422700836
427865059
428429836
426289970
428277951
427649248
427600383
426124819
427730197
428421263
428114544
426351542
426186719
425167311
422430394
420345548
417736344
417766956
417641394
420539516
420826540
417678819
417721663
422183004
422542618
420745717
422621594
420250405
422260437
422088689
420418803
417813287
417599469
422347809
415311799
411825764
416669435
415425062
415348507
410874847
417513518
410808055
415769388
415568510
410566021
415721153
416630265
415447305
410677311
415917517
415499184
415865536
416586517
415387599
408431027
409152589
409269684
408158568
409550124
410514735
408103885
408650931
409646633
408517535
408266352
408703324
409701819
408229815
409234398
408201609
409186955
408168098
408130034
407681261
407668677
406646376
402894864
406576862
405095680
406650440
407247314
406182458
406295066
407164529
407205900
406027474
406070795
406594899
402942095
402929445
406503519
406218965
405919437
402735494
402671774
402563955
402513157
399017802
402347264
401444981
401404456
401323825
401615447
401354206
402311887
402467951
402425387
401578443
401510751
397799856
401285225
402388437
401668092
399077794
384812592
397588362
388058595
397546939
397747784
397409070
384662056
386418643
383678037
383538044
388170330
397636078
384595659
387958506
386547505
383712393
383632171
397676530
384950836
383492685
382397062
380223436
380793524
381433234
380284496
380162469
382440856
382066046
381390300
381119493
381054670
380836959
382516084
383223089
382506635
382105594
381469806
380755447
380098792
382018663
379549104
379205768
378790569
379831674
378880834
379621228
379070677
375926243
378662800
376334191
376003400
379698247
375009316
378731078
375074346
379578931
379751057
379141980
376286586
376083851
373877073
373418603
373756783
372727303
372041300
373808502
373355285
373278769
372767614
372557666
374835240
372626919
372611853
372287945
373706508
374656729
373922636
373593033
372360626
372071812
363383672
371996565
365591379
366922095
370146121
371622392
371462309
371113764
370365476
371007651
365560837
371377972
367048942
366826720
371611913
370820639
370890704
363457126
370918182
363846898
363087038
362387343
363129658
363091996
362458172
363306778
362177022
362088995
361136181
361031587
362636356
361987326
362124003
362697508
358338948
362034759
361248764
363173692
362502692
362406719
357862358
349449584
349352561
352863524
357928931
356294872
357036555
357967579
357405396
352245776
358171808
358295486
357897031
357360534
352160496
349252619
348392842
352893672
349303411
356205395
348140659
346864841
348040986
345892242
345813309
345860361
346938960
346911379
345761227
346968406
346053738
346886471
346111177
346448174
346401446
345778467
346007937
348003886
345945579
348087990
344588029
344806505
344747960
345723237
344570568
344217325
344627829
344540203
344184645
344704740
343664650
344791891
344649184
344667805
345689691
343629224
344542948
343567443
343516351
345677419
343415568
343473610
340714568
337441282
337603378
337558114
340664386
340635430
339940880
337512432
337465661
340691801
340918644
337788818
337714492
337684542
337633089
339986698
337422682
339895330
336789671
336456978
336102393
336035387
335732371
336076988
336054386
336795248
335657833
336487495
335664865
336375137
336527011
336428581
336001270
336568975
335839165
337399162
335786929
335600062
331425149
330402269
331236879
329816349
329117464
330259764
331210948
330338852
329154391
331626829
331695082
329798235
330294560
331383984
331740532
329086768
331467070
330406591
331545526
329833593
329053498
328138155
313169470
312466679
328242583
317010108
316940135
315403642
312413716
312176022
328186755
328335501
328290775
316637293
312519696
316980646
312409058
306367856
327949928
312132281
301957457
298353075
305420363
301888746
304877564
305598048
298893619
298075074
305523172
304853311
301850562
296855143
298070405
298059477
296479130
304485125
305383759
296882388
298149929
305466661
291422125
291239912
291097523
290997685
295826682
295872476
291043402
296429105
293301112
295961891
296393550
293410604
293473937
293524782
293360450
291484706
293585412
293834875
291153626
295974868
288819429
290650787
288684309
288915047
290622062
290584087
290222889
288643663
288621292
290946777
290373937
290410000
290562254
290474301
290323233
290283190
288848690
288730333
290438594
288774545
284440539
285122773
288524344
288501451
285117750
284523479
283034746
284177402
282936116
284357291
282973645
283125267
283086290
285157205
284488817
288572643
285196764
281900610
281864663
284400704
276934480
277315184
276059535
281763256
281787549
276169775
276202507
281820231
277067311
276052930
276917645
276100245
276913708
276885987
277047498
276946994
281857702
277278617
276147909
276016726
263385734
275953233
263639362
264450476
263557879
262509769
262392411
275971929
263657611
263429901
266896041
262357611
253953747
264412165
262483445
262604402
267852851
263525880
262632112
253910342
249764941
250554716
250585479
252640929
252657494
252647388
252255169
252237372
249860489
249807927
248832670
248326209
252665200
252587459
249916212
251101519
251047817
249942542
253990925
253860931
245477872
247257739
246357329
245648773
247291673
246915877
245731132
245572845
243681608
248289470
246351766
246242357
248210594
248146343
246892496
246334323
248258846
246310732
245677845
248098993
243735840
239376754
235673358
239006691
239050957
239784683
238836363
239456032
235719134
239815845
239631383
238883486
239525811
238960917
238756679
239426562
238926870
238792747
236610623
236576843
232252902
231786967
231817172
232229084
232357056
231769469
231172039
231146756
232305793
234902712
233064229
233032511
232423998
231613433
234846283
232284918
233119833
233084438
232333076
231867482
230328431
230968648
230236111
230173006
230082162
229887751
231106993
230370178
229855032
229948860
231009038
230400957
229971557
229938774
229650565
229851973
230018956
230133338
229935928
229836261
229579943
228102950
228709679
228334656
229447790
229618751
228868357
228140344
229205052
228832240
229183438
228745663
229489731
229332766
228666774
229178039
228798375
229533310
229124962
229155090
221160070
226281682
227545008
228035024
226462154
228069471
226566973
226577440
226802765
227984211
226822185
226824387
226475401
228007886
227616693
226632456
227591639
227571334
226605768
227640026
217129298
217887691
221114094
220395745
217002846
216634863
217725525
217161166
216901335
220954235
221046497
220353641
220280502
216919430
220900242
217403996
217805452
217074174
220852194
217759110
216304645
215384050
216247750
214981850
216607467
216358622
216586798
216600792
216077392
216206202
214906123
216100330
216403545
216125896
216621305
216181699
216021242
216152101
215201578
216045832
211078746
212586398
211260131
211136841
214795157
214619043
214585470
212133839
211994245
211225379
211194397
211095416
210606815
214536427
211118233
212599178
211967124
211940910
214691897
211424414
210540734
210178251
209137357
208262524
210164288
210141116
209718398
209691714
210157387
210221089
210512399
209662639
210190866
209038739
210431718
208892270
210204730
210409212
209785293
208952085
206241906
204332732
204902960
204143317
208178145
206383702
204827695
206221864
204797418
207257689
205196854
204322121
205805861
205204754
207005732
205714115
205231378
204859882
206266017
204282836
200232906
201043778
200175493
199540270
199586397
200259807
201011314
199394984
202176054
200298949
199858306
199913072
201126086
199644817
200138787
200117195
202186832
200196041
200154767
199885773
197094174
195166313
199384623
195784299
190702543
199369209
198856458
195757737
195223100
195192192
195307821
190748069
190140119
190121877
190088659
190729176
197068562
195257983
190105073
195361359
182973232
182776465
183564119
189845961
189261459
189756605
190067556
183009310
182957822
189829265
184588961
189532189
183476813
189467533
182985781
183922473
183502602
182814248
189644875
189494345
179548620
180229285
182350715
179607232
181918854
180187018
180903874
179572385
181956305
180974123
180939639
181041080
180876086
180804733
180791360
180773306
180825874
180851028
182746980
180206076
175445987
179458550
174505175
175461131
170376557
178345933
178215156
176117886
174597897
173050089
173832943
178048340
172970439
174427674
174387217
173097303
177805656
174248780
178088287
174637793
166430737
167113786
164935783
164969917
166398196
162811892
170362136
169477067
169783404
164827394
162761118
162841541
169508101
167164951
169421797
165337611
165301129
164880747
164799490
167075601
158499771
162634849
159625852
162564101
161830447
159123028
158065103
162674079
161874512
158045064
162083844
161986566
162141342
158246035
158027282
161933113
162113888
162034740
158573837
158530258
157545129
156921095
156961297
156883282
154178683
154216806
157224400
153755655
157624493
158004737
154133950
153104378
153772067
153147077
157214480
157018957
158009421
157583263
153745183
157391624
151676448
153049529
153030458
152446494
153063640
149353964
152507124
147807106
153075875
147768491
147785118
152466991
152347457
148078804
149644745
152333519
147794822
148112076
153038482
151874304
143068401
147731031
143045489
141841409
143238225
143058328
143216305
143024376
147751736
141808343
143079485
147451142
142507811
141827318
142492147
142983820
147746697
141563272
141533612
141794011
137819746
137835512
141200501
137407386
137909553
141234747
137357476
137162697
138038970
137887917
137951142
137857685
137417855
137974275
137873329
137937619
137239449
138008786
137209142
141207851
136809868
136279745
135860970
136776337
136389725
136548974
136602428
137105016
135906523
135819191
137139545
136444653
136304576
136330296
136364578
136680571
135973710
132341952
132317362
132000150
131190267
131700791
129545598
129526686
131582915
131718470
131046053
131608966
131714397
131550455
131069099
131941088
131123374
131913767
131825949
131163610
130132490
131899941
131750155
131662465
124210961
123890440
125234389
125525847
129266632
129512391
125284245
128533838
125034596
125012312
124237137
129218818
123912298
128432934
123934950
129128130
125548077
125486981
129153415
128507447
122530391
123342801
123393697
122639874
122511027
123521220
122583846
122711223
122668241
119783495
123433104
122745626
123012599
122610976
123770039
122558481
123357916
119823589
123045204
123553823
117800359
116793941
119264746
117047494
119651185
116749387
116715984
117889271
117902664
119714617
116649907
119678324
117062297
117824580
116930924
117026300
116871547
116676519
119230193
119177565
113148517
113517765
113672703
112605601
113189046
112631322
112564790
116590064
116542581
116520544
112846012
112819931
116568116
113070649
113484761
116622273
113110539
112834707
112804448
112392359
111487871
111515463
111805052
111582649
112199637
112236800
111868612
111466203
112217475
111611814
111534552
112259903
112283386
111717421
112366309
111656865
111441896
111425757
112307484
112337179
106460956
106444158
106296184
106232932
107731282
107272988
106404680
107026642
107890951
106968957
107706769
107803989
106369830
106901145
106263698
106339677
107678408
107756154
107644462
106928974
106068731
106040863
106199449
106156280
104149178
101439532
104113022
101604002
106119316
101211734
106091244
101627187
101455338
101414183
101469289
101554794
101497061
101527076
101402647
106020558
100586839
100894819
100963959
100828913
100496647
100617187
100603950
100850178
101045675
100867977
100917043
100992575
101163598
100552259
101021932
100521573
101074604
101094852
100938943
101179029
100315935
81900463
81688142
100244342
100418754
99837976
100464210
100344795
99795450
84774983
100366128
84706215
84837936
81871651
100216920
84816319
99872381
84737580
100279895
99825088
80658460
78963046
81488385
80980712
80349694
79525995
80678122
80465882
81559246
80434796
79506453
81509699
80313624
80958732
79142078
79121724
80260748
80339645
79567475
80453354
76934308
77565520
77226833
77047779
77013657
77195522
77094708
76996022
77187806
77245199
78058498
77487943
77032362
77522829
78116882
76915911
76967362
76952540
78936324
76933022
76271580
75984990
76903129
76246668
76004020
76064522
75926971
76890631
76030909
76885367
75947652
74389048
75813410
76175646
76914118
75803650
76262065
76235644
75963033
75913775
69537154
73903446
69394202
74010745
73954726
69885291
69738758
69727871
69454707
73929833
69573173
74052269
74034029
69749937
69476058
73551111
73534607
73485045
69558355
73445227
69032869
68922764
68867715
69008014
68990390
68941007
69338072
69258187
69367562
69146772
69311221
69084195
69327111
69051547
68869827
69067717
68963473
69119624
68889314
69270028
67508946
67362227
67410236
68510135
68406307
68388735
67660377
67478501
67381615
68673835
68667138
68556453
68438738
68427763
68370807
68578419
68532440
68849458
67390579
67112954
66490572
63513362
66463530
66187154
65835223
67088820
65663363
65845566
63136830
65320972
66399827
66536697
65234838
65851017
63186019
65252254
63528590
63490319
65638672
63172192
63086739
63124551
63010281
62623729
63051747
62608826
63065862
62974043
62571485
62994296
62961013
62949325
62733982
62639299
62593392
62986524
62759571
63001144
63107543
62583039
62562829
61744623
61920270
62255426
62340478
62306734
62283591
62455935
61720542
62239137
62216386
62195567
61862852
61845764
61794938
61691856
62170445
62272217
62210865
61704057
57379396
61529405
58825254
61538001
61568025
59745912
61666091
61646924
61515210
59632379
59573516
58806208
61654267
61556856
59600438
59716589
59589508
61678192
61547150
58783186
56544581
56989098
57010050
56332546
56257975
56280986
56399838
56364653
56480036
56440367
56422288
56460617
56282955
56350515
56321671
56292286
56502967
56384921
56310609
56304443
55012915
56003449
56013421
53733166
55273422
56251830
55121229
53677155
53780877
55113938
55038242
55062787
55002023
53763941
53656077
55553211
55096126
55024896
53638261
53321802
51953632
51091525
51006772
51068927
50522758
50728799
51036146
51917320
50529651
53296973
51021009
53206086
51107024
53254314
53187152
50685345
50533941
51936921
50718287
50674072
48066318
47977635
47956089
50168926
48078383
50514705
48012868
49814765
50504807
50245034
50155147
49910186
49856957
49846473
49878503
49835418
48000804
47972763
49826845
49897572
45745945
45656841
45849860
45627512
45875313
45889463
45739114
45754381
45736781
45682755
45648083
45587489
45903892
45670772
45602485
45590654
46130318
45730467
45616312
45862294
45349128
45482705
45336461
45310915
45470460
45329599
45570304
45316063
45325751
45462340
45347008
45304885
45477484
45448667
45403564
45490854
45358088
45364389
45576183
45563649
44248762
44450684
45134319
44274665
44293949
44303051
45293892
45167137
44218597
44240385
44200048
44163074
44256590
44287688
44437861
44486934
44422884
44267225
45152412
44282291
44127582
44138993
44008802
40329661
43911503
44115264
44001282
43991299
43920414
43975443
41442063
43966682
44144286
44155521
43944881
42495564
43981928
40338314
42482594
43933044
37107482
37623177
36276467
37626434
36106331
36084100
37578738
40322332
37629117
37590330
37103486
37633163
37584550
37347063
36284486
36109585
37350093
37113046
36079393
37353672
34302339
34182924
33662397
33649103
34326715
33663109
36054225
33655732
35900932
34188862
34079249
35833802
35411202
35897071
33670519
36062297
35878290
35874445
34193836
35840842
33384502
33187887
33527715
33519829
33304909
33129223
33200634
33324244
33174806
33114969
33308525
33141993
33530028
33356635
33193565
33164174
33208462
33371594
33646379
33334657
32346718
32665313
32459817
32432834
32854351
33108209
32354207
32866840
32421884
32381451
33117629
32883715
32468387
32912196
32933967
32447696
32366411
32407138
32391448
32920616
31967174
32140485
32210699
32142738
32245937
32241209
32200569
32233655
32220201
32225637
32153989
32114692
31977432
32188977
31983955
31957561
32130403
32337321
32218135
32215765
31904769
31895460
31838207
31917539
31670855
31950660
31927296
31695286
31733047
31741821
31690276
31684965
31859160
31654998
31723376
31628364
31612914
31675822
31618421
31709151
30722133
30322756
31580593
31595323
31603462
30756491
31030412
30965538
30333893
30953522
30327794
30707948
31583732
30975677
31019869
30991212
30738287
31011676
31001183
30750779
30275399
30249270
30302754
30242039
28856335
28613455
30283130
30263558
28661342
28602504
28645931
28625256
28619631
30313389
28653093
30266877
28750778
28641046
28633504
30293083
28224763
28297264
28212667
28211191
28053703
28003452
28100217
28304134
28219114
28287825
28478151
28322273
28107667
28022661
28312405
28012403
28204665
28117234
28485164
28471761
