865828194
873141284
866361442
858483773
854845678
912483702
918319026
912444090
918236750
897393159
860372437
865766558
858501393
854900324
1191482375
852608264
1191542049
897339700
918196911
912336738
850834405
841399615
841668205
850994163
841621896
850925665
851069719
848896753
850955321
847148194
851042750
851119726
845288486
845271769
848924537
848956061
843496203
832144845
847187512
848833757
826479633
826328999
826420426
826071756
828314152
825961241
826516973
825824913
815706200
826225087
813638423
828394743
815511307
820863569
832108460
817499380
828373409
817427540
828505286
815781806
704847415
736341707
706871391
700900073
811649985
730092388
700936691
812844068
700942332
812629866
702831475
706730447
706694236
736505585
811594225
736453524
730042232
702772499
702812180
730151415
700760267
690307141
700776921
700709252
700560528
695035610
690162331
700816018
690086268
692285192
690218023
692654192
700860823
693053166
688162412
692688439
693111793
688131151
686283403
694923681
678982200
682677750
679143052
677097708
676840561
680786853
676868515
684375272
676704126
680815107
680661371
679025314
678838324
678737730
678932301
676990374
674966067
678812238
677034924
680354307
673237715
671501929
669714552
669336295
666336419
673139277
667859287
674931317
671539463
669792851
666193231
668237738
666248876
669752533
669884506
669960626
673188351
669677393
667910006
666298939
665868628
655529150
655561786
658850376
658783303
655390923
653769707
653584435
660486176
653720095
653413614
666133274
653651290
640422298
655424185
653682930
643381660
663880638
655513529
660468370
638320078
636336915
636049967
638281254
636538814
624574991
631559274
623291253
626193172
624717063
633148789
625838067
631590503
624638079
626224948
623337404
633212731
640143598
636620595
624605015
620420169
613232583
623245039
612325080
621775130
615241741
621813282
622831077
613283641
623135517
620384569
622745002
613680219
615113127
613721022
623112496
621847770
612329139
620321296
623165898
599816543
605320744
602756768
612231127
602567586
605122512
612291469
611795185
602724112
610547122
604160499
603973967
599848120
610869747
609404152
605214759
605885918
599895570
599915609
604112826
597181367
597081374
596118656
593618014
598574794
591981002
590803958
596511775
596945506
597032344
593540445
591993841
596575400
596950830
598555536
596868226
590726989
596720148
586510520
596896727
586462278
573115791
570103461
566029332
566008809
570035413
573166205
565952853
581106646
575155721
573083571
566047741
581012361
573216241
566077232
571503562
565988457
570065243
580955854
573259028
564470465
558713407
558752040
557585223
557423898
564361997
557629646
564128506
564159673
557452971
556325321
564336085
555014661
558795400
560089294
556285975
565860448
554934246
564436099
565894319
551488532
543038469
541647318
542977239
539230333
540437772
554881903
532184356
548858806
540555743
543078769
539140328
528797089
532115337
535273380
539271606
532121207
548882215
535207490
543008635
523303828
527128160
523605314
525460417
523489427
523481798
523410440
528679777
527173285
525396348
525337668
523342877
525769351
524167687
525851655
523475670
527225466
523251722
521875770
521773122
513191997
521535612
513221022
513032550
515979809
513412251
521662894
511893266
513275000
513338291
513247599
518489902
513477828
521456951
519837222
513364500
513311546
509531206
519880948
518564031
503316824
508735177
507646332
502998976
500025290
499975917
508776932
503094525
503352641
499228505
507771288
503183970
500254491
508804848
507720422
507609191
503026314
503387471
503256457
503282885
497516017
495969219
490673378
489117348
492391408
490641143
490520437
499038200
492393407
490474817
492466066
492577948
492365279
490735051
494141255
492603816
490300329
489205571
497537673
492649577
487751289
476418645
487299634
479142608
487293728
481710512
479200151
479166980
476560096
476384081
487059967
486040415
476508889
479147227
480157610
487266382
487742562
487259321
476502333
476471842
468274156
476375327
468983402
469243786
469228405
471848656
469356569
469323347
469294257
469143997
468005075
466992801
474940848
476370323
475016511
468042346
468018657
467035215
467940148
466964515
465717312
466866155
464224687
465663818
459807194
456989822
459838677
465085092
465454019
465423868
459786144
457011789
465939932
465610365
465871442
462053482
462213054
456928740
466690782
464274800
453078871
455479600
453288848
453124133
456871696
456781378
456750721
455439737
455140697
455071559
455034043
454154907
454043697
453981909
456665576
454084268
453016135
453934376
456808230
456909733
452070079
450836964
450760952
451979537
450609386
450726121
450587855
450792758
452221819
452102176
452286230
452014006
450986317
452326029
452038209
451059160
450890211
451050508
450687768
451043276
445990681
450459953
449030887
450519467
449057949
450564052
450543910
449505636
450498727
449002015
448981737
447770315
447448573
449081805
447767992
446379273
446009701
445941099
447800423
449109991
441312235
439500717
444445314
436592539
441378988
436704302
436601279
439026731
440626706
441359103
437961283
437641831
439539976
445295623
445139816
437606437
439447418
445233701
439069153
439412322
436557273
436359798
435139233
436203801
434896966
433397963
431676893
431717463
436238698
431773496
436467163
436515154
434867756
431809480
435211704
432773746
435079927
432854935
431633763
432836114
428942131
428909544
431571201
427215877
431393690
431488760
428600099
427097415
431414718
430375850
427198631
427147863
431360490
430241476
431601308
429848524
429079984
428691700
430338895
430266002
424623789
424520854
424332731
423426988
425633334
427046998
425818498
425582315
421184587
424157359
424263327
424211197
422023780
426094925
426146245
421125875
421252849
421031268
421334180
425696211
418411750
419902141
420298217
417544625
419678691
420101245
419733660
418390658
419821483
418267045
416300712
419566655
420397387
416367199
418295087
417609372
420160796
417478467
419621107
417263416
415088739
415177112
413989143
415128755
415180648
415238675
414963832
416065465
414892110
413793354
414999021
414031446
415184410
415987194
416191460
415200236
416032902
413937337
414990313
413532868
404440946
408908065
408067311
400898165
406962909
404350687
405810343
407899417
404326263
399994157
401877562
403137056
405390383
404505420
401862301
400628934
399956193
408914393
404387141
406986785
398585074
398818186
398640453
399784230
397655913
399724695
397582542
398736965
399766688
399707444
399637303
399762294
399683399
399802103
398870924
399917437
397627829
397618236
397552153
399898099
395788177
397265453
395575905
397386962
397296838
395654643
397454027
395972795
397359216
397175927
397427814
397096565
396068145
396032965
395722529
395650331
395729005
395588756
395518740
394563205
393430499
394469387
393439029
390681349
394448531
394556838
390734280
390713592
393483793
393294879
390968821
393533981
390761734
390656016
393009721
394487277
390996958
390808338
393270281
394430245
385600721
385891704
389491978
390637010
389335690
385817320
383738210
381636923
389585308
381605002
389520202
389494235
389288450
389402938
389553865
389466396
389312102
389428541
383770137
382816687
379401870
378988998
378266759
377996669
379018618
379423950
377578107
381576776
378971841
379269212
380576024
380472296
381406670
380557619
380450498
380417902
380368069
380394626
381531298
380246032
366582216
361771080
374385781
371048567
361606114
364264858
377506636
374522131
373265088
361569747
357871787
370516511
363106502
366430097
361797040
365031953
366404368
376570525
376600636
370883707
349619963
347849076
352980431
352953083
357468081
357326741
353012205
350145981
357821640
352998616
350114068
350095199
349975468
357574017
349799957
347891316
353205071
357846495
353177560
357524884
333656845
343138968
340563063
333555716
347819934
343169400
343079904
333601958
347816688
347814546
340532611
345639058
347790654
334715231
347772755
334751610
341730173
333705922
344552832
336247274
332234272
333299686
333199415
333249250
332263271
330017038
332176173
329707309
327731627
327595982
327569429
327791685
327345239
326385291
330983967
333276633
330753145
330864439
327817402
327708724
324945505
321506534
322523081
324963139
319546254
321681482
318146924
321790087
321767420
322473193
321705734
319601348
326358932
318212465
321546373
321738497
320667522
318511734
321727757
320654452
300876040
316012075
316042067
299672521
300905004
298709503
299690599
302318899
318065403
317242581
314786177
312834547
307857886
300859144
299669279
318005598
301062409
315857557
299716307
299703869
292962265
278283513
277304411
297863809
296420569
296465947
282752827
282913469
282787750
296525519
285123020
285045680
277213023
298699251
297657915
296656484
296494249
282763575
280563237
282904295
264873609
264663309
274872895
265746771
277132143
264790443
274920302
265898958
262677111
277091294
274836889
264707143
265750895
265814884
261733637
264840863
275856231
275826367
277177508
265535633
257552303
254489026
261647240
257534789
260619584
256438794
260656842
261714091
256309210
261625835
260467133
259669874
260691243
260510284
261549777
260488727
257624040
254449676
261527746
261522323
253309813
254360570
253212720
254190047
254207070
252277226
251137746
251153722
253076604
254400418
253236408
254140518
252087219
251429810
254154721
253278069
253093172
250262376
254327099
254173472
249217465
249397288
247270664
247468123
247461139
248561018
247320984
249242474
248617849
247590740
247487257
245835020
245823143
249421931
249337134
249356693
247566782
249475138
246679937
249449652
244987703
242843765
243425543
244327678
244157932
244179768
244078386
243443059
243378288
244969256
245067501
243396166
243297265
244286189
244999033
243529818
242673893
244182767
242813642
242647308
241711863
242754624
239170983
239950062
239249655
238485559
240891527
240012043
239979425
242719479
240868233
240729691
239225802
240829234
239998945
241745696
238492541
240845592
238496985
240068815
235922736
235959731
238471677
238450751
236553152
237632703
235985687
237599244
235223859
236574462
237615430
235203459
236852556
236871640
235943621
237552341
237541569
236892699
237568800
238214949
233743036
235154893
234513446
233754893
234479616
235120646
234435085
235132302
233713851
234230910
235149336
233776497
235190834
235136276
232177722
233697315
233727896
235103536
232174167
234468749
231956994
230628748
232014270
231329165
231308352
229753629
232147387
232159441
230604773
231242573
229817319
232022293
230646724
229744769
231985376
229780407
231265715
231293277
231258237
229802674
228301526
226782596
229641819
229006037
228112444
228252279
227555466
229022961
227540315
227529996
228320406
228264599
227434433
229618690
228232502
228126407
229041948
228282147
227443592
228146528
225179411
225862117
225104386
226705346
226688496
226755221
226079878
225133905
225218615
226061104
225842877
225160950
226767129
226029272
225877910
225203683
226725134
225120476
225836170
225859030
223650519
222821028
223616405
222878133
222852942
224316192
224368472
222097950
222830541
224390556
224327599
223526764
224342281
222082582
221364100
222861201
224355765
221351374
222838932
224310804
221338992
220670026
220535179
219014139
218809058
219810941
219001383
220647985
218981762
218904939
220555519
219761901
220591774
220289788
218322671
220567438
218993995
220626041
220545158
219582977
215146143
218211357
218246400
217573884
218199958
218233149
218225105
217545382
216628632
215941601
215181268
216614499
216020804
215957882
215924024
217592686
215818729
215968613
215990199
215154268
214205429
214182643
211750192
211725135
214302893
211805298
214330397
214170278
213445498
214138531
211786123
215113225
214356315
213427000
211763205
213473607
214158068
213493400
213435245
214271067
210167048
210973495
211643398
209505997
209452168
209480331
210955374
210242043
209460847
210222760
211051531
210960749
210137521
211708192
209533676
210185160
210875670
210224583
209550539
211034963
209242542
209418104
206910426
208514202
207749391
207608749
208535498
207594878
209346478
209289383
206993592
209402037
208302246
208569770
207644940
207629753
207768874
208496663
207426199
209438367
206903726
204635765
204617143
202175825
204601992
206850353
204584484
205291504
205259674
205339181
201531882
204588070
206890483
201556286
205300894
205327057
204655077
206870882
205311097
204570636
200724971
200701600
200798468
200624489
200778852
199952770
200005915
200564989
200712080
201404820
201370501
200011408
201491818
201442382
201414042
200023185
201510741
201430313
201357137
200594384
196263605
195599009
195583401
199938328
196317965
195751182
199851161
195766444
195735387
195752657
197676827
199291311
199260675
197706589
195778044
199127920
199277682
196326617
199878521
197688922
194909322
195529954
193587309
192835725
194449096
195491163
195019802
192790940
193607279
192815388
194337512
193618524
195549048
194204613
192796782
192774394
194896515
193635211
194169016
194467601
192055088
192043431
191995124
192649237
192708321
191919588
191869254
191837634
192006514
191900107
191941488
192019169
192079777
192143334
192106137
192122145
192725644
192758741
192693814
192671696
190676206
190717219
191257899
191250925
191336031
190720957
190701569
190634368
190621851
190599101
190561268
190556114
190524240
191293155
190607569
190645295
190491491
190745696
191275228
190659023
190014343
189982487
183074331
189998011
183063835
190000927
183038636
189936624
181450754
181432244
189962094
180666933
180646952
180630470
189932061
190027670
189968771
189994831
189952812
181465128
178122212
180048350
178084337
180622629
180065890
180603391
175636383
178152536
177890239
178109145
177854413
180002916
177857209
175673771
177062767
177872525
177040963
177020464
180056740
175651116
173405438
175619582
174774910
174195103
175399245
174219081
174269745
174759188
174248236
174234324
174155968
173444757
173435515
173420848
172764561
174139484
174206838
174122999
174287554
174117384
172735463
172549160
168933470
170321130
168921739
171800095
171880421
171095141
169609589
171767810
169690261
171561807
169675341
170329613
170306145
171755279
171784769
169023696
169702608
168984646
168759647
167456823
167384802
168816523
168268639
167116136
167030707
168281222
168228277
167440463
167420798
167407230
168251820
167394766
168295743
167489705
168900567
167077055
168907064
167479267
166996564
165748796
165740339
166311321
164516895
166490088
164472499
165730163
164505519
165845538
166471048
165831856
166369866
164977563
165685409
165780652
166349008
165768678
165714966
165002346
163157304
164381480
163138333
163758324
164284308
164351225
163839861
163669684
163809145
164463747
163777843
163792254
163790172
163118115
164402378
163747730
164419271
163822285
164329711
163770444
161487469
161101471
160483514
160428658
163104713
161434631
161537366
161461579
162410715
161521140
160994269
161548396
162378005
161410782
163091371
162938200
162329015
161070330
160417691
162349815
160169529
148416897
159564400
153689280
152195970
153677512
153667080
156254784
152181559
156077602
148388982
156889217
159574579
160188167
156892542
148975539
156858745
152156851
148408677
148376426
137003856
136934301
132124662
137044692
147093299
132109570
147079787
133194065
132142407
132160599
132092426
144845599
139282629
138612329
137915287
139201594
139166482
136921995
133205990
138604455
129719703
128753641
129725536
130548150
130534463
129678558
129644976
132077311
129654134
129701760
131430131
129741874
129612489
128736444
129597031
129684894
129768310
129625893
132052427
128766118
127920986
124918954
126800238
128662133
125495626
126758025
124741672
128689876
126826111
125537371
124932968
124718420
125520091
125452716
124973671
124950030
124079441
125552451
128710219
124996394
122289966
122411460
122250041
122244593
123261716
124033875
122201948
122178161
123230689
123320631
124057971
122270548
123279854
123292250
122398853
123307479
122224363
123214457
123244990
122425507
120373276
120467510
119422368
121176704
120192921
120393083
119514182
119500634
119537908
119444275
118036672
119562257
120412205
119436004
118806119
120447338
121217996
120495044
120427880
120246740
117944327
115642053
118009296
115603629
112976220
117787141
117184026
113009411
117960377
117862380
117202924
117762086
115698927
112956382
117962057
116423932
117847159
117997605
117819646
116421194
65893753
64958881
60013783
108332674
111276130
56691302
53837439
111291957
49625439
49607092
58169937
111307398
49955064
110372585
110358033
109274197
60026579
59999340
49940294
109303552
44815871
40835984
47759339
46327430
45464950
47788357
47235099
47113690
44645177
46650061
46335250
45427369
45438079
44635753
47123154
47749951
47770281
47800335
48603162
46666298
38339362
40828715
40795956
40806026
38296235
36078206
38300036
36261512
39554110
38281579
37146623
36254447
36091452
36070673
40818750
38311466
38948410
36095834
38327250
40810427
33399935
33384523
35819384
33190625
33715343
35849205
35875847
33961129
33951700
33392965
36028658
35879625
35811732
33945180
35854459
33361148
33415205
34172788
36039771
33417100
31915487
32175688
31307152
31701736
33010033
31686759
31314818
31943622
31292512
32190835
31508302
31988803
31296544
33183135
31718901
32205875
33174405
31929253
31942803
31710757
30043607
30781465
30503626
29889675
30796355
28920361
30763388
28744903
28484602
28731639
29883252
29337434
30028645
30773950
30958868
29897049
31285551
28931395
28720749
28547081
27771732
28044782
27892813
27874160
27809858
27884773
27696323
28027886
27680708
28477453
28033521
28283417
27765563
27802503
27709154
28427244
28183814
28436965
28054405
28449316
26328726
26340396
25973998
27042254
26457004
27464495
26771124
25967164
26333786
25949602
27051421
26336334
27454834
25956332
26100292
26345555
27593682
27614491
25921144
26446367
25678198
25899966
25334718
25735785
25866370
24695741
25873278
25163833
25637155
25889574
25903769
25642731
25915126
25908115
25140438
24724647
25741694
25670851
25339579
25893645
23766601
23185211
23092666
24359972
24594079
24025151
23100788
22960876
22800370
23083804
24042353
22954777
24364959
23192416
22795236
23776512
24687098
24578767
24390924
23999704
21660807
21711554
22406230
22191968
21715485
21672711
21665110
21722621
22559599
22068373
21169850
21878065
21692575
21872918
21179632
22550578
22539828
21699485
22411499
22254870
19678362
19511300
19170410
18580527
19969597
19673177
19522829
20599966
19663270
19517217
19507343
19157124
18759419
18574791
20243258
19967168
19666915
20235141
20073755
18939140
16462671
16117967
18427671
16581887
16181225
17226094
17231196
18411338
18244878
18423836
18406392
16469510
16591566
16283032
16176805
18570249
16171855
18408494
18375947
18566760
16112215
15610928
16104971
15835454
15835130
15958329
15621150
15690811
15543995
15663723
15843628
15549043
15499912
15973133
15835816
15847676
15659259
15505793
15963922
15852451
15057203
15488280
15210759
15492968
15076872
14944631
14960701
15052608
14959411
15090476
15237090
15083494
14940897
15086159
14963283
15113726
15404538
15062433
14968414
15202411
14763937
14408978
14418079
14730913
14248390
14391476
14719829
14422832
14252816
14737967
14753808
14936452
14758799
14249207
14249123
14792673
14386331
14784873
14728460
14418538
14223914
14214429
13753249
14104019
13808122
14109650
13745096
13880916
14218681
13732820
13726736
14124098
13872213
14036560
14239476
14141159
14135645
14119833
13776427
13628634
13517293
13504538
13621367
13407886
13354054
13203170
13403618
13388805
13428845
13371166
13362257
13436760
13400580
13206959
13231579
13232430
13443677
13579294
13226071
13624817
12456460
12628117
12600353
12632672
12903653
12622496
12475767
12904666
12452188
12471547
12934117
12607895
12465604
12777705
12939718
12480192
12773128
13196872
12416691
12461519
12048610
12242274
12376137
12267504
12252186
12247485
12383221
12357075
12261529
12082226
12074510
12067427
12019343
12010460
12238344
12003913
12367209
12017046
12391401
12023754
11593032
11853748
11879272
11710305
11620764
11553011
11903730
11564212
11741480
11758066
11899147
11764652
11849946
11714994
11702569
11696529
11844338
11839283
11589366
11737018
11460220
10863271
11275506
10931559
10996210
11445703
11155460
11001463
11256344
10936779
11117320
10990189
11280593
11441258
11149589
11125983
11007060
10924403
10867269
11450692
10516226
10606570
10728677
10599868
10522204
10818235
10614153
10611031
10603854
10485796
10513645
10697630
10590624
10530176
10841673
10526129
10859217
10401709
10720607
10406665
10099495
10389001
10387611
10380596
10370670
10259803
10094839
10393655
10085852
10199270
10254431
10195287
10120875
10267526
10388973
10397237
10394238
10132794
10126632
10264000
9982205
9653225
9985779
9973740
9765872
10075992
10072216
9997266
9867217
9978584
10081764
10001932
9954880
9872557
9960807
9864185
9769356
9747089
9869661
9754320
9154837
9090627
9312807
9148563
9180478
9650153
9526376
9056811
9190253
9185343
9647872
9483122
9162977
9051742
9361798
9528700
9533344
9168402
9196105
9175502
8654015
8713663
8485988
8825475
8820161
8682673
8703669
8699434
8658658
9036285
8895595
8707576
8880227
8989647
9033072
9042715
8985847
8695457
8679829
8679205
8250786
8459562
8201464
8465276
8356389
8420617
8208791
8174927
8174343
8127902
8249284
8427510
8315047
8432273
8344346
8205140
8200969
8456646
8470556
8235497
7816271
7812305
7831407
8008083
8014087
8005722
8120978
7796761
8042182
7712557
7968485
7826463
8010445
7958315
7823642
8067641
8123947
7962948
7827977
7725105
7673016
7604574
7557930
7545893
7464606
7460775
7664684
7685103
7415896
7396905
7596125
7530420
7687685
7712322
7538303
7501301
7533356
7498919
7526514
7601127
7293474
7358625
7239435
7142689
7226170
7285374
7158509
7139729
7247768
7242435
7220249
7289910
7136496
7244621
7230890
7393449
7162273
7155724
7361344
7296073
7125623
7039439
7122889
7121014
7132132
6967979
6906985
6903600
6859061
7047426
6952729
6890972
6809515
7043180
6806364
6995918
6963205
7036449
6959607
6895080
6588317
6599862
6734923
6610874
6570755
6685762
6721173
6541043
6501390
6573431
6729484
6799527
6690911
6579238
6719363
6383971
6802714
6576100
6504890
6582277
6233532
6375497
6293411
6341703
6283874
6237104
6347212
6275469
6242438
6289526
6277400
6372759
6330828
6246675
6379812
6327614
6236004
6239681
6255011
6345555
6155477
6169626
6166059
6162320
6157981
6072119
6191239
6230462
6225351
6114583
6076457
6187417
6152163
6145296
6073003
6040793
6037123
6189048
6146759
6039041
5895641
5841016
5884431
5906433
5876414
6008681
6005370
5945101
5909643
6034313
6003076
5905134
5892245
5872164
5949150
5833141
5880050
5829554
5880827
5843501
5685298
5661801
5759159
5770408
5823923
5820649
5667945
5774268
5746678
5826880
5762827
5672786
5655168
5767608
5670196
5739399
5764604
5817189
5761693
5743217
5424608
5431848
5523840
5424077
5545743
5441652
5425561
5419803
5520594
5429258
5548532
5473435
5432874
5515557
5572670
5427100
5418440
5442627
5434401
5445185
5279592
5407771
5297075
5358365
5357612
5355768
5301257
5372069
5293420
5367037
5296402
5369479
5298713
5404863
5367497
5359924
5408028
5365122
5352517
5409708
5219427
5283310
5279352
5279481
5202193
5145897
5286374
5271383
5224674
5199482
5230836
5229183
5221531
5197272
5291364
5143077
5289093
5204754
5141141
5076952
5068862
5013054
4926839
5070504
4944759
4867564
4808607
4889303
4885260
4880347
5054976
4864000
4823479
4891569
5016034
4882266
4894427
4887409
5057997
5020095
4667969
4782306
4669841
4661818
4641756
4722818
4709182
4632327
4786280
4731827
4702460
4659875
4729298
4790941
4593112
4650983
4636517
4629083
4591199
4665912
4394279
4521801
4449031
4573423
4440980
4579153
4453858
4526637
4459151
4505088
4430723
4523049
4433651
4519117
4510437
4520257
4500081
4580402
4447323
4524661
4103531
4053654
4100159
4102803
4208418
4111358
4095854
4227502
4133731
4131135
4052037
4393183
4223360
4119780
4120084
4389297
4390684
4126138
4118767
4221750
3781968
3729670
3941004
3812476
4051835
3981137
3942282
3917638
3882956
3991691
3885072
3741011
3743735
3736339
3881312
3914020
3810303
3877618
3739899
3807259
3578893
3523152
3561788
3722489
3573944
3476307
3506550
3527880
3472915
3725043
3724684
3652482
3649038
3524695
3477949
3474798
3576702
3621607
3521581
3727009
3343401
3470662
3412869
3345501
3314715
3407204
3462534
3414640
3411091
3342915
3398238
3469412
3342738
3409281
3402694
3388584
3320652
3274520
3416964
3408019
3270098
3246873
3181589
3255029
3186067
3122833
3175992
3266207
3272444
3111868
3111208
3241422
3124151
3167119
3168832
3166152
3243175
3250956
3113643
3263373
3073327
3062927
3029532
3031106
3110668
3025168
3058774
3078559
3023716
3026418
3022460
3079743
3105569
3025176
3060093
3080104
3068783
3080701
3027816
3029855
2923169
2979251
2921387
2974257
2972276
2917484
2912536
2983810
2985112
2969663
2967652
2908743
2923758
3006892
3019600
2910315
2914539
3017868
2980596
2904328
2769620
2861612
2871176
2815985
2854927
2817164
2771148
2864149
2868461
2819421
2872817
2818474
2820557
2818944
2768527
2753933
2752530
2729797
2819040
2855884
2535391
2728022
2528868
2521923
2607283
2660299
2522652
2536585
2657277
2525164
2677724
2527545
2575181
2676402
2520877
2478616
2679362
2475423
2477129
2681132
2200447
2146614
2197078
2184768
2193643
2191562
2189901
2148873
2419844
2253252
2195516
2405446
2198932
2182576
2182485
2147623
2255067
2421071
2181945
2192415
2141019
2133190
2129548
2093445
2143372
2091490
2116694
2131297
2127414
2092156
2088771
2076563
2134764
2139686
2120855
2137104
2122767
2073922
2119958
2145274
1952330
2049051
1926708
1727055
1942040
1887247
1706312
1701827
1973944
1888628
2047202
2070978
1939316
1890729
2009560
1940433
1976686
1938131
1881880
1673474
1621202
1671205
1402130
1155756
1153187
1622269
1161522
1127202
1125903
1171620
1530669
1128343
1585137
1514329
1467556
1587694
1512886
1160270
1152064
1586220
736461
735829
1113800
862896
952609
1113711
954211
864348
770382
951529
1113669
1113770
1019367
1114103
741939
1124962
865658
853160
740303
737999
657883
618370
695798
680374
697774
696999
694830
650726
617339
614289
615926
612546
610747
679075
619284
696402
615430
613634
607091
620906
542009
427263
406206
449092
432529
547364
548096
406463
546860
454385
549031
544874
402065
433127
545672
543777
426481
405449
530740
432231
336953
311173
397623
341891
382895
381653
280256
342717
309150
312254
379395
395220
310251
274232
258549
257988
399642
344905
306644
257392
225267
219920
210248
209636
242622
241492
153400
209015
226111
211187
225629
240861
220458
160521
161126
145085
211665
209365
210700
242249
139213
144156
133866
126028
134711
141855
126181
134824
139695
125895
125525
144435
141659
139309
133604
133323
125661
133431
126234
126356
114651
110793
110676
118561
119695
114804
119239
111803
120310
120128
111670
120507
111228
109621
125383
111441
118286
109540
111585
109078
101639
101873
104752
98108
98333
97890
101001
107034
104839
101996
108991
105930
104218
101528
107230
107129
100904
101796
108390
106950
94810
94973
96941
92591
91993
92423
90814
90637
92384
94873
90727
94412
94763
92648
92483
97757
96786
95017
92331
94321
85607
79993
80203
78796
88635
78819
83316
80352
85687
82447
83310
83292
79727
78744
79286
89757
89837
79519
83135
82586
77996
74323
72356
72168
76308
78606
71627
74253
76420
74369
76542
78524
76395
71501
72282
72452
76591
72526
78107
76209
68045
62753
60145
60355
71416
70174
62795
70055
60681
62898
60607
60417
60250
70098
66962
65513
67031
62970
60317
60539
43838
59774
57151
55218
55329
59702
44629
43993
50277
47042
50192
44824
57583
57266
57895
47061
59611
55415
47914
57727
39755
42437
42610
41299
41083
42556
40037
39869
39951
42737
41091
40012
39655
42841
39791
39742
41200
41238
42664
42411
