1195669636
1193148686
1185618161
1192682376
1184940550
1192409535
1185090667
1192932835
1192868134
1192534680
1190679455
1192759724
1190533253
1185307637
1195722247
1193587062
1192073660
1185522576
1193482994
1190358665
1182008525
1179910495
1179793013
1182194320
1184649167
1182310096
1181839401
1182076057
1181777796
1181936234
1178023603
1177853764
1184365975
1184511323
1177966027
1180080201
1179861566
1184775979
1180160741
1180006294
1177324228
1175198737
1177809337
1177359241
1175106485
1173683110
1174915430
1171387657
1177463307
1177241146
1175246469
1175157126
1173614949
1173538553
1175028572
1171617147
1171514525
1171740668
1177414415
1177274615
1163680569
1165660358
1168022418
1165586014
1165516579
1170734911
1167950451
1167854742
1165686647
1163638613
1165466826
1168072921
1167895012
1165959156
1170844607
1165413414
1171002885
1171280116
1167804940
1167436977
1161048342
1163338797
1159745217
1159458458
1158711578
1163447705
1163205858
1163282126
1161413073
1159673507
1159135002
1161148833
1159000608
1159283500
1161625122
1158870811
1161309979
1159510230
1159590762
1159548519
1158153203
1153865139
1158513855
1154143675
1154025580
1153562906
1155053960
1158383306
1152478862
1158616225
1154310032
1153720284
1152541394
1153402377
1154430387
1155099557
1152594702
1154583672
1152387006
1158265406
1151556314
1148552073
1151914152
1149632174
1152208364
1149322264
1149105329
1152312319
1152109932
1149224452
1150698170
1149950435
1151303465
1151687314
1151429169
1152044265
1150810491
1149755295
1151792651
1149453044
1144918523
1146691341
1147342540
1146282634
1146199623
1146026105
1145269562
1146942703
1146532728
1144552054
1148331180
1148447536
1147202126
1144805983
1145958235
1146845896
1146408884
1148087769
1144680331
1146104701
1127882172
1133723914
1128683632
1128502197
1128176623
1127765116
1131262284
1126196924
1133047847
1129083458
1126252499
1128586423
1128745623
1126301526
1131886536
1132003776
1144367477
1128371338
1129158618
1132862397
1120627635
1121661802
1125906909
1123080600
1124630800
1125039942
1124867118
1123772154
1122555383
1122917676
1122158873
1126102037
1121872374
1121760659
1121577472
1123889940
1122425541
1123716325
1122744936
1122281414
1116225329
1116103720
1119090875
1119520300
1119011797
1119652882
1114587450
1120165872
1118919580
1116491934
1120020785
1116552828
1118828373
1119815293
1119197182
1116716562
1116941437
1116646550
1116166298
1116841774
1113367548
1113666871
1111656225
1113983707
1111514497
1113595527
1111776450
1114102372
1114342314
1111928359
1114039512
1114151383
1114462801
1113233591
1114248327
1113462823
1114303403
1111873476
1114402985
1110099493
1110021826
1109064362
1107232411
1106998046
1109283597
1104899516
1109515839
1106123936
1106007865
1109756880
1106562072
1107331243
1109711272
1105048785
1107150058
1106751881
1109578417
1106889326
1104782186
1109390629
1099139293
1103364347
1101807475
1101688065
1102202544
1101928187
1101068876
1099589525
1096510652
1103276950
1104112100
1100974595
1101170435
1104281877
1099761320
1099428566
1096584101
1099271185
1102103326
1103462397
1083106847
1094657646
1089717791
1081392587
1082957249
1081486304
1083037570
1089792882
1089482483
1089225477
1094876559
1081541631
1089642558
1089367416
1089570544
1096423564
1081793624
1081644403
1082997557
1096332955
1079139175
1077018190
1079099833
1078922609
1081272856
1078857689
1081201707
1079359408
1079001384
1080867807
1077409384
1077080136
1076957566
1079554396
1077472036
1081331204
1079245276
1079702055
1079055067
1079645756
1072267144
1072020321
1071229170
1076766343
1071366562
1071813484
1071493418
1069744835
1072214673
1076877386
1071619838
1069883168
1069914009
1069846270
1069798109
1072144266
1072077388
1071961255
1071905713
1071719794
1067487427
1067588965
1064892889
1069681496
1065780592
1065571245
1065388813
1067647980
1068716590
1067398346
1065654002
1064773092
1067872958
1065729875
1068621014
1065277999
1065159657
1067715976
1065496083
1065038729
1054048953
1063789419
1056372590
1058532300
1055503802
1063268066
1063360868
1063609372
1064676719
1063756230
1057416355
1054915128
1057733313
1056159640
1055066338
1056602727
1053955365
1056539847
1057524355
1054144116
1050440314
1051662142
1050320018
1052643563
1051775841
1051338635
1053487517
1052728478
1052578349
1051460597
1053750563
1053108880
1048548912
1053636842
1048480688
1052535833
1053390380
1053838256
1052796712
1050503388
1043684001
1043556537
1041234364
1043419132
1048356682
1046362974
1048134705
1041660742
1048415307
1043774511
1041514325
1047001060
1046592607
1046526492
1045811851
1044974813
1046304955
1048092956
1046242548
1046187924
1040733642
1040684315
1040618997
1040477458
1038653688
1038573827
1038078119
1038029307
1037969443
1038377269
1036537193
1038844698
1040428053
1036599802
1036438223
1040792208
1036682506
1036485216
1038760018
1036398206
1013803574
1013914577
1030420992
1011836235
1036278360
1018573146
1016381115
1030366091
1014258066
1030818182
1014000687
1036325918
1030764993
1036357476
1016276233
1014164564
1018500400
1013860412
1011736836
1011423055
1007009593
1006340010
1007042537
1006974013
1009220780
1008890296
1004863606
1006482496
1007201582
1004703436
1007115793
1008920855
1005868551
1004824333
1004770934
1009105819
1011323304
1007583738
1006554421
1006415232
1004011825
1000858377
1000673185
1003679583
1000636199
997985048
1004637807
1000542508
997813291
1000380542
1000588789
997596630
997890882
999946743
999829427
1000821284
997703455
997360276
1002802234
998050484
995818046
995760357
995282939
995183007
995644533
995705111
990736007
992536458
990934108
995427849
993529774
993576538
993325026
992432458
990629462
993196402
990840329
991025427
993393771
993470041
988338050
988293647
984104761
981784751
981704680
982351250
986370262
983877631
988404518
981891900
975816686
987350680
988830281
982222180
983957399
981625415
975748605
987441437
987536541
982538012
966874019
968190627
975689577
975617401
971799626
971956380
969136879
972084345
972032207
975564541
972128472
975519661
969361333
966920949
969291195
969218356
969401549
969206490
970282126
966998982
963655602
961708264
966753761
965576407
964818445
962842710
962937873
962798590
961071821
962871555
963750877
962970007
966818593
962745802
962905147
964887805
961094666
961766815
964784231
964717741
958729942
957101705
958916688
958141869
961001669
958591098
958056402
961032901
959023686
956972341
959696042
958482922
958234027
959187956
960800028
957284054
957048114
958850829
957958866
960938529
949974327
955983565
955885745
954089316
953353430
953435734
954956724
954813510
953776852
955755184
955009288
951429677
953507382
956078145
956174911
954901592
953600021
953927226
956853118
950081521
947345437
949343131
945398765
949112118
947961748
949207274
949152404
947296002
938113829
947435719
948121780
935976642
934086238
949073537
948139849
936008347
949894096
936103904
947187513
943588662
934031550
934062525
930235800
919780828
919934165
919654718
930191347
923100199
930092220
934007313
922583687
932168549
930125389
930165606
919708470
919283821
922436757
923045312
919857287
922367133
915959643
913823962
914854099
913479385
918387387
915684358
919189334
913323775
916175986
913918618
913696545
918353067
918430820
915772400
918295624
915854291
913584899
918319312
913397143
915600923
877072887
902125005
860948466
859127869
856659874
877112582
876987454
878064463
878212359
913234326
876887694
860469773
866598528
878131326
860832395
895604707
910525288
876746757
859264116
860425838
846607981
846452570
848513936
845889877
848204555
846982518
845176391
848009820
848385877
848273978
846926189
846552818
846367157
846305813
845210698
845992011
847939261
845096386
846499698
845039741
838216293
844985736
837449423
838109887
843389148
844735461
838688258
838312077
836633891
844865724
838828689
839906845
838927186
838778832
837375498
837304223
840185021
836557278
844847826
838431591
836157500
835444073
836423530
835079989
834397483
836220012
833712394
835258245
834502973
836337222
834698590
836275476
834437705
835370395
835144416
834598011
836489112
833654113
832965644
832742390
831825746
831020898
829250851
832605590
832006976
829440191
829595847
829503998
830168171
830280556
831965297
830855240
829776062
829331918
830226972
829205444
831091726
831896052
829938084
829703902
817034184
823287439
815988163
827053841
817927828
821567428
826940523
816046282
828789063
828592287
820546613
823354944
819841437
828724980
815813943
818047914
815933757
821463660
816109180
818873122
809955544
808988524
815716884
808900325
809903704
810331436
811602089
810264844
810056172
811649075
815768524
808078333
811496043
809076844
808365258
807953544
807170597
807104659
808507608
808414474
800581462
804561960
800476504
804227603
802027030
800192584
799770965
798634615
804271174
801999475
806032389
802051342
799885925
804418408
799816105
803010021
800627510
806272810
807051683
804483328
797846697
798456218
796531141
796062200
798353954
798564114
796463979
796328942
796193938
796111749
797694006
797882033
797835257
796406078
795952588
796266899
796152237
796010892
795977233
796598283
795715658
759162318
756867290
759424836
795919350
759319883
759032747
778291810
795684601
775154547
759277173
795581133
758943711
759502889
756894066
759226700
795494134
756933700
795637262
759082722
755390496
756749142
755434223
755315864
754884799
753134635
755157863
753529763
753461025
756841668
756685943
756651865
755519523
753164828
729803980
754859109
755258775
754825411
756819988
755216517
714724836
727559513
714681653
719266330
721785332
719355208
721930535
726543114
715988152
715690735
729558077
721999372
719178662
715878283
727604814
714860267
715783413
726456430
715557354
714773483
702724498
707438902
700178305
700712403
698974220
702683793
713147852
711239548
707381927
703196816
711368528
711314366
713053785
708946123
702764907
700768456
700740630
707284716
702658609
703404142
675418154
675665770
689022195
677018273
675769069
675513355
698884717
676969494
691192626
679713825
698930164
677436499
677204938
689177065
677123394
675368487
691084533
695109584
677084719
675533585
669098092
675256542
666318501
675311383
668500700
668388046
662807254
666262661
668326316
664211697
662955704
668350253
666539909
662701309
668971321
668468082
666474072
666216804
664517919
664423126
662497165
662332221
655932671
658583460
661183725
653303327
658719745
661277555
658149417
660564238
658061552
655935148
659324033
659417510
653380464
660401932
662576396
660538808
661123823
653423280
646776613
645760005
641738597
650330046
646818033
647242260
649218277
649008922
645740313
644725090
642980984
650409319
641697084
650611831
648912653
643067462
644570748
647301059
649247570
645834288
632120511
633536794
632011117
640583051
641515223
634908560
641661246
637124209
634991212
633456679
641441682
641593521
632229818
632314929
640453311
641539111
637213842
632406795
640348941
640172598
628661855
631829616
624890177
621625179
629741095
624797089
629818064
620438977
631771224
629895716
624845107
631724808
626380643
620413915
620365758
628597639
620470807
626432616
626455365
631946494
617353412
616650843
620323374
620006976
618451307
618421142
617280324
616686124
616715241
616754898
615907853
620141366
620037593
620178393
620070967
618475918
620115238
616640505
616006186
620095475
615807948
604400808
604362519
613998258
606038342
605602351
605566696
612193301
610643565
606118132
612236070
610695505
614169765
610670215
614069152
612999949
605621984
612898675
610729761
605980019
598597853
596461455
596235551
597214348
596311369
602418280
602544571
599069122
598964750
598562259
604328928
598648385
596151254
598032809
596538436
597444418
602364471
597988762
602525283
599048234
588730182
590269150
588480175
595956043
588803167
588919014
588427325
588317466
588972671
588377577
591353967
588602201
589821770
596032510
590167024
589028398
588849282
590342127
590051105
595827380
586389526
588144119
587466251
586533095
581091461
587385749
587311652
583038712
586351619
588182839
586578016
588078572
588100257
588230892
587142856
587243606
587189754
588265185
586438244
586479338
579395947
579672087
579451117
579324710
581054636
579245788
579193742
578229637
577678952
579285830
577818735
579718906
579353049
576906555
578268575
577757299
576866042
576806796
579421641
579151331
571243101
571132575
571088156
574002014
576478974
576718437
574224959
576583740
575089768
571996215
572895261
576763394
572809172
576565596
576690133
572176112
572862108
575146530
576520936
571175536
565765704
570696277
570494583
565796246
565717252
566906408
565591146
565889323
565833390
565658958
569079936
570615438
571054871
568990859
566362606
565866084
565530452
570457117
570837634
570764546
562188635
563713738
562247383
565245015
561984555
563315708
563651371
562294916
564584000
565477157
563448645
563393532
565410041
563768696
563532976
562135025
563214673
563601035
563079938
562040690
556307201
557778227
556277240
560606349
560679832
559195885
559264192
557470764
554599596
560497522
554560952
554526366
561923108
560545944
561560981
557494555
560310042
557519639
561680752
557535618
551771211
547462944
546033210
542904556
552898850
547492331
547390155
544855807
554493675
552939961
552866492
546077674
552971539
547414025
547350290
547316840
544899858
547442996
551830143
551348088
541544513
541361067
541210933
542853867
541479743
542247920
542391502
540690878
541522938
542641657
541436614
540813461
542481247
542561579
541977839
541402065
541301534
542869230
541242251
541945769
536311333
538693332
537311290
537356831
538821505
540599792
540632106
538786943
537477579
540162207
537186992
536347950
538353955
536273443
537253511
536088261
537424173
535241157
538732818
535171837
534158800
523761187
535097886
533465263
521477187
533331067
534266750
533564746
523851248
521398915
533621700
533351481
533580249
533497620
533282800
533257500
521280594
509327155
533407458
534054303
452363290
456402254
509218346
483174522
483009699
468353297
452401596
483237935
478084210
456477323
450210182
483116243
468392302
450156900
477885295
477928977
478015278
509145938
450266472
483045125
449997671
448657664
441839393
441786406
448546824
442569722
448923181
448740375
449838393
448791659
448148673
449707724
448701166
450090200
449760342
448611064
449644280
449904478
450039638
449946011
440663223
413161706
441693306
440750199
420764855
418010422
440832053
417856607
417939657
413050133
440766226
420892021
412921926
441622842
417757603
441737807
440695845
413208563
440794111
441657795
400176438
408352366
383454841
407096013
383653320
408289093
412872856
407980969
401235536
383504434
400168021
412810552
392154725
383690961
392179279
383618150
383468285
404340715
383571481
404395053
376044279
379926959
377289211
377468413
382556484
382523702
379991291
377352590
379884333
376115551
379727813
377581875
375979246
379809005
377224399
376169690
376065751
377537790
383406938
379664454
369737986
375923910
374816943
370059744
373613003
369675758
373673102
369993257
369949104
373555209
371737244
369923524
368281932
369824799
369681023
369944143
375849558
368223781
372865657
370007632
365758828
365570456
365827376
366028320
365792572
365609696
366925710
364157220
364136307
364218879
364193917
365529367
368119821
364113860
366027150
365840692
368172155
367017605
366016010
364229680
364111619
364094890
355579371
353069197
364065512
353046763
348970226
358078686
358116464
352981720
358310959
352957695
358245585
358175345
355516438
353025182
353004343
348921805
348937631
355546692
344600262
344057296
344003129
344118363
344801004
344936273
348896974
344639784
346612276
344747630
344189523
348883291
346007017
346655154
344699281
344870008
344157387
346106736
346052209
346635927
339955908
337968889
342440977
338129276
343225577
343257435
338112397
338160624
340313764
343961573
338034392
340232545
339873607
343908243
340343339
339918381
337911074
343839311
340271842
338076313
337848620
336530251
336625338
333479406
333427319
337743355
336485107
333405905
337488970
336580109
337574958
337443748
333501690
333462077
336757264
337538133
337619672
337660762
337728346
336690768
332162580
332115111
332307152
330320865
328782995
330238373
332137149
328765764
332267012
330195610
332247701
331389296
332360836
332621020
331430920
330187611
332226974
330275969
332187846
332574853
318828643
323778619
318798439
323771299
317488417
317785664
317533850
315999007
313875542
319862802
319929181
313901551
317607179
323798205
317723131
313927233
328750320
319885348
317863621
317668489
312771223
312710055
311610966
311581306
310863571
310801344
310637954
310928999
310710821
311637217
311544171
313819885
311658731
312717462
310684591
311685440
311928348
313854628
312748225
311709743
307049386
308725048
307088280
308616521
307249995
306094008
307133218
307395908
306435700
308798937
306535934
307316498
307222995
307039913
306490099
307179917
306077732
306061239
306038054
307434420
293333193
299314748
299248031
295801043
295913142
306023334
297000315
299205756
299293736
296926998
299391657
293302015
295853787
296872943
295821763
295881815
295924319
296897476
293383750
306006189
289991726
290735802
291932338
290690431
291916147
291860136
290754472
291818348
290210870
291840123
289881680
289829465
290784181
290132015
289941518
290814101
290709230
293247474
290050795
291886634
289787725
288706314
287650663
289531766
289512043
288318052
287275910
288349594
288541168
289545479
288333574
289759164
288661905
289734639
288583634
289498007
288298264
288254404
288740043
288216520
284458690
284499525
284553378
286542098
286674436
286423571
286386324
284592595
284410409
284292196
286462961
286590930
286512344
286377006
284194825
284136035
286342720
284343663
284257036
286727387
281627220
282980512
283938736
276025476
282748711
281951947
283013284
282785412
281895491
281703163
275999533
275920988
283031937
281727636
281647145
283083363
275948174
284106942
282951779
284034588
275648553
274937650
274907717
274634412
272438508
275763661
273308879
272411044
273320745
274503190
273223940
272479735
273266141
275041635
274373911
272516543
274997143
273184977
274472017
274409182
265382368
272354021
265330896
265187442
265138587
265408091
264656853
264605576
264569685
264158570
264203807
263805090
263738762
265297300
265238150
264633061
264685548
264670492
264710959
272382379
258452482
260347050
259133706
257598940
260158651
259207654
260112766
260049183
259029780
260151318
260363705
260186862
257993341
258468207
258495431
258947884
259172830
259080461
257923120
258033732
255783892
254312497
256880515
255280347
254257596
256717265
254233627
256642236
256563129
254348736
256522575
255835001
256723160
255253692
256757598
256309018
256682571
255914814
256849626
256788914
250599897
253320472
254000979
254039396
253287066
250529591
250557927
249382003
253231821
250649707
249672616
249594420
254064726
249736129
253385687
253478838
253428529
249633902
249759703
249583411
247761959
246215610
246181214
247655299
246554463
247620130
246255479
246775454
246037127
247724056
246712819
249353482
246103536
248416279
246745064
247830093
246573862
247687533
246848285
246145731
244078386
245106031
243403088
239361059
245079809
244221987
240525342
244180645
243564837
245059517
241402520
245038474
244135186
240529979
240491502
244116728
244214359
245970046
244197761
246006281
239303580
238125965
237967144
236740256
238354273
239015743
239332622
238379444
239307606
238366987
238157021
236694596
238068117
239277330
236722429
238341910
236710662
238102581
239043949
236798457
235413116
235284561
235256344
235234399
235511989
235625127
236333094
236481461
236526335
236380471
235288523
236289899
235230479
235218133
235474222
235311951
235290398
236460018
236127379
235440589
234923202
233999097
234024640
233312527
233230188
234955935
234054577
233351023
233194361
233388681
229965299
234090890
229939762
229916864
234125763
234788584
234864459
234897611
229803968
233264923
222675868
222699270
216025974
222915480
214374968
229112467
225213877
216075930
216105308
216048986
225240954
225286268
222903384
222652442
225317633
215136686
214351814
225181580
216619548
222619087
211931334
213058760
213492676
212723935
212133191
212959423
213603639
213569288
213032690
212996014
212747836
212009427
211958552
214347808
213534221
212701348
212241790
211915879
214285735
212685491
209393267
211177340
208547612
211890948
208531153
209453905
211877968
211205256
209427688
210437651
211231875
210505194
210480521
209408730
208513366
207834767
207812708
208569670
210454991
208515287
198902088
201319499
196996305
207788698
197635988
201292520
206065636
205232666
201336028
198843367
197608830
198019291
197912505
197870731
197634457
206055936
206045083
206018374
201260191
197616021
193768816
193625822
190572423
187914968
191802013
193126801
192905426
193703977
193662298
193801285
193731440
191936709
190562988
193680419
189450695
190549508
194538587
189428331
192939296
187955747
187110949
187049304
187006560
187862226
187839108
187816437
187807963
187140925
187677128
185392627
187084789
187887378
186966869
185201860
187727764
187823306
185210921
187784170
187699313
187800070
184336635
181923982
181371933
181891438
184264785
180532004
180501721
180065123
182011544
184382755
181951827
180074921
181894196
179466651
185185348
181353691
180050895
181988725
184298618
184360543
178643534
178623672
179360062
179310189
176456266
178670793
179253009
179177109
179096806
178682590
178663067
179217688
178654976
177766285
178597012
177790004
179271747
179122248
175597306
179293340
169137052
174577802
174100556
169194860
175585411
175056282
175078615
172776315
174126309
175548590
173874180
175151843
174138356
174149132
174112043
169154785
175571181
169748597
169765704
174159673
167362415
167645567
166070102
165966173
168414889
168373214
166024064
167396874
167377155
167444408
167676102
168438562
166804991
167455260
167384685
169068802
168386989
165990996
169093928
168351126
165237791
160620587
165950661
165203736
160594358
160301372
165854318
165216482
160571184
165867350
165765206
165256903
160525640
161197758
160553912
160672720
160355854
160326115
160282900
160339943
156656166
155715959
156131867
155527497
154814432
155567767
155643074
160261312
156054965
155602816
160197351
160228567
156753254
156723144
156113339
155775376
155675914
154860566
155761667
155722007
146300651
146513341
147063087
147685845
153634718
144562781
146586975
154368837
146569438
142424386
154382333
147184382
146542908
147032988
154390835
154772665
146288113
146310990
154744596
147162072
128999987
130062220
129964476
142412807
130108213
129914712
129249158
129305603
139262787
139239272
141195935
130022418
129202570
129148308
131303958
129237583
139277920
130151647
129032386
139282718
118634200
128973184
128656558
127855257
125633813
125618234
110196696
127821614
105885157
105865081
107493811
104222241
125647896
114490404
114476580
128941045
113644399
110249023
105115144
105870540
103240468
101648396
101600738
102538564
99687394
99248345
102598634
102565936
102252886
101315176
101875215
98823630
101832809
103250996
101715090
103281482
101298879
100517275
99663082
101679538
97853238
97873048
97000788
96060677
96983267
96349392
97899769
95759044
98785916
98312118
98020769
95621074
96923110
96115320
98477185
96093269
97937532
96331681
95743591
97536660
92200720
92243447
94179512
94840494
91935605
95326805
90851452
90880134
93985132
92252241
94140228
90866821
94080171
95375017
92232104
92212279
94007423
94108687
94045328
95098563
90025660
90316670
90299337
90186418
90335405
90057275
89970914
90066911
90305996
90442393
89856636
89913534
90463455
89877854
90419848
89943795
90004999
90493568
90062504
90322200
82627083
89015114
89805620
88950494
88203806
88183475
89824232
86202908
85579044
82612050
88215652
86219276
88170359
86228038
88944091
88153012
88130698
89024798
86190167
89644229
76310972
81726943
79357439
81691350
78489616
81698026
81572488
82597690
80405641
82585319
79759598
77322041
77838623
76599403
79735153
81712163
80422668
77834535
77847135
82572739
68767512
74042852
74247184
73304758
69262979
69793745
74268670
73317641
74022865
69743817
69776718
73287417
69756888
74051318
74009996
69255074
69818853
74332121
73338807
73567305
66761817
66753052
68391172
68758644
68440618
67680302
67653559
67766101
67750152
67684918
68376295
67761438
68744148
67741116
68752972
67795010
67782443
68423541
67769077
67667587
65803484
65786157
65768689
66234304
66146130
65728959
66176714
66256166
66740258
65811810
66172933
66192150
66211228
65705963
66224910
65757722
65741577
66267380
66160156
66750988
65359521
65340325
64994961
64959299
65390457
64978021
65453770
64919368
64986935
64865764
64841890
65373291
65466068
64968745
65381264
65459280
65319862
65411588
65349835
64899545
62730516
62708964
63797269
63190342
62749446
63177448
63873814
64347387
63126563
64426917
63155380
63840885
64438189
64402045
64413220
64386365
64364269
63858742
63103487
63081319
59079013
59052879
59060587
62642340
62674429
62602412
62686168
58392732
62591585
59911276
58358259
58381784
59069992
62659298
62415486
61571912
62618349
62426557
58414476
59900991
57285769
57702214
57433272
57381976
57341242
57319146
58012032
57757043
58325604
57733244
57715818
57713452
57425789
58312327
57301678
57413550
58339552
57726097
57359332
57743554
56680249
57159059
56688155
56667182
56089346
56196281
57183970
56189361
56070564
56164686
56182410
56102234
56145543
57190605
57171584
56175227
57273116
56155479
56118031
56133728
54477990
55728985
54983836
55735430
54545943
54492792
55345047
54464105
55748120
55282876
54456042
54527656
54974724
55741587
54504325
55754677
54967797
55355445
55337420
54515717
53465229
52998467
52700140
53022654
53473166
52692409
53482867
53031847
54449084
53866453
53449453
53456542
53111987
53102918
53858517
53045304
52988301
53038735
53010670
53441220
52674646
51447331
52683437
52676619
52311735
52300820
52341256
52275406
51981676
51484015
51466235
52664702
51513342
52326241
52338424
51989930
52318921
51985387
52332627
52289346
49577407
49770941
51182123
51171194
50833268
50787744
49762970
50801646
51423161
49819182
49800169
49789283
49784830
50817597
49777091
49756537
51187451
50825501
50806310
49808223
48157252
48713666
48166173
47859955
49519802
49542823
49085285
49105182
48718022
48704712
48173475
49562505
49525287
49095777
49506152
48710028
47985843
48178424
48416050
48184942
47821847
45754971
45763165
45509172
45505142
45747851
46809877
46853388
46870621
45520907
47833356
45769588
47826304
45776712
45775142
45513955
46838111
46827748
45756743
47838834
44257511
45494265
44062076
44239795
45383311
45500423
43705930
43566650
43560069
44282506
44275049
45489066
43843151
45484744
44291879
44286411
44268214
45472910
44251706
43555792
41814100
41583564
43341039
41588021
43302808
41845656
43285398
43292403
43359353
41844055
43333931
43346996
41820739
41837706
43353566
43330798
41830703
43297938
41825111
41821644
40152455
40358903
40344311
40368118
40926549
40164502
41579608
40961500
40944443
39895037
40336268
40903583
40351827
40913634
39945450
41463464
39920256
39933705
39903052
40937039
38418203
38701221
38148513
39369766
39882221
39385811
38694980
38151785
38736284
38424068
38146338
39858774
38750336
39351091
36428215
38762070
38426910
38711303
38720612
39869511
35926570
35432228
35393394
35401120
36149879
36178070
36416593
35918356
35446429
35422101
35440326
36162477
36169848
36142873
35387263
36148548
35912149
35408070
35415819
35884971
34442840
34426828
34410065
34639459
35042599
34603945
34404858
34629231
34190922
34449022
34609781
35027626
34421905
34618864
34414225
35052904
34193634
34438887
34432919
35073083
33867846
34096497
33856324
33496438
33905594
33900164
33914315
33893998
33305539
33489458
33716551
33874628
33884679
34188454
34106189
33309846
33502737
34084267
34124515
33318004
33041569
33284330
33288636
33079553
33267556
33069703
33262095
33258656
33252626
33089444
33051557
32983106
33293885
33300787
33277895
33247967
33240905
33270676
33060949
33259755
32359504
32938108
32916024
32885793
32343218
32388420
32281617
32556984
32293224
32326114
32629626
32336188
32351386
32287333
32893696
32300278
32897838
32638151
32663306
32372483
32051367
32105972
32113270
31854908
31831178
32086368
32225315
31963619
32021118
32067776
32056623
32026089
31961482
32277941
31967957
31840785
32276278
32036063
32098215
31966172
31561568
31806042
31635517
31782319
31617146
31600152
31584640
31580292
31573823
31777454
31825673
31792942
31645610
31567956
31607312
31592869
31815519
31798907
31786961
31621781
31553952
31161227
31139284
31127719
31408237
31071717
31346113
31110752
31388753
31146999
31362054
31339126
31119446
31109839
31102156
31551351
31376372
31402408
31369337
31354764
31050184
30847101
30663552
30930034
30892204
30673129
31063891
30910927
30643499
31039480
30841547
31055374
30920695
30858803
30899837
30939396
31045457
30655685
30853521
30948865
30628059
29759092
30592381
30585908
29671426
29694491
30583832
29683968
30610718
30584056
29777696
29677743
29666118
30503626
30578595
29767042
29689309
30619555
30603974
30572552
29551508
29075068
26568977
29500857
29486583
29495720
29475463
29040608
27599082
27590038
27604915
27615732
29488536
28226561
29070099
29570000
29469229
29480374
26555090
29543535
