1197798189
1177853764
1176078417
1188860167
1177809337
1197860611
1188253614
1176312006
1193442222
1193375475
1163820440
1159932463
1188386138
1177950072
1163879293
1176418598
1158015800
1176178497
1159888620
1193331334
1155274014
1145924490
1157926539
1157803992
1157770691
1147679417
1157195726
1157839898
1155341501
1150165062
1155491858
1155754010
1155415859
1150240705
1148365087
1147654171
1146159318
1146061936
1155831798
1157251817
1141940988
1136707864
1141815981
1122108577
1136623561
1124466839
1141396705
1124365284
1124726673
1103073326
1124141433
1139244577
1139198621
1126569328
1141884391
1139049498
1141327366
1141381585
1118941716
1126516928
1045828118
1089642386
1089226754
1093821717
1084997588
1083013604
1089367416
1089483789
1089569360
1065749800
1056259326
1054940629
1048120526
1048063522
1056468014
1046053708
1059082543
1093734000
1102729435
1065792317
1034433801
1045753224
1034558232
1034889798
1038233447
1043201536
1035147834
1034964429
1039094971
1035072672
1034474633
1041662529
1040701683
1043071106
1038992089
1040779429
1045669873
1041771205
1039232725
1036360222
1025381779
1023361669
1022159743
1021262528
1023655273
1022139095
1028364012
1034380171
1025118781
1020038287
1019993154
1025214319
1030022872
1028351289
1030561064
1034206419
1030485383
1019951299
1025950212
1030391240
1015624291
1019596801
1017807872
1019823834
1017417007
1015743191
1019680678
1018186217
1018101409
1016181884
1018244247
1019475365
1015965916
1018739550
1018130575
1019855484
1016224962
1015861420
1019879741
1018064653
1007837070
1013195263
1007109938
1011331357
1014175172
1009043036
1008201207
1011094346
1008072040
1007979171
1013336014
1011162685
1010045699
1007790302
1013462092
1011436583
1015159278
1010218123
1007668567
1011226225
1004946646
1004695575
1003571169
1004773761
1000425017
1007059670
1002854467
1000674585
1003745570
1000491020
1000593521
1000537428
1004897806
1002044624
1006991368
1000632262
1002819477
1006939282
1002776052
1001955438
999955734
1000330576
999173949
1000180999
1000256305
998992635
995962300
993984937
993934315
993773748
993892875
992623358
999081498
999830469
993859844
993805225
999254404
1000057590
995906636
994079301
991742539
990156540
988289838
986027365
988367589
991870394
987848510
990384766
992512717
989816968
992424511
992333065
990303460
987808520
991779922
989853529
989774838
991818324
987887104
990224577
979033294
979176598
979211666
981778247
983499337
985755562
981343606
979265517
981911855
981798682
979456339
977510620
984287777
984160558
979145552
981687609
981305893
983610720
979415392
981176271
975430953
975178377
977466591
973342107
975310129
973739607
973389271
975464272
975716960
975538250
975496233
975580121
975424748
973794365
973684333
973470919
977269513
975276368
973527480
973421440
969285707
969355260
971699036
971793908
968956772
967220195
967139523
969142082
971749981
969216084
971561865
971866973
969871296
969733215
969624527
971842257
971732987
969560172
971907679
969035512
967074639
964721256
965136382
964444884
966727845
966805433
966463026
964995616
964357797
963098648
962969258
964832115
964657150
964583779
963005685
964511095
965080914
963033795
964953772
961269527
960449021
953586280
961180083
958472611
958922383
961147570
960615117
959265762
954542183
958849054
958578774
955038107
953878064
954359885
961216594
954475951
955085287
953732646
954985604
948548413
948168456
943782007
943701047
943408297
945865962
945481424
940781149
945991671
947854252
943626980
943313206
941664012
943733033
943558504
941464523
940894571
945583975
941562352
940964474
945765401
940652794
933519312
933924065
940607463
940692462
937456826
933610146
932033490
930271182
934588830
930434518
940264121
940732097
930326595
934362851
940563107
937640279
933884019
938242732
930511631
929942379
926603778
927252210
930231000
926830097
926691241
925953138
920738050
927085248
930074477
923616240
925899288
929854452
926487593
923545411
927587381
923276428
930016351
925843844
926028002
918461630
915591449
920090647
914620073
914573632
918389149
918071008
915439729
920423811
918429882
920545517
917937998
917883462
917791134
920666555
918356692
918010343
915517386
920476681
920594728
907879246
912418275
914544268
913157721
905827785
913119710
905775156
905321785
913033261
908281107
913316716
905561782
903219146
908416590
912956239
901798173
913221459
912440501
905522134
903362837
901567666
901533517
897741414
901620255
901672276
901422457
890514211
890385515
890334995
892506971
901380604
892543270
890472289
901363312
901249480
895201071
890266176
890214558
890289619
899471452
886586209
888411325
889906273
886352950
888468744
889970247
890094024
888368139
888575972
888282593
888212706
888177402
888540476
890152603
888145706
886406350
888320155
890182175
888507374
886562423
884445897
886317004
886284190
884345373
882653638
884183319
884477075
882760339
884369322
882511256
886134246
884514937
884301399
884415763
882431559
882298367
886190379
882706039
884220473
882813200
880445922
880215529
882169319
882024458
880547173
879986556
879754802
882240842
879696975
882106383
879856969
879887637
879779247
880309072
880074880
879815476
879937389
882266800
882206755
880134072
877157491
874942692
877192859
879569377
877587644
879629812
875504806
877708340
879496123
875424032
877040246
874779829
877785786
877223274
875094619
874725694
874662433
874609141
877652611
877091316
869753117
868492038
862099295
869974302
869936356
869417094
869338748
869890829
869507142
861904772
872707844
872666341
869865682
872798797
873085023
868451347
869588681
869672401
869277628
869910024
856758569
856463605
859825447
854404426
855060952
861142148
858259260
856885212
855206342
858357724
856501094
856924021
861337026
856821298
861654807
856665808
859897102
856350217
855136054
856691899
852763660
854228154
849600649
852825269
852699306
854308360
849665748
849404268
849324057
849100906
852610141
852651198
852872091
852732941
850919654
849140284
849052219
853232427
849379797
850915111
847300559
846931604
843645883
847210871
847261381
847012799
843962853
844128797
843596526
846970510
847485675
845484691
843865572
843799824
847401651
845556107
844046193
843747069
845629689
847547117
840239705
839956198
843528896
840352558
842143117
843572460
842069089
839837817
838923715
837497650
842288236
836496030
834627467
842217798
834533170
841973518
834405973
841941562
840010747
841839525
832248762
832463018
832831391
833116595
832426055
832277247
832324473
832389581
834009296
832529052
834038712
834227215
832564356
832201641
834058753
834255508
832355328
832874152
834104244
832947124
830339366
828657324
832144350
830394536
828699464
831083623
830679888
831003770
830488372
830452343
830601134
830310876
828848382
830900291
830794530
829230700
828742482
830729572
830945879
830554698
827350067
827304370
826765683
826834538
824910338
827412316
826535980
826596242
825063819
828629150
826945133
826711555
826880452
826502185
827086217
824858370
827002709
827209449
826671853
826640205
824716078
822536149
822691499
822664165
821208110
821165870
820915167
820970768
824682518
822733825
820993649
819454056
823560902
821048766
819948605
824815016
824759121
819361055
824647012
824300224
819291421
813936631
817283540
814031085
817459157
817659999
819327415
817499380
819194360
817378245
814109967
813851516
817778744
817349097
819236495
817316447
817423648
816135043
817859234
817724155
807686275
809931263
811651566
809994426
809883673
807718846
809841851
809651782
807749476
813619953
807869286
807648238
808008379
809811952
812058131
811611329
813575635
811569914
810043630
808053550
804403587
805833743
804300360
804219212
804039723
805954887
806197464
806339527
804142287
807348915
807045653
807602496
806266171
805706857
807176757
804080344
806401976
807492250
805904805
807259104
803937893
803986910
800664452
800082230
801756506
803819835
803892232
802155517
801970090
800140904
801870689
801823740
802429261
802004528
800594249
800441675
800014275
799617647
801938249
801907008
797907350
796546896
794585852
792623700
792565312
797968914
797687481
796408639
796260776
796094023
798062758
798123603
797606997
798156278
796339264
797836307
798376576
797799133
796498780
798285471
790341019
790197355
792081256
791847231
791926106
790498897
790381346
792464387
791981326
790244648
792118943
790438950
792163224
792245449
792337742
792294925
791955136
790292996
792499231
791891315
785899569
786135191
789812310
784166345
790152337
788024457
790009697
788059750
788176791
789969180
788129027
790095599
789934429
785956060
784091061
786019566
786067750
789902333
789855604
790060733
780291123
780348569
782100280
783941855
778650305
782025249
780371909
778368526
778618305
782144947
782180359
780512957
778739956
780442822
784032698
778561581
778694733
783977068
781909444
781936804
774725779
776473767
775166358
775047621
774811749
775108193
778225944
778189301
776493952
776445500
774741683
778338317
778319015
774706037
774759399
776417387
778073849
775258881
778276379
774841583
773195056
771296573
772721162
773066564
774689746
773228519
772647964
770919457
774667564
770857357
770750462
774649813
771423869
774578773
771166363
773273377
772440324
772864070
770545864
773124562
767538027
767445451
768978223
766171596
765772490
769328512
765868314
769371854
765958686
765633633
764562876
764499059
769199481
768819456
767634737
766269865
764584753
767304257
765816843
765928588
760177749
758559859
760714055
763930154
763825928
760101382
756784928
764094408
758591647
764030828
758668610
758641145
758511898
763865662
760028620
758526297
756828116
756796983
760670638
756820089
751146255
754842628
755080224
753268944
753234866
751367069
751199729
751121680
751332341
751235776
756752161
754911262
751283065
755028118
753291662
753076744
753161793
756325433
753131015
753193111
749603874
749429315
749403786
749164097
747936653
747723272
747834175
749686475
747636586
749470843
749632865
747177284
747311702
749278020
747678603
749501436
749206306
749748270
747781726
747239480
741936550
745609373
743754039
743098201
746767364
746891158
745501898
741396752
747104601
743794052
743730504
745527624
743272850
745635099
746973810
741964459
740240234
740189661
743188516
743698435
734396115
732368255
738238667
740156050
740119332
736328076
732251247
732302221
730110838
736420649
736388679
734463558
734423337
739564071
734326716
733529368
730152618
739546042
734259912
736472059
729880263
725946931
729924429
729951193
725918549
725972023
727674331
725853499
725832968
725680405
730085711
729973998
724154315
729850339
729298509
725892841
725862284
727747890
727713666
724116384
720080999
718073416
720223750
724054341
722212985
724024429
722244982
720379093
720134234
718146079
717441478
722140334
718102739
720014009
717516302
722176688
720309719
720336745
720260192
724087124
712785790
712941626
712483201
712252412
712631950
712142976
710896574
710945966
712854727
712571754
710606639
710640086
712328178
712452116
712499048
712598773
712430783
712377130
712676597
712518605
708572739
708761319
706886010
706828133
706692500
708866121
707072680
710578867
706727496
708821471
708611029
706970393
706604000
708579512
706635721
710544105
708652701
708717514
708941114
708735721
704648282
704514290
702458651
702264046
701105384
702664337
700993987
706193846
705014452
706263218
702934881
704600882
704569819
704841398
704467003
706567713
706343843
702851169
704420973
703872308
694793943
698904114
698866156
692903264
693257624
694298185
698844426
694992566
694927057
698819090
694427823
694888630
698931786
694875792
693144669
694958119
694754107
692966175
695049014
693077904
692862300
692688439
688213595
690009135
690438428
692723824
692537458
690265113
689986503
689952416
692752764
689912830
692798347
688248409
688275105
690669260
688182437
688138415
692654192
690527196
686252423
688067424
686074831
686159514
686359838
686137584
684442255
686292645
686426343
687998402
686211721
686389221
686190227
687969486
688036791
684499600
684549689
688085420
686003832
684471245
682242872
680586250
682326366
680779016
682596015
682406977
680753840
682517587
682490974
682188528
680632915
682641751
682677742
684239345
682409584
684262857
684208209
680887255
680735901
680721444
677099507
674983080
673083204
671175760
674880162
672946891
673006232
676966724
678564374
677026865
673110500
676726967
680563991
673050944
673032047
680375585
672822452
680522353
674858085
671834585
666712457
671107103
663902701
662269012
660729248
660687320
666534341
662024558
662294838
668439360
666474463
666604045
663816066
661951244
665868628
662225685
662051194
668482304
662090746
660653156
659078012
658527680
659912531
659093989
658403479
657138638
658750033
660418714
658650701
658277530
658702989
659027349
658799521
659051576
659008175
658824703
659134042
657098467
660427408
660010732
651643895
651570299
653272238
649889425
651551506
653349314
653468618
653542069
649928504
653842641
656762258
653399448
651373030
653781161
651434407
656884389
653693175
653643166
653563876
653503973
648169297
646700323
646789375
646758191
648231406
646930092
648397441
648436696
648264735
646600837
646678163
649863624
646573938
646629425
648246721
648571050
648495951
648120347
646851888
648479094
639694906
645017292
641584888
641504701
643492044
641908020
641771161
641825648
645147681
644928319
638141086
641458923
639623280
641838859
645123673
644846279
643381660
640372241
641732980
641721305
638074940
634441729
631111654
633083393
633053994
632913317
631353305
637926041
634502127
634455782
631660851
631317503
630857761
638063199
638112174
631183054
634481822
631614227
632936494
637962867
626010419
624717063
620420169
618889161
626077292
613708414
613680219
620384569
625975432
613739087
620229172
613647390
610673910
610641399
627697476
623160335
610622407
626230689
626113371
626047252
610394108
609339929
605999242
607639288
604200041
609371630
605909932
605896713
610457009
604310980
604107560
610335036
609404152
604244311
604087971
605949283
610614499
604052776
604275385
605780416
596868226
599696915
600713199
599264765
603964294
602724112
599326113
596835406
599767921
596804100
599816543
599660889
596896727
601384875
602567586
601425758
602541907
596778739
602756768
599740552
573297882
591959152
582921606
588489651
594938501
583008931
589226461
594911884
596720148
589251673
596750170
589195707
587710736
587624158
587568518
591919843
587666087
573932236
573219418
573142334
516302936
540729101
528604607
528582873
433454016
447584345
433669166
537878681
540792753
433363471
433303224
432361685
528764573
447776665
438273575
540978691
516277925
432290033
540845134
571955053
407193757
406030755
404633190
402716170
420268091
416281497
421866788
416273395
405145885
427361159
418801550
404745142
403424200
405976491
429039719
430357592
404857465
406117513
418974683
429089926
397698024
400216654
401979177
399357308
396828587
396784396
402418079
402461403
396756156
397638178
397738605
400157794
399522589
399383881
396889000
396821778
399444864
397960758
397869021
399660305
394661390
389934896
396483580
391049051
388298561
393695664
392433018
388387603
389591380
388341177
389640779
394920548
392509634
393524032
391238498
388143954
396740672
394859537
396374709
392367867
384533548
382585386
384754479
384188012
383520345
384822929
384591150
388078011
382538198
382558909
384442606
383561916
384391357
388082172
384250172
382438996
384681029
382921097
384336770
382934948
381276239
377626579
380715739
377455770
381114740
380219830
378634967
380759969
377575048
380132515
377512421
381269284
378277488
380168625
378580606
381228585
377699973
382396163
378528630
378414732
371777325
374362110
375482656
372481788
372512669
377000588
375549491
371732023
372163773
371817205
377070505
371014255
371751141
370274928
371850087
372220152
375696601
370703392
370240778
375545336
368175634
370205562
368656488
368477297
370158220
368259409
367076414
367976694
368609605
368782830
367257563
368051295
368716848
366734329
370181365
367194110
367139444
366779961
367319456
368550826
359443090
363852533
359522435
364775760
363232260
364879141
357269515
363857933
356152166
363807173
364822075
356190314
364328908
358543059
365542677
364379677
363173718
359742724
357203413
356246861
347384153
355820261
349681438
355900483
353902773
353842351
353731663
348261101
353974266
347983846
350511102
348022248
353753683
349502403
348313424
347331682
349373435
348681908
349299444
348619185
345638646
346076352
346817633
345872086
345707024
345610432
344145001
344055077
346030111
345923880
344947002
345968036
345784409
347268837
344529308
345745512
344092527
344020610
344010783
346861727
342617100
342785918
343776207
340226046
342267665
341405442
341346713
341446559
343998311
341517785
342836044
342875263
343363589
342675109
343410986
341481417
341383548
342607056
342743991
341478074
340176490
337721239
335876518
336411437
336762552
339985953
335793062
337848620
335165625
340033315
337511563
335943834
335726330
338381978
338922257
340133158
340089272
338404225
335099718
337792472
325239876
325175322
331267823
328348549
326598385
333820404
323937068
330064929
328973975
332593561
323980625
323918305
328216582
331309553
332620786
333866366
331234084
328426084
328156241
325275757
318555143
318411083
317380835
318490216
319663240
318451483
318523329
318152175
318342172
319681296
321810316
323870944
323896531
318432323
317300627
317346750
321792028
318474191
319667959
317420408
316985652
316067054
317041988
317078695
314835264
317072056
317235250
317022963
315820622
313756243
313761147
315841587
317199648
315999529
314863812
314826616
315864154
314806361
316040412
317270700
311694711
293799823
283668463
311671611
284858116
287362981
310457376
311728219
310497786
311654710
284879593
310489011
311997656
293745391
313742743
313712306
312027493
310523669
293256083
282579241
278050997
282013811
278078467
280700979
278321372
263580374
266864588
264450476
263554917
264412165
281826264
263688319
263663368
280737665
263395326
280666544
282020807
263433706
266803581
281964220
262385766
255148202
262511470
254199597
254197337
256146786
255273504
262613112
256012746
254213859
253196607
256124241
255120000
262632760
256099080
253209042
253151864
256056403
262531941
262426855
251047556
251103619
249370824
248831980
248555123
251379820
250307229
251163669
251093284
250360306
248810608
247550354
248763219
248525583
248491873
251133465
250286569
250272837
249394458
250325396
245823079
245198552
245222996
245180197
244985764
244924551
244894059
244958907
246594725
245808068
244911720
244876190
245845262
244527695
246448416
245008080
244482213
244556954
247520285
246578336
244168088
243720543
243481568
243676034
244162211
243575462
243640952
243456210
243512209
243537895
243616083
243364739
244149968
243766008
244941941
243821015
243429269
243360488
243362716
243402335
239058780
238340568
237609881
238279848
238224165
236713215
243212795
237605431
236737006
243167598
238322177
238594971
239166819
237661015
237624516
243305689
236761703
237587602
237644908
237635321
235951775
235233306
236673613
234723899
235889866
235140638
235128999
236706293
236659461
235260653
236691843
235959731
235935085
235901401
235130967
234770665
234804767
236688329
235241802
235879592
234445430
234638235
232886505
234471968
232120544
233709836
234460001
234487727
233697977
234498653
234400860
234370931
234410256
233751879
233265474
232203280
234613062
234387210
233313511
233217268
230552435
232092835
231317148
231293809
232050919
231279788
231342845
230500212
230517380
231236622
230531430
230540322
230492522
230522630
232106567
231366660
231307284
231173455
231177212
232068918
225378484
227267579
227114864
223909356
223953790
224578127
229747469
229763865
227086523
226138259
224817378
224865318
226329530
226171181
226105058
225437519
225481076
226282278
229766301
229716424
217646911
223218623
219972629
219186804
223144953
216823283
223862490
218214389
223235521
223158833
223043518
223014187
223791563
219345723
219244779
223189869
220543744
219294228
219958955
217197107
215933593
216746388
215886184
216697803
215278384
216132774
216728893
213739062
213687854
216153151
215232126
216818807
215020666
215004944
213771371
216713796
215899542
215035183
215913227
216726516
212289684
211799556
211850720
211815914
211995152
212476565
212014268
213392833
213418460
211786901
212642948
211058273
212285154
211016080
211000627
211832304
213402929
213428319
211789814
212661141
209909858
209251949
209235266
207261161
207089347
207035001
206854590
208620946
207950602
207614073
209211890
207287058
210989442
206347037
207595473
207064319
208869624
207907142
208591881
208577772
205725562
195089997
198823222
195903281
205440508
195807104
193225849
193345310
201000579
200958185
198901194
197129580
203929255
199593454
195106581
197178932
197112096
201052686
204837589
206269210
184975847
185148392
185019416
192932644
193186223
190053602
185731002
186728173
186711298
192865538
185796948
187602054
187463353
185052297
187499714
185115143
192905692
192407799
187554444
185518140
173883655
174187578
176749399
176593534
184913563
177071150
178413232
176577434
173812595
171936443
184593709
184551107
171442573
173918827
179096806
178384445
176692578
176652536
176548409
184866129
168403824
167059070
171119366
166359274
166232039
166362424
169883935
169820819
168665466
166810041
166415306
170044090
166260804
169014863
167559175
169028279
166732125
166316253
171103706
168993989
163342052
166178884
165201014
165331210
165030230
165235793
164959474
165256623
165387850
166208451
164598867
165007240
163831682
164932045
164982548
165474313
164619206
165997717
165843427
163415525
163134083
162605871
162561277
162496033
160616649
159020377
159064731
161911086
160517443
160569023
162851446
161857451
161995224
162539959
160543152
163117293
162640091
161954806
159990190
162364355
158877259
157219631
157131050
158129806
158797092
157444555
157196914
156753254
157214337
157628824
158814024
157486375
157589041
158968995
158016096
158819336
158097121
158848995
158433486
157938709
154697688
154545815
155229427
156569416
155248498
154761426
156723144
154484047
154501378
155263779
154086034
156561379
156656166
156240115
156272273
155256115
155751405
154037351
154785253
155806455
149418244
151029082
154008065
151734454
151710026
150178068
152029457
149379325
152731077
151098180
150838690
152386934
150276199
149879758
150983588
150814184
151894058
151797507
153513095
151848419
147456974
146558169
147348448
149317991
147859282
147433414
147733322
149172615
147288184
147304314
149372232
147394714
146537062
147862883
148508716
146533052
146507731
146616903
146580991
148448342
145960264
146216921
146180041
143128145
142434988
142581612
143433119
145913459
144979366
146020294
146129712
146066373
145016049
146481286
146146018
146210251
146442769
142450428
144899798
144937202
142422682
141053978
138853228
140642634
141074227
140601968
141439215
141062954
141085236
141043218
141298857
141987410
141110654
141930259
140521590
139387216
139378957
141169222
140567391
139332406
138724799
137070915
135215025
132184391
138618053
137039052
137020152
132173260
138711704
135350447
135173262
135197549
138643770
134511329
138742377
132157937
138656230
136998062
134551925
138635807
132042347
132094057
131289186
131235196
131181703
132073888
130534463
131450916
130511845
131270558
130548150
131360152
131303958
131258252
131413476
131194546
131342235
131218423
131245997
131382874
128871325
129624541
128850945
127795418
130354902
127774096
129609004
128818739
130456641
127752671
128838964
130467732
130374644
129641954
128912955
128891713
129586397
128815668
130333887
130391916
124944250
124791858
124142567
124752824
124990067
124818818
124833853
123980661
124936524
123970357
125017121
123960490
124774428
123972543
127638333
124970900
127700478
127668357
127730387
125040893
119377289
119506606
118002771
120379964
119473058
119488882
119400069
122291713
123937421
119393080
118792809
118757245
118774230
122275297
119417796
117956149
118743898
120365182
118772249
119491204
117941207
114678956
114315869
113761712
117927734
117893840
117879207
117842419
115603629
115267271
115642053
114299988
117945021
115312007
114338011
115226002
117860417
117912881
115308048
115287540
112893397
111337287
111385865
113752454
111411827
112072263
113725700
113741176
113711033
112832009
111368962
112864866
113586932
112851086
112874610
112116634
111351118
111995315
112131548
112088174
109247708
111308205
109122690
111216591
111326481
111148396
111081562
108310178
111180150
109315259
109165883
111121810
111199160
110288732
111286503
111273689
111170713
110323912
110311540
109276396
99003884
98917808
106591055
102218276
107168763
107429304
107096313
107254090
108289286
99147784
105172484
107146576
107182427
107379234
107446279
99169961
107211178
107285130
107401041
105158655
97349565
98252794
98213901
97302604
96501541
97543807
96158881
96136315
96020143
96214609
95978237
95932268
96458133
96186693
98121347
98715981
97367817
97760482
98885027
97764499
95846254
95161185
95221394
95700008
95720195
95272978
95303118
95874788
95120556
95063166
95103939
95777699
95871329
95904914
95864504
95734216
95330592
95244363
95755874
95078839
94185468
95031922
94102480
94461830
95048715
95050728
94778789
94750937
94497461
94253361
94240696
94207174
93967574
94151702
94123191
94555257
94587551
94060028
94032566
94029676
91336179
91161894
91076940
91057056
91032640
91007952
93065373
92480444
92367451
91137928
93046606
91315796
91184894
91105451
90984524
91287138
91367918
92447061
92385542
93123048
89761034
89713027
89170227
89864355
88387942
89145771
88326566
90343254
90329479
90355560
90674590
87877583
87846759
90959427
89743557
88347784
90650855
87795358
90971317
90390642
82318651
83466832
82684713
87745316
82646973
81970939
87721946
82342922
83476002
82654425
86496092
82289045
86398557
82031933
87092666
84952426
86463139
86538375
84969911
83809279
78937978
79329887
79370153
79284986
78964336
81139241
81144017
79967729
79620269
81834601
79309166
80169362
80545749
79347288
81844877
81921972
81935220
81125118
81058198
81952586
77967230
77991666
77770603
76364469
75897654
77947197
77671575
76964428
77739566
77409225
77640729
77718211
77041373
78905132
77421521
77460952
77380659
77370133
76376371
76366110
73426164
75476021
73360664
73265708
74373397
73394036
73942405
75292958
73703537
73917735
75486024
73893405
74685696
73970774
73692279
73256422
75331713
75308828
74357018
75310463
72753403
65778515
65764214
69255074
68286300
65590121
72008628
71943199
68307275
69754454
70323159
65749079
72745740
71194074
69295708
65507260
73245460
68298696
65550175
71971246
62618349
65145803
65060658
65232293
64551874
65040255
64386256
62711470
62602412
63615344
65272567
62655113
65197638
62591585
64773809
62746926
65190177
65031851
65054586
62726782
61732428
60736149
60060226
61612158
61390309
61370236
60123827
61594181
61617312
60958013
60074370
60017953
60846560
62278386
61417835
60715219
61601909
61701899
60007887
61438048
58496786
58318894
58256417
59143715
59999569
59390773
58694938
58682702
58272909
59124293
58511947
58208876
59116131
58708666
59846898
59566723
59105279
59090898
59588052
58971128
56065602
55913075
55936137
55857598
55836022
55823755
55811426
55757609
55766146
55750051
55478588
57712107
57956925
57737069
55718088
55795862
55742335
57725767
55729931
55782706
55404294
55056832
55318397
55311467
55382162
55338831
55452075
55389169
55362786
55301615
55141869
55078055
55039939
55001817
55380769
55420553
55297348
55114859
55347176
55014023
54939480
53020549
53050384
53091641
54952727
54978798
54987832
53099441
52979623
54776823
53032788
52741514
53059611
52736394
54821522
52989587
54968269
53041738
52968594
54835668
52686939
52025457
52675452
52729316
52350566
52658745
52358001
52283113
52714052
52611612
52666713
52365331
52342403
52378965
52031607
52267413
52308818
52722127
52681434
52371544
51208775
51203244
52014190
51117132
51101106
52021133
50831265
51183951
50602097
51176766
50842512
50837036
51205791
51216975
51191924
50858780
50850169
50793025
50785745
50609069
50295422
50269849
50309988
49989814
49981248
49995993
50581934
50570426
50275187
50590597
50576163
50264503
50288045
50283369
50304707
50007627
50300493
50000763
50176888
50598014
49739656
49382927
49964215
49338878
49974328
49699870
49663239
49673309
49650275
49067400
49317215
49743685
49704991
49714987
49074787
49004101
49307259
49329488
48978247
49009958
48693825
48677955
48456946
48452047
48955269
48965211
48744540
48738497
48726875
48464700
48471808
48938141
48716474
48709880
48699273
48668198
48732099
48177589
48686770
48719553
48123499
47540495
47535888
47874463
47868859
48078214
48163487
47856585
47760788
48097283
47842989
47745952
48106626
47812632
48157534
48169177
47531262
47863572
48117188
47882143
47411219
47519038
47174690
47525499
47104124
46809131
46401166
46350882
46381535
47201925
46361971
46799434
47087749
47078122
47184158
46391414
46359318
46634773
46369277
47192176
46043434
45993608
45984200
45974275
46077591
46048330
45801094
46033829
45817508
45813103
45808451
46302852
45805266
46063281
46037849
46070647
46340493
46338746
46054600
46056252
45475249
45456133
45443690
45479939
45736707
45691037
45426521
45761332
45778399
45775265
45783782
45795190
45683998
45486151
45771485
45741521
45783182
45725699
45487529
45789084
45283253
43962034
45264843
43526945
44637655
44005650
43769284
43548416
43512192
45270159
45260400
43573990
43998488
44627931
44514327
44214272
45399550
44055340
43598502
45275579
42519160
42013484
43496747
42328138
41834310
41593260
42573762
41587263
42595930
42832690
42238736
41108196
43224949
42495564
43015914
42486275
41117976
42040560
42322650
42591226
41101267
40306875
40543771
40316866
40468791
40301797
40458572
40295507
40066590
40061758
41093932
40310872
40749469
40523221
40287639
40528057
40751135
40536205
40550422
40291511
39976377
39996213
39823925
39782231
39234135
39994643
40033452
40049491
39988540
39227916
39399297
40039512
39411340
40055244
39815781
40050340
39809255
40044592
39241600
39983094
38384423
38598394
38369472
39191548
38941659
38573740
38362606
38889699
38357828
38607381
38548889
38673791
39106216
38538986
38348185
38613947
38934369
38561551
38422612
38336001
37902035
38049892
38135016
37893805
38098140
38039177
38116270
38031035
38122594
38109388
38082898
38303036
37909132
38320923
38139320
38298602
38132526
38104542
38069538
38058272
37827126
37889393
37795457
37765162
37401946
37356686
37123359
37876232
37811900
37851964
37770241
36871654
36864302
37783755
36859189
37882238
37865010
36854546
37858079
36852225
35042599
35513693
35336056
35328537
35317161
35310647
35162841
35065339
36359828
36326363
36333094
35086207
35076257
34923466
36366186
34927314
36321482
35053367
35159263
35130843
34857773
34835596
34689895
34894720
34916774
34912645
34875680
34824058
34683727
34680573
34670758
34862071
34675201
34693825
34849036
34689420
34869626
34885902
34906618
34900552
34629231
34601912
34453372
34493281
34618864
33716551
33694754
33714816
34420843
34485134
34437509
34471677
34589915
34463354
34639459
34444137
34426504
34479584
34449708
34433408
33331488
33318984
33172084
32995751
33580601
32983274
33646480
33359716
33190625
33688456
33389471
33378119
33607244
33230203
33594093
33224866
33183135
33145670
33650744
33613879
32715417
32980741
32946067
32737411
32791670
32944844
32783666
32788336
32544863
32779216
32975882
32772081
32673850
32535621
32685695
32971454
32720382
32548473
32952448
32938108
32529226
32466981
32415582
32287333
32403400
32180514
32168298
32527061
32438750
32281617
32491904
32208606
32431715
32529926
32206034
32300278
32293224
32277941
32192655
32394463
31205163
31527049
31089697
31553078
31340019
32156490
31331144
31309164
31303666
31255675
32135574
31535728
31344838
31335090
31231127
31216016
31243425
31455057
31548276
31325525
31045089
31085383
31072824
30876879
31077777
31067920
30996050
30870524
30862722
29932397
31036366
29926324
30882926
31005268
31052560
31028561
31061833
31021679
30989362
30889131
29703069
29476551
29856753
29889675
29459055
29466707
29913070
29712972
29495055
29717249
29446982
29699923
29883252
29905003
29708517
29499288
29489805
29909410
29897049
29845942
28996485
28836312
28811167
28773072
29214616
29016593
29436190
29013237
28598103
28545677
28987010
29234672
28989578
28841383
28553663
28783294
29223327
29242619
29306544
29203110
28341493
28164626
28368234
28120674
28358050
28155379
28253473
28525672
28336683
28498141
28364688
28512154
28168780
28156370
28505728
28243137
28162073
28148630
28520542
28515364
27682242
27970884
28112479
27986105
27947816
27974025
27979170
27977603
27975034
27771760
28105488
27981032
27934791
27968562
27779335
28098406
27950546
27784229
27583532
27944311
27490605
27357274
27364159
27088058
27043251
27481348
27573967
27351066
27345799
27050257
27512428
27561546
27312400
27504408
27567420
27079224
27567265
27552750
27557597
27545797
26767204
26559079
26367943
26655632
26542265
26688117
26546359
26362592
26555183
26667880
26571091
26550690
26497490
26556650
26673802
26680552
26744972
26357752
26565939
26738819
25930017
25879458
26341216
26345976
26350443
26285431
26263820
26099120
26092502
25923843
26354009
26156334
26114292
25907663
26086082
25889411
26335322
25919238
25895104
26325811
25474157
24308171
24293001
25843005
25116541
25491864
25503086
24968800
24228097
25488420
24598168
25495656
25082887
24370294
24231594
24320439
24972964
24377391
24300178
25480244
23655481
23842201
22927583
24028093
23798815
23987197
23977428
23847319
23837463
22851882
24201183
23050937
24204323
24031844
24171561
23966912
24022674
23433982
23043509
23003339
22413513
22606388
22426147
22419683
22157329
22152262
22145720
22137567
22110900
22110165
22117103
22498713
22261947
22090264
22336637
22637344
22096675
22125103
22103329
22162247
21959906
21932183
21975988
21947025
22084160
21925217
21915330
21781150
21921355
21769627
21772516
21765514
21793400
21785378
21777278
21951376
21967413
21942362
21908368
21938377
17551160
21696215
21739026
21712208
17557884
21759493
15377565
15081408
15076981
21718510
21555473
17554799
21754416
15071492
21750613
21560610
14927241
21704341
18729738
21571926
10982016
10976534
10954384
10864085
11437398
10835189
11629945
10858514
10839198
11471652
12385512
11633640
11442014
11452727
12377884
12367077
11468836
11463353
11458422
11264826
10520197
10358065
10369352
10319831
10382883
10341311
10395342
10366586
10516404
10722704
10363772
10390431
10338059
10335765
10719100
10831473
10736474
10468622
10326060
10262807
10098467
10259319
10126249
10111066
10093983
10251446
10216906
10229614
10224626
10115180
10213098
10208937
10234087
10254818
10102640
10097525
10094986
10130014
10123016
10108142
9862299
9872515
9617902
9763469
10086631
10083078
10088058
9883993
10090253
9869789
9654465
9624540
9994844
10010940
10007248
9864975
9746330
9635413
9766657
9643371
9539697
9341198
9526376
9528700
9335781
9330525
9486087
9224394
9377530
9504871
9533344
9352026
9382835
9494139
9396602
9219014
9510645
9393701
9325517
9490081
8862767
9081725
8858319
8985982
8775245
8871107
8988484
8998237
8867337
8772243
8991780
8981723
8886296
9089070
8987558
8977262
8883813
8976496
9076430
8969334
8505153
8739191
8345459
8632876
8552848
8502969
8735691
8494950
8629725
8599598
8582375
8458845
8651612
8755608
8753366
8612413
8647134
8642543
8604549
8563019
8073382
8087452
7923985
7993288
8335827
8332386
8087942
8067641
7996198
7995002
8341748
7994305
7994000
8069647
8235693
8252630
8239785
8178537
8083716
8255845
7909147
7633709
7632029
7898511
7920630
7902175
7915863
7917755
7887262
7880273
7714686
7690959
7906062
7904275
7686812
7619981
7808162
7630288
7817585
7635417
7421106
7415433
7551675
7568405
7478656
7418833
7495342
7417615
7481591
7405806
7401105
7548492
7472894
7553866
7401915
7565553
7423509
7497253
7490837
7476297
7398319
7164714
7289910
7282985
7296073
7399258
7334114
7285374
7317177
7322159
7293474
7339381
7247593
7397139
7313965
7232415
7337784
7345005
7338012
7250301
7154914
7082377
7002778
6927974
6927185
6916403
7074752
6914249
7075329
7063997
6999905
6997721
7066739
7004888
7068725
7083715
6924444
7082755
7138852
7162368
6903600
6857678
6784713
6906985
6843366
6761544
6759890
6859784
6846422
6786597
6782228
6756147
6840636
6849071
6775496
6771606
6768826
6766160
6763329
6858666
6753289
6683736
6702277
6609550
6699953
6589726
6667226
6696237
6541988
6537283
6611464
6613288
6544672
6686514
6691524
6693499
6587766
6531110
6689239
6540046
6528974
6478759
6520337
6406035
6404010
6401439
6465028
6343374
6412209
6410905
6468947
6477343
6341692
6349402
6339733
6474821
6472979
6525705
6344800
6347706
6280081
6324701
6329065
6277102
6226890
6281097
6192280
6232510
6334623
6115622
6190308
6331820
6330056
6273968
6270629
6112877
6338248
6332800
6236053
6194325
5895043
5767608
5824362
5844594
5774268
5841973
5846385
5770408
5910636
5848456
5903754
5832691
6041067
5978407
6043924
5831216
5977123
6110754
5906755
5828239
5362087
5360307
5676237
5471755
5738600
5665137
5659127
5667945
5479842
5754700
5469429
5425845
5419334
5413969
5747912
5411350
5409657
5481675
5475051
5363858
5296424
5221531
5358413
5289954
5150038
5224674
5293820
5219427
5355461
5202193
5290572
5208391
5291712
5199482
5351267
5288246
5217337
5353991
5205870
5204754
5082289
4819704
5148284
4641756
4816767
5070504
4575000
4814427
5010723
4585824
4644562
4814861
4630652
4817303
4576634
4938860
5073878
5066735
5068862
5064367
4451001
4382342
4356957
4221750
4453089
4227502
4295114
4216317
4290561
4275183
4210632
4126138
4565343
4305597
4385088
4214051
4281765
4221148
4223360
4567692
4054132
4000809
3981137
3942282
3998644
3983287
3941004
4053623
4049160
4046493
4051487
4044621
4099939
4050035
3987558
4121443
3996903
3995582
3993202
4054854
3934050
3874839
3870224
3813052
3866899
3816636
3805743
3876922
3814451
3873641
3872061
3939014
3804218
3743735
3882396
3881783
3810303
3807481
3794705
3884959
3470030
3729670
3577727
3712411
3741011
3579677
3575787
3649580
3740360
3715859
3731834
3707343
3643747
3733332
3644508
3524154
3636588
3512800
3738749
3514741
3347572
3352875
3342915
3467927
3400968
3464559
3459321
3414912
3417886
3345501
3401797
3454536
3459805
3460594
3356782
3412674
3469375
3350029
3343401
3400206
3250956
3269372
3341391
3324830
3337040
3281931
3272385
3274312
3339786
3279417
3266556
3326935
3342738
3332482
3280007
3271191
3276073
3277670
3255029
3334034
3160892
3026418
3018076
3024680
2976178
3080275
3126183
3027816
3021500
2978070
2977551
3178403
3113643
3025176
2978343
3122833
3167119
3116117
3078559
3120983
2909803
2808611
2815087
2873924
2924597
2919008
2926386
2875062
2921075
2917484
2809896
2922876
2816153
2967650
2921344
2871621
2969663
2811520
2860015
2923073
2536637
2668088
2619070
2673573
2669766
2725262
2665423
2806412
2722176
2567237
2674342
2672184
2723845
2769446
2728961
2673086
2666897
2628324
2727706
2722639
2418417
2529958
2525822
2371917
2365513
2480026
2412018
2363907
2521923
2520877
2373337
2370183
2527545
2368749
2429484
2410105
2534712
2525164
2417557
2520110
2350554
2313694
2315104
2316625
2355592
2312552
2354148
2207569
2204382
2189396
2360154
2350621
2191179
2147950
2362093
2352205
2351789
2205575
2352845
2149575
2085751
2059744
2134804
2086928
2082237
2077993
2080639
2076206
2083926
2071495
2138558
2131573
2085174
2084116
2136886
2076112
2065307
2139820
2068576
2132688
1981834
2007489
2003629
1854325
1791486
1844361
2058256
1932140
2008687
2009186
1848666
1846098
1984466
1936631
1998073
1932471
1995295
1934416
2008565
1793804
1621161
1742542
1790005
1783623
1526317
1736463
1467111
1781260
1462453
1666356
1665228
1464456
1669989
1476841
1781921
1468599
1737300
1671978
1742111
1670797
1239833
1128587
1409098
1074166
1126906
1076960
1399629
1318240
1071302
1407459
1237997
1072376
1161107
1332822
1333763
1075239
1073694
1313213
1028411
1170569
862116
816992
870399
1017781
866254
863144
1019393
954294
936215
883322
820016
952572
957059
1015903
880647
868439
885824
865287
863776
877812
781332
814913
811572
800334
691682
736105
692693
690745
737615
804107
800624
798594
693156
805628
802057
807850
739000
812901
809717
698775
686904
682689
681175
663418
630210
664246
662648
627646
662013
660279
658582
689379
661133
659467
629148
665459
688422
683834
664659
685396
624972
623429
592444
624252
600705
612198
610747
621999
603085
620776
598657
596999
591963
626994
606752
605037
626244
626052
622698
613591
541831
587955
584363
589697
586485
547752
539341
545699
551553
542763
543580
540153
550882
587275
585592
590627
548603
550264
544385
588572
462572
453434
462340
463972
434253
457926
466856
490555
431993
461101
460857
460153
431638
429220
430445
533252
465569
467966
433547
433040
398021
378411
375771
346004
403699
407900
374750
407037
347478
399305
409414
402872
373615
375302
408564
428195
348812
377821
344023
400128
210704
310840
269445
241177
210248
273374
257398
225110
312684
337797
275916
211861
269972
256649
225601
240596
340942
310961
311683
309319
190561
209508
180675
180833
193376
181642
209982
199168
198699
198271
181043
194790
198175
191150
196753
191719
194182
181230
209122
189956
144435
138718
168147
167363
165529
168798
153084
145056
152581
138855
179612
153400
168470
180287
166397
144749
134964
179040
167844
166871
134482
134250
134683
133451
129636
129500
125818
129754
129127
133604
131383
134827
134395
128952
129318
133895
134086
125997
134578
131262
111332
113515
124718
114066
113494
125525
113589
124524
125150
125661
125012
120310
111441
111398
113928
114221
120507
125383
113649
113479
106423
106680
104283
106602
106793
106886
103659
106819
104839
104382
101390
111228
101466
107129
104218
104518
104144
104441
106960
106530
88476
88304
85985
83680
86256
88204
94750
90548
85270
83658
83592
88238
86045
86414
88361
86112
101288
94810
86217
90662
70198
65253
74696
70084
65290
68011
74796
68095
65764
69959
69908
65619
69814
65192
69985
67933
70276
65701
83104
70152
60355
60407
62611
58203
55903
60572
53378
58346
53356
60501
58077
58139
53558
53466
55844
53089
60426
53209
53031
65116
43046
42750
51177
42968
42777
47761
49960
47722
47604
47511
53018
50388
48141
47844
47912
51091
52931
50292
50018
48068
41321
41178
37946
39756
39800
38125
39675
37877
37994
41110
39725
41249
41393
42671
39793
39648
38066
38033
41443
42612
36141
34578
34632
34686
34501
34325
34179
32701
32647
32107
34794
30285
32158
36048
34849
32573
30370
34541
34264
34731
27138
28489
25850
28572
28976
25817
28912
28614
28504
29036
25809
28929
25531
25469
28834
25914
25414
24666
28884
28618
24012
24610
24119
23895
22626
22579
22397
24563
22823
22449
22700
24013
22285
24065
24199
23956
22538
22343
22773
24274
22190
19693
20414
19788
20396
21140
20423
19763
19744
22232
22113
19725
19805
19736
20392
20550
19829
20373
21162
19790
19342
18778
19355
18864
19277
18729
18518
18881
19294
19268
18886
18786
18768
19253
18902
18548
19209
18808
18531
18746
18437
18009
18034
18260
18484
17964
18277
18506
17988
17914
17953
18515
18340
18457
18025
17932
18270
18303
17980
17945
17873
17864
17553
17275
17838
17248
17045
17085
17051
17515
17464
17524
17494
17240
17077
17265
17890
17847
17487
17897
17034
16466
16772
16528
16518
16554
16306
16313
17017
16795
16760
16803
16445
16291
16756
16567
17027
16786
16475
16559
16244
15939
16196
16212
15988
16250
16182
16136
15907
16278
16153
15945
16258
15961
16166
15959
15898
16225
16275
16076
15248
15357
15143
15105
15029
15337
15853
15131
15867
15076
15022
15092
15880
15324
15888
15085
15094
15274
15251
15264
14847
14826
14747
14872
14900
15010
14740
14890
14811
14704
14804
14775
14841
15003
14883
14997
14816
14983
14721
14718
14263
14318
14599
14532
14478
14473
14490
14560
14546
14440
14430
14420
14311
14288
14415
14271
14594
14401
14313
14303
