599893646
596651414
571405890
599868867
602620889
971710242
649893196
602701139
602668340
602641541
723004948
618435215
599942525
649917356
971657674
971571592
643009224
971611965
599978051
602595814
513017029
499076581
507509547
499007963
495619069
512973951
507459490
551351803
507425793
521048580
495676726
495733938
497632368
514479071
499033133
561152403
513039901
497419670
487524251
509700450
455276444
471792513
456882160
473116760
456367183
487520939
485943227
473143131
471705028
456855654
456823363
482556226
463407208
476028215
473128689
456302120
471776756
482472460
476052931
464708963
442903585
442840403
438488426
452013244
455205177
444494429
455254987
427130887
455104228
438652860
427159186
427092897
455188151
425606232
455237361
425473489
442922205
425091961
442872099
451912289
419697340
417301754
419418109
421350498
421083801
419392278
418313259
419914921
419788555
418273155
417322222
421303823
419925586
415045620
419870319
419620112
421159161
421015081
419589845
418243189
384116469
410034532
392042077
392043611
384215054
406816694
406877128
413186961
413223760
406856847
384316692
384091034
406725549
406753916
391998778
387705247
406836866
406802812
392010052
406888409
381576066
372873925
383771791
372859839
383964124
383909882
381551840
381520573
381494727
384022608
384076863
383726040
372896094
329916565
381633699
383800349
352959883
381480050
383832667
381609493
250273711
264652511
299679979
280592811
299649712
280507092
264700505
264676841
254841521
250258687
259512199
280543886
320720610
250095181
320737200
299674737
280569744
259498090
250141049
254802183
227359866
246425381
228632214
227915740
250023366
250056834
243362826
243347317
246369104
244830088
227885473
227949341
228602233
228667045
228693969
246396369
243268448
243251905
227999980
228577368
226667126
213992628
226652955
200725651
200712069
200756807
200694945
213945643
191637148
203680633
226637526
203730017
196277550
227290536
200738461
196269369
189226247
203711180
224296791
227322746
158714378
157949555
165642865
176188746
165554818
157933234
168700228
165605364
162897635
158701246
188469208
176167448
163007025
176198235
165679386
162993926
162960149
165730274
162931493
158724286
148311964
137677427
148279803
149809270
139343092
148300106
157901140
135243648
149836574
140943748
150709302
148343840
149821771
147701394
148335079
140960512
139362452
137731087
150696898
157921613
135225417
131681721
130447399
129525036
133185768
128681784
128702937
133112428
130459390
130407492
128724667
133842827
133789277
131645549
133156229
134901361
130427416
133877458
133137972
135211961
124095637
123132833
125613572
124066335
127691282
124051331
125620771
124100643
124081828
125638837
125658603
128446178
127375813
125586074
123150526
128382483
128333768
127315803
124519836
125599096
110485735
104888380
111147561
104472377
104423231
103639944
118594570
112034264
104314752
123118573
102650243
103573379
123078964
123050433
123100255
105068495
102678605
103622348
103365330
103559857
96929991
93455000
93682415
92947899
101181726
101914460
96190515
92062808
94242276
101123160
92960823
95495845
92739919
92757874
97611960
93404746
101157061
102591117
101777099
93697487
90848215
88153012
88130698
88170359
86745587
84097070
81846196
90784924
90894257
88183475
88198230
90883804
86761958
84074407
81837126
90907253
90316670
89494126
86774193
90322200
81829920
81655955
81664916
81161093
81672743
79953124
77941542
81539642
79968703
77922674
77910034
81823027
81814418
77882537
76857865
77956357
77913777
81645995
81805727
81680648
71538050
71542555
74051318
74444060
76850609
76843770
74063962
71545517
71506731
74042852
73138500
75275730
73229710
76830344
71517531
74425230
71530515
71461701
71478566
73491858
60961396
57264418
64389598
60438229
68649577
57236269
59995214
59069992
57227495
56624472
68752743
59060587
56612394
56243144
68661305
68760344
60946548
57248539
56249511
64409174
56203414
56220566
56142566
55729503
56131546
56056979
56152831
56029080
55757256
56235996
55736191
56228915
56180332
56075032
55750303
56117703
56100289
56187450
55743867
56210652
52699629
52725943
52718944
52714235
52707072
53431943
55723519
53014072
53023285
55346843
55242171
53482525
53387778
55619991
55332125
55339530
54369952
53375530
53976006
52693920
48745352
48738904
52665211
49079142
48454912
52342865
51055775
51904324
50797373
50821091
52673577
51067446
50039013
50832871
49401328
49430788
49423317
48751342
50783773
51881340
48443137
48438099
47111200
47464561
46751743
48435705
47123709
47518274
47052954
45752456
48448077
47840260
47511798
47095249
46628111
46643887
47031259
44909578
47449794
47475077
44882295
44280754
43824199
43342922
43818807
44846456
44561314
44316536
43771968
44891073
44902190
43264765
43765188
43349327
44869509
44581836
44025392
44014576
44256875
44856192
42328866
41862832
42281403
42324666
41628965
41619693
41395673
41857818
42320751
41388685
42301608
40745991
40540084
41624635
42063697
41401921
42059990
41869379
40770562
40753470
33436427
34600045
40276288
40270083
38885868
33441084
38869727
39511528
38899770
40250436
33215070
34665213
39126249
33211344
38932672
33690502
34158636
38879184
33445729
34648602
32980556
30127484
30125383
30827761
31731697
30350067
32983106
30845742
30355672
30291635
30344462
30131675
30820003
32200007
30106078
31272591
30118533
33172705
30112292
33189649
28793436
28158577
28786747
29061994
29249766
29057033
28147855
28805715
28764991
28509889
29244819
28797779
28770111
29268242
29271534
28801530
28155078
28724829
29019123
29253958
26544955
25276506
25922667
25931181
28119999
26539841
27930453
24737222
26316916
25916093
28113351
26549814
26340680
24729351
27320010
26755210
26354073
26553222
27770970
26554604
23450412
23424644
23838984
24580418
22319245
24213266
24558888
23386707
23438070
22313642
23969502
23429758
24586987
23238455
22136810
23846407
24202964
24603401
23444077
23233738
18587741
20308735
22132905
20304173
20476793
20817794
20497871
20481824
21130501
20813234
20300548
22126887
21158915
20491316
20472669
21165093
21784376
20977651
20824566
20488428
16921471
16924940
15869090
16898996
16928574
18014527
17416733
17285750
16010989
16015111
18408102
16889803
17287608
17282742
16369474
18010881
16885075
16366426
17290497
16919870
15860601
15864641
15855267
15841833
15682064
14914888
15516094
15842205
15105597
15507391
15512094
14963656
15696804
14956795
15678074
15850508
15376834
15352380
14922549
14958993
14428369
14260425
13397743
14773052
14431917
13600010
13399408
14438169
13433100
13420110
13398157
13544389
13595612
13419709
14777575
13551262
14879552
13787190
14886512
14905819
13086276
13097733
12917315
12906154
12946838
12909855
12946059
12939795
12945858
13373299
13102698
13099120
12630481
12952163
12655635
12957096
13081070
12962821
12651477
12645175
11853773
11761897
12600924
12035217
11742522
12462605
12066909
12070857
12254133
11625682
12029215
11863918
12259502
12456265
12266521
12025906
11911735
12634835
12059240
11858919
11463009
11279269
10814406
11256847
11162572
10800371
10819151
11448632
11598005
11411721
10965497
10993736
11168883
11418344
11119480
11623983
11284157
11173834
11158973
11465986
10198132
10227170
10119437
10135340
10127235
10124026
10097267
8363511
10104507
9968574
9238439
10692209
10224808
10227041
10212824
10222223
9474380
10131500
10230123
10728440
8355812
7420670
7156429
7237750
7052604
7420515
7160515
7817524
7223339
8361386
7708684
7417566
7157624
7457308
7822191
7819507
7006491
7920012
7421934
7711852
6769103
6678808
6680828
6993541
6586835
6985571
6603576
5426657
6770517
6989789
6263457
5973514
6607309
6261153
5591420
6767174
5556924
5424748
6162407
5535492
5423729
5202700
5144743
5353758
5354812
5419297
5353651
5296450
5296017
5216782
5353812
5296679
5347168
5144909
5144884
5147475
5297574
5423862
5423471
5351840
5001779
4700451
5124784
5081697
4640024
4660445
4634232
4500463
4456747
4925988
4489703
4651203
5142962
5120733
4928251
4648865
4577671
4943100
4503799
4454625
4101790
4434394
4391724
4111170
4430006
4385134
4218593
4183165
4131844
4428743
4373115
4437416
4126225
4434448
4389973
4387324
4129038
4103417
4202110
4120658
4037271
3997922
4050276
4087804
3976685
3976631
3942016
3985419
3995992
3989071
3976772
3971566
4100915
4097049
4085732
4042183
3978414
4039973
4090955
4043719
3641475
3783064
3574045
3576244
3796301
3882292
3883743
3774888
3633938
3521042
3638486
3919232
3870205
3804622
3623223
3880248
3562878
3522709
3940807
3723364
2982477
3509723
3467157
3006599
3323593
3511716
3008560
3004510
3158703
3018825
3406796
3011250
3235031
3314371
3408918
3176644
3464415
3168413
3186010
2981300
2399946
2507159
2401466
2821644
2477884
2311890
2980194
2977747
2715778
2819186
2713376
2659828
2657652
2309987
2529587
2532427
2820363
2796790
2530836
2978687
2284278
2286571
2180766
2145489
2138119
2135612
2008832
1924800
2149520
2146854
1901013
1884318
2305633
2085542
1949377
1892483
2136576
2122694
1891183
1927297
1836131
1774758
1800234
1798750
1798601
1777218
1732603
1731444
1669820
1832595
1719497
1716314
1730739
1881321
1848813
1709756
1774813
1774502
1839510
1729185
1474398
1667116
1574390
1513912
1664724
1646823
1660601
1651185
1649184
1616064
1508605
1586940
1663929
1664961
1648963
1526213
1517347
1665037
1533017
1530891
1324132
1128728
1331141
1228688
1127412
1082995
1329638
1246619
1465389
1327623
1326297
1224273
1408767
1332693
1328261
1241068
1473229
1175924
1340138
1234065
694464
739232
729381
922254
870378
1022234
696120
870965
728002
800747
1081251
774018
726113
1024871
724419
657598
722577
776763
737187
720972
640409
623144
541369
496069
590750
650406
577514
465755
656254
466479
640038
545971
549592
467495
622284
642046
578231
603353
640492
640481
432293
432609
406737
406629
273843
456211
454569
340087
310557
406897
296195
341425
449304
405788
311549
447127
431432
274628
404936
430387
