1093503607
1145832142
1132996858
1126289893
1196449828
1084699364
1143357395
1133075924
1126000099
1145626825
1145735155
1145681803
1143519062
1143298010
1196839460
1126233458
1093395219
1143444443
1084795947
1195991527
1059349425
1077210958
1067836563
1077138967
1077088537
1065749800
1082719706
1074502655
1074089346
1077285418
1074303492
1074201584
1067904012
1059275583
1072279672
1069717240
1065792317
1074417132
1069369094
1069613987
1058529089
1056276718
1049341036
1045938514
1045744433
1058688841
1056380236
1059030995
1058228981
1056043677
1054093051
1053950695
1046003170
1045876092
1058873948
1059176753
1055873443
1058087350
1058356555
1049515796
1038098397
1035697410
1039591419
1045081903
1037136427
1035815438
1041771205
1043325400
1041662529
1045634217
1039781536
1042272887
1042077125
1038044317
1044869467
1037831911
1032225778
1037931474
1043233479
1037050154
1004521828
1004432839
1008733651
1015637900
1025077838
1027687344
1025558188
1025633790
1023540386
1023447739
1015786381
1008796520
1008677560
1006200642
1032124463
1006057546
1015715354
1013188373
1013029525
1025239469
984897939
989561570
1000530846
993587104
993414621
984581112
991316493
989639902
978942278
991590430
985350601
979499454
984727791
979771191
982487922
1000460083
985081593
979625933
981907272
985233775
939111085
938895783
936088110
964679065
941020348
936138006
973120899
952390999
938691299
938320612
936190138
938567123
938244728
966404111
939632346
964612490
973003459
952319500
952200005
940848931
919982081
905110337
920081771
918025495
917776428
915705772
909629685
934210335
917883738
914167980
914245960
934413504
925202259
924990462
934286482
909104115
911997102
905163342
905003232
917639229
881126787
880622220
901109944
892086038
877729953
880970689
877644573
875879763
899086876
889530047
880773931
902684440
897154147
891600387
898960424
901225118
880449530
897349605
897259097
891772330
860295426
860174052
858427292
875327683
875246358
867938727
860259148
866277322
866214599
859607459
875120215
860143251
860111610
860219221
875699110
866239724
861809184
866312361
859961268
858461111
811680674
811389826
813063128
809412453
811542884
812951436
809534686
811634500
809465155
809570148
811438086
856528505
809372748
811579136
812874625
813131885
812729988
811470370
811495447
809520979
807753729
805664116
807480592
807269551
807106750
807336273
807640331
807569111
807609791
807728426
807035910
809242143
807667221
807227934
807153697
809325203
807389162
807701021
805607601
805697063
799902421
795931926
795858417
795729445
799832677
787453665
795831819
785785899
795565604
799877953
799955162
787345302
803113780
795792248
795907141
795481198
795689707
795645498
795615512
803192543
778421722
781875891
779894937
778376666
778260045
781901774
778461325
781973980
777846249
779838610
778285568
779567877
781929475
779931849
779721396
785389859
783688670
785453168
785298771
779633762
770555409
769292746
770652491
774622831
774494025
772561129
774553984
772349165
774408225
774342728
773018958
769337333
776548525
773079944
776607704
770851601
774695687
771189448
770899986
771088857
758484236
758526368
754846668
762630333
768904872
758442396
757910488
756740724
757496147
767350156
762414665
769123500
767634737
755761511
767201207
767594655
767504026
762073823
756405045
754339769
746541051
745367294
739995896
745138156
738863357
741837771
740021565
741805232
739535863
740061724
753129800
747154300
753094474
746666655
747066559
741877907
738939164
745207222
741206520
753039070
729492644
738085495
734151329
737255394
735942705
732903026
735715757
735842926
734210785
730647922
729819743
734012946
738137651
733017624
730739302
734087046
729355170
729766892
733922372
733835728
723482159
728995467
729195290
722980167
722187017
721350977
721058316
718114459
723729189
721218162
723850342
723197844
721518754
723334846
718144385
722113814
728409428
724015106
723952356
723637942
696303516
717916513
714261954
716070987
695183629
693670840
713303042
713212863
696521030
718058415
717522142
715013696
714188033
714142919
695239682
717644341
696440761
715101105
717963256
694112721
692873266
693293297
687246267
688277146
691530653
691739275
687313321
692914781
691889525
691261516
693045736
690058311
691419446
689035509
688369167
690343971
693197060
692970643
691628199
690145556
684877172
671088179
686523887
671187750
670970858
684467832
683416616
687143559
682733011
680925720
684966681
683087195
670733948
686354239
686307319
684794165
682689893
684510951
683298089
680828715
661853224
663686482
670010844
668258191
661678469
663919221
669981914
660609243
669300059
660555499
660480019
661767955
669941559
668302687
668235742
663881660
660513935
663756959
669401582
659833715
656956625
655011938
657037673
657243153
657270819
656999178
655487887
654916109
658256907
657215370
655442726
658068272
657988126
656924413
656870365
655469365
657114891
657199987
658171585
657176260
649961125
646669324
651567758
648158062
649802480
649721393
649936144
648125416
649846504
650865126
649664305
648095716
647985733
652992527
650730333
648038361
650947514
648321407
651594473
647826183
643517239
641603629
641711455
643487972
646276552
646641506
646037109
643539506
646534631
641450197
643463008
641535893
646407348
646585431
646184836
646121170
646614257
646490784
646338681
643572733
638115618
637877228
639966946
637166257
639889834
636381308
639916969
636342671
638071637
637937888
636156609
637615144
637235828
638135620
641026711
637536990
637336257
639623558
639957350
639708256
635881040
635990229
630088610
624572302
628398985
634448258
636092733
630185898
629967748
628035748
627967543
624521253
628484826
633659689
633811964
628275541
633868023
624545351
633752000
633944444
618772384
617674031
619553403
619356934
616428333
619476968
618945628
624458773
619204090
624505850
617956329
622853532
618909291
616486143
624422707
622921434
618871897
618829830
617860584
624483517
613790660
611804398
615355696
607256975
615605028
611936738
612050118
616280795
614462337
616331915
610884760
610854960
607341962
607156396
615477948
613894387
614053512
611720889
611877061
614682658
600946915
601267329
599460339
599539094
599620767
607050960
602201698
601296344
599680090
601013504
602341542
605340785
602089950
599732001
603874302
603798571
601072579
605408197
599397488
600841581
598449510
596687294
596614542
598496271
598406676
597028145
596736519
596652482
598666075
596570523
596541040
596501868
598599928
598427349
596693027
596642616
596762141
598569981
598533171
598468993
594738252
592062407
591986419
591921741
594671067
595107165
591953060
591880481
593210743
591798299
591842467
595076015
595162364
593279588
592086727
592040210
595039395
592013167
594810120
596264515
591663567
589288052
590518928
590902664
590248158
589126704
590827360
589258334
586411169
587787685
587458382
589403736
589234669
588942979
587697475
589019302
590872387
590348637
587572896
587641946
586163517
582316591
580818585
586236870
586047368
585967852
580893681
580567275
582197797
580851780
580798310
582368354
586182112
580574912
579566097
586202384
585884778
585496511
582410800
586279609
576732924
579543459
578189918
579508780
576663516
579257098
578217255
576687699
576615746
579110043
575968660
577957891
576200937
578267831
575925440
576291420
576348201
577643876
577893660
578014785
575148845
574622614
575121677
574996821
572730929
573147559
573033701
572790697
574925247
573105736
574956619
572935507
575039807
573072702
575058873
574564736
572992665
575877713
572956489
572905697
570022289
569909362
568531503
568630001
571357132
571438268
571403555
569885250
572499591
569964268
569991279
568612912
569939816
568559472
568394580
568285126
571314864
571376473
568589399
572397221
565762433
567299612
566033976
567277242
565899842
565875273
567062678
567114388
565785396
566004119
565431623
565823116
568222982
567005194
566055029
565861223
565457165
567325051
565979822
567257841
563577045
562103349
562015584
564359760
564399806
565358309
564445489
564209414
564058265
561068032
561038997
562497023
564315534
561066176
562565971
562540155
564168853
560139352
560782416
564110762
558651040
558820627
558672748
558515091
560074050
558773066
558696643
558608284
560019272
558785606
558493546
558535978
559873834
558567818
560039911
558840360
558797960
560104621
559778139
559659532
554112533
558446525
554170021
552665362
558325225
558475081
554506961
555997240
554338876
555684263
552795096
555750035
556114277
556045765
556081674
554480310
552757997
555906951
558395323
554289897
549780240
548682851
550189043
549963087
550046422
547612794
549637335
549707073
548620191
550021044
547639301
549830140
550159694
547580699
550229374
547679666
549993475
549980091
548646083
548580014
546692971
544708584
546812761
546716298
546012937
547281953
544679395
546746808
546725787
547221826
546974983
546705517
546058019
545964857
545903408
545912210
544800877
544646966
546904158
544760124
541563848
542363947
542855670
542436217
542461622
542333439
544519051
544558787
544592345
541364364
544614845
542888938
544134395
541533725
541609035
542447747
542417436
542917786
542552410
541585750
541280517
540268753
541361832
540327127
540356757
538979529
540286906
540305683
541214266
540421404
540382051
539173250
539087566
541333568
539131009
539005002
539069166
541149261
539032664
538960341
537549150
536083286
535748360
537742158
538928301
537672405
537697792
535807318
537617580
536028045
536142990
537712784
538855139
537658780
538935180
535867485
537634883
537560870
538882608
537475520
533299470
533347157
531780306
531811607
533200551
533278276
535659725
533256188
534808628
533356166
534790644
535586304
533226077
535515393
533324175
534722714
532901939
531744083
534759719
532847823
531441642
530200092
529882274
530136516
530238914
530096309
530281891
531726850
531693433
530118011
530062262
530161255
530331470
530035891
529869144
531519006
531664115
529984128
530000397
531585003
528120980
527043133
528161960
528095014
525611277
528168634
527184720
527076931
527198912
527176554
527145767
527191433
527029909
527103038
525557156
528678681
525580896
527132803
526511996
528634711
525384818
523553159
523315733
525516469
525341164
523517575
523469647
525264010
523175435
523256315
525486324
523395668
523652741
523610141
523499184
523360518
523705663
525436427
525307048
523429766
519683549
522615717
521187079
522746615
521085499
521044995
523164756
521120993
521152593
521001255
519675936
520979262
519648438
523018262
522836751
522940651
521306022
521246347
519704261
523107778
519194965
519596169
515919581
514755290
516036950
519620011
515969842
516085464
515753700
519574183
515893214
515777076
519304863
519377533
517967240
519547979
515835254
514385044
519521927
515760002
513421745
511798313
511684425
509058296
509011406
512815649
513363683
511826993
508970719
514317582
511734065
513449808
512734494
511790177
511647716
511873040
511818035
511809963
511750477
513399023
508776258
507415200
507449827
508906976
507427759
507402864
507397367
508662094
507407868
508596666
508747517
508818656
507527125
507487960
507411849
503095387
508814916
508699490
506063009
508300649
502635408
500680641
500587371
500560817
502149459
502393740
500761079
500533820
500712904
500619546
500597461
500501729
500604849
500635481
500626517
502271372
502754851
502543917
500612045
500777866
499275025
499270093
499319304
500193514
500344803
499355173
499327148
499228505
499168494
499111332
499141186
500241911
500355541
499342841
499194138
500301463
499335078
499089833
499069594
498737844
497950567
497708454
498620995
497892365
497673928
497625889
497844294
497806909
497695258
497770688
497584179
497729830
497762161
497701912
497714995
497689203
498710915
497682535
497610223
497645119
497407442
496138631
497560944
495991057
497445713
494368837
497393667
494386911
496146661
497463654
495959963
495951731
495917856
497459703
497535259
495974580
495942829
494360543
495985391
495966718
493701825
494248231
494355352
494279910
494198673
493822185
494144531
493609803
492665298
492517587
493840144
492610625
494325076
494320380
494344830
492570506
494335716
494218711
494166736
492542220
487540492
492507484
486189907
492492864
487480712
486224396
487610921
487618315
487507252
486142219
492499562
486256083
487419414
487571291
487446321
486166567
492280110
487545684
492485636
492235753
483036928
484782410
486023018
486108637
486000243
484901759
484863008
483210648
486046979
486139615
486117294
486072027
484907522
484865686
484714839
484667297
483169456
484796623
483080173
483123150
482929507
482992969
482948186
480223618
482944364
482913240
481542064
481523770
481578919
481122743
481114880
481584296
482921028
481601229
481628148
483031661
481544686
482977760
481547604
482898672
480024639
479059258
480215385
480163681
480004538
480017764
480089004
480194581
480140119
479109397
480059691
480065139
479990589
479024702
480011554
479997864
480097930
480116111
479983230
479977518
478789926
477654771
478936823
478828063
478988002
477443775
477703955
478914374
477555939
478879222
478963209
478820363
478846760
478865722
478722121
477614602
478874282
478753380
477590882
478716230
476224128
477412949
477372684
476203894
476176448
476154010
476106207
476246478
476130769
476094765
475001218
475041893
475046042
476313594
476283364
474954667
476327751
476332793
477437738
477378221
474902346
474713955
474257405
474738712
474628068
474773101
474654928
474593956
474498509
474444344
474582220
474451029
474676016
474811348
474388242
474315583
474137554
474208089
474853973
474428416
473347179
473376390
473322170
473284804
473226094
472957520
473429701
471911870
471864372
473122910
473262199
473046028
473006638
471968594
471930179
473437895
471840171
473188441
473169819
471889440
470268376
470092336
471718499
470200229
469316378
471809021
470242782
470185074
471730512
471655432
471728716
471659282
471324496
471692877
471784552
471761776
471263468
469970268
469886645
471615325
467920930
469208693
469254585
468797727
469229989
468002073
469185424
468006061
467522889
467897541
467441514
468036610
467948311
468793645
469290132
467969384
468069518
466870391
467966389
467972895
466725617
466398165
466780194
464612013
466744523
466380681
464421544
462312847
462271933
462321572
463053601
464505204
462296551
466797528
466847449
464594244
466818390
466337453
463126608
466764751
462181044
460899434
461487213
461807520
460985594
461925902
461612638
462131090
461750362
462210011
461685930
460924864
462245326
461429012
460934289
461535986
460955654
460918737
460908832
461882787
443415562
460320676
460379815
460260383
444068409
442371561
443993414
443743433
460844168
443812673
460432627
443351086
460451409
460867558
460800257
460506493
443671966
443485023
443562697
443877291
438691496
441616443
442273818
442237722
442355254
441525773
441875941
441469913
440083398
441820688
441579909
442029919
439494110
440006900
439552805
438742155
441530181
441936012
441430680
439919608
435785157
435357620
433191626
432088416
432019881
436525829
436488344
435305136
435931493
433157889
433736560
433296411
436550037
436705894
438171603
438621878
435847652
435228194
433380013
433822976
428896614
431946105
429311144
427881365
427690607
427607718
427402965
426074812
431880287
427753097
427436042
429191295
428006045
427509481
427467799
425039578
429486584
427814358
429414318
426190503
417978137
419046718
422905231
420624373
420356470
418752917
418942888
424213171
424580486
421772943
421750743
420614260
422038629
420471156
424370996
419873717
418846987
418549615
424706208
422980910
417389691
416320100
413788214
417659734
416549297
417611852
410965069
417851798
416541426
410931938
411005707
413918695
417722950
413844124
417818386
410896545
417506055
417767613
413811163
410998945
404289586
404160939
406921583
404362408
404454773
404343083
406895245
405711539
404241373
405791000
409657452
404266204
405650638
405714609
405746827
404311364
404129695
404404952
405680168
405628329
402213740
402222719
404074901
403127871
404120423
402232837
402226875
398625409
398329485
398671393
402251894
403230609
402183669
403191418
403211674
403160451
402994411
398697872
398236767
402196898
393317587
398183014
397053421
395586883
397186531
395799889
393403362
393294463
395334630
395688380
393338216
397307130
393260717
396739933
396758921
395854711
396899795
396837635
395420742
393370331
393029879
393232018
389566209
393217609
389201258
385490662
389194344
385485376
393081055
385369548
391615603
385297534
389247351
387220208
385435549
385422659
389537846
384950836
384812592
393122692
380737206
378851018
378893182
382773762
382663720
374170777
380696551
374522131
382752358
380108530
380252110
380328336
377441245
382797789
374445338
382724624
380840973
382707121
380911966
382687747
372973010
370392969
366028320
371048567
366055341
372949062
370516511
370425155
370464347
372023830
372868006
370970118
369392436
370488391
366188945
366027150
374145383
366016010
366235353
366242390
362390086
361552234
363777765
358977545
359933096
362590049
363888872
363788151
362227392
363989516
360039003
360088005
358952953
358982864
362298039
364016008
362462991
363938390
362159706
360136594
356365882
358882146
358850098
356276901
356184008
358403856
356451414
356199712
357139810
357194319
358904914
357574017
358870934
356359097
358878575
358352849
358805964
357524884
356416589
358933414
353073149
355322363
353055783
353805307
356083304
352686986
356090423
353972606
355369866
354197928
355972652
354183742
354151959
354845118
353892875
355348527
352599230
354128274
353089960
356017884
348750709
350026348
348502094
347652691
348777773
348821532
348699445
347453419
349893280
345543589
348564710
346402290
348850314
347540625
345524088
346459844
347368185
346195143
348626099
349979765
339367662
339349950
341521754
340511189
341578605
340430643
340295409
340252993
340407197
341701923
340458664
339379645
341593975
340479191
345509765
341689815
345494582
341649495
341625068
341561704
337224145
337245895
333522921
333548361
335494004
339321958
339319037
339276946
337276481
339299785
337210467
332182812
332212697
338343282
337258670
338376326
333482987
339328751
337190511
335567067
332091198
330803756
330910837
332154179
330853819
330520921
330441332
330669537
332119497
330813146
330388829
330885996
332086227
330602122
331588017
332140765
331570964
330944348
330743969
330627477
327642452
328732803
328767650
328748411
328800361
328786838
328703216
328660842
327660038
327818080
327714852
327765954
327758979
327791538
328846149
328867420
328862559
328816611
327735423
328632945
326291890
325800516
324976172
324948083
327606687
326501974
324925695
326414573
327433138
327632516
326457439
326368805
327557957
327586659
326452461
325002536
326392473
327498637
326342984
326333456
320704829
320688424
320727693
321742519
324335219
324265370
320670948
318534395
324655885
321699008
320755570
321715259
320646841
320620140
320531944
321764645
324907391
324347254
322522052
318561674
317189036
317213172
316023667
318474299
318480932
315998538
317138315
316868576
315970615
315980157
315942235
318505584
318437641
317134807
318454546
317241276
317117441
317158679
317111107
318181740
307896383
307932610
307876351
310202132
307914499
311310301
314568346
307899205
308686371
310025589
309978787
308861578
311544149
308799310
307918550
308557245
310111878
308668381
311388775
308622337
307846141
306864989
306880577
306821051
306809083
303275661
304665947
303348596
303508829
307863912
303441012
306906517
306844499
307850128
306789433
306936770
307827017
306920026
306955228
303545656
300923250
302076168
295315255
299715255
301849272
293849081
301933553
299719284
300873255
300890641
299783374
299756300
299693195
293089284
302013524
300963147
299731470
303207377
302108962
300667124
290710736
291902919
290735450
290574355
292950397
293060627
292988767
290695943
290619254
292955435
290665587
290597410
290700875
290681822
293009198
291961371
291988932
291917837
290650680
291936924
288374364
289426851
289359726
288386425
289363044
289611335
289628301
289526926
290534838
289509661
289311406
289581858
289396225
288389149
288329463
288555507
289562359
289636506
289544776
288345016
286038044
282432940
280448559
279443072
282624555
280394797
279520360
279496386
279477448
282606944
280464826
285973268
286011552
285993761
280366144
280424490
285930359
282394599
285949530
282351698
277066637
276985687
277039269
277104804
277001131
276776818
276728460
277138000
275894071
279383707
275851776
275878640
279391009
276663315
276785578
279416246
279365320
276867959
275829847
276833650
273191597
273547268
275803246
273332271
273249484
274576226
273557590
273284441
273607030
273366661
273398755
274563722
273294458
263606528
273100867
273158691
273426584
273575509
273395409
263560879
258530838
259271886
262591949
262574979
262648875
261551558
261608273
259324713
259206599
262670727
261610662
259291224
261642032
259360049
262683550
261565699
259369067
261644107
263459757
261583521
255263807
258449795
258424098
255235954
257171748
258403376
258482695
258381194
256347640
258468204
258421734
258333461
258503077
258290632
258252801
256389676
258469434
258355451
256363009
255288611
251116091
252180773
251288825
255190646
251934426
251836324
251081208
252159963
252017313
251305080
252204408
255211087
252045939
251774000
251882242
252242223
252221034
251977022
251044884
251344861
250296147
247970470
250046750
247479251
250329765
249879460
247437888
250346229
247257739
250019270
250379308
248416279
247291673
248394255
248370733
249979285
250312706
247455239
250291299
247422023
245422483
244475264
245278957
247059083
244723867
244505266
243765444
246487661
245323285
246238890
244681964
247028660
243668152
244563481
244540146
244470482
243715858
247023245
246430657
246464174
240986804
240345376
242927624
241115648
241949406
242900857
243757141
241068239
243639490
241069904
242018309
242972666
242045363
241168516
242923762
241985487
241011016
241030370
240311762
241109371
239424905
235978547
236210544
236491156
236074646
236573031
236523174
236251442
236018544
235997807
239369862
236927282
239581087
236175304
236037684
239487337
236547939
239446062
240275670
239366022
232915495
234483673
235966656
234657102
234481517
234682043
234707673
234023561
233976974
233480584
234639552
232901714
232930241
233402396
234496364
234052723
233453307
233259240
234479193
233227028
232863780
232879538
232375820
231729356
232606848
231333235
231218665
230889693
231297464
231682443
231311486
232876456
231286287
231249692
231266063
230839235
232644033
231228920
230917614
232350959
226292150
226228275
226261588
228999076
228950314
227379420
228967689
226706711
229770250
226703148
229783261
229794568
226933999
226677414
228985783
226659587
229757427
226191290
226693276
226675460
225051379
224940525
224279194
225900283
224423753
224261398
225873247
224446412
225026501
224993298
225040594
225016272
225886496
224511820
224258333
224462486
224967615
224403702
224229890
224488473
222095681
222978019
222905890
222083227
222872118
222063390
222828186
222804749
222122589
222108881
222944777
222923405
222078747
222902444
224204765
222816804
222839756
222142288
222951019
222887661
220538968
222028749
221354251
221338719
222043591
220584492
222052789
220556071
220536761
220520114
221208357
221240163
221363640
221227054
220501377
220486301
221380016
220554846
220568453
220547587
219760122
218974079
220461935
220470049
219713266
219669508
219739379
218985995
219696869
219512745
218962620
219686420
219729859
219662255
219638884
218951688
219463379
219012091
218998283
219556360
217939451
218169101
217471892
218935616
218204059
217448442
218012849
218828317
217492776
217458773
218191301
216698566
218036213
217975525
217843960
217489228
216662220
218178777
216678123
216646856
216626829
214681638
214581623
214625761
214900865
215675087
216588729
215471874
214860161
215433386
214961699
216560429
214938804
215579181
216606952
215852513
215516207
215823411
214724539
215869986
212576379
213436180
210979933
210975610
213269035
213225420
213274521
214211721
211616812
210957998
214230751
214034531
214180657
214164043
213974179
213306889
213023516
214199672
212372177
212556174
210180726
208475639
207507251
207513892
210942884
206887098
206883620
208411305
209969712
210922250
206872963
207496221
206837985
208481953
206848638
208429146
208448535
206857853
208394506
207437857
204794103
204768653
201175906
200158012
204703942
206099493
205985139
206650336
204715328
200174198
205805861
205946335
206089329
206023328
206076806
206030744
204744379
200235270
200205675
206005209
198855484
196300500
197751275
197772594
198877502
200136370
198705561
196986939
196943801
198810788
200128380
196957800
196328170
199586397
196317965
196968621
196990820
197735345
198740658
198782184
194346524
194332884
191089733
194359372
194387450
195656608
195057799
191282332
193260479
195060380
195066672
194322055
196285469
194372635
193196840
195710718
193154007
191272955
195703924
196267960
189954289
189980055
189987042
189906597
189723634
188539062
188111591
189956009
188549987
187616476
187693899
189935766
189945688
189685368
189916529
188565405
187700207
189967742
187710822
187683751
186636296
187611212
185905238
186584142
186556885
185863380
186674229
187460659
186042965
187547338
185929543
186060331
185866314
186069998
186659890
187580522
186700539
186085732
187517471
187497539
183786171
185329391
185283895
183805971
185271868
183777591
183766079
185309903
184453910
184468410
184411726
185268021
184445543
185816932
184478524
184432553
185297357
183820696
183753032
183791926
180918390
182987284
183689916
183001025
181423109
181424855
181234313
183739378
180897442
181301487
181286692
183370730
181266701
181351355
181397854
181386962
182047522
181262939
183421822
181341665
180366740
179450087
180816984
180634491
180621986
180655540
180855426
180834115
180126564
180873230
180682502
180278278
180118921
180090456
180082979
180062150
180642062
180096530
180072710
180326698
178682194
177425186
177633950
179275214
177787527
179254564
177487515
178729337
178700760
177712154
177535724
179293525
178722134
178713562
179227370
178697088
177753420
177577271
177363098
178736230
175480687
176823400
176924049
175777638
175735718
176613485
174964003
175469862
176671992
176784781
176736157
176958011
176633892
176944226
176896153
176968012
175454624
174997459
174943740
176850652
170524957
174355119
170489371
170547548
169943346
173566150
169028778
170019854
170474957
170482286
174102335
169078572
169057864
174930408
174915170
169103169
169978222
169042400
173584561
174314034
168354767
168142985
168058274
169013116
168353156
168836815
168316147
168816772
167617050
168758028
168882621
168881197
168332665
169000385
168302970
167663471
168894948
167611224
167559385
168376704
166730723
165284797
165846869
167534333
165854318
166669573
166634008
165867350
165812921
165822641
165480819
165293188
165530281
166653585
166619081
165888093
165876744
165830495
165517272
165266085
163035854
164502059
163707196
163059096
163076513
163721310
163557581
164536744
163048090
164520261
164216488
163716439
164555532
163595755
163079172
164159955
163692734
165244431
163090949
164245760
161291687
162265093
162213591
162244772
161262957
158766548
162197625
162981240
161246259
158754421
162966299
162187708
162999523
162231059
160346796
163015909
162182321
162162129
161225375
161276808
157074000
156199335
155885291
154444827
157981384
156170214
156134293
155158942
155174298
157945558
156149021
157961420
156186168
157932069
155781041
156153915
157929692
155148886
157100233
158746343
152235552
154427767
152981502
152262448
152992621
154406442
152842808
152803616
153674918
152741444
152247892
153628689
152272552
153647294
154421016
152222416
152969093
153004011
153660431
152599502
151540327
149846097
149820848
151553221
150707150
150694465
150628119
149833003
150736586
152217438
151590139
149066936
149792791
149794746
149798567
151598928
150724372
150671559
151572169
150658579
147523227
149052100
149041566
147011600
146984030
146869736
146546050
147700677
147578315
147551628
146956878
146580723
146608423
146941036
146890118
149029579
147712117
146920735
146960817
146997633
144110754
143324881
143290462
142092520
142016596
143347974
146306817
146313740
142992413
144074033
142201047
144185865
142975782
146303986
144145422
142055337
142537052
146287199
144080556
146236427
139372096
141972974
139349300
140291592
139431222
139411492
140301030
138729628
138701940
139393401
138655373
140304186
141987340
139335408
139383068
138644663
138649630
138684051
138716059
138669971
136910395
136804000
136784057
137903579
136822502
137748334
138626367
137821584
137808883
137956410
138616090
137921529
137790162
137776283
138635576
137841403
137880933
137935472
137863529
137761536
132144184
134077411
134220805
134261833
134049719
136002791
131998523
136733110
134240439
134166638
134280636
135947076
134148635
132140897
132099956
132159969
132177865
135973537
134118831
135931236
131964747
131233955
130332575
130466518
131212739
131026185
130495927
130305090
131310703
131336203
130366651
131270975
131924963
131124785
131323389
131254619
131286993
131092116
130510185
130481820
130253461
129550450
128685087
128582606
129596925
128701901
128619472
128813372
129584592
129481292
128774764
128717196
128791730
129573891
129522480
128731856
129625768
129637504
129611155
128747285
127332653
126716790
126766749
127712008
126790747
125763174
126695305
128475052
127732413
126742200
125735885
127407111
127662511
128516765
125757437
127644884
126668688
125595188
125614800
127686258
124113859
121457349
124059590
125577006
123770039
122295639
122251961
123179330
123210718
122274360
124075713
123248182
122311435
124044049
123218853
123196332
121475007
124099306
125543481
125507071
119523712
121260575
119536320
119475378
119448381
121433042
119429172
119507865
119404300
119376923
119345142
121288418
121419646
121200895
119522399
119458547
119557518
121232302
119488913
120897484
117927734
115446264
117971935
115499128
116345139
115516464
117945021
117956672
117895439
119309911
115436670
115411006
115502239
117914284
117900260
115423918
116371106
116360682
115472554
115442537
113737200
112933517
114432781
112862298
115381839
113719769
114502835
114441848
112798095
115358873
114481733
112906619
114466464
112879146
112919382
112829852
115395411
112812484
112842944
112894427
111272631
112116634
111287838
111205766
110431602
112098849
111226335
110451997
112132311
111241994
110419541
111891260
111961652
110403275
111939104
111314201
111299202
111187224
111258849
110466942
109387156
108165379
110398999
110359617
109367551
108197320
110345516
108301252
109500889
109464479
109481280
109407355
108317965
108274239
110379577
110392676
109439494
109368938
108242388
109427475
107168763
108111624
108064703
107182427
107133511
107450667
107256833
107237023
106556594
106528757
106493443
107214308
107431164
107060056
106514725
107282777
107094042
107300765
106543819
107319836
105831217
105846140
105370585
105427606
105714030
105858154
105403020
105002735
104969823
105803035
105817436
105784860
106467039
105763439
105742443
104705340
104699694
105351255
105567487
105039686
102267084
103122633
102450302
103084033
104608513
102946716
102234897
102186969
103043644
102913040
102890929
102201839
103013415
102424541
102979990
102478239
104667399
102373827
102152932
104639532
101862088
102101064
100801304
100839333
100859795
100497659
102071846
101823389
101074155
102130133
100421057
101880277
100903136
101840683
100959387
100892315
100819687
100932574
101033722
100470497
99662893
100265360
99545391
99815305
99504466
100232443
99775891
98828765
99636457
100173357
100204786
98794196
99532561
100314263
100188300
99568731
98766026
99513043
100279895
99607659
98453301
98714628
82478955
98473784
98110797
84637974
84609681
83010279
82957760
82524187
98059941
98738586
98152115
84574342
97963960
98034523
84681609
84547545
82445452
98000904
81522105
81490425
81969401
80758502
81537289
81025763
81406768
81411506
81362873
80732692
81331939
81297248
81998536
81267709
80710746
81427008
81465084
81010252
80974315
82028721
79531915
80186996
79044663
79164901
80680492
80140847
80094779
79197865
80162433
79003257
79488399
78974147
80070790
78800579
79459041
79437136
78952405
80663735
80118973
79559262
78356463
78463608
78749502
77579479
78712898
78410925
78087171
77555799
77277550
78322375
78163548
77259896
78116013
78041939
78436356
78206780
78740162
78067328
78772067
78148127
76549540
75331487
73900975
72867054
76690485
76461517
77107486
73538961
72896085
73985385
72876583
76589859
72604787
76567083
76523459
73513769
77232382
72912587
76479192
76504753
72074970
72145813
72163078
72093396
72191991
72200506
72132597
72259730
72277870
72183673
72226687
72210187
72051225
72114544
72571342
72248474
72237204
72178658
70893672
70872898
70143191
70843828
69989518
70859013
70153569
70077344
70134125
70035910
70156741
70053639
70830816
70802091
70783372
70113795
70125379
70818204
70065678
70009667
70016261
70792266
69182873
69192437
69621074
67700120
69466359
67683588
69614906
69601528
69651033
69629388
69175154
67607863
69640926
69945722
69970118
69674575
69657313
69197667
69489294
69078199
64298834
64833511
67436516
64337279
66644308
67395012
64320593
64281423
63671650
66620874
64860653
64368182
67093027
67115005
65713309
66585875
64383825
64888388
67044561
63741813
63240890
63411449
63293825
63223295
63652325
63303104
63596181
63257548
63206086
63284636
63270204
63357709
63374024
63382380
63602009
63398073
63337124
63429285
63630498
63323759
62022080
62931606
62256938
63164067
62804802
62306734
62920949
62396053
62011523
62377378
62890927
62028938
62004078
63181158
62905063
62883460
62039226
63144922
63132798
62020570
61996616
59955349
60765359
59695396
59711445
61397809
59508231
59284529
60702208
59939441
60727189
59504667
59498216
60364019
60324184
59948849
60390688
61987298
60344276
61420613
59048833
58197388
58177867
58205457
58618549
59056796
58384238
59261438
58219539
59068630
58211520
58220429
58851652
58831022
58157521
58168506
58188123
59236570
59076760
58413230
57679893
57143449
57699389
58128758
57691062
57000951
58155290
56991611
57020310
57115299
58139653
58080049
57609406
57459180
57073681
57046967
57631482
57128180
57671207
57102715
56523052
56497197
56467259
56909502
56386942
56934521
56414340
56988130
54870246
54857278
56164063
55495347
56884407
56435796
56584076
56461486
56954560
56969694
56610861
56588083
52293652
52284152
54176342
54158364
53574030
54839751
54608276
53631227
53408298
52272442
52246729
52204988
54658955
54207885
52310804
52226994
52181183
53598688
53617353
54636409
50845523
51846137
51871708
50839435
50636570
51806700
50852356
51840029
50869472
51781449
51886415
51822164
50666541
50627480
50614650
50865913
51763309
50625081
50652423
50859597
48697821
48752421
48464175
48743591
48449319
48731714
48726875
48690404
48682869
48468662
50607044
48742915
48675152
50025921
48647769
50418039
48656484
50600337
50431653
48664306
47815566
48137004
47835393
47827306
47807568
47823216
47799665
48433459
47787547
48147390
47775752
48438410
48132660
47837441
47795589
48156719
48166239
48442818
48149377
48142369
45490949
45260708
45505864
45273737
45279252
45486187
45517113
45491568
47764873
45217211
45220502
45545364
45512066
45283854
45267855
45501395
45230029
44954140
44948752
45549038
44928400
44872664
44605117
44567744
44549760
44331903
44822714
44610190
44563524
44908381
44556363
44898461
44621887
44934759
44882413
44919149
44630498
44943505
44910144
44890790
43814131
44229473
44039956
44063453
43740455
43727300
43789313
44057070
44069015
43821980
43808495
44037253
43817742
43801835
43795571
44051091
44324795
44045206
43749428
44240612
43545929
42976179
43711826
43320856
43715759
43327668
43270459
42984552
42971084
42991276
43545574
43583058
43724621
43587900
43308617
43573826
43576900
42962005
43315751
43210886
42606761
42937712
42236746
42630089
42941737
42622035
42193667
42613974
42927824
42181146
42947747
42796167
42299376
42309335
42314654
42954733
42641331
42303579
42078351
42321105
41365164
41348305
41358305
41082171
42065788
41371630
41353158
41338845
41088871
42072490
41069828
41366163
42054454
42060224
42050531
41345424
41341754
41469814
41240527
41077587
41061163
40418951
40377794
40615728
40368118
40406259
40789751
40182026
40784161
40397409
40193425
40776058
40770176
40618764
41054663
40432047
40780327
40627457
40205994
41068019
39937056
40171581
39925077
40173221
39665575
39768062
40136473
39962263
39983494
39970480
40123725
39761837
39696446
39752310
39677689
39754428
39688538
40145464
39731437
40159069
39188164
39420236
39378929
39510107
39629154
39495952
39369766
39650708
39477310
39201806
39487646
39396655
39197012
39453419
39464964
39406487
39504839
39639733
39432266
39613584
38845491
39175140
39078027
39032068
38870493
38737696
38359100
38827882
39042225
39024525
38366482
38814721
39054196
38802137
38750415
39090790
38856519
38784608
38764705
39067870
37779014
38350324
38338507
37764226
37523912
37752163
37832380
37798064
37808756
37738734
37512857
37484975
37473877
38307178
37497694
38323404
38294024
37732074
37822100
37717078
36892572
36964518
36941546
37267044
36973478
36983852
36922202
36913865
36901672
36896133
37233542
37461079
36909735
37222154
37183114
36929788
37446818
36951824
37255004
36997027
36801618
36553991
36362918
36321482
36175940
36787277
36343796
36707459
36557509
36692944
36565595
36714986
36357505
36326967
36739816
36791204
36753610
36335428
36368725
36349990
36139504
35937040
35926960
36147004
35947067
35680597
35661413
35917398
36166418
36126353
36159728
36157574
36122734
35910557
35688550
35673158
35667698
36133826
35955206
36116643
35649540
34881177
35641954
34444300
34432168
34437509
34426828
34421637
35653810
35091680
34416298
34892811
34651400
34451250
34899274
34641182
34631020
34408198
34457474
34643865
34144601
33987073
34188677
34174131
34152776
33975097
33962753
34166891
34212861
34388141
34199963
34180588
33968815
34154259
34137268
34193192
34206238
34161477
34185241
34402455
33690570
33914609
33708979
33920053
33892664
33927124
33881490
33712391
33894597
33698787
33946856
33875979
33925561
33908918
33940726
33954672
33904357
33722663
33733324
33932781
33623793
33424418
33438689
33425687
33680389
33666781
33675332
33450345
33640017
33431871
33661739
33632709
33458127
33672468
33659265
33647438
33423544
33422967
33444228
33655936
33229340
33172084
33417355
33407272
33206847
33202007
33224866
33185849
33192367
33178455
33165952
33399105
33215108
33398820
33210924
33199842
33147096
33138305
33155683
33218507
32952179
32972375
32991358
33002993
32996927
32771469
32964023
33021878
32984870
32981443
32784189
32959326
32778792
33010487
32786178
32970154
32936069
32765411
32974005
32946055
32415582
32438750
32431715
32705519
32728145
32746396
32208606
32716316
32403400
32394463
32678039
32737715
32427764
32759262
32696387
32753268
32660504
32192655
32206034
32686946
32168298
31750410
31747316
31747089
31773594
32180514
31763148
31746235
31748273
31976083
32135574
31768601
31970151
31756035
31984676
32156490
31778444
31723332
32013948
31959847
31451075
31669017
31714842
31502352
31483259
31463641
31518504
31514738
31708654
31429632
31686759
31535570
31522742
31465763
31509446
31530427
31552141
31483467
31540704
31545584
31423130
31224886
31088831
31085352
31427103
31271495
31311321
31421731
31420332
31422305
31420992
31279721
31268757
31247515
31238657
31211607
31257824
31233508
31201123
31096153
31059434
30855487
31046620
30970935
30827053
30965773
30870121
31005095
31054713
30834005
30843510
30982263
30862002
31060388
31078732
31066573
31073048
30839131
30847571
31003032
30561812
30784591
30593449
30586288
30618843
30794913
30819900
30626946
30595104
30581702
30795771
30782208
30608810
30815298
30569298
30613205
30501281
30567456
30601690
30575053
30133136
30128012
30339293
30116026
30069285
30365520
30361738
30083489
30370414
30104707
30054003
30076454
30099149
30345577
30110319
30097166
30350459
30062231
30121971
30335468
29501418
29470123
29929477
29918488
29915504
30022165
29899958
29883617
30044837
29507419
30038227
29904742
29924731
30027330
29699151
29692388
29908912
29492088
29707686
29879197
29450475
28974299
28368703
29246555
29440284
28783294
28771141
29251693
28983753
28567008
28479370
28992923
28535026
29021705
28738627
28996443
29467599
28966666
28578305
28501886
28352831
28250104
28280213
28146792
28151797
28320275
28139495
28357589
28311120
28270604
28286539
28266498
28256421
28362343
28163760
28297481
28168902
28154211
28327458
28306692
28068241
27918024
28102159
27972142
28134818
27930116
27897178
28117469
27976196
27776030
27771167
27906737
27966978
27940275
27883738
27889545
27963847
28081492
27913802
28109381
27695839
27750641
27556811
27511797
27542338
27481629
27564309
27503720
27496458
27471646
27759726
27765010
27550801
27488788
27760842
27756193
27569794
27545925
27766877
27683754
26933489
27317808
27341716
27452033
27152023
27141043
27036194
27335499
27296998
26944325
27312400
27029233
27331296
27143717
27458910
27443352
27326293
27147267
27135801
26939722
26731185
26736763
26425645
26420512
26743738
26656112
26412516
26720946
26347154
26649754
26755817
26728155
26672288
26932486
26679786
26927876
26475852
26665240
26714615
26748670
26065668
26335322
26071451
26216447
26252202
26057186
26307089
26325923
26233389
26222369
26256682
26112810
26243584
26049081
26116231
26341216
26298794
26106642
26037145
26040617
25846209
25845500
25795434
25777737
25773167
25683669
25768334
25978894
25993053
25847428
25870562
25856698
25884501
25698907
25692615
25676504
25820345
25846685
25987833
26031083
25516667
25332521
25241585
25645797
25404625
25451814
25446770
25326397
25508984
25630309
25502370
25625228
25314618
25671104
25637155
25409901
25229632
25471592
25616014
25605346
25060710
23906984
23932196
23895093
25221505
25051019
25039473
23972449
23926019
23974899
25046253
23901257
25057866
23965202
23954720
25063439
23918040
25214752
25031964
23889362
23571471
23769000
23743209
23727975
23828743
23823672
23818534
23765271
23834253
23703821
23695326
23884799
23757804
23814358
23750044
23810394
23721800
23763715
23733757
23710306
23384037
23364658
23498912
23543357
23560351
23461883
23520946
23467058
23376521
23527154
23391086
23508256
23478742
23485262
23492801
23553019
23370118
23357938
23535084
23468137
23013692
23291800
22995932
23281809
23001237
23307904
23301089
23351284
23333375
23321838
23286084
23280963
23062894
23274916
23344282
23189018
23053438
23026578
23046590
23008256
22594972
22671790
22675065
22655473
22636051
22575296
22677934
22586974
22785836
22811566
22666769
22661919
22780917
22775341
22804742
22680166
22641456
22684674
22645848
22605020
22263115
22084933
22132258
22230552
22142358
22129499
21975988
22127244
22136586
22111630
21983654
22566501
22117919
22245449
22224118
22105411
21967413
22238589
22267170
22257651
21822783
21773299
21810802
21961617
21767339
21837088
21939343
21777278
21770287
21916296
21762543
21956051
21945752
21951888
21934597
21831143
21818683
21922376
21658440
21781150
21576246
21345311
21570941
21566139
21490398
21652146
21640805
21503067
21496157
21487024
21482338
21455898
21361227
21349202
21478632
21472974
21646434
21579355
21355707
21308127
21002783
21173112
21169755
21197130
21006531
21027066
21160852
21157224
21208287
20986997
21288575
21020419
21200907
20998934
21304144
21014846
21291633
21203805
21190111
21165630
20813792
20811161
20979849
20954750
20942646
20966383
20819221
20982048
20845731
20841894
20834749
20824526
20767661
20801196
20949639
20972603
20961076
20828241
20975766
20806211
20630936
20559239
20650153
20655128
20619705
20554443
20663118
20546611
20750135
20641008
20755837
20659063
20636536
20616272
20569994
20644722
20562179
20747911
20659672
20759034
20276460
20104925
20356958
19903796
20481836
20344627
20351598
20265064
20252170
20484768
20239825
20224428
20189622
19883630
20443498
20489370
20215504
19893077
20420360
20429702
19646991
19796203
19643537
19861503
19678362
19847858
19852540
19670211
19791971
19673044
19788630
19785515
19876029
19703294
19685189
19697410
19664826
19650520
19654642
19867692
19378528
19365252
19355714
19466113
19460956
19476189
19373892
19370320
19487045
19479945
19352713
19381912
19514024
19359655
19519674
19356670
19637976
19641217
19461822
19357571
19240393
19217728
19323923
18917730
19235967
19211520
19064416
18950950
18945660
19341161
19220246
18927208
19067788
19328322
19321579
19237783
19060862
19334021
19337086
19243688
18890999
18767657
18751386
18881401
18747146
18739475
18886317
18908597
18894718
18772435
18869832
18782372
18778251
18771922
18758216
18756020
18743538
18742041
18876682
18914829
18420684
18584026
18590797
18724749
18586909
18576292
18717445
18416393
18425202
18702357
18704383
18595101
18567122
18694590
18601062
18573176
18728889
18569841
18563595
18580623
18369392
18412000
18411558
18283135
18382754
18279566
18275442
18273755
18404790
18270703
18298696
18413495
18302654
18290858
18287857
18372901
18386416
18376612
18366063
18294594
18233788
18162251
18139483
18120434
18152824
18151180
18146901
18267733
18239679
18143551
18253113
18157010
18263705
18135782
18241555
18137699
18165655
18117528
18126499
18246446
17960559
18100421
17882515
18106729
17967363
17449475
17411211
17436253
17876725
17387436
18112630
17873349
17407252
17973890
17878599
17885052
18097086
17955519
17968090
17443595
17275486
17258121
17194970
17271987
17300765
17377593
17213254
17373856
17206167
17268925
17199668
17305211
17381618
17311533
17301919
17257126
17202415
17385059
17308826
17267511
17186357
17154835
17062110
17050233
17174511
17191850
17152721
17183691
17075335
17068059
17177532
17052697
17080211
17045267
17070726
17171233
17156868
17174719
17047462
17056112
16949730
16925998
16944410
16922474
17042625
17036185
16927377
16935359
16942072
17038504
16919980
16894215
16891158
16933178
16887286
16916645
17040779
16881532
16899406
16938672
16661968
16789252
16757408
16752127
16676693
16781060
16791653
16777833
16682522
16645567
16761091
16656952
16767710
16764044
16672655
16667271
16654239
16786643
16650770
16783288
16528606
16543279
16484450
16518099
16515024
16522602
16490242
16487537
16637618
16496211
16525516
16498535
16539206
16535175
16531482
16511212
16642116
16500848
16494046
16513200
16385040
16389389
16392199
16406228
16401473
16381385
16481583
16288633
16247042
16420320
16416853
16297493
16398397
16300954
16479410
16386997
16291969
16295266
16395711
16411210
16177066
16153039
16114173
16174282
16036635
16150593
16117763
16168396
16135946
16139977
16144649
16171602
16161138
16124705
16044829
16156658
16129096
16057601
16051265
16040480
15870491
15978369
15975986
15977879
15976540
15881822
15978164
15985243
15885138
16026519
15999634
15977098
15994990
16029405
15892789
15875263
15978691
16032873
16023289
15978443
15715660
15858524
15846706
15677443
15685919
15668623
15642097
15849820
15660399
15698640
15863905
15705051
15693646
15843764
15720303
15682800
15653800
15713543
15649708
15672857
15526569
15531508
15539902
15517953
15432999
15424413
15536743
15494951
15493377
15506511
15501951
15523382
15493473
15637493
15429575
15543198
15513026
15420234
15521097
15631300
15106964
15131484
15409481
15115017
15123235
15230708
15118138
15214251
15416108
15141312
15137624
15119551
15221660
15226501
15104104
15233887
15134478
15111588
15209171
15128228
15063149
14959256
14942222
14987696
14996095
14940667
15075276
14972906
15088255
14964173
14941498
14939892
15069523
14992635
14967843
14938833
14987977
15100095
15063883
15079815
14800963
14913439
14880847
14794032
14938240
14891088
14785815
14782245
14792780
14917931
14934288
14900719
14817910
14807646
14792277
14794804
14790147
14789655
14908579
14924495
14775013
14693179
14750775
14602421
14693775
14610666
14668024
14607494
14667245
14686300
14601141
14671931
14760966
14755621
14740521
14772161
14751320
14681164
14746473
14705375
14593089
14591998
14590464
14587670
14597052
14589128
14567139
14598897
14568842
14564754
14597944
14582463
14593947
14568246
14594840
14595593
14576237
14595908
14596179
14600146
14436175
14563992
14560356
14432942
14538566
14562782
14559958
14512962
14544261
14563598
14561239
14559828
14559422
14527986
14432625
14564487
14560724
14434097
14518956
14553497
14427346
14393711
14414216
14403165
14382552
14430245
14393499
14408839
14384301
14374871
14381618
14400892
14389375
14359234
14393834
14382184
14422939
14367214
14381944
14381358
14214551
14228856
14234983
14137959
14263487
14238193
14248359
14132078
14252291
14262251
14255235
14356729
14208121
14179687
14127944
14124319
14206161
14243597
14219319
14211718
14116460
14104890
14102159
14119758
14101526
13970377
14071523
14120796
14112276
14090608
14086531
14101336
14099610
14101917
13984172
14095582
14079351
13992454
13978781
13965721
13918097
13770392
13956063
13937614
13913506
13806774
13944457
13820452
13817712
13793353
13960704
13789126
13785206
13802474
13765643
13950464
13775132
13811244
13930586
13908343
13559046
13580943
13594453
13625245
13608916
13641688
13554289
13630477
13619204
13544650
13586421
13592594
13602959
13760548
13614664
13753257
13746126
13740770
13599916
13597053
13443837
13380721
13372281
13427219
13389723
13416968
13375432
13366165
13454675
13431769
13386224
13360609
13539862
13402591
13354740
13461122
13396980
13447993
13422776
13271175
13253138
13222889
13264417
13227754
13212817
13107088
13231539
13188291
13221904
13193785
13243066
13259424
13217222
13185441
13237991
13178214
13181869
13110474
13249065
13114861
12454550
12394373
12422844
12259549
13100648
12279686
12254923
12400804
12383558
12273627
12449009
12404829
13103800
12426660
12373297
12415281
12410333
12267883
12263908
12443609
11751190
11620928
11482922
11606987
11595913
11472619
11630451
11626387
12249700
11599331
11586936
11557910
11553147
11548862
11468523
11616165
11564953
11563829
11603254
11478544
11315058
11309201
11297450
11396360
11292350
11402459
11305754
11445087
11460083
11456111
11440129
11435762
11453941
11462689
11428010
11303840
11409203
11416016
11423058
11320040
11288499
11241931
11276883
11229245
11236842
11139509
11262746
11223705
11228594
11149922
11134526
11280292
11261380
11269706
11255030
11247023
11216316
11155351
11273027
11144817
11127552
10455094
10367302
10448082
10444527
10384179
10476408
11131001
10387821
10370599
10483473
10468154
10479717
10464893
10485718
11123625
10379214
10374578
10489291
10472065
10128672
10224802
10211787
10195787
10180996
10188972
10347423
10219125
10200709
10185362
10342732
10125986
10214502
10356030
10324737
10205955
10352330
10364005
10360139
10229089
10105123
9980589
10001872
9992787
10123342
9988044
10057994
10004610
10060250
10056011
10007244
9997161
10065038
10108964
10088770
10051565
9983632
10101254
10093634
10046715
9649105
9590417
9584096
9529044
9969342
9627620
9597027
9618211
9607813
9603210
9519471
9633095
9640206
9509139
9972862
9622822
9512895
9976758
9524673
9966617
9500983
9381444
9376607
9386001
9503084
9368923
9362793
9352814
9471865
9508433
9495956
9484397
9475712
9488657
9357618
9348385
9343374
9506248
9479811
9468281
9171535
9240552
9236454
9231799
9248705
9228459
9218856
9200466
9205288
9182658
9339082
9175041
9222261
9178441
9167420
9244137
9122911
9224510
9189542
9214923
9086498
9071607
8969952
8977824
9051268
9001540
9067468
8989808
8964371
9111513
8976448
8973330
9057455
8993338
8981897
8959551
9077332
9117783
9061975
8997001
8776871
8867762
8857522
8881188
8772630
8759905
8876579
8953696
8888530
8884326
8864287
8853490
8950638
8821692
8763288
8872223
8765768
8752128
8768863
8755299
