1195213520
1194889105
1192063176
1191862384
1195103338
1192257415
1192633285
1191950137
1191701270
1191599291
1182059223
1180001773
1193863067
1192371714
1181938806
1181868773
1182168782
1195007497
1192478448
1180332448
1160225677
1162748189
1157317221
1158417613
1170447081
1162944842
1163077504
1163756469
1173929896
1162863577
1158947934
1157387742
1160726176
1158042125
1157272117
1158821170
1173848764
1163167683
1158120877
1158313422
1154447020
1154660271
1157077574
1156827171
1154745201
1154551874
1151746302
1154172673
1154323496
1156976656
1154899421
1153777480
1154832504
1152022047
1150660703
1157174310
1152212025
1156520199
1157252179
1156685000
1149724179
1144510497
1148583757
1144241673
1146739008
1148511610
1149115529
1144357500
1147508825
1147113553
1146988701
1146149848
1147355551
1149242100
1147255411
1146237599
1149633162
1146862359
1145904764
1144949890
1139629197
1138277601
1137920244
1140321024
1137204227
1141575438
1141778744
1140187438
1143814568
1139385072
1141700830
1139824244
1144131781
1140701324
1143745886
1138109192
1140794202
1142060711
1140456017
1143885234
1133556449
1134082862
1133848859
1133666489
1137174260
1133925837
1133294438
1134166057
1132724942
1131739268
1134246202
1133738975
1133370884
1133995814
1133082960
1133227242
1133503432
1132860674
1133584246
1130977996
1128334490
1127771249
1125682907
1127516063
1125599899
1125436187
1128085444
1127012296
1128559573
1130804111
1127626291
1129379287
1130904852
1127995884
1125780227
1128184900
1127920508
1128458532
1129630788
1129243272
1124431558
1121043422
1119276271
1122529173
1124553750
1122674314
1119167526
1124348791
1124261736
1121601397
1121135679
1124655657
1125063024
1121293257
1119005278
1119071087
1125196855
1123816496
1124919010
1118735069
1118700997
1114925656
1116446993
1114757001
1118416340
1116895587
1116735864
1114555727
1115155084
1114243051
1118586953
1115276006
1115048477
1114646743
1118653087
1116616080
1118508549
1116804082
1114410556
1116382073
1111326239
1107866158
1107507860
1110924495
1109742900
1107786202
1109816945
1109672408
1107956507
1107732704
1107580979
1109779669
1114178520
1107415342
1114207643
1111048651
1111161269
1110286000
1109857209
1107362623
1104804300
1102396489
1105115994
1102532265
1107159213
1103003796
1101875498
1101748801
1105242955
1102126024
1105407278
1105346097
1105177994
1107256733
1104974566
1104653651
1104442081
1102201176
1102032105
1102934796
1097455151
1098229777
1095850315
1099837263
1098092743
1097789584
1101625232
1100293944
1098011452
1097234593
1097882062
1099584841
1100216390
1099704836
1097375439
1100157421
1099216608
1098154176
1097590344
1099993891
1095134815
1095452216
1093356205
1093806335
1095336349
1094988530
1093963315
1093487828
1093890504
1095725184
1094835812
1095803221
1094013245
1093256305
1095592203
1095220456
1093658600
1093737134
1095678052
1093552366
1091203672
1093163210
1091789254
1091703148
1091261992
1091082849
1093006703
1092915919
1089278322
1092818993
1091864604
1090859194
1091409038
1091931057
1089356598
1089150368
1091556867
1089054095
1088947654
1090693948
1086909546
1084864176
1085885211
1086016028
1082495005
1086701587
1086276863
1086473547
1086375398
1083434472
1082276288
1084933777
1084962839
1084683598
1082369351
1086967082
1088709953
1086831453
1084798287
1082129559
1081664491
1077840872
1081599326
1079490434
1079837910
1081467320
1080458469
1080768431
1082012888
1080698659
1081532199
1080566719
1079551099
1078254712
1080338685
1080225219
1080018775
1078571593
1079955071
1081414145
1077661200
1076037706
1075911662
1076262163
1074217403
1073673747
1077569738
1074110681
1076672301
1073792330
1075480572
1076530460
1076429340
1076156587
1074354336
1073960388
1073508867
1077514524
1077744405
1076782161
1071540173
1068201803
1070334572
1072772573
1071417524
1070234648
1069407757
1069312502
1068366262
1073083273
1070511195
1068138590
1068077350
1073364021
1072653508
1070416650
1073240700
1072442967
1069043635
1069205890
1064402970
1064332983
1063922192
1065916129
1066612494
1065841948
1065784355
1065953879
1064510344
1063887462
1064091451
1065867162
1067010635
1062152289
1063729347
1063853060
1064258487
1064354217
1067121710
1066841859
1059385606
1061793089
1058114946
1057941712
1057820546
1056781826
1061471615
1059337890
1061727399
1059432602
1059578819
1062044213
1056720238
1061837741
1059646593
1059761330
1062111044
1057127710
1059859914
1061568506
1052551815
1052504651
1052186018
1054712249
1052103185
1056371858
1054418444
1054498355
1054559981
1054462262
1054089211
1055058024
1052667265
1054792809
1054975373
1054324044
1054210440
1054912152
1052906835
1052838225
1049491015
1051903537
1051418933
1051578661
1050044182
1048027790
1048117777
1050109945
1049958379
1050159150
1049805248
1051677170
1050195014
1052015924
1049607130
1051830347
1049299059
1048076024
1047985084
1048173619
1046087117
1045616723
1046187168
1047468482
1047808216
1045700512
1047882598
1043526653
1047356725
1045967774
1047587768
1046124245
1045803366
1045545746
1045392122
1047677612
1046056044
1044954192
1047225138
1045887048
1040056989
1042822313
1041159385
1043447396
1040459338
1040223026
1039291675
1043079098
1042966783
1039983913
1043488157
1043389680
1043299555
1043172055
1040544370
1040363025
1039738561
1039588517
1043524455
1039469824
1037104586
1037574820
1038070111
1037304877
1037191227
1039114777
1037736998
1037459281
1036277017
1037948611
1036303588
1038214739
1038137431
1037827282
1038027434
1037581494
1036980176
1036224549
1037900704
1038257805
1033440757
1035301004
1033298122
1032300208
1034100801
1036091215
1034169401
1033186663
1031868456
1033118529
1035982576
1036155080
1035420698
1031770287
1035904179
1032225434
1034995780
1035173593
1035822026
1035152506
1030436339
1027318624
1026836777
1029566954
1027864145
1031311921
1029994064
1027961120
1027756282
1027621364
1030346329
1028052182
1027104891
1030222161
1029428515
1031493253
1031669326
1030070989
1026965318
1029693522
1026704924
1025420310
1024799344
1023457180
1023287081
1024540002
1023194262
1023356949
1022881837
1025463564
1024676098
1024331043
1025301405
1023080127
1024933137
1024422862
1025515221
1025201568
1026580529
1025056114
1021099586
1021680261
1021715021
1020799748
1021194682
1022766148
1019585043
1022594243
1021745326
1021541099
1020896825
1021631081
1021308685
1022496968
1020945550
1020670610
1019497000
1021765364
1021578081
1021415470
1015570607
1017864986
1015784688
1018053068
1014196379
1013412658
1012950584
1017684065
1017783330
1014302254
1016994336
1013329049
1013262878
1017208668
1015713649
1017922617
1017097843
1018008189
1017966248
1013095347
1012681257
1011434790
1009942706
1010565682
1011517857
1010433680
1010295893
1012420215
1009426836
1012555276
1011920745
1010138411
1012827340
1011819747
1011640402
1009846027
1011804252
1009534310
1012252028
1009656624
1003439468
1003682334
1002970029
1006099885
1003164234
1004036167
1002224864
1007276112
1002115372
1003107275
1002355512
1003238885
1007979660
1008174673
1004395797
1004181106
1004489101
1004594036
1003046455
1006223854
1001369156
996837956
1000985311
996467580
999449021
997090827
1000219594
996252693
1001458364
996644078
1001038989
999938671
1001753425
1001177691
1001934378
1000311767
999286026
1001609110
1002004607
999598767
989851094
994121371
995440277
993102927
990628226
991803622
989796465
993989123
994626556
992208231
993214709
989767821
990039238
995555239
989978641
988949195
993933352
994494673
994048179
989804720
984817158
988225630
983423672
981267530
988147461
981156596
987227539
983487690
983205089
988364592
983339654
984956749
986285561
981308479
981439294
986340525
988835282
984684416
983046293
986427743
981006782
978974079
975325752
977033510
978867126
980939508
977090434
975514267
975259067
977150559
975394906
975455215
975212641
979046506
978810459
977212835
981100923
975362746
976935504
975299570
971559440
974953995
973325763
966751617
971420620
966620218
975140314
966503194
973229298
966394162
971614496
971350371
966817032
971485480
974837748
975055383
966701253
973473240
973411738
964599939
962977702
962698579
960245451
963853818
964260539
962491045
964119164
960809253
964531278
963725594
962750849
960730393
963998740
962948343
961915594
964011952
962799383
960126091
960399330
960039425
959027425
958541203
957921456
959779311
957051205
959192998
959102901
956970123
959149261
958132050
958388769
957272927
958240324
958758607
957119411
959699604
958951577
957214569
959957055
958856886
954805856
955672980
954483639
955751594
950447139
956311195
954597082
956517577
953828118
954900367
951121296
956206029
951228188
950399343
954324098
956662244
956885688
950315588
950217779
956442649
945851018
949844799
942704132
941446683
949935346
942371882
941509438
947501085
948258507
942619853
946089090
940393663
940291879
948506350
947422593
947649625
942789434
942159003
945990726
943263105
931782251
929990709
929473072
940031581
928017209
927471398
927948935
929747122
927585342
930556566
929926882
931846557
927132773
929324971
928687132
929576167
930621716
929088033
931662148
931485987
922100927
925349670
925197420
921924759
919911187
922662018
920055643
919652680
919754941
922833957
919563781
919856265
917409426
917520080
917615692
925003404
919985460
922477659
922328272
921256462
917303325
915872603
915524499
913759271
914092036
912076381
912288952
914153142
911977073
916054767
911895020
914171818
912214339
916117899
914214206
911824963
915450492
915975840
913890777
912164681
904140033
909855589
909805991
904753446
911166413
909685600
904946115
908105973
909568595
905083696
905023873
903836537
907081831
911556140
908928351
908246731
911374859
906981813
903944467
906825027
897977065
899015212
903772202
903117664
903184275
901263121
897043812
896820688
897140698
900079271
898029351
901209364
899329958
899100080
903049200
902997613
899242221
899375170
899170113
901141407
894040980
891527784
889637066
890802548
891880765
896373500
896520169
890011865
894273430
894539307
894396289
896640786
889799527
890729924
891410170
890626435
889919784
890844876
890669888
889713613
888742890
887786425
885270978
887954047
885564541
885739103
885968698
887872876
889119276
887644559
887586492
885847067
884628986
883984725
889569854
889015924
886581433
885650382
884682848
886647423
882862896
882652633
883217109
882806066
882144896
883377014
882593638
881017976
883276412
881764897
878528776
883490773
882707014
878016544
883060406
883127821
882751866
883626748
882064709
882183417
871889463
872405003
874377550
873655946
873451430
875951911
872058010
871721659
877910371
872139268
872208865
872013166
872678942
877827660
871685849
875827810
874314096
872470747
873392983
872565909
870879189
867647293
864634112
867528109
871079400
864447568
869293415
864348318
864584637
870820912
864695097
864516345
869165795
864787843
867545871
864267287
870948448
864387711
863755557
871011181
858390786
862896728
860686096
860285950
858866024
860569631
863699276
860809956
861446417
858420458
860616027
858361516
860746229
860333779
860310019
858490816
860362705
863608329
862832970
858460646
855843848
853761664
849792414
856602372
846703747
856504195
849322181
855144874
854330709
849130854
856564933
856531500
849398546
856651958
849059661
849704451
847543344
846817196
846776500
849635928
845444366
843927886
843526428
841834500
843852776
846625025
843783716
842042569
842100212
843173434
845373694
845522415
843450863
843427633
843296224
843594276
843253875
843556232
843495179
845613883
839471936
837481510
835652833
841033881
838935514
841445763
839059364
835584329
837351284
837182819
841383893
835748421
835711113
841782245
837452194
837096959
836992925
839157305
841698175
838634142
835387792
831884655
832967808
835183649
834940432
834861526
833414156
831758673
833761704
833571786
833662590
835501256
835507331
833508395
833116650
833807536
831698886
833309423
831975772
830368331
828272722
823260838
830333063
822556662
822485723
825200940
827792915
828201032
823063314
827851207
830169082
825088233
828340968
828129727
830298850
830123239
822606433
822424110
828980282
825002346
820329005
820403154
822109859
817689921
822371933
820141721
821906582
820079046
819837781
818799443
818636270
817778114
819935219
819687596
820234695
817635011
822004179
821814173
819587726
818736891
814073570
812762908
816917637
816633934
816996994
814717897
813989210
816800524
816712633
815012792
816523420
816290488
814931107
812851550
816863903
813925658
813846781
817514086
817585267
814791003
810910378
802151327
810113591
810820207
809810097
804134485
812530896
812035247
802364799
812654632
809758177
802209163
811809174
811930316
809659474
803393067
811874031
803328303
809696299
802264999
796084958
795152647
796157802
799466842
796024341
795251325
797160971
798697490
801201990
798386139
778782857
798582212
799516433
796937018
796225210
796047541
798210087
798301068
795347094
799585608
771289313
769902545
771393234
770114083
771531206
771668083
770047179
771228172
771596262
773233390
769965840
773483724
773428925
771259986
773319571
778758173
771753904
771481400
778689039
771329897
763853325
769761653
764265760
768072422
768000380
763769352
767941632
759060080
768081996
764239014
767417587
769824053
769705693
765679459
767457450
759148812
764540109
764857511
765748974
768151733
747967826
754369429
747493310
748028592
751656894
755134307
751529246
747540129
751747543
754275996
755351573
753545854
753486901
752334352
754442316
753610369
752141671
752021626
750683366
750605863
740552044
747296283
735761018
745367857
740583452
739804212
739396855
735689097
741685001
747395716
747336859
742327617
740532345
739926358
741610785
735842827
735920203
742167741
734812089
734947964
728308909
731503864
729266220
727279312
728381260
734747597
726507744
727497227
731842902
731601021
727376278
726774976
726705517
728142991
729362985
727414151
731671524
728981582
726573979
730025934
724778355
720133967
721677412
725277743
719294973
725070924
724638841
720306747
724971272
725182929
725363486
719445505
723340114
719170746
719378974
725661621
724845869
724278728
723452413
720053107
715142007
714208841
715575408
715708313
712456963
712430302
713829839
716338141
714134879
712293708
719090982
717693863
718983691
714377358
717270694
714266862
714201515
712335654
716383742
712392481
705762209
711544382
709762003
711108780
706096035
706000318
705649034
710352426
705934933
711356110
707662367
709843101
709589499
706189804
711712755
707210851
706263809
709135647
707778789
707135201
703721725
703482424
698154523
696497130
698592650
698533159
702196804
694528460
694143379
701891336
702114039
693361617
701748433
703402530
703785628
704138365
701959131
698447252
694444369
693440752
691737894
689671350
693078139
693242975
689440618
688578242
689580801
689348366
689198240
692446141
691611529
693181810
689256495
688779434
692229206
692048962
692324828
692151711
691975761
691872070
682884246
681927185
687403021
683018769
682843063
677188271
688314627
682952685
687666824
681319377
681238864
677536780
688421043
677412309
681178811
679712670
683094061
687717008
688493490
677976043
675053163
669978153
672053069
670370270
673369513
671752163
675240359
677102616
670288135
670476346
675437854
675370824
673294491
670200377
671844122
670574706
675119381
675564163
671619214
675623515
665241130
665614360
663736615
667214575
667326553
664946608
666590663
663840511
665535293
665063264
666489738
664673135
663528314
663464864
664586446
665447637
664860302
665159897
665341454
663631042
662058994
662095029
660034573
661829221
662705717
659258459
659392446
656900207
661965153
656728511
661885843
660281979
659961120
661755192
660327200
661046789
662010901
659883558
656536295
661664047
649548314
645646139
655319576
653087693
655284356
652987067
649610881
653938631
649430948
648044072
647927509
655207172
655047460
645803854
656431407
655127549
654033498
650435897
653211694
647996970
643997741
642197046
643858497
645588192
636595146
641036936
642749024
645466065
637623616
644743965
641120453
637929339
637871659
641194326
635717959
645542186
642591966
635782019
644667618
644067185
634821269
630732979
632567316
629832730
630621984
632371771
629927117
627107634
635636396
633258779
634652672
627027255
634914575
626661999
626765479
633336748
633213231
630798198
626894974
628404241
622391471
623398063
622793083
622699697
624117491
626543828
623806839
626590076
626304780
625547592
624000400
622221970
626266377
625643710
626382316
624998036
625632109
624937545
622853527
625497210
612953092
613194120
621274572
619634858
618921381
621950384
613806710
613114164
621090634
618824494
621351384
614543146
621007061
615741341
613015693
613754520
621182655
620329703
613857986
622013990
608584347
607892428
608398715
607066136
606778178
607987708
606599102
606678040
606494342
610202501
608617596
610282876
608039007
610005247
610153165
606191929
606910606
609414824
608483506
605305725
600236034
603127427
603437452
600709400
599485094
605211838
600140049
600814587
600077710
603203215
599423734
598781632
598735619
603331948
599336154
599047776
602209998
599231422
600635986
605131237
591764474
597893609
597062170
593127555
593980621
594418819
597978482
598698369
595331678
594279197
593048574
591810087
597175300
594367056
595093954
595062182
598043915
592892115
598644116
594538135
588159580
591139633
588299871
589748168
588112569
586810133
588252383
583994436
588585052
588203431
586891431
590183263
583921696
591526934
583863399
583798196
591679098
589809330
591606649
588664773
581921134
580416042
577315659
575297604
579102246
575714443
581663726
577416509
581849686
581779168
582996664
580499338
577612124
578956295
582054536
582159396
581987963
579043013
577681524
577522788
567561101
568653661
568703306
575218128
570766696
575155321
572249789
570923649
568955793
573227363
572454299
570851402
572532658
570025448
572347101
570052169
568187535
568032868
567933920
567882859
566695634
567521531
567401638
562943632
563820398
566905395
565281738
566814021
566973254
565573503
566767226
566339761
566247950
566205597
563719715
563621990
565352493
563548103
565456260
565295168
560517730
559620522
562312254
562259253
560860164
562071685
562138375
562187580
559825247
559794912
562010511
561600207
559734384
561939316
559283459
559111308
559688216
559221421
562362289
560802079
558444658
555654411
555593043
554051595
555716337
554167229
555764417
556456983
554134300
558344070
555076796
557166945
555824706
554817905
553978828
558297474
557676852
555519386
558954258
557775603
553673768
549639685
549577346
551067628
550998980
549711134
549167693
548897552
548446648
553768018
551685672
550925036
551306857
549505116
551279989
548391912
548229958
553883705
552441938
551219940
548003880
544870768
545789213
545865542
544226883
547764064
547722874
544184234
546955903
545378777
544836747
545469903
544176621
545741583
545914187
545448973
547999387
545314781
546293151
545965064
542567596
542209492
540569697
540625426
539629035
540543625
541829472
542765830
542627783
543351461
540434523
539951112
540489581
543220357
540457127
542129803
541360702
539624542
542292679
540566562
532032687
539571930
536592502
535658767
539159236
536610510
537957579
536668859
536022860
539408721
536635016
535495371
535563422
539477147
536553901
536523899
539121927
532002267
532263461
537030208
531957890
530990005
530061930
525806460
530028738
525632736
525506515
530094972
525543441
527261445
527178472
525580903
525759737
526904594
526882076
525690052
525659060
527100528
525598737
524610745
516116613
515923587
521206128
519676201
524461406
521181297
515931431
515780126
521768812
519642515
521669116
515977372
515814001
521278586
521331935
516051472
516208828
524592295
519616274
515843056
515636133
514596629
514182149
515546211
515689988
515742960
514320364
514602510
514449201
514407173
515398523
515471629
514559442
514367524
514130981
514013640
514631729
514069450
512992550
513268809
511475168
508985672
510468737
511437357
510570482
508944225
508175487
511046320
510410547
508830867
508267958
511393865
512946666
509009047
508915337
508886642
512897516
512408700
510962451
507929938
502522510
502499198
502980337
502845361
502461753
502390276
502748639
502561318
502450947
502438266
502699742
502711999
502428862
507683635
502624486
502612523
502930526
502886690
502809940
502638228
501990380
502369864
499745504
496987024
497901376
500287899
502326829
502057233
500294888
502015139
502347867
497285790
496927279
500154926
497357438
500959157
500218857
497055716
501604714
496800750
496585694
496741634
496652594
495462049
492879952
493172554
493311793
493028280
495296191
492082629
488840179
493745403
493816472
493637592
493260601
490415119
493095525
488732656
490488473
495376449
483844996
488632542
483907086
483209422
488581944
484028482
485280438
487652033
485254634
483147782
488705226
488681239
483284884
481837016
487673550
487701658
488132712
487745819
484091116
484018324
475431583
481778939
480968279
480781507
479689441
478247521
475714916
478181871
481741767
479902402
475491699
481046201
474507108
479771925
479851821
475627998
474399063
476866395
474331850
474448305
471561313
470184186
468480552
473480495
472102773
473427179
470356491
466676634
466652384
468347397
466612848
470234764
469994687
468406740
473659893
470274229
468466989
466621164
470130580
474272933
465568880
463202232
466275440
466551578
465989300
463519439
466108495
466413363
463564900
464434042
463687604
464369681
463610979
463656836
465676359
466507433
464227747
463142825
466464817
463398991
462036563
462902072
459289659
461987891
459381900
463062945
459219944
462052357
462567006
462090862
462839479
460665219
460325725
460589061
460457422
459490543
460371975
461929497
460711335
462602381
459057961
458787935
456146071
454503423
456048290
456397147
456218152
457661032
454645141
457505970
459015617
459171355
457730716
457600593
457551890
456328656
454586292
458855116
457486544
457422681
450764328
449960707
451661168
451523905
450014744
452697059
449848236
451378874
451732282
451594418
450691527
450654914
453873628
449796092
453094145
450856603
451312634
451462950
450811474
450720824
448018441
444150746
448674098
445650838
445581848
443938931
448515440
447981756
443723876
444002486
445751502
443321571
443868067
445699653
448455597
444095741
448619260
443818304
448061102
443265603
440109210
442433501
440465529
438746467
438650115
441670618
442258745
440447650
436178818
442165203
439942113
440168569
440228677
438438958
442333583
438798031
439890910
438363853
439984284
440043382
433817223
433564622
433166874
433909544
434455818
435025964
433719551
433283882
434206718
433994125
434966206
433632364
433511888
434161876
434085334
433393452
433462221
433352011
433209524
433124092
429206173
430417341
432342135
431612929
430111781
432125310
432926616
432194520
430195268
432965960
432884242
432261021
431692017
432049015
431574017
430295175
430238811
430153786
431641813
430344817
428999682
428650880
427388314
429050235
427693242
427653015
427262154
427302931
427510007
427599503
427340421
427592970
427558981
427451803
428689736
427226323
427503042
427441309
428623194
429148582
425479203
426995100
427122589
426938034
426754895
426825426
427082221
427173933
427169579
425313252
425380313
425689434
425434900
427038236
426677676
425231501
425126011
425534899
426882910
425649052
423180341
422568140
423001094
420753666
419642133
419595687
420939423
423582242
423485602
419715178
419504048
424926703
423653098
420857213
420684060
425019450
422906965
423067211
422817202
423625191
419320395
418345258
418448523
418367557
418095171
419365227
418189709
419189900
419130576
419434724
419089736
418155631
419256917
418298497
418916353
419461764
418270517
419398532
418229465
418393058
417047564
416929341
417940305
415685650
417881194
416446226
415801210
417809127
418058069
417177485
416087666
416982388
417089208
415838233
418002059
417134967
416114157
417200023
416478165
416947069
414608180
414481280
413674120
414983976
414334321
413645060
413691606
414828831
415593565
414570905
414915735
413614663
413423352
414428348
413556708
414876304
413288172
414962289
414789821
413492350
410868964
412548456
411867513
410813840
411929826
410551346
412687689
412619168
413006873
410918849
413185572
410481774
412581785
410994516
412650288
411965559
410705204
410660762
410948613
410597241
408699137
409628424
409553783
409726691
408652548
408553374
408125010
409675706
410216792
408086782
409859136
408736589
409111917
408613021
409790075
409824244
409465987
410240118
409116920
409818483
407380096
407205734
407182394
406660219
404989095
404565107
404202225
405095063
404901573
405149554
405032908
407505497
407307694
405220314
407450191
407252543
405271061
407374373
404945550
407557414
402803556
404156750
402824105
403116067
403978248
402893388
403090536
403030049
403070796
403771045
404180535
404072856
404035166
404005497
403940320
402753801
404125265
403053013
402930936
402972126
402159995
402502214
400484932
402576555
402137312
402228896
400676998
400598847
400549427
402187592
402494186
402628582
402427156
400746098
400633397
400415756
402209858
400347449
401106691
402270763
400148546
399017039
397492264
396905930
399405456
399157232
397853538
397552344
398162659
397981607
399355810
397598644
398801971
398779868
399079155
399213938
396841430
399263855
398211131
397661781
395999362
396060784
394488936
395287102
395672471
395190327
395049694
394987480
396622010
396519527
395606545
395695188
394463422
394475738
395636745
395114914
395663003
394458057
396772914
396715669
394455308
394424398
394213167
394429344
394301389
394225365
393820951
394312602
394417907
394104933
394415959
394399497
394265429
394438715
394422176
394324566
394143553
393904069
393730357
394451782
391686807
391835984
391991440
391913342
391629546
393101423
391945181
392820508
391881019
391754193
392687041
391962414
392025995
392780615
393112106
391917428
391887423
391787712
393136497
392976968
390097772
391449091
389765082
390684480
390568806
390741514
390347780
389732423
390629378
389691151
390490043
391575085
390667618
390729933
390018072
391390723
390650279
390284333
390261913
390393727
388705447
387149197
385758565
384266599
387022881
388073341
386938170
384460657
384931794
384285016
384053934
384013493
384188667
383981551
384794152
384549995
383949272
384150685
384385183
388297142
382242911
382904680
382980075
382078827
382297586
382016973
383380367
383252319
383068413
382470684
382373852
383116603
382521228
382418794
383756772
382159599
382933165
383880931
383720662
383174124
380729881
380589594
379748866
381520022
381790320
381024011
380952005
381749474
381552487
381958289
381868721
379917477
379862590
380783013
379953905
381498358
380888323
379792601
381903615
379676633
378166605
378059954
378520402
378226670
379395365
377964143
378362551
378104758
379460254
378312576
379389466
377888139
377687736
379608463
379305080
377831104
377795636
379329212
377915236
377936410
376343560
375793287
376096371
376128861
376042119
375970554
376411541
375259701
376300165
377505840
375952791
377618160
376170385
376477809
376515064
375092738
376430060
376372939
376450632
376242021
372905964
373946364
372487935
375042597
373058078
373823613
374941703
374103486
373762739
373095386
373003959
374755349
373030498
374650408
372978943
373925713
373987200
374871756
373894832
372940455
369950085
370205833
368521908
367967531
368443032
372387782
366463023
371150989
372315165
371240803
368349152
367847655
368798082
368271590
371076725
370269540
368607244
370160417
367794032
367140377
364955833
366438705
365155759
365039970
365112467
364662063
364598916
364250688
365003176
365077029
364454923
363665998
364917995
363752770
363711615
363595757
363807173
364858771
364558664
364725852
361217954
361649050
361358514
362729496
362812084
361674009
361271033
362574065
362427946
362780396
362638891
362689371
363544919
361609553
361463586
362346338
361914331
361415840
363454560
362476812
358536000
357382933
358237616
358386600
359271735
360178126
359913948
359837278
359633120
360105909
359181606
357932780
358478131
359961357
359142726
357901958
360059523
358612392
360146126
358440841
357325981
356275444
356491137
356190555
356004008
355341039
355667048
357119631
356454158
356054720
355361752
356396196
356096644
356507526
356474413
356334714
355636016
356427795
355320329
355939862
353796470
354917853
354088958
353846260
353700159
355156621
354976756
353943194
354044851
354132735
353655671
355044771
355163109
355102264
355279517
355233596
354158495
354082810
354004237
353886261
352843999
352735758
352691122
352885944
353450124
352652766
351538399
352913255
351410691
351490461
352382960
352611621
353336010
353397791
352545710
352784144
351451391
352460594
352937267
353543766
348690418
349927522
350067238
349895784
351304180
350023264
350730659
350046245
348775561
348604422
348598642
351355621
349792405
348816641
348648958
349731755
349845766
348798959
349665331
349985193
345308672
346198809
347189398
347423507
346147872
345946802
345778990
347316366
348453885
346374206
347383172
347073843
346095550
345366062
348166364
346990978
345817806
348115102
346860285
348543562
343400104
345219768
345031251
343885123
345097801
343754953
345270364
345159646
344953976
344762979
344722011
343542292
344641380
344568285
344468555
343468970
343940155
343820606
344886911
344838486
340661252
342874819
342910773
342548878
342014202
341084571
342881818
343349127
342319273
341876205
340688233
342939686
341816368
342662315
341922678
341235008
342615189
342827047
342785428
342489520
338170698
338443506
338416935
339464200
339481453
340542030
339515440
339499403
339075835
338760536
338141701
338664991
339554297
340611119
338887368
338821150
338609363
338108076
339593386
338985082
337377041
336355176
338017442
337658606
337328156
335807960
336283827
335850246
337743188
336001532
335912256
337397406
336391625
337826313
337792472
338069558
337588139
337353168
336703370
336314684
334312927
335115944
334914843
334180980
333604962
335069374
334890397
333755712
333545173
334007617
333960400
333264006
333217578
334258310
334394623
334123984
333702682
334865802
335021998
333657564
331506425
332292526
333020468
329992268
332930511
332237009
332316625
333183552
330619228
329962978
330660628
329031397
331181551
329002687
332814214
333075315
333137376
330453349
330014231
328971128
327315956
328931221
328846889
327901289
328880555
327819252
327387069
327324786
328216141
327205361
327869927
328522335
328904223
328574441
328454225
327798176
328298217
327779976
327737792
327717249
325142344
325276755
324979212
327101905
327041562
326905017
327160529
326970312
325237401
324999649
324447558
325109144
324313699
324384730
325029556
323984958
325342064
324560125
325175322
324512526
322749791
322288195
323124228
323016869
322784723
322182427
321797306
321754571
321860276
321830084
323948338
323347569
323209112
323083874
323044993
323967508
322768033
322993820
322340876
320927535
320762273
320875705
317294134
316318717
315543726
315489096
319710479
318497622
319929730
318640741
318774819
318593531
320223985
318678377
317404669
317170500
320896037
319898618
320847107
319775755
315279182
309855959
313788704
309263142
309655949
309307137
310495628
313799675
313862735
311052640
311193824
308676301
308633610
315317075
310519827
311001332
315380892
315020067
310560590
311867534
307790599
308586870
306455574
305805373
305773694
307459369
307396812
308523053
305743379
306785172
308363018
307667652
306821060
306144344
306890953
308458408
306805503
306176600
307766167
306866249
305493578
305667277
303837740
303137922
303029945
303774104
303081019
304623003
305710204
304476365
305415266
304580180
302972823
305618030
304677583
303802095
304575902
303739641
305179908
304375971
301954725
300332936
301515286
301201178
299819295
299856319
302053571
302028701
300522811
301715632
302903461
301781521
299799670
301151476
300404816
301624510
300117174
302698848
301903093
300453099
299236414
297126192
298938367
297240506
299770778
298472020
298345520
298931017
297870606
297175238
299289453
298409574
298374270
298557993
298251791
297937596
297069836
297904207
296933833
298516774
296830674
295637179
295612533
293954180
294188901
293763685
294144185
293902626
296802571
293842225
295590700
295028646
294079723
292734418
294010095
293706421
293323557
292813137
296857030
295625030
285668250
291282920
285474788
292634582
292500855
285554490
290965484
291435287
286888393
290398042
292353814
289171262
289989302
286312400
286284808
285619236
292125290
291521483
291573913
292426407
277506240
281236218
279017153
283033182
276414177
276555082
281325381
282473304
280366050
281187026
279969152
276639533
276621441
280024393
277856028
282511560
279085580
277342307
282548375
285186322
273714757
273159752
274173198
275248296
272541181
274704292
272584296
275474821
273841673
274054128
275517327
273774465
273124876
274120690
274931481
275428783
275345595
276309994
274978748
274890225
269062683
269695764
271978580
269651311
268531182
270842497
269492258
269439833
272033005
269737694
270742922
268102465
270651953
269596916
268060867
268630615
268588248
270783438
270233470
272087927
266009972
265622671
265591133
266523400
266478306
266361365
266055235
265649914
266981949
267415957
266426604
268015603
266227914
265549157
266565831
266600160
267603484
267020166
266927177
266302446
265546558
264906317
263759025
264273630
263822209
263351682
265370215
264325831
263793284
264809975
264132618
265269521
264865203
265488897
264402279
263730782
264841340
264362374
265322021
265431128
261332135
262303475
261782429
262828769
262848137
262676641
262238024
263318141
263067397
262790546
262756530
262728378
263213322
261813530
263159330
261700989
262095901
261862064
262270433
263278230
261060188
260004184
259097421
258518997
261124767
258083154
258576651
259596774
259004185
260223105
261286935
259656929
259712210
260263241
259250733
258630400
258663765
259574626
259216733
259749905
257601347
256936645
257572316
254174311
251443583
254153552
250666310
253485539
257496561
253437183
257534611
251411227
257955464
257030717
256791478
250760275
256973691
254160983
252750848
258034435
249043151
250710101
248771563
246413014
246504191
249590981
250420630
246479210
249544493
246466673
246343604
245881278
245852662
249513850
249076566
250480636
250389160
249903468
245942497
248688450
244657907
245616574
245448167
245020460
244698319
242448375
244519973
243524020
243260173
245524431
242492885
244618373
244561433
243237477
245033952
245574796
243210826
242468052
244415611
244725922
241225302
241398627
241117205
240912271
241266130
241182766
240824773
241051423
240862432
240805506
241356516
241023378
240871661
240932413
242417206
241084094
240891837
240784342
241158950
240956503
236826875
240000739
240060165
239952561
239459258
236340546
240018733
239301507
239985935
238325735
240040127
239943414
239873653
236985364
240093566
239903229
238009135
238031939
237046500
239500104
235245993
235966433
236271779
235358467
235333436
235962684
235206174
234460880
235187963
234473410
234440060
235992297
236148120
236243367
236011274
235228999
236306486
235266211
236215135
235305372
231018750
231455837
230732936
231083968
230869364
232049456
233315376
233546791
233311860
231135235
231041234
230994905
230927981
230894511
231973310
230846361
232052447
230963365
232007055
233278890
228714422
228955193
229015635
228790659
229103053
228988273
228938925
229079776
229369695
230404365
229044400
228753894
228902490
228088655
229001807
229031389
228924414
229061169
228817479
228970115
227816431
227324227
226647371
226613874
227024598
226563961
228012577
226587511
227236386
226676793
227716719
228054931
226977830
227964148
227928644
227783668
227747993
227278169
226537291
227100575
225047935
226373854
225035080
226341044
225815625
225694033
226415176
225836959
225789709
225755839
225727042
226459184
225485869
225655429
225604506
226488969
225530414
225011930
225570451
225246897
224088813
224983788
224774487
224199879
224739779
224917985
224245661
224273469
223829466
224226121
224949935
223490868
223464840
224130218
224030826
223512009
223458225
224053452
224294094
224166668
223420708
223256201
221420930
223313972
222763708
221392146
223361694
223218532
223394445
223031857
222743856
221379255
222714540
222669330
222203865
223129597
223177794
221880133
223154824
222224041
219128598
219111016
219084991
219215873
219545233
219291215
219338626
220692708
221162646
219830678
221086073
219251069
219064961
219045760
218801015
220046355
220632072
221365653
220662752
221122517
218533783
218342101
216412450
218675777
218579389
217892100
218405363
218508595
217946576
217858802
216528710
216373694
218366284
218479514
218716300
216480885
216439451
218769712
218444786
217984367
211751984
215647621
213461068
213418107
213431597
212803296
212707345
216289271
212752481
213500727
213481325
212716283
212614040
212774089
211776607
212668947
211766926
216341294
216257614
212686589
209444988
211027169
208532948
208831636
209420699
208749264
208563049
209361291
208648885
209406496
209375492
208794542
208674611
208621100
211045445
210994111
208703380
209391478
208526775
211005089
206861423
205942136
206003901
208406681
207701206
207364059
206886051
205974286
205049817
208486293
208388186
206897085
204817871
208469363
205898692
207883375
206027208
206876058
208508010
205359573
203440604
204221701
204769175
202062343
201948664
201903284
204796636
204381393
204120496
204253561
202029720
203539262
202514625
201989588
201356177
202928292
204075683
203584694
204166004
203486019
200133114
199695353
197995899
200217685
199095443
201270769
200858937
201206803
198917792
199732134
200182836
201103106
198969883
201166647
198322438
200157365
201308581
201241066
199041665
201333712
197198866
196872466
197127611
197884820
196896671
196823959
196562845
197172313
195907765
197110584
197202446
196528694
196461969
196783428
197960811
196493859
197097432
195932938
196914945
197917804
195472307
195197989
195132566
194675378
194713028
194808900
195412459
195103382
194910269
194846293
194743954
194486138
195579170
194545872
194247353
194879385
194469053
195529293
194510812
195158120
194135355
193895167
194177167
193986719
193734257
193102928
193854131
193130625
193189119
193944191
194214947
193291841
194033408
193251151
192958902
193774152
193382489
194090309
193820709
193319871
192918170
191586389
191632835
191548326
192061080
192531553
191453775
191481430
192848814
192091174
191777826
192073463
192580508
192301999
192865399
192146356
192115257
191805624
192169607
191743909
190824735
191343900
190359200
190225215
191042921
190436790
190262992
190322196
190888788
191003031
191371110
190965106
191409411
190933594
190794049
191446052
191355958
190785462
190396755
190752602
188740976
189575697
189700484
189472899
189434355
189657817
189393558
190191289
188972848
188935534
190065214
188667264
190089995
189599271
189407889
190163672
188803877
188880861
189542822
189626771
185402636
185368827
188304383
186143440
184963522
186276820
188620609
187975065
187211833
188239991
188128044
188274455
188023979
187012545
186419242
187057013
186116416
187094746
186459659
188177218
183163144
183851047
183879345
184536475
184870800
184300958
183979077
184608915
183235299
183903333
183198717
184516365
184495255
184761240
183123962
184821738
184711843
184125049
184932034
184584874
181009468
180856742
182343248
180429684
183100562
183054466
182400988
181471315
181148886
182643506
182443298
182292987
181529702
181491839
181059631
182482472
181570494
180888724
182561776
182592438
179530527
179083087
177404428
178821296
176275059
179553913
177901452
177534890
177157207
178996683
179646890
179042618
177493562
178359361
173058369
172894176
169980905
176296873
179737608
169913071
166295968
166093968
165646329
166248087
168110375
167051149
166065146
169801057
166187933
166330570
167000493
167105387
165969294
165671221
165947456
166932942
165921271
166951276
166002390
169767285
165345996
149174150
142691933
149225365
164959169
142761906
164989232
162035881
142719568
132387392
161980088
161924269
132339295
164883987
143305399
142625074
146528355
165013850
165595931
132313592
