1192633285
1198781758
1191416253
1190611420
1192846195
1189831664
1192705487
1198905207
1192371714
1190371577
1190072159
1190226601
1191599291
1192257415
1190541254
1189949634
1198694677
1192478448
1199046042
1191701270
1185326348
1187883337
1188489254
1188037906
1188364732
1188714574
1187742411
1185663609
1184930454
1185498927
1184522584
1183607294
1189562698
1185204866
1184437832
1187557278
1188650363
1185780751
1184373122
1188796350
1183162649
1179011465
1181100911
1179912744
1178911575
1178822936
1180987217
1178855121
1178885472
1183406452
1182902303
1179726503
1179975588
1179032563
1178932558
1183027105
1179849625
1183523063
1183294858
1179782462
1175727515
1178710107
1177695186
1174932274
1178301989
1175982547
1176291138
1175597868
1174729942
1177817325
1176827490
1176150964
1178398235
1176727220
1176444961
1175655763
1178557004
1174831816
1177746279
1175905922
1173584876
1165265857
1165455412
1165180885
1173515911
1164911275
1164734196
1174070424
1172475247
1174479825
1174161143
1172371583
1173700510
1164603135
1165394503
1165072653
1167104673
1171789933
1171645778
1166964095
1163817303
1161930153
1164417466
1163477268
1163108820
1161995806
1161383037
1161310971
1162851794
1161188338
1162097926
1161110565
1163196194
1162396792
1162163872
1164510542
1163412222
1162739359
1163883229
1163011276
1160128547
1157896592
1157660754
1160984912
1160048845
1157174310
1156499486
1157858034
1157077574
1161062472
1160398651
1156976656
1157711387
1158003207
1156708480
1158119440
1160722499
1160617092
1157804073
1160863083
1152934193
1152849879
1152146482
1156172415
1154323496
1152012007
1151916301
1153836117
1156271864
1152237236
1151558313
1151743096
1152343723
1154551874
1153683948
1154660271
1154447020
1155711614
1151459906
1155592738
1149460746
1147619205
1144786528
1149543359
1147075483
1151335333
1149855644
1148479682
1147430363
1147205460
1144934148
1149321425
1149189906
1147530040
1149740881
1149634275
1148731066
1148558759
1148625919
1147332952
1138109192
1134162871
1134824285
1133227242
1133370884
1140321024
1134536653
1140230722
1134695054
1134266555
1140456017
1138277601
1135299824
1143909107
1140077791
1143814540
1140539408
1139964743
1135113458
1133294438
1129944356
1133082960
1129458014
1130187342
1130573585
1129739809
1131822493
1130417607
1132724942
1130688391
1129539593
1132372042
1130320371
1132248074
1132605738
1131598928
1131739268
1132486235
1132860674
1130037446
1126703682
1126948203
1127995884
1127771249
1128184900
1127626291
1124919010
1125079335
1127920508
1129376414
1127516063
1128334490
1126631821
1127268095
1126859828
1127034136
1127365020
1128085444
1125436187
1126781319
1120923428
1119235812
1117573602
1123308260
1119167526
1118044787
1120187107
1124838640
1120305287
1124348791
1124261736
1120043101
1124431558
1119071087
1119005278
1117858590
1117953658
1119357485
1117691485
1123065304
1114638324
1116804082
1114555727
1116616080
1117160535
1114850030
1115127664
1114939631
1116735864
1114243051
1107760100
1114410556
1116895587
1114198495
1110286000
1117290135
1117438548
1116440557
1115055575
1115239394
1105061587
1104967945
1104479445
1104907792
1104354330
1105115994
1104225165
1103905355
1103734971
1103641673
1102472168
1103507193
1102374847
1102322476
1104035055
1107719454
1104804962
1104609914
1107679178
1104708839
1097882062
1098154176
1102227342
1102032105
1099593391
1102126024
1100157421
1101816045
1101644810
1100074059
1099449850
1097788851
1100293944
1099911805
1100216390
1099316771
1098105963
1099669228
1101923783
1098011452
1093890504
1093963315
1093737134
1097620579
1097414253
1095803221
1095452216
1093552366
1093806335
1095725184
1095592203
1097715744
1097296662
1097157447
1095678052
1093658600
1095850315
1094013245
1097511279
1095336349
1093155588
1091703148
1093487828
1091242766
1089278322
1092971701
1091418640
1093356205
1091925844
1088947654
1091596080
1091789254
1091507256
1091128307
1090979739
1089150368
1093093699
1089054095
1089356598
1091864604
1084239792
1086831453
1085885211
1084498346
1082947243
1088068594
1086473547
1087995653
1086967082
1085624624
1088423875
1086375398
1085210552
1086016028
1085751462
1086701587
1086276863
1085527881
1086909546
1084362606
1082486144
1082755898
1082281323
1080391745
1082058123
1080510814
1082176695
1081919553
1082578059
1081672081
1082669857
1082904138
1081762864
1081585685
1080840329
1080702257
1080278449
1082847356
1082388717
1080178722
1079362937
1075475451
1069519474
1080100626
1069445516
1078571593
1079661908
1079783291
1079739892
1079596421
1079535402
1078031467
1075342757
1069604344
1079968550
1079408360
1078421892
1079481323
1078304455
1079871309
1065916129
1069103950
1065841948
1066169979
1068799047
1066028978
1068183613
1065953879
1068938684
1065867162
1069340533
1066105951
1064343540
1068427009
1068063645
1069225379
1068316703
1068243248
1064456016
1068129987
1061580302
1061467423
1061054758
1061835273
1063436094
1060908040
1059265059
1064288088
1061650483
1062358750
1061381772
1061305385
1061149605
1063347820
1061709808
1062944789
1063253117
1063178715
1062505229
1061772743
1058114946
1057377382
1057205797
1057629869
1057275960
1059122974
1058573792
1057941712
1057820546
1055105312
1057701944
1055009947
1058249105
1057460874
1058795240
1058683523
1058401377
1059006984
1058889137
1059191360
1051332764
1052925165
1054132561
1051903537
1051418933
1051677170
1054035171
1054324044
1054210440
1052828367
1051993460
1053909234
1053317019
1053741926
1053201815
1051830347
1051219618
1051578661
1052085873
1053063986
1047497423
1043079098
1047603085
1037358570
1048173619
1050930722
1043299555
1035420698
1042966783
1043172055
1050516411
1037218639
1050675816
1050758230
1050872454
1047286378
1047405229
1047722507
1051052447
1050581894
1034809565
1025301405
1026904527
1031077155
1026774675
1025420310
1027209889
1031493253
1027372885
1035301004
1033276080
1025463564
1035152506
1033398155
1033203530
1027032506
1035173593
1031007423
1033475667
1025515221
1024676098
1024012455
1023262833
1024137809
1022824377
1022594865
1023143829
1022318316
1022233642
1025056114
1024175251
1024933137
1023006210
1025201568
1023903036
1022486075
1023826610
1022704656
1022388176
1024799344
1016512899
1018399416
1017208668
1018944252
1020700016
1022026941
1018681285
1022080489
1019019997
1016532138
1022144149
1020829389
1016459134
1020318844
1020196838
1017048903
1020367335
1020258855
1020926717
1018350120
1011517857
1011434790
1009934489
1009807196
1010047399
1012681257
1014629794
1011902694
1014049559
1015097804
1011809527
1012827340
1016355032
1015231026
1012555276
1016400585
1012029058
1014480718
1014192835
1013951857
1007624802
1005366532
1009321003
1007984286
1009418307
1009615635
1007100692
1008100399
1007766386
1005985591
1006119892
1009256298
1005855696
1005762560
1007353837
1005085064
1007540320
1005038978
1009488512
1007038410
1003200905
1004977135
998758450
1003046455
1003961020
1003298704
1000763108
998664362
998854364
1003380728
992483636
996147279
992355496
1002917393
996066746
1002831177
1002970029
996009747
990198749
1002871465
987880933
987327571
988010117
985506061
983423672
987044104
983487690
990128527
987409930
983205089
983102200
987835410
987180659
985293921
983339654
982992639
987922872
986390468
984908429
985198419
977397579
975325752
975362746
975394906
978325216
978208465
977430309
981267530
979870819
977357845
977491733
975514267
979770018
979707188
981669147
981308479
976416708
975455215
976571664
981781457
975215807
971890381
971779193
973259837
971902798
973186695
971674139
971475991
975265826
971390425
971832393
973373129
971735800
973477883
975299570
973439842
973428602
971633451
973319992
973130786
967775028
967443451
966817032
966070853
966751617
967528481
970996583
971133224
965932508
967632978
966620218
971238472
966503194
966394162
966200412
968599212
966701253
971313320
965817560
968260921
963755774
963998740
964430249
965677871
965577162
964011952
964119164
963421821
963186465
963247579
963142649
962311242
963674740
963488557
964599939
964531278
964267051
965439912
963558745
962407190
960602218
958531303
959417002
960238936
962101414
962235832
961714400
960730393
959541102
959358479
960145141
959999963
960372817
959667937
960500832
959599027
958446330
958652511
959490401
959318583
953512660
953289673
954483639
951847201
957231478
953365375
953780018
956885688
956974312
958304141
953616409
953900080
957160196
956694232
954819554
957055505
954040275
951693846
954340683
958040088
947318695
947251463
947777479
946330344
949198320
951389384
949273562
951207595
946059940
946252120
946171362
951307514
951511867
949348424
947951510
947196261
948150594
949969557
948258507
949419025
945241826
941974988
941509438
939565755
942114653
944527323
941387635
929990709
941848354
941216991
945533177
931195465
945484364
944603871
945391054
944167352
945601224
945298765
945741017
944374998
927164785
928694719
929473072
929324971
927041392
928923142
929926882
928814072
929029025
929576167
929195329
929747122
928546373
927461163
926882109
928629227
928471398
927576664
927304780
928410125
926770646
926173413
919911187
925368099
926296089
923902135
922833957
919856265
925003404
922260744
919496102
926528663
922532255
919652680
919316537
922373017
920055643
922672738
925407749
919754941
917923405
915926568
919194706
917987421
917821508
917593914
914936990
914002375
913795523
917461792
916018225
913686917
915826799
919063927
917286150
913899223
915743616
915859713
915459057
913544351
912952787
909002885
912027475
911166413
912868159
908372970
911463906
908899798
913064047
911604667
909651543
909572730
909106614
912811861
911740037
911914951
909458862
908474203
911843181
913012170
902712706
904623685
905826176
904881756
902220313
906416661
904775578
904438468
906588374
906201404
903779013
905783267
906081800
904337089
902619030
908237692
906734923
904699954
902535388
904513743
898906752
899832264
895942665
899378796
899901907
901750953
891365741
899185366
891495000
899420873
900081626
899992894
902055413
900168439
899292437
899080051
901979185
899226830
898989665
895831119
889253469
890612586
888032570
887991854
883552235
883834789
890905833
885537949
889459591
889125086
889646884
887908380
886542132
889550786
890791295
891014635
885289264
889713613
888948189
885667492
882753835
875488037
883448430
883360014
876208506
875897043
879026493
879139801
881834395
882696153
883292379
882629972
876031443
875745632
878528776
883110342
874395209
882980966
883218696
882890698
874306103
873322305
872361339
870745482
873427723
871148727
872225039
872143190
872073976
872591469
871077885
873284738
870904103
870820912
873377353
872333089
873694731
870987678
872449319
872526414
865626316
867658369
869013910
868937875
868673578
869092168
867602114
867519960
864350280
864311439
869165795
864227846
868893197
865905665
864411203
864262266
865814997
865757820
864481458
869293415
863700637
863608329
861750150
863293877
861968725
861845936
863375251
862887008
863815103
863194063
864193786
864142681
863993530
862960929
864111366
861907110
863437581
864087215
863757039
863534706
861353317
861103752
861419355
860036804
861514985
860809956
860099216
861597037
860937080
860746229
860686096
860569631
859687873
860616027
861255299
859972302
859897600
861013661
859623344
859512366
853107800
842380144
849780843
853948796
851783466
840709852
840601578
842458180
840817468
857508193
853449150
853761664
853223765
851884539
842541007
840549473
853333297
854017120
853860631
853342648
834820044
836653146
840272806
836462365
834468482
834524846
836171472
839953366
836112174
834768875
840194493
836266447
836545443
839904592
840112774
840021886
836791844
835019951
834933078
840432678
832919164
831484568
833095102
833033515
831397056
831081018
832625149
827589521
827683628
831291376
827505557
833586654
833169645
833490350
830851244
831158075
831013460
830762028
832679794
827741651
818196753
820051670
816580637
823726272
823630850
820134221
823230298
825273900
821741771
816467191
823287994
819929561
818294377
823549844
818371589
821850760
823816724
823498256
823349366
823437871
778581538
804163305
801948598
778524557
779893500
778758173
778635805
801993150
776476698
803059707
804235974
778782857
804355341
816362433
801897318
779799885
804284674
776506118
802949519
804957805
768729328
764239014
767134269
773188990
776381317
770403506
768801939
776436224
764489080
776338382
775944835
773233390
773029445
764265760
765679459
767044763
765748974
770473758
766961239
764448227
754278506
757524693
754108580
758406457
753852371
754202250
755783870
764075524
753929486
758358540
753759486
755869825
763769352
758272964
754014210
763953506
763853325
755725564
756078840
753531742
750605863
750322496
750433901
751700763
747015694
751639345
745185729
750683366
751600333
753446154
752591612
745091654
746806247
748520288
750517793
748442388
745906227
748184576
752658641
752473920
744242992
743085551
743003802
742679888
740949309
744808194
739804724
742812801
742762908
740819977
742932214
743187927
744726899
744516461
741358361
744643277
744179607
744125015
744928152
744327059
739671709
733701774
732398185
729522740
734812089
736949773
731672863
733582446
737651586
736893404
734757187
734977923
737717458
731570125
737585549
729454311
729260174
737310722
729088488
737496462
727277479
727154358
723717036
725070924
726573979
726727861
724971272
723340114
728977764
725277743
726507744
725182929
724278728
727220204
724235431
723452413
722810910
723614653
725363486
724836406
720713758
722433142
721757647
721528664
720854836
719293132
721215370
721116111
722484875
721630246
720772275
720535246
719408030
718868382
720483469
719585327
721447919
719476764
718935712
719154847
716432477
715559556
718464124
715353070
718408986
716749975
718371330
718676930
718231957
716695321
718605371
716491254
715765183
715669978
716533271
716825850
718180298
717001900
718761055
715217625
711904264
711671214
713987532
712161163
710297487
712063632
713793184
711544382
714831321
714775321
714194707
714919852
711769413
710195882
714098953
713890909
711858493
714314282
712265347
711971255
709648464
708995723
708985130
708056205
708444369
707761020
708889381
707578639
707657517
710087979
707885592
707993030
709468776
708351702
709911556
709301820
709992293
709806385
709561498
709388090
705753607
705675361
703935753
705986861
703460009
703871472
703681201
703068924
702895408
705241600
703360631
702435380
704948591
705873889
705147838
702972506
704871415
706975863
705342389
705006088
693741301
697230490
693868155
702205953
701748433
697434457
701959131
697300898
695777633
702129891
697182260
702318853
695424771
701891336
695225648
701573852
696229948
702067232
696171007
701492709
692048962
685641463
685495200
685137868
685064034
684752947
691975761
684873075
685560006
681698249
682116610
685431501
685285496
690829346
684398082
681921951
692151711
684831542
693633479
681814318
675370824
677412309
677188271
675240359
679073052
673369513
681279134
672053069
677976043
677102616
671752163
677536780
679134859
675564163
675437854
671844122
675119381
673294491
675053163
675623515
671619214
669978153
665245442
663309119
667326553
665343868
665146386
666489738
665446664
664586446
670288135
663419703
666590663
670200377
663211201
664673135
670574706
670476346
667214575
670370270
658313748
661196047
663002304
662705717
663099270
659258459
658080632
659839780
660202226
661827199
660699236
660126478
659392446
658298891
658381204
661046789
662597854
661625570
658944840
658227370
657976678
652556481
656698812
654033498
657654459
657873214
656507183
653938631
652679231
657231626
656614263
651118389
655207172
657270786
657604106
655054270
657806008
652897488
655127549
652796495
644743965
642197046
645588192
646311693
645466065
645646139
650875314
644667618
645542186
645988636
642591966
650950915
645316383
644067185
649414126
642749024
643997741
650435897
646085799
651044851
636449178
641036936
637436451
639508195
634821269
635657575
634128649
636599629
634914575
639446214
637525846
634030062
637223195
639359804
640015434
641120453
635487679
635545442
637002145
641194326
627669965
629927117
629832730
633918512
627739491
628404241
633295470
630805411
627801195
633125279
633366089
626661999
633244652
630736222
626894974
627715748
633200868
632359761
632438472
626765479
626590076
626382316
624998036
623398063
623301739
626266377
624937545
626543828
622728651
626304780
624073951
623806839
625535292
625633622
622654436
625590204
622573581
622498909
623527032
624029496
622042635
621435657
621927799
620986077
621060787
620676754
620329703
622391471
621200507
621523746
621493939
621970621
621344133
621269828
620601198
621122918
620551708
620439532
621465064
622221970
618921381
613060558
612171585
613692096
612200635
612216718
611729563
615741341
612320458
613636486
612248719
614394920
612930543
619661680
618824494
613756700
613665866
612821746
611660384
613791601
606115818
608370718
610777960
608515712
608453952
606678040
608270811
609414824
606778178
606599102
605857494
610803362
610250597
607862449
606910606
610743259
606169780
608710926
607687263
606494342
603288645
603013997
604502233
602993887
602206471
603411913
604585817
605197095
605817202
603127427
602255278
600709400
605080049
601363399
605147494
603196740
601329254
600798361
605773560
604197005
600635986
599428842
593143229
594447289
599271493
595169502
598761200
600158686
600077710
595230883
598848095
597062170
600199765
597175300
599049147
593969418
599349268
599191308
594515491
599498616
590430683
590304115
590226135
589748168
592246435
592861917
588299871
588252383
588203431
588585052
588159580
588664773
589809330
591485732
590523537
590491379
593090919
593027641
592933718
592978697
581197739
576174016
576036459
583033505
581756591
581877357
586891431
586810133
582107375
588112569
581663726
581824883
576106759
575973473
580416042
582938762
582044307
582125129
581981092
582187211
573100531
567882859
568032868
575315696
575653933
575090486
567933920
575037517
567439974
568675598
575821942
575150353
568955793
567482947
573227363
575250904
575714757
567519966
575892321
575205285
562090512
566903897
566315742
563820398
563734262
563007145
563624638
562943632
563068908
561423129
563115417
566695634
566767226
566814021
562259253
561600207
566247950
566205597
567401638
562145449
557775603
558811153
558789191
559283459
558742848
558718951
558552459
558644724
560947989
560860164
558583270
560802079
559221421
558954258
560517730
557292723
558697859
558761519
558678908
558628639
557253499
555649539
555076796
556018831
554087216
555817626
555764417
555946064
555474537
555859962
555979047
555581240
557064936
554793059
557147859
555702363
554037559
555528669
557208824
555899876
550321365
551156003
550985540
550914630
553020168
551113290
550278286
551221539
549923926
551028495
551279989
550241895
551183937
550378205
553986054
553420941
553069881
551306857
551249742
549898381
549495449
548331245
549781038
548003880
549548935
549831896
547722874
549718888
549870779
549667303
549604247
548229958
548429131
548897552
547999387
548157485
548379801
548282138
549167693
547764064
546479303
545789213
545448973
546961743
545865542
545314781
545030965
545378777
547074717
545914187
545469903
546450200
545675084
547140631
544939815
547014378
546900067
545965064
545095535
545741583
544184234
543347472
542292679
544344774
542815453
542627783
544176621
541829472
542567596
543274650
541857884
542762187
544226883
543445319
543281227
542209492
541895756
542129803
543220357
543413549
539984851
539629035
539121927
540566562
538702630
541360702
540543625
540434523
539571930
539408721
540569697
539847564
539624542
539159236
538642200
539477147
540489581
540457127
541771947
540625426
527419137
532262627
529007240
528636825
532225575
527488091
536590423
529063483
537030208
527170667
535589568
536645428
535658767
536619340
538336628
530990005
528598175
538429884
538513091
528706108
522520350
522223748
522451969
521645817
525794901
524406708
522315233
521976053
521718630
526142067
524703197
522051600
526243209
527086090
526197284
524502282
527120242
524591960
526083828
522143621
516836683
517165167
521599723
518672185
520191090
516789209
516704361
520334787
518865106
518798012
520412279
520243593
520119834
519936063
518453084
518424484
516994917
518494397
518953304
518733413
513496973
516495656
513951345
516281512
515051648
513633657
516547008
515242341
515153074
515082025
514888258
515289933
516399567
513808656
516353954
513585932
513882340
513690798
516323716
513755073
511812989
510834251
511935023
511987326
510114951
509884091
510410547
511851210
511068996
512448288
512278772
512367382
510962606
510747823
510214054
510005879
510468737
512205365
513452023
511879466
505506587
508517467
509489579
509389397
507558365
509421527
509660637
509649303
505539692
508267958
508017146
508466360
507604335
505465755
508404902
509359883
507661215
508064249
508175487
509572250
505084111
505154579
504785448
505369980
505114521
505302952
505186095
504945682
505263515
505219033
505425770
505007295
504851663
504977483
504818129
505038495
504755820
504917044
504884769
505336522
502926281
503014738
504468051
504311993
504723944
503138600
502865862
502960300
503051324
501283687
501209996
503095698
503313126
504605016
503177989
503415973
501133857
502847084
503262396
503213231
498173196
498291072
496662681
497956487
498231919
499806582
498410190
498119934
500782624
499666693
496824199
499551706
496762965
497867527
499343694
500823800
499728214
499605226
498346409
497913357
492776920
493019426
495063339
493175597
492722300
494433020
496156693
492939921
493289446
496227603
494363119
493091930
494864790
496564032
496298579
494989232
495135125
494844117
494501011
492827909
490442058
487691345
492714050
489113285
492673250
489568466
489631535
489517648
489207008
488046196
487751734
488142801
489165592
486786034
487988032
488107852
486716485
490496821
487651016
487601956
486416896
484890170
485446410
484842669
484791404
486328345
483857231
485245691
486260194
484943311
486408853
486569097
484744834
486372540
485168509
483534408
485323986
486649928
486289966
485386697
483101490
483205089
481779622
477725718
477770052
482015607
477041340
477797504
472175260
481956213
483472962
477696623
481823175
477954412
472164465
481904839
483254640
483171487
478247521
478181871
470010305
470356491
466676634
468984298
470180064
468892314
469789879
469168799
468925629
470228804
470318830
470246489
469123991
470079100
469095396
466621164
469031178
466652384
472117632
469150303
466122701
466062140
465754600
466140717
466324226
465813662
466413846
465942829
466374887
466197301
465875830
465676359
466275440
466424402
466476999
466011017
466568034
466574668
466612848
466524507
462309279
462224814
465619986
465554016
464145119
462274686
462336372
465605155
464118757
462388923
462187763
464284267
464183199
462413897
465587131
464413016
462365858
462254979
464227747
464340467
462145344
461945123
461815572
462090862
460563230
461502395
461763096
461603487
461507875
460617430
461987891
460756174
461454823
461875800
460672402
462052357
460807899
462036563
461694747
460723156
458582622
460500780
458067982
458264063
458334292
458127177
458492148
460392092
460275298
460328023
458359792
460449305
458545552
458517596
458464713
458309592
458437378
458220745
458182285
458012446
457961866
455494301
449297995
457781829
455435839
455716025
455617711
449303725
455663812
457862298
457906566
455569493
457720629
455384657
449351550
457730716
449122164
449075345
449102527
449057948
448707996
446919714
448878916
448985197
448843180
448596857
446732881
446980151
444549845
448645478
448789909
446811151
444552223
444498521
448930245
448523915
444523859
449021319
444579268
448960529
443868067
444150746
444447021
444338170
444328575
444279904
444095741
444002486
444201627
443723876
444245136
444472971
443558085
444375508
443818304
443393694
443336003
443453348
443938931
444411621
442258745
440484842
437710044
439325500
442165203
437681502
439441892
439359600
437759055
439493688
440894892
439306670
440985133
440841474
437732760
442062850
439552805
441073449
439396238
441024055
437086009
437646115
437495948
437166107
436826637
437225206
437417617
436258778
437609765
436149441
436866116
437300174
437568925
436227986
437453906
436942738
437360420
436768474
436196474
436991509
435180611
434257634
436052903
435729862
435520885
435422557
435351760
435305136
435097295
434388154
435682025
435784804
434446722
436110546
435896266
435596532
434322799
435241081
435981953
435839289
434085334
433632364
433462221
433283882
433817223
432965960
433393452
433124092
434206718
434161876
433994125
433166874
433010772
433069413
433909544
433564622
433511888
433719551
433352011
433209524
431285238
432250948
431172089
432355769
432179497
432088416
431359783
431331806
430870702
430749125
430696444
431121381
431946105
430996180
430937159
431392932
431219697
432019881
431308043
431055260
428762369
429050235
430344817
429306208
430539448
430474050
428862053
428999682
428793768
430232921
428949994
427302931
428909365
428833757
430434738
429206173
430608559
428736634
429148582
430392055
426991983
426635887
427226323
426144176
426439557
426083822
427082221
426287480
426207226
427173933
426542367
427197157
427262154
427070824
426933115
427122589
426825426
426742608
426882910
427169579
423660573
426026027
425949331
425843900
425745009
423777321
423601275
425718840
423719397
425918142
425882091
420501746
421663212
420398071
421785627
420299874
421916574
421859087
422179435
421736609
420204584
418270517
418229465
419998820
419552038
418155631
419921801
418382800
419798943
419764719
419856154
418367557
418345258
419715178
420147400
419595687
418298497
418189709
418095171
419642133
416929341
416382089
416462435
418058069
417047564
416353809
417134967
416649615
417089208
417940305
416947069
416532721
418002059
417200023
416441254
416875221
416582116
416982388
417177485
416494629
413674120
415429753
416325327
415520669
415244603
415135362
415388013
415637510
415364849
415326118
415193621
413691606
415164791
415573971
415287542
415097202
415755347
415215649
415686899
415118813
413407255
413032861
412966994
412740181
412562338
413645060
412507196
412467709
413533901
412687689
412633533
413581838
412591959
413361770
413614663
412912242
413469635
413288172
413216675
413115663
412389970
411118035
411162829
411444003
411391507
411599401
411083070
411227544
411515014
411095740
412431580
411646170
411133741
411068201
411293200
411248840
411208431
412359507
411183321
411058277
409128244
409074288
410868964
409257351
409349054
409175841
409410878
409298940
410179283
411044735
410079805
409212759
410030444
409102730
410802942
410117494
410150868
410918849
410093934
410830677
407003043
406978916
409025108
407580251
407379352
406956453
407675636
407205734
407641388
407143006
407052210
407252543
407712335
407542899
407485120
409048164
408621608
407757783
407307694
407028672
405260906
405208181
405042235
405473848
406939696
405401356
405059635
404927529
405373044
404202225
404885817
404180535
405341241
405438709
405166494
405122144
405308813
404156750
404125265
404102174
404038744
402951870
403978248
403783514
403932968
402993774
402667066
402959154
403717544
402620890
402508734
402466534
402722329
404070073
404014243
403653120
402883421
402890978
402856453
402774859
401562597
401145434
401507858
401797487
401120884
400252829
402381599
401355882
401403463
401193395
401907158
400303250
402315644
401833920
401457454
401311401
402305725
402425901
401871836
401208093
399102213
396370884
399034407
398987804
396647427
398145890
400162497
398085887
394488936
397915412
396520494
400090135
398939436
400197242
399193627
398033838
397981607
396580814
396438032
400128579
393221812
394399497
393101423
394458057
394475738
394463422
393136497
394324566
394424398
394455308
394451782
394438715
394429344
394422176
394417907
394415959
394312602
394143553
394104933
393112106
390684480
391962414
392820508
391913342
391449091
392004790
391945181
392026517
390667618
391917428
391629546
391575085
392976968
390568806
392780615
391887423
390629378
391390723
391881019
390650279
389160202
389223849
389012780
390393727
389273550
389318353
390097772
389299059
388916700
389106812
389064312
389213786
390490043
390347780
390261913
389311868
390284333
388972950
389208270
390018072
387346921
386711074
387221240
388646913
387627207
387022881
387602491
388872685
386176169
388750187
387478736
387422005
387573683
387361040
386938170
386780157
386088216
387513626
387282016
388681472
383159594
383361048
384046857
383114627
382999782
384439877
383319360
384207367
384162552
385053974
383047189
384527670
383255319
382159599
384413425
384825039
382078827
384251035
384600009
384125977
381903615
380740810
381698786
381658602
380964187
380898048
381958289
380680575
379911066
382016973
381723305
380596052
380838769
381757965
381868721
380775939
380085066
381823560
380638393
381784452
379525439
379792601
379408948
378261774
379696411
379496575
378723948
379736499
378336916
379382976
378583200
379592177
379644973
378514241
378653072
379862590
378442489
379466608
379558146
379437832
373333519
374336116
374579665
374371133
378094316
378066058
377297435
375783916
374423197
373267851
373235398
375663910
375617221
374462119
378171487
375727575
374637577
378229725
374526278
373371907
373020778
372972257
373081410
370962198
371019879
372083013
373108286
372948598
372342397
372118024
371104023
370025646
372919384
372273008
373053614
370909163
372992050
370860586
372151279
372234005
367936887
367985932
369690677
368421226
368342864
367843029
369239940
369166615
368189429
369140289
369591848
369857295
369282773
367978306
369199039
369929927
368111211
368269577
369770713
367884436
362125449
362120824
362190319
355629947
363551709
355597801
363410545
364629231
363356313
355482282
360972746
362085016
362254980
360873106
355551301
358055051
364579133
355522798
363467475
355499020
355410496
353203323
353397791
353318301
353223892
354335370
354189254
353450124
353364610
353244510
354830974
354385820
354284327
355455161
353163221
355433944
353138278
354305146
353278773
354579829
353089167
353009337
353018668
352970999
351865075
351791569
352197213
353113449
352310411
351825199
352020145
352054656
352258047
352990510
352447840
352103124
353020467
352382960
351951974
353070609
349935776
349434758
350017901
349161772
349525509
349361851
350900768
349096287
349864338
351750861
349134640
349661935
349797475
349902882
349982941
350730659
349244972
350784125
349711022
349208885
347860403
346512522
346484311
349070496
346551545
347830516
347788207
348286731
348171848
347927880
348508714
347992651
346578287
347901657
347723347
348246471
347965363
347805944
347774560
347742174
345341779
345292358
345247124
345748805
345973267
346422367
346124195
345970559
345402683
346221993
346212978
346174388
345927846
345428591
345840745
346290139
345380244
346365334
345805062
345438276
345097801
343417446
343284865
344568369
343771758
344737431
344612124
344987690
343826674
344628528
343354301
345031251
343722689
345206860
344663882
343489944
343278088
345153330
343629377
343552138
341563353
343233765
343060098
341581889
341509887
341250044
343005900
343029953
341605710
342976251
343116201
341419056
340907744
341185225
341529615
343152992
341349645
343084287
341293650
340621421
340436824
338175026
338080428
338121399
339149695
338198768
340528096
340458946
339109246
339223566
340564556
339044668
339196507
338145302
340590855
338022675
340496281
338224737
340470588
339259639
337405717
336615812
337839142
337564598
337351890
337528608
337827679
336680373
337944502
337901731
337347528
337466381
337708034
337433259
337379020
337982369
337757531
337597854
337498456
337658629
335499128
336498924
335561901
336536386
336312444
334505151
334696046
336458607
336283827
336415238
334448713
334738048
336220328
336338607
336259148
334686825
334610115
336386890
334645722
334558452
332213940
334194898
332335939
332580558
334323864
334408421
332760001
333902556
334069650
332464267
334009130
332186314
332520114
334132206
334258084
333954061
332753560
332671402
332275709
332247577
330748845
330642617
329759505
330976726
329877942
330938229
330958261
330919500
329860640
330898166
330802616
329724940
331388672
332162203
330865161
329786444
329843970
330694501
329814628
332141655
328692150
329132287
329665557
329385931
328477367
328275893
328621737
329212110
329561329
329500027
329271820
329621413
329180705
328409228
328354072
329457826
328658850
329330052
328531663
328589959
328077289
328028479
327205361
327145726
327577046
327487055
327549993
327582365
328143272
327530285
327374897
327257573
327327307
327630233
327615739
327409787
327579415
327080853
327633527
328202751
324477618
326285217
325868935
325818546
324809283
326250136
324718447
324562353
324678483
325988789
326321012
326213102
326160108
325915745
324774371
324848519
326031055
324627016
326080681
325674658
323702497
323685393
323772736
324417250
323588436
323754137
324377492
323585511
324314154
323402056
323789613
323733034
324137489
323664895
324081052
323625129
323347569
323481981
323279112
323531438
322653583
322402417
322333297
322530874
321850407
321756170
322497956
322201493
321892085
322621747
321990327
321803392
321783074
321733935
322577845
322273237
322453206
321825071
322649578
321235086
320933600
321046239
320644967
321088970
320625655
319943684
321196644
320585768
321141047
320279740
320187514
319992670
320227865
320335022
320383758
320548398
320967968
320112595
319909326
320058054
319600109
317907208
319405191
319888534
318624163
318704870
319229571
318966308
318911825
318672450
318054004
319456410
319499017
319530294
319568113
319353769
319286904
318848457
318737701
318593531
317566587
316805327
316535397
317425033
316761017
316992748
317613433
317648574
316889716
317844149
317021925
316842129
317715136
316697567
317786507
316623183
317052392
316948545
317502418
316916115
315380639
315705661
316295634
315847778
316484615
315195104
316340909
316210656
315830229
315593599
315777368
315499010
315739090
315311603
315258896
316258168
315800455
315638254
316403430
315439620
313113599
313056503
314019442
315135734
315064525
314994933
315093537
315029070
314578219
314512527
314312682
314617710
314122570
313952135
314171719
314085883
314251127
314049281
313980989
313012638
312279935
311991680
311163867
312312373
312940410
311920230
311724164
312360120
311838215
312206551
311743474
311950703
312977515
311886266
311862428
311823486
311794914
311760811
311119095
311228134
309553384
310770584
309776716
309481913
309616567
309439057
308580041
311044509
309390837
308501054
310987790
308633610
310936553
310855925
309849183
309303820
309695889
309222140
309348281
309261912
305602065
308204298
308036815
308385989
308264884
306994800
305731688
305690905
308080029
308433395
307985333
307329693
307415184
305643024
306272977
307266927
308322274
308159981
308121751
306183057
303746894
303903184
304133914
300409381
305466703
305363972
304120146
304058954
303710993
303691104
305318844
301616181
299936258
300184601
299899811
299867970
303792447
303814706
301549878
303871879
297610139
297593825
297539834
299204680
299100380
298356499
298993356
298252485
299822261
299141260
297573474
298051421
297506021
298785126
299038680
298969275
299257055
298759743
298390160
299855890
296957045
297304046
296755328
297123508
296829956
296810942
296974322
296788580
297250730
297343465
296178415
295966653
297175396
297442835
295922197
296770616
296018474
297390585
297471580
296857030
294718851
294878878
295721277
294674792
295886450
295695614
294522807
295841984
295747933
295805016
294819714
295677770
294628994
294568693
295775258
294466882
294427280
294397774
295654469
294763756
288252858
289820476
290038952
292648265
289784151
288630692
291599005
288675484
291634667
288282126
289980364
289099917
288849132
288588253
291316332
292670965
294376067
294348447
290145433
289731486
286726792
286320939
286201623
285941510
286676169
285504621
286284306
285549315
286236035
285898315
286612804
288225905
285461853
286551887
285851685
287526149
287411647
287474948
287444943
287917374
285384112
285136054
282134538
283018042
282237192
281165196
284488887
285329787
285408440
282023073
281054215
284005224
281755173
283248087
281120952
282180359
284107944
284448970
282081162
281793767
279614806
278445148
280719791
278342696
278735879
280694508
278793844
280806890
278489597
279503588
280927033
279585447
279522635
278863068
278675732
280758393
279553837
280990173
279660071
278387099
276215731
277549998
276015115
277643272
277532741
276502447
276411911
276460761
277701588
276282778
275312648
277594967
276142757
276107614
276061976
275265535
275163316
277475879
275212760
276333320
272889465
272769666
272533328
272023804
272728282
272809758
272957523
272152885
272117058
274019799
272567855
275099915
272498623
272103271
275041274
274079389
274117175
272060505
273888004
273977006
268235433
268280098
271661903
270625044
268195394
270565388
269445347
269070964
266169518
271564298
269347389
269286189
268340268
271618704
269390313
266389672
266281900
266334943
266209198
269111690
265114080
257208532
257590211
257547278
257245085
264317414
264146673
265252082
258706748
258670539
257285700
264257335
254770354
265153699
257170863
264389117
257236787
264229918
265209077
264186277
251420392
250461765
253651436
245987228
244377427
250494055
253599948
254049794
248198515
251442090
253979392
253698137
253747710
248239509
253796140
247799462
248155104
247839015
244282985
254017500
241202536
243547131
241762178
242601233
242184852
241787890
238307161
242249415
242666065
241111259
242578079
241166164
242643924
242615923
238279598
242285042
241088391
242686070
239349310
239372400
238217170
237497019
237375492
236962928
235283141
237542409
237522935
237061442
238002081
236216341
238250530
237448043
237097423
237670786
237473431
238167049
237652055
237405788
236934960
238139341
235186340
234943025
234588171
234461224
234295018
235260833
235231426
234516003
234499711
234468935
235006758
234483913
234259564
233998500
235200507
235214099
234532035
234556670
234449922
234972386
233334925
233871845
233611858
233848155
233590199
233435179
233239438
233197107
233378538
233153195
233567608
233267543
233893298
233124028
233410348
233820920
233459618
233493209
233299433
233540159
232588792
232688630
232516272
232285227
232267362
232184933
232237930
232742302
232199740
232633513
232555322
232421210
232350012
232326881
232712428
232400286
232452202
232377709
233085471
232219158
231407704
230999098
231522339
231553472
231415268
230964243
232165030
231477113
231436940
231348188
230955024
231367445
231041234
231498786
231479459
230930743
231079956
231105393
231456796
231388047
230787432
230865102
230682031
230548551
230593265
230608726
230355672
230264985
230157445
230894511
230751950
230629453
230660909
230711022
230824515
230187354
230224252
230321652
230571115
230292129
229995794
229621908
229349830
229545474
230023751
230110063
229519643
230082843
229391395
229454067
229583727
228857826
228912162
229418727
228886285
229938384
229973214
229185202
229648484
229482818
226523214
228834258
227542803
227501599
228370368
227526869
228791757
228721741
228632779
228424780
228682104
226565030
227566057
228396937
227480394
228742767
228628788
226484852
226730555
228450797
226434543
226170928
225756674
225704096
225699652
225350533
226165443
224909545
225789709
226100861
225593621
224994410
226132694
225547853
226377434
225320077
225740410
225647486
225018365
224946420
224514326
224359933
224774487
224838632
224446125
224490367
224801923
224375213
224420019
224093481
224869403
224465977
224183841
224148336
224560115
224532822
224694155
224401857
224730424
224056218
222945043
224013838
223621273
223633146
223594649
223752279
223109220
223077490
222962233
223799683
223609644
223829445
223009048
223777342
223577734
222921199
222905499
222861942
223140901
223040726
222120079
222380245
222596411
222517969
222349480
222633666
222102703
222664912
222476648
221603003
222549721
222280964
222209398
222139902
222327035
222091208
222076550
222062389
222237446
222156638
220172307
221386157
221434412
220203879
221575029
220388288
220232809
220307313
221413846
220277696
221465510
220340812
220792289
221529701
221371969
220826191
220755613
221496051
221354043
220854353
220133618
218889122
218815138
218704221
219223517
219300687
218739652
219984439
218636883
218773535
219828783
219919213
219955340
219253636
218847730
220010335
218673590
219863998
219898731
218871364
217511955
218425131
218457683
218321544
218544614
218301206
218389769
218581366
218288154
218270838
218257302
217574355
218498402
217552639
218354783
217596213
217532922
217476064
217458665
217443421
216369036
217334371
216330066
217057718
217228750
217028411
216181328
217189359
216283133
216415877
216264826
216213556
217429949
217289032
217124440
216997524
216486887
216456411
217259328
217089185
215327240
215289151
214470968
214500933
214077145
214530524
215955704
214024047
214112583
215377107
216011695
214047477
216149491
216063143
216123488
216034956
215984358
215243903
214558545
215418199
211597258
211559229
211513207
212633086
211626513
211479478
213846260
213407906
212686944
213929868
213380780
213199303
211678208
211431440
213970777
213425322
213168207
213443383
213880620
213392371
209801965
209645459
208859369
211249379
211057248
209866479
210009437
208890041
211320359
211044053
209884552
211386991
209831978
208821227
209981534
211351221
210034735
211085034
209941085
211028903
207928547
207216807
208352103
207901294
206693206
206560202
208110176
208284644
206607021
208731549
208326334
207858852
208239916
208789915
208555235
208581706
206638464
208150290
208199552
207949430
206180573
205182559
205018056
204037391
206247157
205051307
205347281
205226705
204635690
206211009
204946733
205366852
204987201
204728329
204701000
204682012
204652111
205092382
203998431
205362432
202120434
201871446
201335336
201945276
201255973
202016612
203116383
201364855
202353472
203646098
202106037
203583657
201983500
201658205
203529358
201306159
203131093
203083243
201907095
203613609
200862721
200120761
200095458
201210695
199359645
200839455
200021250
199412755
200133114
200072663
200889251
199433630
199394865
198257940
200156337
200182836
199376393
199338706
198219063
199582495
197026554
196877009
197058708
196856609
197013092
197088902
198165142
196925950
197847674
196668359
196683707
196753575
196584771
197071537
197041827
196894765
196717882
196825844
196543663
196621236
