1153655041
1155187590
1193964121
1156616488
1153795442
1164552955
1169173222
1193792193
1156480874
1193677920
1193529362
1167145191
1194147413
1169004283
1155037686
1153915079
1164436817
1156731461
1155133074
1167015394
1153655041
1155187590
1193964121
1156616488
1153795442
1164552955
1169173222
1193792193
1156480874
1193677920
1193529362
1167145191
1194147413
1169004283
1155037686
1153915079
1164436817
1156731461
1155133074
1167015394
1149517643
1149407090
1152282174
1104374586
1052106884
1089106237
1084657194
1152183077
1052021035
1113329131
1117591334
1106741811
1115480741
1104526111
1149620932
1113763348
1082592628
1113917019
1084762774
1115606480
1049885743
1042703753
1010880836
1000026645
1000191154
1037401780
1010639684
1021471377
1042893534
1051892150
1010496015
997829095
1032278727
1019326305
1032211371
1019418516
1021559810
1049452989
1049986441
1010766419
989215651
981038021
991024920
981118546
980555072
997528105
991590430
982487922
988920442
994330318
987713629
981172491
991444156
990685140
990541331
989476588
987317691
997700106
994504700
990836021
968617513
979949207
946788607
975092041
962625102
949987621
962778222
980080186
950033080
966231110
946813049
962066218
968927214
978618049
968782642
962729059
950302838
946750409
978131642
978942278
934280211
931483184
931379969
936868488
931270133
930505372
937154024
936895238
936590634
937117940
934173492
937066385
936734353
931084040
936853861
937024627
932331512
932279570
936825836
931657416
916021145
915588886
922710832
923571401
924798050
922576276
918271100
930404652
921098849
925010694
924685577
930458008
915705772
915292669
916114015
925247137
922828973
917887188
923435196
917316803
909946212
913994640
909024942
913819395
912056397
912463313
912333903
913520398
914347069
911855476
911684209
912178662
911561915
913902572
909155180
913608222
909504996
910012193
909961956
908774878
906070405
906854338
907088466
906193503
907235720
904721461
906373181
906538190
906664902
904244364
905234437
905295563
907146799
905197410
904073410
905266053
905322039
905863185
905064545
904346437
902373971
903142544
903342649
902156261
901400394
901240020
900112735
902986152
900873297
903312586
903086379
902281378
900984381
900360449
902466419
901352105
903266432
900173065
902817942
900490745
900030886
891872666
893553591
899248821
898215909
894127161
893934338
898055991
889188120
897961177
891430458
888871340
899302420
894330769
898748547
899387117
888987487
893724814
899083337
898138624
886844845
887828201
887973391
885843652
885220267
888647368
885735312
886952935
886919378
885419306
885520444
886990984
886834648
885314895
888070096
887422848
885916871
887567453
887135232
887669478
875119806
878112320
878571679
878349784
877672692
875170653
877995961
878183996
875005890
881033433
885019721
878448263
875879763
884870776
884952269
884773326
878246492
877576348
875699110
880945749
869877587
868147362
870950303
870710983
869508123
869944209
870605618
871030430
869419118
873757458
870456144
870286094
874931810
873977772
869913879
868175103
869909363
868196645
870341375
870401850
863706767
864011270
866187167
867815943
863781667
867938727
868061489
865863204
865361901
865183735
865106656
863966765
864077538
866073866
866021432
867419622
865258535
865734183
863903745
866116199
860229866
860121537
863501951
859187527
861453247
858321848
862131563
861700962
861028390
860053213
861583391
860180922
859349922
858371225
863010139
859259459
862101652
860153722
859729321
858342183
858284928
857200157
857492900
858243722
855521583
855411781
855231410
850491109
857402984
855635816
850397787
850250704
857283917
855471512
855289456
850548725
850315687
855170535
850601312
855865297
848836373
847940038
846654439
848872911
847882851
850170657
846936849
846876733
844317953
844130386
846718414
848906365
849876734
846825276
846792370
844209982
845229686
849985740
850093477
846981507
840907834
833705552
838987757
841179604
830086141
830036227
833752261
841135079
838923824
830166718
840803260
838785978
841013715
832959091
829936095
838866371
831690079
831778520
839078823
840944265
829647121
829840697
829308156
825035795
827505121
827757584
825436707
824937354
825597224
825265998
827573691
827886796
827718344
826095830
825518023
825798218
829149153
827974384
828515603
827633160
785298771
785923491
793906146
774976386
779835466
776641027
774780663
785453168
776582193
776341481
774954664
776611242
793872517
793808423
793783648
793842854
776279238
776689380
774923041
785389859
767553808
767386648
769229353
772338691
770923178
767701332
770545864
768999679
772432494
772747494
772841554
770826349
772937077
771242116
769387354
767481166
768904872
772895265
772989742
771086362
764040265
765616724
766228947
756719088
754910578
751003043
758203162
751078240
766179134
762265541
751107508
757572782
756688276
762010262
756620383
751148446
758370789
763473851
756648108
762099657
743242181
739989229
743199426
747045248
743045982
750707531
739558954
741792419
739478650
742722727
741569111
739891610
750902606
739949463
748080585
748188154
750666333
739682788
747103092
739806802
735970272
732927580
733045074
737643236
731497922
733924147
737927528
735216713
731643585
738020850
739036834
737730475
732827862
735370592
734104568
734015890
731390439
735300193
737123571
733335964
725310179
724055862
726880041
723957833
725378543
724094828
726635384
725525422
728868272
726707789
731102301
728728091
727225811
727315440
726574524
727037057
725884116
725855587
725552417
725440671
722283992
723902180
722219566
721314147
723000663
719830617
723082011
718178975
721641934
721828225
719901302
723307714
722251190
722192947
719725534
719632098
718144043
720234905
721430702
720263285
714387861
717319423
716293143
715916917
715698311
716248473
715859172
718123621
716213714
715358590
717424512
714418474
714357319
715597991
714050209
716175002
713979352
717254610
715520184
715762184
706584219
713436695
713804493
713091230
702784763
704574043
706343843
704668455
706788951
713746445
713324072
706263218
713175008
706726098
713540557
713251729
706193846
704626736
713872596
703872308
702215679
694875037
690007573
697031576
702325332
696967372
690271089
690858828
690042211
689976402
697118340
690761531
689901759
702651792
697055843
690616617
690399627
702559658
690505612
689936489
684351958
687514266
685291818
688901349
685418837
688032370
688061361
685639186
686180241
685490974
687209617
685702297
689009861
686195712
689101377
684388526
687624117
687404453
686142241
685554379
684282979
681648161
684023050
684224326
682565795
682315366
684158832
684323852
684255918
682199590
681773103
681321955
681391922
682592070
680767252
682525666
682088569
681998159
682264158
681864214
674923041
680084534
680169019
674872205
680401728
680314108
674843027
679761502
674227557
680734138
674293499
674519310
680233315
678750138
674392854
674088764
679879390
674569818
673268416
673222698
672151535
671434256
671390539
672514139
671367995
673194415
673163436
673087193
672764263
672577559
672652532
672814527
673135900
672680237
672428133
672215348
671410461
673114562
673131953
672332419
