1192005847
1191899154
1191823467
1191769604
1191712500
1191440673
1191397140
1191354366
1191300230
1191246836
1187122525
1187031251
1186785521
1184291733
1184221552
1184165921
1184120788
1184049010
1184007233
1181931340
1181874813
1181802106
1181762065
1181700738
1175458975
1175423136
1175380791
1175338472
1173392775
1173285943
1173251340
1173194229
1171369880
1171209156
1171118228
1171002279
1170931794
1170790844
1170705033
1170653005
1168091172
1159753304
1159709107
1159665923
1159605223
1159563489
1159485482
1159442117
1157626813
1157585146
1155075075
1131932867
1129749242
1129425509
1121835165
1121362743
1119067078
1118786412
1118740854
1116837076
1116364034
1114096359
1114039877
1113980555
1112572392
1112497162
1112442949
1112328689
1112267250
1112208315
1111931397
1111871916
1111759943
1110277656
1110236662
1110145246
1110087254
1110013106
1109951834
1109657774
1109580798
1109479985
1107812981
1105703719
1102448347
1098348816
1098110760
1094185498
1090308845
1089578719
1089491774
1089407529
1087916640
1087786729
1087673014
1085197462
1085104204
1083219474
1083165751
1083117665
1081016503
1079357587
1079298863
1079238551
1079202513
1079159436
1079105148
1079056001
1077372688
1077257133
1077216864
1077181604
1077143373
1077120088
1077099906
1077075753
1077051307
1077024478
1076947933
1075250446
1075144549
1074800913
1074749298
1074659801
1072622679
1072552496
1072465067
1072390193
1072221194
1072170201
1072067649
1072008549
1069858615
1069810703
1068045666
1067992810
1067955014
1066191348
1066139464
1064200724
1064145953
1063777453
1062233851
1061790034
1061716492
1061688418
1061604863
1059560780
1059497801
1059441198
1059417998
1059328812
1059257900
1057070162
1056995534
1056927256
1056874333
1056828106
1056790623
1056757265
1056702195
1056659122
1056571853
1056507947
1056430364
1054706874
1054654117
1054633211
1054594717
1054535132
1054491665
1054456143
1054426106
1054384634
1054329259
1054272839
1052653662
1052590178
1052464757
1052408692
1052353165
1052311518
1052265632
1052208139
1052160619
1052125629
1052070647
1051980911
1050929814
1050857068
1050798596
1050744912
1050230840
1050175103
1048680342
1048609414
1048516501
1048470993
1048399181
1048317822
1048121512
1048051734
1048007607
1047947097
1046072800
1046019212
1043394103
1043327967
1043237361
1043170286
1040808116
1038668843
1038577984
1038500855
1036287720
1028534881
1028465831
1028344766
1028296882
1028243080
1028149281
1027952265
1027794956
1027668645
1027570042
1026045375
1025965494
1025894207
1025833181
1025778463
1025723782
1025679760
1025614743
1023652345
1023624273
1021887004
1021837585
1021790731
1021755030
1021705014
1020219284
1020140226
1020081659
1018265142
1018208452
1018133583
1018101409
1018059521
1013992289
1013942358
1013867663
1013815072
1013773548
1013720191
1013660109
1013617263
1013554914
1013426390
1013346556
1009193505
1009108568
1009061396
1009009711
1006820463
1005015657
1004984492
1004938700
1004901138
1004857824
1004820632
1004791362
1000477755
998485346
998421715
998335332
998286625
998225862
998150545
998071204
997988848
997890916
997786917
996244643
996168285
996110014
996044753
995989813
995940652
995879048
995844394
995796592
995764513
995717521
991615650
987935576
987711488
986167171
986134682
986094547
986040444
985909206
985855183
985823473
985779461
985693125
984045960
983964674
983891355
983684530
983677756
983517695
981361595
981303838
981254161
981220715
981163550
981145097
977426539
977251551
975680574
975618815
975554307
975507567
975454513
975407736
975377151
969628187
969560172
969216084
969158579
969100162
967284511
967162188
967093654
967025724
966972546
966928600
966896445
966874838
966718259
965041012
964986516
964942085
964899494
964856671
964704986
961082972
961044483
961001032
958576011
958422676
956941886
956843627
956698746
956563913
956424473
956253078
956151357
956053983
955956714
955829248
955699141
955564148
955497161
955407784
955319814
955244737
955174920
955120368
955068997
955029479
954968788
954854812
952825187
952770926
952705373
950939379
950869201
950814357
950781287
950732542
950693616
950662466
950632350
950605386
950570273
947205435
947173538
947118353
947048030
947005373
946961601
946930598
946893233
946839824
943136930
942926258
942858137
942794903
941816647
941716937
941628160
941519107
941402132
941279541
941167933
940809626
940751023
940687328
940636374
940592223
940558376
938383616
938316992
938262563
938210371
938166993
938139902
938091320
938058265
936675717
936565921
936475505
936417439
936327223
936278893
936233152
936175082
936126791
936086236
936057498
936022718
935989082
935957597
935922314
932776796
932715969
932635412
932585620
932442979
932376518
932315111
932252307
932204945
932161133
932121865
932084422
932054981
928403830
928369486
926009478
925941140
925836459
925792484
925754628
925704595
925647938
923354297
923263089
923217594
923159918
923112144
923078793
918435617
918388869
918352311
918319065
918287289
918254445
918232742
916423723
916400244
916360655
916330481
916308797
916278043
916245377
916198855
914310813
914291901
914262468
912668384
912619372
912573666
912531465
912504912
912463313
912204094
912105620
911973955
910337152
910251252
910203171
909703474
908138574
908073449
907969326
907897611
907821187
907772657
