1191734255
1191664594
1191582008
1191492814
1191432559
1189429407
1189361389
1189297856
1180656330
1180524996
1179440252
1179393802
1179345469
1179302532
1174976814
1174893373
1174828251
1174724553
1162603661
1161591577
1161549498
1159597616
1159557657
1157577896
1157547383
1157492408
1157440929
1155010763
1152624783
1144339144
1117357120
1117235002
1112940338
1111772440
1111717261
1110732641
1110366277
1107455942
1105311332
1105262960
1105198509
1105148395
1102627479
1094564128
1088607525
1088466992
1087230030
1086051930
1085144357
1085106820
1085035685
1084997083
1084948418
1084897130
1084143537
1083144362
1083091347
1083043916
1083011981
1081127565
1081085712
1080311516
1080203855
1079985468
1079197550
1079133945
1079102800
1079048974
1078860488
1078787229
1077098484
1072055524
1071940332
1071870117
1069861042
1069778911
1067757326
1067665610
1067511995
1065656495
1065590635
1065077969
1063965984
1063917448
1062010871
1061967453
1061932556
1061898457
1061828195
1061775834
1058111488
1055251720
1054418457
1054403017
1054365483
1053872176
1053671857
1053589236
1053441808
1052253716
1051231060
1050578142
1050205866
1050156889
1049140211
1048178356
1048148398
1047895031
1046069265
1046037356
1046003675
1045933325
1043588897
1043517413
1043457446
1043338380
1042149977
1040843388
1040813148
1040772626
1040733078
1040709907
1040687863
1040645437
1040570925
1039711813
1039572277
1038506010
1038460452
1038410371
1038345696
1038207689
1005889713
1005759112
1005637213
1005574642
1005455542
998836226
990453684
989664520
989600801
989562814
988761319
988600037
987745718
986997313
986933016
986817417
986687631
984424388
983477939
983432141
981122173
965613069
965531874
940136662
939981992
939345418
939263158
936836940
936767477
936581566
936526318
928953950
928877751
928799238
920962437
890589054
890512758
878345945
878260602
874122347
872057670
871972882
826370536
824428820
824389298
824326581
819680853
819662340
819613910
819550119
819442442
783861366
783575800
775164136
775113672
775097056
772342935
771160983
771093543
770978831
770751678
770652491
769428118
769287352
769161952
769083280
768819456
767701332
767526136
767456280
767300227
753145763
753123206
743662747
736878234
721339663
721193838
715317622
713330485
712242341
712200989
712130187
701349838
701289317
700038801
699937657
699553358
699474448
699388019
688878653
685505575
677442529
671813024
670582337
670480326
670392119
670312897
670258751
670187422
669459881
669415337
662689563
662640822
662599885
662507609
662454227
662409633
661348262
661262262
660859015
660743129
660716215
660664527
660207187
657830656
657688585
657624771
655908106
655465715
655418954
654281314
650712514
650559895
650465775
650426678
648995256
648946336
648873848
648794226
648699548
647099869
645546271
642298383
642228012
641335669
639837651
639774587
633717473
633644814
631648831
631584938
631527087
631187539
630965440
630261526
630175947
628069902
626568933
626496928
626434798
626307709
626263927
624964616
624116029
623481155
623414412
622417093
622278310
622188823
621996123
621436592
621391625
620818110
611010813
610314353
609713130
606392221
602937071
602894571
602834432
602528489
602480368
601846091
601493891
601145757
601102044
598967195
598914450
598870774
598719853
598665162
592381950
581535397
581468507
581428804
580246809
580100535
580040742
580003999
573598641
572257380
572181225
571887810
568859258
563350096
563270797
563141431
563096098
563073140
560594609
560376424
560342358
558079737
558028094
557964763
557900569
555494708
555408164
555324937
555254042
555010573
553772942
553634779
552818607
552235817
552115266
551946501
548222991
547697356
546957144
546883408
546735738
546647003
546143996
546127119
546102201
545569834
545515962
545289593
544531908
544508841
542042757
541995857
541935095
541912218
541893543
541085922
540985106
540924274
540819528
539696114
539628056
539578573
539482335
539460505
539417667
538121419
538085918
535458400
532289256
530663645
530515114
529343913
529262481
529176697
529076795
526331443
526274696
525967908
524618715
524523896
524384211
524254430
524187370
523110178
522579693
522473458
522418650
522388409
522318819
522281184
522241770
522207923
522083027
520972094
519966069
518630065
518582245
518532503
518498022
518452107
516701212
516620629
516586966
516567253
516496781
516454066
516427370
515105711
514965737
514904753
514863588
514804322
512372114
512266829
510451864
510360067
510249482
510143476
510034427
509990799
509959592
507749620
507715963
507650690
507613269
503790642
503642444
502026071
501980928
501953114
501938227
501919830
501903013
501882773
501863639
501814073
501790804
501765267
501729855
501688313
501628122
501260123
501172117
501067382
500960301
500890340
499836061
499755343
498006762
497962125
497953310
497906388
497867600
496610385
496530102
494881857
494826471
494756788
493517924
493254149
493168013
492977705
492910807
491825095
491735269
491625938
490807020
489419917
489341052
489335468
489278356
488780882
488234245
488170380
488085667
488008698
487939565
487892782
487834038
487782639
487755298
487749844
487714284
487675988
486017190
485988496
485981512
