1192203715
1192077014
1191049215
1190991245
1190942590
1190867431
1190679998
1190524050
1190413255
1188852505
1186273865
1185232636
1183075722
1182961513
1182815165
1180533223
1180385243
1180291145
1178695764
1177155475
1177052377
1176996820
1176915678
1176370887
1176237138
1176145248
1165091727
1165016008
1162625036
1160741452
1160631647
1157420556
1149000103
1148849889
1147729773
1147648066
1147254634
1147084293
1146656937
1144885360
1144649353
1144483366
1144329390
1142860579
1142688026
1142578955
1142161932
1140968527
1140782481
1139886937
1139721396
1137737972
1137388575
1135843960
1135710521
1135304842
1135062263
1130298405
1129852341
1129721298
1128671790
1128216097
1127591625
1127490152
1127364329
1125949713
1125536107
1124921974
1122963494
1122860752
1122733747
1122373396
1120902953
1120799714
1120182277
1119955647
1118536098
1117593378
1117428012
1117303003
1116143612
1115746755
1115360233
1115099331
1114948294
1113867879
1113108251
1112799318
1112727478
1110909051
1110790210
1110712016
1110581212
1108658381
1108478495
1108383709
1107475552
1106776842
1106166163
1104715626
1102549763
1101559308
1099252604
1099104914
1098978126
1094781062
1094686015
1092869431
1092737547
1090895841
1090766560
1088531288
1088293217
1088179006
1086187688
1086070973
1083972310
1083830839
1083739566
1082882907
1082824518
1080296829
1080176650
1078072475
1076059906
1075710933
1073321885
1073170270
1070871047
1070761607
1068845030
1068671632
1068585505
1067639608
1067578082
1067477111
1067342493
1066987143
1066747276
1066665084
1064893795
1064783878
1064638118
1064602067
1063709278
1062897020
1062799875
1060823628
1060691726
1058413324
1058291511
1058208952
1058111083
1058006300
1055777647
1055514379
1055351479
1054020168
1053939502
1053808024
1053515318
1053395730
1051428571
1051215752
1051116705
1049306365
1049037637
1048905532
1048836386
1047920224
1047325025
1047083795
1046969005
1045105905
1044977756
1041954143
1041816149
1040442648
1040242729
1040085426
1039572277
1038054023
1037272640
1037138334
1035415241
1035330880
1035205659
1035120824
1033475983
1033310640
1033232150
1029881310
1029692957
1029595904
1029420899
1029276092
1029195886
1026814599
1024769652
1024592828
1024456968
1022619807
1020919154
1020818476
1020650495
1020542764
1019774517
1019677501
1019031567
1018932401
1018826465
1017211756
1017101188
1016976864
1016860264
1016758566
1015326698
1015240987
1008015294
1005825582
1005724427
1005459909
1003936776
1003836711
1003702105
1003600700
1003522801
1003421179
998836226
991547882
991481402
990453684
989664520
989600801
989562814
988784546
988600037
986997313
986933016
986817417
986687631
984457802
983477939
983432141
981122173
979025168
978987188
978920535
978837584
978745482
977131594
977011901
976944103
976809155
976707961
976596211
976214855
976083164
975984047
974373601
974237355
972653274
972516502
972405199
972276218
970506622
970391481
970299308
970223152
969152703
967929464
965666371
965546182
963817525
963700641
963614558
962071938
961757541
961699132
960173129
958240288
958128380
957245777
956338284
956236657
953786707
953647761
953550217
953494069
951460202
949561194
949449440
948631161
948465002
947901167
946234469
946082489
945992365
945914264
945827501
945730300
944709967
944613297
944464144
944348734
944212080
943948873
942855540
942522803
941576517
941408107
940315846
940170909
940074216
940026505
939911916
939634801
937317299
937122760
936960803
936872480
935736065
935509799
935266270
935169324
935080785
933934086
933789715
933625045
933403656
933263173
933063710
932892751
932790297
931698148
931587344
931438310
931247803
931091095
930979517
929974835
929827904
929702691
929313527
929017280
928850414
927995439
927825474
927714052
927482262
927264540
927128998
920952345
918174331
918139572
915345878
914134870
914082009
913154584
913083284
910914842
908525529
908421431
907263908
906090878
905994237
904313781
904201833
904085946
903980430
902129637
902064315
900108000
900048910
898237981
898152894
898074659
897293546
896062613
895933254
895836491
890515276
888915279
888550636
885099658
885022592
883080216
883003801
882114758
882018878
881865806
881148876
880714114
878713048
878586728
873790644
873678423
868928059
868702799
867118337
867017017
866053657
865869846
865783804
865646548
865518534
865361685
865282138
864997926
864937624
863913474
863600287
863263445
863147774
862997965
862872907
861931420
861258998
861189940
861077803
860984001
860079061
859912037
859304194
859188734
859054009
858208410
858110636
857482921
857364585
857242254
854464852
852500081
850550484
850490667
849773117
849682662
849568236
849505948
848527188
847936509
847786716
847704623
847653073
845777192
845081439
845023691
844953192
844854326
844332940
844209982
842329606
842247575
842157058
840611280
840409164
838672239
837474239
837420906
836810133
836722430
836332217
836282689
835588695
835481251
835324995
835211380
835055368
834877635
834784213
834694945
833180336
833127700
832859876
832809443
832704208
831161395
831089485
831013177
830965818
829396353
829260317
824242430
824178925
824052250
823919728
823823379
823700576
823589679
822110066
820722569
820620072
820462564
820380769
820306489
820234071
818975746
818616752
818542264
818471919
