1165732247
1165681267
1163482010
1163434508
1158676496
1157582753
1157522268
1157467912
1155176672
1155130302
1155096651
1155054487
1153507589
1152569135
1152532217
1152477160
1152406887
1150936757
1012733091
1012617216
1012039643
1011343018
1011280388
1011213053
998836226
994256826
990453684
989664520
989600801
989562814
986997313
986933016
983477939
983432141
924928427
921065276
907578294
889794215
888540463
884489205
884441993
884386680
845106162
844963829
839436108
837515060
837458278
837399810
837345567
837288956
833916726
833877957
833855806
782384647
782291928
782224347
782192620
772342935
771160983
771093543
770978831
770751678
770652491
769428118
769287352
769161952
769083280
768819456
767701332
767526136
767456280
767300227
749502853
749470770
749435528
749410863
749360732
749321096
747521961
747484833
747449801
747394046
745647675
745582893
745556478
745508455
743708736
743683676
743661559
741915871
741884868
741843025
741819585
741791835
740024593
739989328
737888789
721512488
715220297
715163270
714391122
714345693
714313260
714262445
712349428
704564233
704533967
702611809
702516540
702475929
702429567
700807008
700742874
700710250
700678356
700603269
700526549
699158368
699088351
699047188
699009835
698976659
698937563
698907507
698883455
698789953
698768380
695594751
695458221
693766623
693407862
693316963
686353011
684451982
680954058
680927171
680898380
680865166
680831259
680808731
680783359
680755456
679042530
678980306
678919719
678874722
678837844
678806652
674888527
674866597
674839146
674823692
674801954
673186974
673174928
671788585
671746232
671725209
671690862
671666577
671630765
671603293
671567141
671551097
671528621
671513039
671493662
671452766
671415570
671388464
671352555
660336226
610288811
576576511
576557881
576512537
576476355
576454944
550255884
550225510
550185515
550146448
550105967
550081409
550054401
550031355
550010739
549987397
549968164
549943251
541634430
541614012
541594343
541575899
541561602
536300069
516820092
516735423
516675871
516615142
516560396
514965737
514904753
514863588
514822943
514781266
503961909
503920995
503626594
503595366
503567846
503388700
503331168
503280321
503222410
503117078
503043661
503011798
502965934
502919195
502866401
502695045
502565802
502488011
502453478
479195246
479167534
479128834
478271963
478232590
457196755
457162764
441276637
440475709
440461415
440448958
436486969
436462422
436440607
434886658
434812184
434754310
434689814
434662105
434634568
434605144
434574630
434393401
432745600
432707732
423517149
423455378
417026668
415747857
415689168
415644749
407141342
407109102
407085978
403037238
403007383
400920928
399878824
399851145
399829111
399796858
399775670
396974911
396916891
395720705
395699588
394384291
394352616
394298152
393938918
393928374
393872146
383907880
383870858
383837783
383804456
383771791
383748182
383718737
383708819
383703542
383669953
382697019
382683290
382670995
382649962
382632277
382603299
380931652
380272621
380212478
380159748
379378256
379354273
379333190
379311427
379301387
377934231
377895518
377869251
376468173
376434901
376408094
376369446
376001790
375932766
375217109
375192868
375175777
375148547
375098637
374057121
374032306
374009410
373982544
373958293
373933115
373923405
373888861
373822291
373758578
373702207
373654552
373567620
373526763
372865306
372849357
372832936
372786820
372752233
372550417
355476467
355454242
355298784
355261332
355221678
354423804
354379095
354346346
354324692
354298782
354257802
354223942
353108284
353106771
353087277
353064831
353045442
353043219
353015064
352995008
352976257
352917995
352829714
351536301
351491463
351440835
351383966
351332439
342784258
339697286
339655601
339275879
339253729
338758034
338714336
337621560
337581332
337535023
337504284
334864926
334840958
334818829
334787057
334786142
334784119
334773552
334751066
332229250
332211127
332208545
332183414
332181544
332163971
332149125
332120396
332092663
332067339
330980642
330964505
330944829
324866283
324832832
320308320
317751356
317712497
317632691
317621953
317527209
317458530
317422334
316466736
316389712
316215242
316188824
316183147
316128195
316087512
315340948
315292142
315283866
312742456
312717525
310521221
310460142
310426242
306975359
306943297
306917589
306911841
306896959
306865567
306829246
306821405
306005068
305991455
305952688
305926352
305908035
305888898
304921582
304907647
304891832
304870432
303509839
303463335
300892885
300873131
300850668
300848132
299655758
299638889
297250236
297190629
297181558
297122860
297083547
296684414
296648978
291830774
291812317
291790226
291768768
291700597
290682053
290671683
290649445
290620452
287022085
277657159
277552885
277417745
277368350
277316938
277264398
277204753
277029169
277005073
276150484
276109782
276059535
274890636
274872618
274857511
274825005
274791343
273513825
273418302
273055681
272568080
272187355
272150541
272115253
272107670
261498337
261471219
261440616
261406872
256057731
252120693
252079583
252022601
251979050
251183861
251157237
