1166315339
1166212133
1104760577
1023588931
1104526111
1047707445
1025485495
1023190207
1021666434
1164552955
1025374202
1025239469
1104374586
1164436817
1166424661
1023482270
1023326313
1023536491
1025077838
1023402542
1017579505
1015965916
998964974
1021588399
996789953
1017698701
1010532633
997209230
994330318
994504700
1010969349
1006305574
1010897018
1010672812
999232440
999076688
997010199
1015861420
1017471056
1006126579
990685140
989347205
985515271
989215651
971377225
971241327
990836021
987644059
983432141
968648111
987448263
990541331
968438392
975173055
991316493
991024920
985387420
983477939
973237129
975008139
964502844
948453344
948197381
939722110
966191843
921530645
966316122
964420162
925247137
935330672
935668854
921342872
948342478
925010694
942622056
956844461
925574123
956986156
925415539
935581121
913370068
911694170
917566558
913649807
909104115
905163342
908896703
906942942
909293053
905110337
906664902
906538190
912178662
913826585
918025495
913790846
907088466
917883738
912056397
913506016
899215731
902887363
902289596
899288243
898519451
893724814
904799984
898840839
891126345
904629963
903102496
905003232
893934338
898423261
893553591
898760850
902401415
890686076
891522707
904507755
879178269
879031048
883783280
876898517
883914342
876330532
881552096
876820084
885869189
883401892
886103952
885758958
885237958
869714480
881348838
889407716
888647368
886001068
885374603
881678343
731748620
734015890
852118180
731861391
844669188
852285714
733924147
844760844
734104568
729492644
869638422
854345675
854190011
848459040
848289261
854109829
854254288
852226562
848371397
729355170
681491340
683497569
678359304
710186908
679501763
681632587
687404453
678215431
686061056
685929410
680140517
679702198
683374616
683300315
685991944
681777722
710095191
687514266
729195290
694301378
677595091
652881232
652530004
653074788
652382979
652233735
652770064
654875605
652279358
656180841
677897918
654623158
652626970
656107191
655238249
652966360
677462740
653185409
655373990
677739681
643021574
649533547
647826183
644656798
643107651
646050990
644562437
646416200
641240822
641343721
649247634
649451824
646298269
644782538
645037586
649075824
640979097
640841793
649169873
644940512
627287776
630464798
633663406
627466195
627066787
625754773
624416608
624373447
635990229
632450867
625676486
631068579
625595982
636092733
630949124
627421663
627354008
627171389
624303820
636156609
615707504
605418898
622620781
615476383
622921434
614189347
616024431
605534655
622761591
605469664
604873922
622691036
617095795
614682658
622853532
608715920
608443436
608595538
624073412
624177654
601144289
601066509
600946678
599608095
595405723
601976562
593279588
602201698
595483911
596047876
591890072
601097934
603516314
599311230
595324399
603867038
599372802
604796088
593037785
595587392
591812659
590147756
590568560
588824256
588706152
590440758
588221249
587174256
587543690
590508602
588939786
591568779
590062217
591705499
589972756
587302861
588620201
587383394
590320439
586228865
585511203
580207187
586047368
584211257
581785536
582405451
584233992
580664899
584045345
585967852
585436960
581886134
580795951
584124018
580274785
583703546
581948750
581641714
586213935
584202823
577514507
571362181
572951227
572308386
577447715
576002619
579110043
572990613
577329215
580056682
576096681
573018355
576983004
580127095
575867559
577051239
575893269
574989439
576917702
571392566
566954912
569645948
569898136
571331591
569841299
571079506
568438635
569808368
569551341
569827522
569421614
568360341
567991695
567876669
569568027
567015583
571021065
569876855
569715049
566958874
563347367
563278334
561941903
565937992
560867218
565915845
561985824
565695447
565756031
565596076
563069233
562999955
563167000
561066544
559961599
561568918
566928611
565999323
565969872
563436486
558615539
558667868
558184299
555882771
559414866
558589550
559363164
557106666
557986837
556227217
556190437
557162694
555828775
558641910
555746327
557317407
559755506
558538715
558083732
555677492
541141798
545780321
552418258
552548672
549821588
547034286
542697464
545861533
555577578
552615770
548408676
542535665
552305712
542623095
541223292
546996571
555499932
549763174
547061054
540192913
538687281
530779712
529816343
539968894
540147013
538753860
531385083
531287259
527867225
526628256
531060627
530604655
539904592
529671892
531468628
530678460
529649876
529565454
529711220
529400896
520705220
522513568
522387868
526557947
519682156
519345880
523030058
523252337
520751875
523133477
519163458
523197579
522763092
522910113
520463991
519656375
519100059
526493458
522624205
526349275
517325364
512515708
512404733
509043365
512567262
509060074
514033379
517850386
515756870
517454393
517566180
514246174
512297136
507219714
512376778
508726790
513899362
513965150
517945737
507155385
506298039
504974999
500214256
501411149
505351893
501635658
501570468
501355444
501231049
502157573
500301738
501173466
501473226
504598400
502026071
501515371
501303770
500259198
500093220
500036126
494099072
494122736
493930971
499634427
493896756
493824857
494927582
494064722
494019025
495224010
498259804
493838528
498429494
499961495
494040840
498198637
495076253
493512604
499922726
493688211
490316869
486877251
483930993
483858171
490228201
488422908
489649073
487201260
483777525
493244093
490145179
489787471
489725541
488508023
486817582
486946225
489844945
489889535
487113468
487017417
482207048
480839011
482266951
479691200
479614485
483633247
482767304
482071913
482347756
481072687
480947224
480768979
482416821
481154644
483686750
482471226
481012888
481999907
480889703
480702778
478740711
478692482
479290831
478816995
479258657
478581829
478767131
478718639
478485894
478812476
479462484
478618950
478652109
478759875
478576150
479343202
478783394
479389164
479518541
478540388
478365372
478175003
476674510
476924581
478462699
477977464
478424301
478263882
478454871
478217075
477911759
478222743
478312021
478044430
476876540
476860151
476799792
476994237
476718430
478127272
476665402
476541753
476488781
476240106
476312117
475833474
476504014
476299697
476633288
475755594
476432345
476458526
476308353
476297105
475793785
475879315
476595766
476384888
476349483
476268090
474974964
475573482
475182855
474846832
474932155
475361229
474762957
475747315
475438716
475133120
475246974
475071591
474739289
474882094
474814075
474785687
475504187
475294014
475026591
475650453
473746522
473262199
473857679
473236719
473810632
473578662
472300655
474712910
474648625
473210172
473617275
472224746
474686010
473684929
473325131
474708425
473337294
473288698
473736677
474681432
472075846
470606486
470502861
471839139
471884621
470579332
470484109
472018987
470459708
472084414
470545458
471911870
471863652
472054051
470573668
471937614
470525377
470638993
471889440
471968594
467945642
467952111
467958738
467949133
467955471
469039038
467894226
469262143
469369108
467943542
469045322
467961913
469227873
469252171
468992462
468998308
469341606
469289314
469312408
467922731
467860476
467528968
467707496
466788062
466745851
466605635
466580211
467699959
466749206
467438323
466628850
466742670
467835986
466765871
466752426
466723635
467753474
467831442
466679445
467794618
465132458
466420439
464856144
466374570
466334011
465221587
466553284
466458584
465081126
466510447
465254508
464910465
466504072
466055286
465167510
465287007
465028215
466497682
464976204
465192450
463607277
464736603
463730923
462381635
463251372
463849452
463184829
462415596
463287938
462453830
464797818
463501191
463398415
463123671
463710095
463613377
463443723
463765676
463561369
463342289
461108771
462087775
462263130
460546860
462181795
461094024
461942428
461099221
462286671
461810089
462146109
462239648
461730449
461892436
461053156
461071353
461134555
461987309
462210650
462034301
459398109
459768054
459695493
459744603
459483907
459439820
459714516
459659911
459525857
459334140
459595576
459244083
459741588
459626741
459678141
459562494
459162929
459125616
459641941
459189320
456336433
458304137
458352413
458457900
458425182
458365798
458408713
458332989
457827578
456898591
456870584
456450317
457810525
457776927
457761761
457746374
458278586
458389746
458369580
456399731
448668820
451601619
452952755
451465421
447380411
447759046
447647688
447626116
447675960
451611485
447730814
447781875
456239417
447702669
451344667
451416091
447603189
456275272
447754412
451540802
442649099
442520666
442500447
442084175
441898955
442689844
441952677
441888064
443797497
442162831
442599458
442452589
442287749
442212238
442574741
442494488
447302087
442346950
442024757
441760829
441457286
440359167
440417774
441674209
440391142
441497936
440328223
441743402
441593517
441628011
441519950
440503164
440462523
440438972
440484660
440244418
440305889
441708998
441547844
440213135
438618199
439138106
439299152
439163447
439246198
437492290
439197815
439096443
439080796
439120248
439328698
439220311
438478635
437459613
439385449
439020514
438994903
440166815
439052253
437537119
436167201
437169162
436226444
436280087
437220711
435929058
437334564
435849162
436249908
437399322
436080831
437104410
436065853
435737028
435982952
436315167
436361913
436152711
436196532
435798343
433950194
432555421
433806493
432796933
432925151
432757850
432626717
434160458
434080836
434003557
432890972
432848858
432747817
433878662
432728168
435555452
432716296
435647542
432956068
432738598
432407137
430207229
430105091
432115877
430859216
430125220
430017334
430665055
430046676
431007176
432194521
430807660
432025366
430733745
430146625
430177059
432329384
430956762
432458522
432269237
428630895
429973225
429877559
428603943
429515745
428657888
429911758
428736662
428797007
428764295
429783686
429811175
429942750
429728207
428688844
429657740
429574097
428716052
429606601
428574811
427632805
427714750
428393801
427777180
428318068
427944367
427699590
428447251
427682598
428537754
428075809
427843367
427573542
428149985
427863413
428493849
428016474
428244637
427741543
427656463
426583072
425338440
425177798
426719851
426769719
426415746
426305742
426194857
425410885
425113099
426039084
427010505
426937721
426152067
426825859
425244587
426891226
426675146
426983268
426489236
422829930
424409071
423366761
423217443
424888340
424630171
424812922
424291644
425019868
424591940
423030816
420056807
424699706
423514278
423440328
423277547
424486407
424956874
423100465
422906012
416340394
415534006
416312914
416773116
417699961
416444233
416675411
417661343
416727357
416498791
416635485
416484417
416405270
416364811
416291123
416504684
416600263
417763319
415486890
416563646
415264329
414129683
414535231
414492536
414065512
415404837
414171097
415295077
414282922
415195000
414343909
415202343
415267898
415322207
413970356
415362685
414439083
415224604
414014225
415443660
413809725
413209290
411368035
412798014
413140181
413918849
412450627
412999126
413876375
413855161
413073149
412700118
411421649
413176544
412763385
412407839
412403687
411338329
412108478
412912801
411289561
411130339
411220563
411009029
410151065
411031826
411262742
411112879
411098626
411074416
411152459
411236123
411045951
410236636
410208486
411176967
410181494
411315151
410117558
411202511
408765938
409907595
409086482
410074063
409020397
409043780
408124896
408761214
409147076
410096640
409064038
408141642
409982221
409946363
409109337
409961657
409006199
408186230
409134600
408157889
348623176
347650942
408116302
348325607
408055433
357183283
408004652
357405396
408088143
351583241
350699512
348314399
357360534
348235659
350949833
351539044
350774770
407986091
408019716
351563836
346596101
346274302
346198918
346691910
347184322
347198068
346577572
346426800
346308453
346056075
347602770
346636491
346613419
347255890
346674720
346566609
346142267
347382646
347305043
347122502
342155075
339137592
334638535
334282314
342235260
340776379
342439617
340831892
339235390
337667556
334566453
337609873
334416358
334023920
334609889
339193156
342353703
334088822
334363191
337722552
332799129
322746024
332935805
322241184
333095931
322172655
333143019
332912172
332699560
323232393
332734403
332859407
322725844
321100899
321082637
322705346
322687893
323198239
322664382
322096505
285288065
321011276
285180773
287861722
285446643
275659311
321069248
319038721
318445759
285486755
281401090
321051171
280847471
287909437
285394771
275686431
285219149
285500673
285347520
285245913
269555022
275587665
271636099
271557394
273028932
272917100
269611610
270744775
273102611
270696785
275622336
275482012
275363496
275299969
272976688
275237069
275546335
271596940
275416466
273728484
269500582
269139948
268035720
269347008
268534102
269275384
267426921
267970517
267358141
268430178
269213357
269441861
267999048
267312736
268645903
269362783
267378935
268484542
269167092
268585848
262697388
261722635
260947580
262746585
262724156
262779925
260879008
259472813
267211820
262810510
267265088
261691044
261715250
267160194
260940145
260821846
259440537
260730446
260848177
259493425
254152341
254135387
245278138
255081394
251962635
255114881
254959194
254979618
247280992
245550398
245455525
251956781
247001878
245498485
253906400
255049697
255005793
247040607
247253107
253948707
243628476
243658101
242370609
243687740
242298458
242091980
243656143
243880741
242292647
243832266
242261617
243786247
242337477
242018309
243754088
241993974
241951635
242046175
243652233
243713454
241146023
241102603
240206959
241284305
241156653
241100702
240235306
241202272
241911195
238742392
241154846
240261944
241072465
238732185
240304085
238701423
240327786
241316783
241251117
238766819
237801397
237770864
235774788
237785150
234428480
238079380
237757054
238580139
238024490
237827806
234419418
238622204
237973944
238577363
238110266
237943455
237914295
237852293
237837943
238553658
232303159
232193302
233523987
232258644
231115614
233457116
232237031
232326406
231050132
234381964
234349057
233488355
234411164
232214867
234392097
232412223
232387857
232282718
234369749
233560626
230478385
229471191
229593003
230498464
229840725
229863738
229639673
230489588
229511826
229318947
229563558
230507897
229347974
229832640
230527041
229443479
229820597
228947694
228930614
229607975
226644574
228725439
228647141
228696184
226660673
228834598
228750746
228598667
228033839
226632251
227947268
227997196
227911372
226681757
226653684
228657730
228820998
227973251
227890962
228794997
226567996
226369884
225023051
225004117
225034945
224878774
226606297
226588301
226266276
225082775
225587215
225058698
226446070
224975305
225610484
226547212
226619009
226408356
225046306
225070208
