1194866971
1195004456
1198092099
1198794926
1198525078
1198684055
1191831114
1197252365
1192610842
1191747515
1198317664
1191568324
1199237643
1198409984
1197376376
1192741834
1191636185
1192838960
1199457218
1198251982
1185182457
1183011639
1185359547
1184478938
1184734113
1184031276
1183914661
1191490928
1190155165
1185851659
1185721678
1189817614
1184081054
1182002137
1181912055
1185514501
1184161057
1183957593
1184373564
1184260843
1176190485
1178768870
1174327388
1180376231
1180053633
1178487359
1174656777
1174081542
1181843347
1181099975
1174566855
1173663925
1178883629
1174800965
1173479963
1178992356
1173993975
1180140102
1173596722
1172685906
1165202542
1156837248
1170049330
1157058317
1172581839
1165010446
1172225796
1164205596
1164312526
1158084331
1164385317
1162283578
1164488259
1156941935
1162373037
1156601171
1156710347
1165352157
1165465101
1167456971
1156084599
1154515830
1156387158
1154597380
1150609218
1149532748
1154693242
1155870693
1156215336
1144124971
1152092992
1149633526
1143963797
1154889876
1155994345
1150679326
1150760584
1149376450
1144229619
1154806457
1142743805
1140064775
1134448434
1139953919
1139748477
1139554268
1139223069
1136825455
1135740548
1142834519
1142574035
1142170627
1135608095
1142408288
1140256898
1137010603
1135858623
1136006039
1142269427
1139360834
1132199579
1134312087
1131936908
1129562433
1133028612
1132769113
1128365877
1133171722
1132877583
1128230616
1132066385
1134228194
1132442896
1129352141
1129430606
1129712051
1132660432
1132551085
1129817434
1128488828
1122356107
1122234925
1124447463
1128113083
1127294145
1119753514
1118994771
1122567543
1122876432
1119195531
1122730651
1119477981
1127899152
1122114479
1123054794
1118819390
1127171766
1127023715
1119599063
1123315463
1115767283
1115674248
1103301582
1110147068
1114780744
1108702946
1113872190
1110016945
1108829699
1103653744
1115084619
1115191976
1113739864
1108589945
1110072335
1103996689
1109082180
1103426054
1108936208
1114940998
1097655771
1101174290
1103083552
1098486954
1096459180
1098730835
1098592118
1098885810
1097462442
1098413859
1097364756
1097005347
1102186474
1101708856
1103159303
1101525141
1097539683
1102269845
1096858693
1102471511
1094104026
1091571543
1090544207
1095072354
1092648463
1091681320
1091078995
1092411762
1090696471
1090399899
1091780473
1092577783
1095331693
1091312745
1094858463
1091185660
1092341904
1095227187
1090272876
1090876285
1088545564
1090207994
1088870676
1088666922
1084016936
1089158216
1085769527
1090098814
1083778331
1087629707
1086631517
1086337195
1085927552
1089028437
1086749885
1088314252
1087523499
1087823859
1086490228
1083908375
1082116528
1077738573
1082019983
1074252478
1074343484
1079361615
1073296773
1082260242
1074337308
1078055779
1077815762
1075168595
1073508092
1076247814
1076377029
1079982162
1079587524
1076494586
1076609579
1080471846
1071764498
1071422910
1068407145
1072809145
1072647981
1069398133
1071233835
1066813202
1071674883
1071575283
1070454825
1070525205
1070318859
1068503490
1070604390
1069304415
1069182065
1068911974
1066938435
1069010052
1062479159
1058713266
1059957641
1062734632
1059780558
1058550282
1066709727
1063247685
1060048801
1058574759
1058222330
1064972247
1060846294
1063080532
1062591381
1058890083
1065064136
1060758619
1059698585
1059873919
1056183942
1054761811
1057127160
1055100916
1054883382
1054631315
1057188015
1057381849
1055879919
1056429751
1057286367
1056298160
1057783976
1057702111
1055190933
1055004248
1056076194
1057934463
1054696161
1057466423
1049931095
1050655662
1049758567
1054024496
1050528560
1052506273
1050875785
1053725842
1050472638
1049851239
1051333171
1053340636
1050986016
1050437203
1053923246
1053123342
1050581346
1050756742
1051106042
1050633174
1042091498
1042916809
1044675156
1044088956
1041279433
1041381162
1042638878
1049619186
1044435007
1044223382
1041878873
1041705975
1043990326
1047408533
1042546506
1044510125
1041506870
1042813453
1044547071
1044741119
1036689033
1034897760
1036899516
1033949934
1037314301
1039588762
1037439709
1040213580
1039776521
1036595894
1041060167
1034056008
1040398810
1039445333
1037001550
1037118239
1036758979
1039342429
1041166098
1036831392
1033778771
1031579880
1031476383
1030790437
1031699082
1030240171
1031833200
1030969680
1032724519
1031164640
1031100063
1030837069
1030131967
1031924461
1033846788
1031042743
1033218543
1030912090
1032677805
1032013481
1028960926
1028757219
1028833742
1028580604
1025063893
1029313051
1029999904
1027147929
1024400220
1029884696
1026681483
1026124347
1026311558
1024945277
1024793401
1029584676
1029485178
1026558173
1024173395
1029068698
1023203428
1022364781
1019146385
1017161687
1024041778
1024109091
1022457461
1019058320
1020755031
1017577897
1018504530
1023019151
1023124281
1017269229
1018361086
1019299633
1023994232
1022626959
1017459762
1020880793
1016405001
1016637275
1014348767
1014143536
1015155256
1014995223
1012702596
1015463346
1016335070
1015750820
1016448644
1014915650
1014731503
1012496672
1016519462
1012184260
1014602696
1014487042
1015343916
1011977572
1010643761
1010389363
1010028121
1009225077
1009313860
1009793102
1009469248
1008127655
1006312752
1006259964
1010204637
1009543491
1009156126
1010911232
1007549876
1010825371
1010753561
1010515197
1011802359
1009633505
1002228564
1003156446
1002160141
1002016802
1003679583
1003382043
1003273980
1003987118
1001800122
1004397332
1006033372
1004118972
1003072908
1005716975
1004279674
1001620998
1005841349
1003456187
1005893978
1002327387
995561302
1001108741
1000182288
996489263
994053996
1001291572
993440982
993196910
1000351689
995000647
993304935
993968584
1001182774
995655448
992769598
1001423870
996254330
996135958
996570776
1000067957
988629817
989047819
987386179
989435459
988905983
990611269
988775220
992218915
986920993
987249165
989501357
986767308
991833764
992567619
986592320
992319376
987117827
989135044
989231996
992395310
980184309
984984400
978472806
978002081
977038479
975903243
986494501
981969971
978340945
979695038
985313101
982946169
979603579
978677356
977887671
976931167
982057395
985167808
976001690
975991559
962041062
961981203
958119161
956118414
955793779
956298498
956196990
975036023
958228814
956661142
975221233
974956533
974878927
955659583
956405509
955915504
955581458
958014471
956512993
975185766
945631611
945493241
946064015
945801725
944262814
941406467
944449824
945704284
945927485
934004088
945915614
941262399
935039035
939723596
947694568
945546601
934928835
939537132
935146039
949106759
925412744
929635766
930925991
930034431
933815211
931434220
933262883
933937173
933660108
933406196
931691783
931315397
933135976
933484603
933759768
931619135
933876095
930088470
927518367
930013541
916949496
925311678
915809542
914192182
918888697
925193360
917858923
914141494
918776099
924833344
917499655
917657367
918839767
922640872
916864634
922770132
917744919
922882649
915907886
917358745
913202340
912664805
911443831
912039378
914013322
913909133
911946790
911093697
911677031
913139847
913548407
913326412
911538561
911287217
913380257
913057453
913009727
913658630
910959077
913744950
907167073
909826795
906151293
909931818
909639091
908081401
909762497
910715392
908701734
907232373
909872253
907290810
906991093
908189796
907060402
906770140
908335062
907372336
909981713
906607910
903784824
904662090
903075699
905060936
903201956
903299986
903019373
904994413
904308924
902888191
902959961
905250022
903148170
904040426
904772371
903324335
903244990
906026002
905206996
903971103
902533045
900108523
900647422
902621799
901956899
900854631
900445324
902810022
900037712
900930475
898708117
899918710
900277122
902719372
899970726
900188277
898889859
902400519
902275048
902041171
894688797
895705626
894396136
898565247
896214520
895961872
896565202
896687937
894740540
895536422
896318423
896449103
895742560
894940904
894846636
894789789
894888742
894444588
896044126
894525028
894138879
892384798
891834394
892314561
893689723
892180801
891945637
892016747
890807119
890603226
891702207
893435328
890692854
891604751
893319603
894302235
891017523
893148991
893975849
891399843
890039672
886025326
886142727
887492700
886175725
886216520
886091367
889395098
886809219
885954268
887821579
886889566
887611981
889244103
885753404
885869655
884956240
884978113
887737653
886658912
883619299
883202187
884184608
881272820
883918833
882670170
883697276
883497410
879368854
883787946
879490343
879280887
884027444
883832617
883665499
883421182
884102612
879545301
879125638
879053944
878910035
876176587
876805436
876692241
878135120
875376306
875270374
875550498
877734246
877836065
873890850
875725893
876978241
876459124
875465926
875216145
875176426
873906810
876893143
878279843
871362131
872195146
871165571
872819506
871305120
873791057
870634603
870495667
872938779
872741081
872453845
872078692
870828345
871079015
873426744
872660400
871229549
871394591
872859571
872905370
869472779
870332434
870173576
870141059
869604883
868812968
868439965
869358269
868907838
867385492
869529082
868743644
870258882
869192551
868602548
867264019
869281537
870086161
868678941
870392809
866516281
863703253
866653209
867023786
864310913
862288295
864901119
866905391
863247360
863055151
863613918
862336624
866442883
863544218
866573038
865768428
864459875
864366148
863757879
863347550
856904209
856844993
854143944
853696272
853875429
853031494
859494691
857545433
855905791
852420522
858634116
858672876
852485603
857819865
861263083
859635306
857737554
852546693
852277290
852192951
850084249
846152472
846543754
843718499
844306702
846334433
851133333
851257942
851352183
851180276
849600220
845937921
851942579
847923281
846406247
851448428
851661785
849550731
851066841
850402832
842113045
840833843
838525593
839002076
841766063
840904961
841928665
841715932
839973411
841894273
841056321
842403495
839088807
838929682
838791804
837871486
840090865
838670003
842001124
841113733
832563873
836229986
836076400
834646301
832430655
836285100
837800121
835881840
834563808
836352279
836022941
834721298
832469643
834426301
836459024
835185823
832397692
832330012
835978523
832514377
823118853
832287232
821258840
821163583
820360516
820448600
820153849
819961747
831061798
830985768
821066681
820262910
818662034
820043777
818576396
821108003
831146434
821216776
821145423
821041889
814383466
818142040
813500455
817719770
817804700
817854056
815957640
816307623
815796150
813653729
812677021
813534191
817947859
815854592
816018135
814468886
813581415
818004253
814560488
815883910
808853160
807065445
806643114
809861386
806790723
812256515
805216492
806711823
810104269
806897433
808981466
804774963
804951891
812326631
810018657
809048208
805087513
809959453
806984988
812127202
802850811
802284934
802985117
802131533
803152325
801718122
803310234
802669479
802155334
801833883
801651379
801590566
802334088
802786725
803234272
804757711
804632863
801776092
801537517
802209793
801396910
799566863
798735610
800220094
796428091
800969843
794277533
798032748
793362209
799192793
798608699
792660724
792600189
801486387
799155197
798105983
799469938
801048417
795356471
800748395
787056499
786964686
788963571
787168277
786044156
786568862
788586054
786882355
788667588
788746375
790189709
787485783
787406359
787286325
792402516
790951131
788871545
786721228
790165081
790172281
785053435
781602871
784131010
783011106
782922034
785344488
784217332
781275302
784439304
784587221
784922173
783111292
784024263
781523942
784683995
784796104
784364595
784740070
781106732
784537252
780739215
777846029
780643130
777581802
779082801
777914253
777260421
777978066
777744050
776072350
779281560
780992768
777380628
779176875
777668920
775621918
775800521
780601562
779428996
776017880
768443773
773842399
773199683
773252229
768599781
775347495
767222869
767150643
773819667
770644427
767047342
773176914
771196139
775547472
774039959
773299693
768753672
767281717
775412166
770708450
762773728
763555304
760996478
763721425
760054547
766984544
763825179
763133129
762943790
760336827
760115063
763446504
763362447
760224374
761052071
762669533
761675017
762884018
762849242
763228842
754355746
754213077
759375990
759577120
755544744
754202542
757985646
759096836
759967644
755584517
758885545
759467835
756365263
758085929
756269404
759686942
759208683
759872952
758169026
757790337
752233807
752410579
752663149
750347792
752599122
750808372
750591800
750713312
750659711
752348604
751944274
750243799
750466420
750005503
750929255
752507904
752070007
750163464
752129461
752765640
747727833
748616992
748541022
748938253
748834760
748118014
746930656
746832386
746656819
748267303
746694327
747026844
748744081
746737797
749861930
748358733
749931540
748456693
746745290
746408287
746149890
744952882
742260529
745145424
743298144
746044355
745062977
744813580
743265329
742978748
745241606
742433740
742315780
744696983
743182011
743076507
745342772
742551799
745973947
742381131
740774567
739738759
739836633
738533207
741816502
737434585
741347285
742170943
740630018
740648021
740366460
737168066
739649293
739504741
736805853
737043861
740562384
740492754
736598613
738587803
733551259
732670675
735643043
733879529
733647950
735389288
733937722
731953747
730726613
733740906
732560947
730595655
734005939
735272893
734102356
733431686
733316116
735868156
735477191
735795318
727207696
730114221
730401134
728806181
727847093
726828887
728027662
727986991
729008871
730178299
729197955
726414697
727892947
729222274
730346706
730256493
726662390
729356863
726513094
728544363
724515219
725418469
724415959
725523269
726358828
726199492
725591971
725208998
724727621
724660374
724580933
724295481
724260492
725293681
724858264
724812734
724982745
725121530
724369229
724220106
721561710
721050208
721939995
721853143
723580176
722502672
723108072
722790463
723196690
722659993
719658391
721422575
721773596
722717202
723310147
721322578
723498914
722548337
723399048
721682944
711748294
713646674
715895059
712618981
715963674
719542190
717719871
711858601
710866107
715830839
710820328
715750132
714755393
710766120
715694749
717782375
712591700
710044070
717616212
713776373
706327018
705931096
709160505
707319272
709754940
708180234
707216597
706243530
706986308
709946473
707135886
709003014
706392590
708858751
708306853
709099418
706156098
708814630
706928347
708929553
705525469
705604346
701849889
696316347
697823960
698107265
697913309
700312859
700010369
698178531
696495695
693607134
701465562
701953617
705772791
700243904
700127784
698013675
693690830
705329580
692315355
685565338
685403270
683384072
689471586
689276117
687320494
692240927
685640572
682326932
682244408
691524631
683740266
692029175
683582508
692160384
687433403
683866071
685511943
689370748
676946290
678143882
680336170
681043059
676369548
676986374
680868515
679075054
681121848
677088750
682000117
681777559
679426524
678932610
676909857
680905690
677042557
681912548
679029758
681002377
672543659
676257904
672416130
672202735
674535175
674443359
674373674
676066117
672630360
674603004
675856756
671163004
676192798
676294371
674675058
675982516
672105998
671102815
675633300
675036402
670891181
669357201
669245002
668688188
670992265
666525412
669447840
670757005
666708480
667941819
665857879
667717275
667858887
669144052
667784607
666582844
667633622
669507973
667512622
666391104
664227556
664711882
663230619
665722824
665419902
665547543
664801464
662643673
662411965
665784609
662535351
662937323
664660914
664529609
665433619
664400913
665639851
665058086
664326618
662796077
657685919
656114839
657476801
660130951
657297292
652307352
652102118
660036007
662332221
655323393
651125009
651062938
657422579
656212717
652197262
657383381
659926214
651838724
657252538
657332328
641035192
644033520
641485701
640950114
642532344
646225627
650974313
647499192
646133336
644666000
644586383
644341438
642813962
642618088
642426656
644476534
645915911
642896468
641394259
644085347
640245574
640795012
640021414
639515789
637724606
637485364
636981014
636735108
640601576
637819750
637180019
640722282
636815238
637629592
640478790
640107132
637065757
640531813
636903536
637347505
635905070
630824750
627284456
630704259
629925199
636576562
636059699
626850330
636645346
627357954
629989172
628887212
628613121
629221407
635981210
628711619
625825960
629008181
629115340
628810436
622062691
621501331
625588935
618249738
622998986
623532298
618339203
622903907
620966368
623486970
617704167
623593824
625791640
618297155
621448772
625712490
625649297
622961512
621376152
618372713
614253795
614846480
615674241
616226935
617515091
614950897
615605898
615529520
614802708
615753430
616456822
616398524
617358494
617636397
617415168
616315144
616040556
614979030
615459227
614882857
610569955
611876143
611813502
612493608
610617562
610544735
612061276
610974450
611102201
614176042
612529926
611734778
611013265
612446967
612025667
611987206
611919339
612684554
611953675
610596849
609061768
608824889
608579450
609445417
609510759
609542408
608157069
607288753
610506608
608925005
610401727
610327214
609130395
609093700
608721882
607999279
610468888
609170499
608091409
608991182
601917868
606894222
607141881
603184132
603010660
607216341
604148406
603465311
602414371
605320755
602456529
602328253
603274008
601702520
602369006
605145444
605388443
605515149
603519265
602958207
600634780
600502367
601493540
599976012
601632429
600190656
600809914
601456659
599904524
599129927
599022426
600008248
598886298
598724697
600335694
599936737
600245282
600288109
598765398
600905221
596557653
595527794
598686599
597028042
598208369
598054897
596225468
598137183
597979451
597254313
596479832
596410889
596322533
595617824
597807489
597179599
598648385
597702226
597122865
596518094
595335662
593784806
594804752
593295064
593247442
594733230
593328530
593203834
592369307
595470373
592563588
593726350
592434546
593922449
592696280
592624928
594672180
592018679
593969300
592483539
591004581
590052449
590486142
589004474
591462413
591767340
590441958
591277384
591872214
591910298
590599546
590199115
589113219
590542218
591050923
589807519
589070202
591820708
591938927
590383932
585460112
588919878
588259746
587096534
586791049
587216651
588586452
587712319
585343557
587280335
586865664
588347472
588397294
587586559
585202529
587434662
587355829
587001179
588301693
588220158
584330853
582424876
584413124
584476830
581389180
584301429
583151762
583713135
582390856
582201949
581455967
585133684
582872552
583020777
582313601
583273788
582270443
581738019
582359275
581857825
579170083
577923002
577780685
580412755
580786412
581253960
580571389
577868827
580640561
578406529
580716517
579793986
578467882
577810343
578328649
581326268
580482901
579079184
578652077
578543367
576526269
577712754
577016446
576300182
575848314
577247621
577123682
576478974
577645798
575571082
576359174
576423230
576944542
577504342
577179578
576050015
575507966
575743306
577582532
575422403
573803846
572718260
573697464
575288655
572777063
575349762
574535753
573551308
574417388
574254900
573920888
573351640
573629400
572854539
574478024
575211034
572901452
574337603
572637677
573300782
571990525
566459372
572187914
567114433
570727852
566519450
571873251
568805214
571105432
567454936
567137021
567074777
571678914
572283934
572371549
570924008
567903896
567830956
570856294
567414586
565454297
565403145
566392299
566262957
565334864
564619452
565714633
565078319
566211336
566068506
565216747
565006754
564789029
564949487
566322298
566144213
564718160
565563187
565608586
565756519
562764011
562752509
562259820
563741663
563149216
563925259
563142814
562817618
561758740
561587592
562119928
564560585
562926783
562866752
563998832
563872821
563038462
562197463
562988577
562053561
560867979
561390769
561548597
558819252
560194638
558447661
558379660
558333432
558247664
561502073
561033399
558505751
560819090
561456699
560982105
561424790
559696815
559129518
559628179
560165659
557775524
557256711
558030659
557613679
557904530
556541327
557661575
557120593
557735709
557934701
556639627
553291530
557693935
552996069
552663867
553718506
557841373
557175524
556449355
556711001
551524136
551421323
552135084
552410177
552528330
551103967
552091984
552278204
550981153
551768296
552225920
551490864
550905376
552606581
551609124
551678643
551571788
551049065
551461926
552570251
549415738
550689437
550242044
550832482
549336725
550133551
549645723
550082280
549146877
549532989
550596637
550751336
550167361
549269767
549606551
549810918
550201509
550101841
549565287
549734034
548391427
548967713
546851408
548935381
548239374
547673021
547716552
547131635
547579768
548420503
547060819
547014412
546754863
546662898
547619163
549087385
548471956
549032072
547649750
548323750
543968691
543861103
546484913
543741695
544995307
544934067
544448159
546544020
546437279
546404928
546313839
544379890
544313902
545809722
544248443
544192231
546374538
546337491
544122586
543996692
541299650
539496212
540933908
542706563
543337450
541939017
543259012
542754362
541987332
543045310
541688491
541790303
541129388
542279606
540177361
541237384
540135305
543118487
542043955
540092700
536123959
536637681
538633824
538646663
536862577
538089270
536900732
537391228
539375883
536672420
537159756
537091843
538315879
536611344
538453322
539322939
536707384
536943533
536164542
536581598
533621700
535426836
534336425
534516748
533696017
534394102
536076087
536013647
533411336
535909446
535089386
535162567
534583783
534665127
535233396
533799852
535318668
534683218
533981270
534198316
532957133
533022701
532972719
532879011
532071376
531537851
531283559
531208930
530914540
531594817
532094351
532633305
532034936
532557764
531045273
531515416
531392685
531527280
531979497
531438595
526622379
529279059
526173378
527896883
527646143
529067513
529455438
527276745
529211282
526571080
526502142
528854843
527803891
526453608
527421372
526369212
529110574
527512479
526239395
525898688
524029521
525678683
524908980
523167767
522979104
524967024
525194036
524738516
524512457
525737399
525230190
524243316
524338294
525852405
523103482
524618720
525769667
525100209
523920343
524143155
521888630
520000152
520350749
519394952
520043529
522516878
521460659
522774313
520099263
521769835
519911698
519440666
520165566
521553572
519959190
522866645
521667165
522014866
522674928
519821542
517686616
518921901
517474331
518973421
517815635
519135094
517636193
519055709
519309913
518055526
517897698
517868439
517758836
518810443
519220259
518546383
517559462
518480771
518449796
517977855
516666950
514982142
514838959
516515008
516598211
514806820
517150257
517035104
515577975
514899414
514768097
516762118
514301158
515676276
515211509
517377080
515135259
514335257
514942025
515057541
512551682
513438515
513634865
513747878
514003239
512843559
512738077
514070405
512580692
513491451
512669306
512915434
513544595
514155451
513926068
513442372
514224269
512808213
513808782
512957214
510852648
512245143
511160870
511230387
511097288
510756944
510436579
512379769
512146795
510311337
511261897
510025514
511999032
512468071
510144417
510642675
509928192
510986865
511886906
512320542
506086109
501566724
503318787
501330949
506536200
506267846
506138082
501491678
506680766
507169288
504077155
507031072
506372248
503102961
503042371
506183572
507736681
503154007
502929508
501646672
499744964
500996589
500087568
499450647
500778590
499398206
498695222
499559229
500641095
498625123
498229846
498293969
500731285
500878079
499925152
501254692
500688233
499995690
499647680
500828701
492120108
494628322
491892574
491420130
491790572
491561181
497777838
491676224
493426288
494974697
497870300
494523645
497829839
494442638
492032642
494389666
497901806
491328334
497922622
494573474
490950372
489334124
491038878
490655302
489783348
489492383
490561680
488713305
489620365
489101069
491106872
488593965
489439779
490585349
489986168
489852723
488644336
491222426
489723532
489260312
487055996
485427531
483467552
484653403
483274345
487281879
487245580
487093493
488474028
487207137
487156631
485729155
484236456
484037764
487016432
485804666
484135659
485872371
485662457
488536385
480450017
481304305
481156316
481101193
481009659
480394210
479855556
481210064
480344390
482710682
480802275
480924370
481249383
479793677
480858433
483144195
480506597
480704527
483213669
480557062
479055444
477038001
479164496
475797670
479691497
475744785
475614772
475838903
477892176
478344732
479110794
479732995
476950493
479201991
476860696
475752751
476359738
475829985
479784021
475885514
475465133
472654283
475324260
472884452
475135362
475208475
475270480
474411564
472939686
474493777
474362875
474558368
474301481
475332169
474292026
473975594
474594544
472817740
472739339
472982985
472294618
472345995
472593384
472166792
471203592
472531138
470196302
471596282
471434853
472481133
471673900
472118330
471554660
472414411
471347860
472406344
472242327
471499781
472022041
471633478
468478968
469992438
467734445
467448147
469590471
468366008
468953341
468878345
469922784
469007091
467572613
468711398
468597558
467681246
467627242
469734714
470132303
470056522
468401440
468796563
466145573
467252031
466564526
466027094
467057791
467389777
465713955
466193569
465748113
466943996
466469396
466558656
466992705
466387781
467186802
465900718
467313984
467112795
466898153
465817418
464896594
464474935
463472686
462184300
463426569
464553302
463538805
462224145
464829845
463284909
464109077
464037733
463587736
464624014
463325408
464414324
464135474
464765622
462253582
464201501
462048873
461397662
460764982
460728075
460664146
460624538
460572352
459981500
461980688
462104318
461347712
460505511
462153985
461930738
461732985
460838112
461866478
461292138
460336659
460885111
458913564
458783617
459381199
458742541
458706635
459496811
458971407
458035465
457888534
459193549
458658033
458599211
459439213
459538323
459345775
459577488
457939549
459286513
458921412
459939651
456226451
455814509
455747451
457245839
457720299
457833646
456587240
456385638
457301428
457604386
456453749
456289884
455704574
457365979
456524884
457479177
456129497
455890544
455949154
456337287
453490109
453379451
454826111
453426348
454937603
454107491
454024691
453267745
454881072
454981060
454772777
454231112
453312137
454697232
455660695
455075448
453952244
454163324
455028688
453900859
452719221
452957117
453091214
451828495
453026677
451911019
452524723
450037174
450165310
453155335
451592823
451541515
450109282
452791951
451874050
451712017
451769424
452463700
453201600
451646740
449410337
448789369
449470141
448062149
447287596
449695263
448200182
447324137
447486661
449950456
448275504
447962340
449370434
448141799
448941690
447928876
447439236
447363766
448906729
447231862
446937465
444278178
447173465
444056775
444818477
447085538
444995123
446439144
446402130
444877005
446745249
446676657
446335908
444220657
447003526
444398994
444161533
446597007
444333278
446845955
443406020
443530838
443353851
441120933
443601152
443767902
443295149
441062878
443996453
441510779
443867311
441626969
443925582
443230137
437909925
440985209
443665072
443290670
439364525
439309108
436110020
436866086
437276399
437031330
435724883
437524180
435828013
437050293
436029186
437205455
435627797
435151538
435238762
435088898
435057580
435933534
437364413
437467943
436791097
435504334
431801696
433696936
434151459
433290947
432480146
432360941
433490628
432182613
431758221
433185826
432275792
433866398
434237866
433392929
431700970
432581801
431843934
432714045
432651227
434046610
431123626
430978960
430901354
431052422
429743589
431261112
430371485
431321380
430421205
430330571
430779429
431187271
430717366
429521014
431287822
431643658
429679527
431228632
429593813
430656486
426082282
427387389
428648491
428343136
426003279
425871882
426735991
427572684
427456732
427345175
428227675
425447959
425392459
428294953
427797837
427302386
428680720
426787318
428218314
428404676
419299135
419349353
425328451
424650915
424964316
422833741
422935974
419811971
422624858
425067253
424538837
424820747
419863610
425114158
422727701
425297156
425240405
419855365
419902054
423057275
419238707
419190339
418104884
419150909
417516919
417513817
416690482
416919262
417480942
418185856
416540414
416769622
419099316
416949551
418203356
417413847
417378305
418066833
419052486
416419484
416041778
415195745
415959198
415995813
415656922
415868297
414657630
415823362
414491352
415515670
415290199
414570884
416046838
415223817
415598169
415919996
415501112
415708266
415754895
415250820
411779591
411683164
411936551
411515171
413120684
414334571
412716203
413192959
414406493
413275923
413410085
412870803
413051194
412794288
411892104
411421488
411361736
411600392
413489528
414364124
409556201
410863269
410685462
407422840
409688592
410754925
408698902
407549906
410913135
406420809
410421239
407495149
407374061
406349811
411211293
409492169
409627268
411235504
408648262
410799156
404769825
406161369
406082170
403592553
405700401
402825579
406092748
406220457
406278977
405890155
405852287
404854747
403385893
401765567
402254665
403419309
402263309
405944763
405153344
402457807
399140558
399205575
398789715
400663436
400471761
398844528
397554452
400590158
399299896
397680392
400526908
400125803
398032721
401655834
398818216
400658542
399090770
399304837
397611406
401699728
397416609
396157116
395884390
395825613
397280350
393473975
397455086
397320009
395949895
394095329
394025214
395777346
397368990
396873108
393430641
395856298
396730700
396823727
396032398
397249415
389588133
391661713
391591291
389057331
392856992
390365434
388594813
387998722
391627235
392990532
390091936
392937747
390464833
389697867
389584519
388383522
391732375
390415979
389000304
388045824
382269341
382092420
384198784
382080662
384547703
384365851
384485854
385213520
384135123
383173425
381978383
382242770
384639241
384299155
384252072
383151412
382278425
384158499
384095966
382203631
369530192
381901191
371335858
369565676
369695183
369623280
369399221
369390069
369489839
371451291
380825539
371556822
369338833
372684320
372639835
371563774
380106941
372552749
371506183
371388093
367877387
368833606
365347035
365719500
363932254
368051945
366074846
365339602
368624283
365388315
367967136
366548986
365779869
368777967
366497978
365665972
366528110
366113535
368698959
368103226
363899745
362237914
362054525
362064371
363852368
362377002
362335174
358353378
363820686
362572957
362011984
362655203
362453726
358419858
357445739
362228263
362156103
363421983
363541447
363716611
351149081
357395708
352514537
355155140
356191592
355070754
355940072
354921896
351081973
349390527
349678245
352393093
356087836
355926669
350829553
356029076
354989093
350971011
349510828
356174751
347306218
344051207
347230648
347399689
348522834
344081786
349377785
348588176
347183767
347518331
346319763
348679979
345618783
343949003
344002723
343738418
343432774
347359269
348668416
347460252
340294264
342048342
340318834
341243067
341853089
337673458
341995532
341953883
341802882
341684270
342182505
341761788
341325268
340327467
341172207
341900060
342266654
341089854
337782399
337716318
331549064
334284852
333919725
333471264
332175171
337589893
331376030
330445567
334515109
337509077
332930937
337625014
337543033
333015543
334191234
331421218
334102364
332193002
331629351
334401184
330445567
328454301
329518558
328510290
330294556
327349746
326795738
330353444
326685279
329664434
329715833
328554233
328410170
328316499
329593283
326278951
327244411
328256285
328112958
327162259
325275889
325939932
322871137
324010712
325133854
322910750
326013329
323901414
326131335
326075525
325321783
323578585
323897607
322946153
325221111
322913589
322879001
325844003
326177423
326214699
321952130
321459223
321925343
321498962
320514360
315275742
315547840
319491233
322506273
321446041
321298253
320495542
321395910
319451464
315485737
315175416
315338623
315140796
321351022
315410644
312136520
314612923
311881362
312224540
313565597
311601789
313361542
313603636
314647720
314691762
312176823
314566728
313638050
315085556
312472310
315044506
315014154
313512459
313449632
312886748
311556004
311382790
311453667
309641290
310234176
310093200
310848502
309367526
310756871
310039940
308821432
310179410
308878007
311508621
308738821
311320233
310314792
309313306
308663774
310285010
306189110
308347292
307445050
308038284
308603017
308121444
305679465
308093112
308134680
307116662
307071946
305668224
305737598
308166914
306473806
308596981
308473106
307388850
308062008
307164937
302853127
302099421
305292157
303108356
302531542
302046288
305618616
305149926
305072345
305015339
302813425
302774220
304690231
305092789
305048632
305245856
301979205
305213428
305548303
302958914
300791057
300552809
299593202
301779027
300711234
299965655
300760551
299522105
299195883
300623038
301841747
300674944
299864742
299919541
299430272
299477053
299565801
299258264
301902024
300495502
297539419
297267905
299010504
298841516
298952345
294134749
297566499
298962843
298846763
297507464
298911810
297469097
297369575
294788128
297816836
299146832
294736933
297426435
299101196
294057337
287050582
291550710
286947866
292601911
290489326
287026423
289194550
291608461
290456473
291499623
292742079
290404507
289382510
292678690
289422997
289073519
289138480
292805453
289255992
288830068
286323564
283087659
286477145
286550061
286703120
285728894
285324492
284504615
285628221
282443349
286621794
282507142
284440666
286897396
284568643
285682890
286824667
286767822
286386999
285776454
278641597
278976962
277780170
282382190
278629452
278342743
282336807
278684219
278420723
282266793
275164039
278380801
279041149
282192107
279093500
278586146
278493077
278806716
278906599
278546383
263242645
268620810
265051228
267719099
272668590
271998024
268208207
265192618
265000276
272738846
265094760
263224961
268243993
265242070
269122055
268002412
272051983
275077469
273843258
268087170
261782399
261329021
261831468
263108763
262212191
261387271
261283640
260145776
258113711
261693884
260255131
257239419
258754068
257630578
261889659
260188928
258069140
261852182
258032005
263064086
251796007
254298790
254486251
257031214
254359326
251760594
250853213
255337529
250916825
255148567
257132494
254535695
257192678
255950692
257078647
249043685
250022265
251834669
251874031
254324455
247313449
248681306
248107286
244812303
247193855
248942842
248159785
247863816
247278629
248583225
248824591
248208378
248887459
247238458
246434283
244780602
248052362
248555040
247349341
248992156
242648310
244688157
243256927
243095232
243007695
242358051
242935796
244234382
243140303
242885743
243220880
243019650
242754542
243188844
242706385
242353107
244717367
242825577
243229299
242674235
241868544
242440204
241365392
241982518
241136450
241895708
241794661
241401616
241184222
242267858
241756953
242023219
242249719
242037048
242067720
241327920
242299456
241821553
241292603
241233306
239385238
240401639
238972715
240453506
240967357
239452392
241059485
241095441
240644855
241033369
240500823
239712105
239685170
240547898
239644966
240606237
239020905
238327812
239057186
238909681
236197771
236392616
236568678
236319997
235367994
236604936
236345781
238312610
236790421
236460879
236063049
236051272
236028025
235364374
236543129
238292246
236830176
236498755
236436501
236403154
234599154
234228540
234214495
234999870
234931432
235252055
234219221
234233277
234204584
235301503
234200091
234897499
234643626
235324972
234209141
235279385
234893758
234224720
235027512
234960193
233811393
230429649
231893598
231342007
229202346
230347598
229832455
230445113
228289979
231358863
229878509
229854727
231683676
230025103
230300037
229285019
229601412
229089508
229066423
229105111
224813526
224731744
224432360
228247748
224406923
228232855
227165203
226226791
226693348
226266542
227302039
227260273
224774655
226184021
226470804
226511328
226318082
226410315
228262567
227200280
222129777
220996743
222313344
224390580
222748744
222724318
224364693
221090382
222552723
222279525
222250434
220947660
222592226
222372435
222171978
222517303
222968207
222147737
221045910
220913979
220348168
220293229
220217501
218594694
218653486
219462694
219154330
220649395
220887967
220676177
220706842
220820796
220732485
220388481
220412511
220254572
219693297
219675573
219654719
220617929
215093598
209996535
214583012
214407423
218424093
216443692
215561640
215387694
210763521
215316080
214543195
209965976
215585537
214785556
214538541
216862353
215086498
215423738
214574058
210803561
208862656
208777978
208424104
209527844
209597309
209204058
209128638
208970143
208745668
208720157
209234719
209664401
209523809
209026051
208680410
209906889
208811558
209567552
209625263
209094944
208399646
207267927
207489993
208047093
208378463
207805311
207467789
208310694
207359264
206734109
206702909
206663882
207529067
208134879
208172882
206627542
207313268
208272209
208220122
208349971
204878017
205781534
205708270
205930981
205923799
205678448
205641899
205815014
204849193
204972251
206557900
206527202
205847478
205150433
205063026
204916015
205530432
205028867
205111171
205746114
204481792
204079584
204356688
203991486
203531556
204434518
202674215
204811940
203618578
203496760
204458544
203857649
202685537
203462257
204291917
203585548
204394028
203412084
202645889
203872423
201895084
201197826
201172483
202249357
200563951
202424493
202348712
201123376
201954520
201644062
202021292
202237376
202461200
202594569
202391010
202057010
201258448
202521245
202558909
202263653
200152279
199782019
199750683
199079865
198575905
199449542
200325970
198870558
199031603
198814388
200535799
199583142
198545070
200130134
199628562
199392262
199417353
198894329
200485452
200374970
194704640
193774758
193928151
195907849
193745001
193992858
194220555
197729240
194531615
198364746
193804379
193710243
193842046
196517788
197863746
196764947
195878285
194087744
195046686
198323516
192108633
191814623
190965562
192201829
191825946
192533169
193414830
191159113
193418287
192486215
192128363
191775499
192422580
191127905
192458423
192363326
190850451
192162383
191751029
193683680
188309790
188966222
188279493
187986344
188997703
188035649
187959972
187736329
186415608
187182833
187926787
189040524
186388225
187896304
186342542
186304717
187123435
189084729
189613030
188923869
184336722
184305992
185019416
184259805
181912166
183530280
183497319
185060974
183619177
183579957
181882907
184166796
184211197
181840852
181217413
184200008
185092250
185124030
181180410
183393146
179790239
179508472
180876175
179130526
179753927
181096548
180474399
179233967
178866651
179202197
181110246
179163912
180507451
179089498
181005976
180970974
180425571
180421610
179861483
179821070
177916931
176463154
176412667
178053264
176996671
174972822
175074752
174644344
174599415
174540534
175954971
178377131
175208879
174522821
175961876
173996440
178419654
177604162
177015550
176511689
171163611
173964853
172444400
173929539
173703246
173873483
171430329
171287661
172408905
172686347
170920694
172320898
173019853
173014581
171126460
170933844
173066945
172360490
171370609
171324857
170844697
170801414
170068323
168644542
170029690
168760675
168680235
169413758
168625397
169854175
169299523
169259781
169968014
169364971
169772355
169163788
170756010
168630303
170882105
168727944
167687024
167486587
167537527
167511868
167574900
167455726
167420045
166512212
168043147
168080493
167989710
167618438
167651402
167438738
166495131
166952957
168583238
166813027
168016943
166152235
166058537
165982686
165278804
165744873
166119065
165633293
165703329
164834550
165036658
164880523
164610064
165593359
165052154
164982548
164797053
164662293
165727672
165013583
165668941
165959127
162899774
164022833
163493927
162878654
163970620
163543729
162832651
164547374
164540085
163593532
163237251
164211268
163168852
162927524
164147712
164101178
164065460
163855549
164168569
163635192
161521245
159974326
162806377
160173537
161563539
160493541
160138253
160032937
161834603
161696275
160020037
161637368
159551108
161375694
162766472
162350412
161890126
161779023
161750667
162520120
158471419
159522856
157775648
157703489
157538989
157810463
156882656
156731010
156827727
156868710
156789948
158856470
158163560
158824975
158124965
157743927
159506689
158199358
156364365
155974956
155917127
153385175
155492935
153726973
155325130
153725761
154777260
155513324
154922056
154136732
154875447
155862892
155266283
154833085
155384456
154683018
155488798
154716270
155814939
155611044
152748172
151290248
152055515
151157675
152755396
151994497
151241359
152080476
152637986
153112454
153336292
151644937
152321803
153144658
152999384
151708790
151672298
151687352
152713294
151614633
150213314
149541328
149174217
149998046
150108099
149493327
149461375
150990408
150060784
150177712
149399859
149340690
150444175
149350682
150275430
149575775
151067751
150435690
149937048
149879017
148497195
148452215
147043366
146797562
147470134
147431826
146753151
148428373
147799126
148468269
147743018
147819163
147729763
148533454
147491535
147383543
148707823
147752111
147067972
146427769
146416768
143996746
145611719
144954078
143147901
144347275
146398103
144247643
144392135
143882798
144194906
144287166
145641187
144784119
145221261
146379609
144741703
145675228
146360630
144200782
141153389
137094350
137958279
143129884
137858810
137329039
137207031
137883851
137058458
137832646
139792130
141145568
139832514
141796702
137988854
137930748
137440329
137408860
137167261
137503284
137037662
135650057
131028696
134255707
129227291
132280254
136475273
137019616
136379774
134272619
136343893
129275063
130897891
130975917
131390968
136529859
130850283
129331393
132308877
129131420
126758024
124556233
123810543
128035552
125813636
123860236
128254390
128070730
125004083
128828892
128398327
128192994
128892017
127832138
126768902
124600760
124507998
128338374
129082603
126733809
123300858
122489549
122439074
123234941
122417009
122509162
123252284
122460154
123322655
123267577
121907172
121990188
123737977
121102367
122516406
123671444
123280798
122519528
121851674
123676405
119739886
120712666
118844074
120558429
120496971
120433847
118874007
120638904
119676651
119052361
120396647
120758886
119715588
121052810
120525499
120979565
120404845
119009486
120459435
118930345
115925618
112504987
118768062
116694927
116844909
116681590
118144817
116501556
116790842
112556624
118077849
118748804
116470386
112069361
113412990
113378228
115885302
117559006
116559954
116591387
106775744
106723295
106652903
106701657
105569830
108994203
109985882
107560976
108676833
105623072
109922481
108941057
107600407
106671422
108839655
106854893
107529272
106305940
106930721
106751964
105538754
101402981
104855110
104139356
101378166
104776586
103588311
103150950
101365921
104807927
103096836
103572497
104709795
102727868
103590193
103229493
103000861
104149948
103200968
104084744
99607512
99572999
99693219
99145940
99783706
99518236
99735723
100277708
100311801
99534719
101111631
99492665
101108658
100380091
100207462
100418287
99643857
100247504
99507919
100445617
97900749
97852527
98962615
97785532
98023339
98101870
96611766
99115638
97818711
96608645
98130012
98167313
97968163
98268274
97883477
98215823
97844445
97478114
99071598
99014203
96061476
96340819
96347611
95942454
95793050
95778878
95104923
94013999
93867479
94093839
95984816
94713407
95196128
95804538
94060028
96029071
94032737
96573407
95132738
94783034
93716616
92266510
93078458
93368497
92683302
93740902
93834904
93385859
93797808
93332705
93768749
93702175
93140656
93106082
92954142
93109663
93053556
93679870
92285776
93412440
91711726
90527358
89397819
92085731
92054776
91737934
91344200
92263735
88806661
91933371
90540512
91296750
89582785
89600996
92030124
91816875
91693939
90563863
91987616
91828115
87959980
87251323
88475281
87937825
87266070
87381841
88569825
88364349
88774268
87167795
88540156
88339499
88506975
87356747
88411455
87316021
88487448
88617108
88445286
88332211
87060812
86664260
87050921
86615372
86507148
86463464
86323364
86751557
86048384
86433527
86350527
86337167
86111471
87110607
86643449
86974454
86717073
86610879
86081980
86693098
85728007
85056309
85973535
85979376
85769333
84821915
86000369
84614849
84772808
84709208
85752630
85827937
85786453
84847729
84689954
84737512
85929257
85590475
84793957
84649974
83457955
84373749
84409787
83478692
83541909
83466774
83442385
83195294
83604726
83576762
84017050
84227276
83157726
83975070
83641198
83100649
83065903
83449979
84243215
83230384
82913838
82153476
82265324
80860203
83023360
80805358
81501478
81473933
80669315
80618313
80922357
80882867
80823989
80755228
82898557
80779317
82927189
82232491
82202450
80633805
79990423
80214246
79818203
80180785
80544645
80296823
80264599
80058852
80007170
79773554
79746209
80337548
80532747
80079379
79562212
80370170
79801435
79721258
80031425
79973243
78804766
78260680
78964336
79518904
77523678
78932727
78361743
78327686
77572823
77739566
79351400
78774778
78699146
79388072
79468568
78905132
79409634
77718211
78744977
79437077
77444305
77134049
75511999
75404782
77397885
77157902
77428103
75631982
75537928
76634258
75572719
76661752
77375628
77099264
76592931
75601431
77386200
77463727
76568399
77416164
74181421
74641464
73843835
75041229
74700835
74171409
74829960
75374155
74663091
74386431
73920251
74945639
75311964
75298585
74650235
75353460
74718065
73900020
74355834
73807404
72435855
71554227
70849744
72480504
71765640
72859108
72021400
71733613
72846231
70949240
72404985
70815348
72728332
71585146
71566145
70933319
71960805
72890105
71987933
70899969
69040963
69922050
70300625
70174870
70176615
70190047
69746748
69278863
69012501
70282061
69692944
69903429
69769225
69474581
69044014
69736100
69722795
68879585
68859141
69681235
68379088
68403174
67857988
68079707
68082060
68363916
68425295
67788570
67779043
68535785
67812119
68396902
68559896
67771130
68109966
68351935
68448119
67902567
68054720
67883009
66047693
67513319
66831604
67200133
66795699
66025505
66010518
66781917
67756077
66051290
67548102
66867753
66811065
66883626
66078010
66512627
66493887
67186212
67173659
67483320
65151133
64714090
65853942
65590527
65948092
65273486
65687831
64796967
64728882
65195060
65555194
65966538
65572557
65934407
64666729
64695029
64520224
65271041
65172382
64754844
64321818
64192472
63200637
63150072
64200982
64288082
63406789
64511630
63937716
63991018
64251784
63945955
63538523
64225810
64500239
63519894
63179020
63117722
63103651
63075927
62077239
62195598
62288410
62063863
62717462
62260026
62225827
62081255
62364569
62740723
62055076
62347735
62326703
62088259
62306019
62163471
62148038
62947148
62764748
62127776
60526357
61173334
61094480
61052929
60466618
61074903
61217373
61185877
60509796
60267257
60242038
61202366
60222364
60291580
60199817
60553726
61063961
60477982
61038581
60495379
60063762
60017319
59981470
59688083
59569725
60020161
59555361
60123827
59602341
59588685
59073633
59576195
59662394
60014125
59990756
59641026
59999940
59613958
60055859
60041038
58478779
57965059
58060193
58053320
57928816
57770905
59067593
58454330
57852737
58430322
58375387
58365630
57526259
57982114
57944055
58476244
58393772
57910899
57895380
57814162
57375066
57024596
57310903
56833020
56983835
56835565
57242140
57065914
57396433
57333412
57361379
56876212
57256115
57276460
56811110
56955136
57050515
56815397
57412875
57293306
55487242
55992599
55987037
55949433
55925376
56520609
55848376
55544344
56537978
56409670
55560193
55862774
56016402
56769446
56392572
56748468
56354062
55532298
56793488
55878227
54008715
55041454
54030627
53989690
53976139
55104704
55129001
54075357
54133083
53959157
55152046
55082724
55012581
53804224
53947643
55026025
54114264
54135748
54050529
54139039
52913089
52957878
52541303
53260589
53710172
52520143
53147755
52609655
53163817
53749652
53134909
52423097
53774443
53729041
53298799
53281999
52932789
52584260
52567386
53236710
51186868
51846358
51232879
52170201
51308901
51215683
51997083
51202792
52096645
51267649
52074952
52147884
51406564
51195280
51385141
51244749
52195483
51426331
51440004
52002050
51176830
50684575
50661529
49668635
49621971
50695979
50186504
50153098
49837788
51038410
50867989
51073498
50881407
50200280
49633042
49645629
51062320
50652331
50167854
49849967
49552951
49530806
49219347
49076507
48751258
48789956
49065068
48763747
49403029
49548928
49515615
49586327
49483832
49452700
48777337
48769537
49468529
49603518
49245959
48757325
48463310
47748723
47937070
47919679
47610795
48508594
48035899
47910432
48021194
48313865
47920347
47901515
48568276
47722676
47666197
48457361
48259642
47702635
47628364
48469171
46979815
46960657
47208468
47234450
47587061
47434240
46886697
46998791
47188647
47332037
47224433
47402874
47265842
47181237
47596889
47249451
47045877
47593821
47344939
46927868
46806629
46779863
46087520
46840784
46063220
45942882
45923219
45341902
45910750
46079109
46068086
46835967
46433218
46132482
46793587
45643556
46145507
46866285
46823753
45623663
45308600
45117861
45105475
45300526
44884652
44873787
44830763
45328017
44823829
45037581
44982680
45081276
44975008
44858357
44690594
44495449
45051352
45318338
44832719
44964547
44458337
44205981
44440054
44242546
44250920
44076425
44119112
44070541
44103013
43978074
44063805
44332683
44096338
44233957
44220485
44130841
44112293
44428239
44058563
44339616
43086753
43638505
43963341
43843434
43954004
43452508
43438181
43235202
43466653
43216648
43851496
43873690
43649057
43836507
43724196
43167416
43075140
43183197
43121684
43662212
42745199
42881391
42522925
42762633
43022883
42907651
42870431
42781428
42856400
42812826
42838096
43035342
42917584
42823876
42708970
42686604
42695852
42672971
42513968
42794405
42439058
42187138
42454196
42487832
42425474
42423290
42354271
42473722
42380426
42369516
42346095
42256060
42170406
42158723
42390467
42476576
42360327
42266864
42413206
42401351
42106097
41736972
41713401
41702666
42128159
41939009
41923658
41687872
41765603
42116241
42124961
41854688
41997731
41929583
41904412
41951727
42148925
41913275
42138959
41756213
40891137
41670836
40832458
40813784
41520536
40852707
40876217
41509095
41675804
41533957
40822505
40863189
41390268
40848120
41114000
41518876
41104168
40838609
41383317
40615120
40585896
40592594
40313498
40320678
40579866
40309582
39968796
40577447
40358626
40341930
40569592
40471748
40332122
40540990
40553771
40547635
40046704
39954398
40040297
40560763
39608500
39575176
39447823
39694560
39632446
39786471
39701623
39590479
39619392
39424465
39799390
39460693
39116947
39099644
39851774
39433728
39711587
39437370
39583157
39859160
38815792
38669235
38476668
38689976
38697741
38430617
38465350
38453479
38729092
38798963
38682235
38444331
38436296
38602689
38590737
38706066
39069904
38486651
39088414
38424518
38412199
37132952
37408014
37428868
38042768
37391750
38059905
36953872
38337781
38419001
37139399
37124845
37552688
36946200
37892924
37191194
37899670
37397430
37181253
38030058
36478239
36432054
36932905
36158192
36690432
36669148
36462337
36680336
36446652
36171474
36659077
35973887
35953474
36420491
35963502
36926879
36910397
36905897
36443180
36919786
35750780
35300220
35439176
35470878
35246315
35426546
35413340
35232094
35456641
35708285
35736289
35797554
35308486
35214846
35420329
35222723
35829939
35765469
35465107
35447160
35179807
34593851
34502839
34280640
34242568
34552858
34957730
34966353
35188317
34976065
34560677
34980264
34254297
34493517
35194171
34816786
34584391
34268706
35206869
34232865
34080416
34221778
34053269
34148584
34139000
33955037
34035122
34001864
34209605
34103380
33941527
34215202
34015224
33956082
34114544
33962742
33987152
33975540
34125146
33949393
33830973
33617295
33709705
33589296
33747604
33777969
33649810
33740330
33627247
33845581
33725701
33713631
33638388
33789955
33814991
33804725
33857604
33781185
33762872
33625032
33462830
33477561
33361580
33471665
33135971
33558821
33050153
33075241
33122154
33548629
33083035
33065815
33099896
33037341
33568696
33457326
33340085
33145493
33350860
33112779
32677534
32665978
32638882
32618646
32800569
32834146
32846135
32607443
32894854
32817413
32871472
32884509
32660293
32595394
32582563
32831924
32511472
32854162
32907718
32651197
32297131
32428317
32287984
32345198
32335353
32357265
32190545
32438082
32305995
32312992
32408689
32389600
32181249
32323535
32280551
32398866
32417863
32386225
32208805
32199635
31392443
29134510
24255170
29072816
31405915
29144279
24252030
29077183
31364648
27216200
32095522
31379296
29126687
31359188
24274696
28626502
32174801
24266549
32084979
28639707
22864675
24248728
24237693
24233965
24077161
24044745
24095975
22871651
24056372
24049951
24066314
22894732
22879153
24245860
24062167
22888254
24089404
24225268
24072166
22866302
22540655
22532341
22519695
22853547
22384019
22362123
22347716
21733093
21715178
22514277
22525180
21737673
21719943
22355486
22558540
22370152
22377119
21725428
22549118
22859550
21709714
21672690
19754131
19723610
21667957
21687314
21480308
21483003
21680090
21465470
21631417
21692895
19748939
21486599
19741865
21483268
21473341
21493729
21476982
21468949
18772748
13459817
13458978
13305859
14840150
18793691
13467047
17199827
15887578
15882707
14831815
15875830
14855875
14826723
15869347
18767559
14866528
14847232
18802680
17203264
10396501
12988058
10408574
12515277
10392990
13298597
12517376
13012226
12994870
12503689
12524091
10425457
10412582
10404136
10399685
10417001
13007619
12537210
10421855
12509072
9791319
9774541
10147873
9778846
10151808
9789014
9785710
10134209
9672377
10138449
9775020
9677329
9794866
9782820
10274414
10146262
10142744
9673661
9686640
9683266
9272098
9553123
9296319
8915439
9554642
9302708
9280948
9254648
9028774
9260567
9326318
9257530
9555719
9287051
9265256
9252129
8919008
8907644
8911493
9278489
8788386
8795767
8777975
8785490
8296900
8283296
8279295
8799569
8775389
8293564
8274686
8904150
8782490
8804533
8807795
8287607
8277471
8271452
8792513
8772468
7567615
7283219
8023045
8021227
7278934
8267417
7836884
7356371
7840560
7834247
7566018
8027811
7603914
8025608
8263904
7255440
7257352
7360844
7286175
7255947
6201890
6379681
6228949
6947859
6862958
6186548
6206314
6865687
6197422
6868363
5947533
6871390
6210649
5701028
6941029
6937460
6188567
6111994
6944359
6113876
5349149
5372638
5310896
5028463
4679647
5693178
5683997
4753396
5032507
4899009
4759942
5679909
5086887
5308736
5306659
4676711
4890314
4674184
5318877
5315016
4471915
4474076
4410084
4332328
4585564
4411992
4406410
4529914
4399576
4462281
4392300
4390884
4494383
4531587
4336591
4607195
4415948
4338712
4398226
4477289
4249984
4253204
4242407
4136203
4142853
4325387
4257050
4140160
4001524
3972005
4133550
4264017
4328880
4272376
4321691
4131217
4003196
4266741
4262661
4245344
3814096
2729392
3320248
2818814
3421510
3522547
2992624
3316715
3847172
2820211
2815490
3883452
3811100
3523976
2732802
2822624
3816705
3968618
3314205
3311793
2375899
2584489
2373504
2552607
2372182
2518615
2491170
2491772
2587840
2374717
2538613
2585423
2491667
2535558
2371081
2544903
2542699
2728070
2536728
2546702
875756
814616
890127
746884
1104502
707297
757616
705086
893954
875725
876236
816477
754528
2369131
822249
752441
878251
841269
875373
818838
