1190155165
1192440217
1190834204
1195283410
1185527430
1190722833
1190936746
1190493996
1192596505
1190644602
1183739415
1195149499
1192343793
1191896923
1196495122
1192842719
1195029143
1194588961
1192700027
1185630390
1181090974
1180909585
1183399419
1183133992
1182319598
1183263932
1178824225
1182611290
1176948280
1183669623
1182773616
1183531892
1181195154
1178646258
1179165038
1178742873
1178487359
1183615423
1178951888
1181312346
1174158278
1176064350
1176190485
1176540946
1176747014
1174746735
1174541426
1174064507
1173868146
1172888451
1172617382
1176843656
1176643768
1174642173
1172767790
1172996493
1174327388
1172687371
1173969751
1176381311
1168833545
1168596298
1168410542
1169938713
1167666531
1167275900
1169807399
1168953047
1172218672
1169631710
1168485102
1172455269
1167740023
1169424543
1167397440
1167545877
1171692495
1172351234
1168678739
1171809749
1142721405
1155704949
1142923434
1143079645
1144214349
1144422480
1167191373
1144306519
1142990942
1157030278
1162258900
1157117918
1155840954
1157286158
1156055076
1142823142
1162355661
1144562468
1157193859
1158958660
1142265155
1140420946
1137604812
1142535640
1139576100
1140540517
1138309024
1135926822
1138611195
1135219062
1140647096
1139160990
1135800847
1142336020
1140285787
1139701802
1135682029
1135342617
1135526427
1135618259
1131146688
1133090380
1130414862
1128450449
1132846493
1130512130
1133202658
1131101178
1133309561
1128588019
1128336617
1133403648
1132973737
1128719740
1130610969
1128208184
1126954060
1131252468
1128649008
1130223558
1119195531
1125522954
1118443805
1125382649
1126843305
1125133364
1119599063
1126446433
1126740041
1118211661
1119477981
1119753514
1118994771
1118070838
1126485116
1125633845
1125239609
1125009098
1118819390
1118335683
1112089240
1115674248
1107033950
1109349660
1109130751
1108829699
1113254304
1111365957
1108589945
1113869971
1113165227
1105984205
1111462782
1108394922
1115767283
1112048765
1108702946
1112154900
1108936208
1105896159
1101525141
1101708856
1105417821
1100040559
1098592118
1104703116
1105290849
1103168705
1098504210
1105494164
1105576398
1105343657
1104629451
1098730835
1098422394
1103049763
1104391917
1104305443
1098885810
1104534985
1092886313
1097005347
1095072354
1090053489
1098201464
1096409134
1098331820
1096329750
1091312745
1091078995
1089970103
1098163099
1090170416
1098269806
1089891150
1092812006
1091185660
1095331693
1095227187
1087823859
1077969588
1082019983
1078297513
1078399529
1083908375
1078139348
1085927552
1086069926
1087435257
1085590021
1083778331
1082260242
1084016936
1082116528
1079982162
1085769527
1087594958
1086216943
1087519886
1085668336
1077866510
1077722097
1075217637
1077498122
1075111577
1075042013
1074839339
1076562443
1073759143
1077593668
1075610593
1074913457
1077554766
1074801812
1073859834
1073508092
1075780166
1074977538
1077435307
1076108727
1070962291
1072323316
1070559120
1072546346
1070693756
1071254996
1072554465
1073102160
1071396037
1072974704
1071475833
1072256644
1072651618
1071107765
1070391022
1070449477
1071728847
1070827207
1073296773
1072450051
1069160858
1067280284
1064972247
1065064136
1067090973
1063135204
1063026390
1066813202
1067397632
1066938435
1068870705
1065180476
1063316829
1063229503
1068761321
1067203163
1066709727
1065295975
1065521543
1065377015
1062755663
1055542196
1057783976
1053681021
1057702111
1057548498
1055695707
1055089380
1053368322
1062913683
1056686733
1062676762
1055200341
1057934463
1053543189
1062831890
1053813351
1056775516
1056832551
1056727046
1045249428
1051288921
1050662832
1051058811
1049597525
1050808377
1053144744
1045013091
1046162014
1050728581
1053251480
1045457008
1051166445
1050884414
1047697404
1053057595
1047560532
1051009158
1047408533
1045368554
1039342429
1042626947
1042518900
1042927204
1041423097
1041324029
1043028356
1041927019
1041114476
1040273740
1041705975
1040057035
1039776521
1041207244
1039588762
1040562110
1042823186
1042091498
1039445333
1040162166
1035636801
1035760309
1036814249
1032054832
1033712413
1037865833
1037129705
1036724848
1036008294
1037314301
1033878163
1033559766
1035851935
1033791261
1037649607
1033218543
1037439709
1037779443
1036987629
1036903693
1031579880
1031476383
1029926987
1028623673
1029584676
1031865770
1029047460
1028044232
1027974427
1029774698
1031951968
1030057744
1031314429
1029485178
1029313051
1028900596
1030164150
1028653043
1029148070
1028757219
1023085774
1024624760
1021328839
1022713892
1023162029
1022856208
1027419765
1027882346
1024319334
1025063893
1021223140
1027536676
1022610318
1024491329
1022977468
1027764066
1027677340
1027147929
1024793401
1024945277
1015155256
1019066240
1021135272
1014995223
1019207965
1020550819
1019500081
1014915650
1020868442
1020766816
1019403412
1015463346
1020643999
1019295565
1015750820
1015343916
1014731503
1021014354
1018857265
1018930699
1012878787
1010898827
1012208051
1010839551
1012702596
1014602696
1013137304
1013292682
1012496672
1012990754
1012111419
1011905353
1010632655
1010204637
1014487042
1014139683
1014263714
1010028121
1010969154
1013390185
1007549876
1006138162
1008461700
1006493329
1005578723
1008372748
1006033372
1005716975
1005951046
1009694413
1006407386
1009798892
1006246058
1008127655
1007645232
1005838625
1007885588
1009531041
1007772110
1008262775
1003528379
1001794624
1002254873
998981289
1004157349
1001946758
1003679583
1001482456
1004271240
1004349274
1002164436
1001214642
1001381083
1001137585
1002055368
1001032770
999062617
1003924398
1001620998
1004057414
993255491
995000647
992567619
990611269
993148105
996556075
996180176
988914044
992769598
998398105
990352475
993361139
992455072
988998756
996315158
996254330
990488764
996444555
988756606
998526838
986920993
988363164
986803945
987068736
985046938
985313101
988483136
987207115
987578008
985720029
987527823
988419924
988625292
987321546
986600832
987457959
983193116
983075616
982977066
985167808
973385768
981969971
978164826
982884690
981213222
973350807
978459603
978255580
978569682
973313978
978681351
982814049
973262597
982667521
981262706
972930026
981181027
982533058
982057395
980184309
962450846
958402363
972849824
961981203
962041062
960870999
958228814
956714081
960590128
961618063
961854064
961675520
960702873
960800028
958530988
962249068
960499003
958119161
972747183
958699097
950166660
952907842
953073340
955147726
949797570
952845806
956276728
949550270
952704863
955256809
952181835
952785952
955196385
956544090
953230456
956425404
953131914
952749079
953004515
949689237
939537132
942920749
947694568
946828722
937151205
936939284
943759483
935039035
943823149
939723596
949432359
947805041
937033720
937272707
935579156
935503170
944262814
935347218
935218255
944449824
931820495
928964483
934928835
929376114
932984133
933092020
932902839
931434220
933971620
933234598
929819901
929684594
928859726
927587863
927472114
931584972
931694392
931315397
929511299
927715767
925529166
921125429
920038980
919966164
927337315
919901935
922877500
922576322
925296181
924700515
922763556
922680823
921615040
921340514
925031384
921307395
924520402
925449548
925158549
927194188
911945667
910963366
910278960
917708727
917400275
910345824
917539379
909830594
908686615
919028367
909493304
910786179
909741876
911122030
911677031
910438765
913118919
909620395
919744045
909399799
907434358
904918724
906213912
905007068
907252047
908261964
908157342
906607910
907201811
906770140
907312061
906007517
907140572
907405560
908356489
907370438
905088901
905153498
906089295
907071945
902701466
902471863
902945221
903057021
902588360
902341747
902171155
903127516
900809543
900647422
900445324
904308924
904662090
904772371
904498053
902849511
898889859
900949618
904117395
900277122
894000618
895341253
895258267
895651826
894552314
896022557
896724599
896403274
896607149
895742210
894348469
894126517
898565247
896165056
895940306
894447527
895858136
895569312
895160378
898708117
893826967
893562555
893690033
892881427
891702207
892994818
892128756
892681370
893442399
893357351
892793958
892257023
893311931
893215489
892195250
893729729
891875319
891604751
893068444
891963533
887320492
884490447
889395098
889599536
889080823
884619831
891228661
889244103
887611981
887200321
887124957
889844347
886953696
889684591
884537025
887018548
889769292
891380836
891078094
887492700
883697276
884327518
882574855
883223726
881600546
884396854
882479636
884452534
883421182
883024774
883665499
884429891
882531270
883787946
884305082
883497410
882895704
883103410
882415246
883619299
877878453
877713081
878262871
881039378
881239072
878906962
878395228
878135120
878053458
881470030
877779714
878538700
878717462
877966750
876471701
877649539
876328711
876552729
876181181
876665796
875928000
869667274
869604883
869515642
871317753
872291469
869439157
876058963
871390825
872795901
871362131
872529922
869872245
869274536
870828345
870634603
873791057
872453845
871257945
873954847
866136583
867385492
867806232
867023786
866178193
868032149
867520426
867954395
866905391
866804992
866224675
869060879
866547593
869183108
866718274
867859511
867652530
866618891
869077623
867264019
866009490
864208001
864077145
863815103
863347550
865538297
865154047
863743218
864165011
864024438
865849296
863657933
863585790
865938161
864133660
863055151
864901119
864288847
866070408
863247360
850627983
850676792
861630792
853696272
861550404
851508313
857545433
861263083
852142271
851870492
851661785
855905791
853875429
850543216
861476120
861897125
861778568
861714098
852018913
859635306
850084249
848296808
848217171
846466937
846205789
847793886
850328515
850274342
848442721
846395997
846550649
850166040
847923281
846716399
849917028
850470171
848378003
848089427
846639367
846270371
839815123
845996515
844799607
842113045
841389765
844745746
840946184
840786357
841346707
842199168
842390003
842349192
839935184
844641640
844513070
839866319
843266532
842256472
846094743
841081813
839422729
839547737
839148513
836352279
839563526
839331742
837507181
839769728
839276727
839700156
837247357
839235370
837371855
838791804
838525593
839624513
837544895
836285100
836449320
838670003
835375811
835202735
832381740
836229986
836084464
833615895
835415748
835318343
834711771
832740056
832475257
833767254
832527809
835488649
833396565
833561901
832417094
832692437
832803605
833508479
828435691
828179983
830882462
831566876
829590636
830792160
828262855
828374909
828314939
830725117
829460057
829917819
828518644
829737237
832336244
829815478
830015737
830960330
831073254
831649447
817465042
823095039
823674110
822980854
818142040
821115575
822889828
824205902
820462299
822452348
823036703
822554927
818640455
823753754
818727260
820518780
822939305
824134348
822504905
820630554
817199779
810290158
805551544
812459092
811087249
811182604
816934495
810068963
817297825
811259564
816863031
815947417
817426505
817261936
817336839
816307623
816098260
817375323
817011041
816021214
800861663
804774963
805375031
805304387
797571308
800969843
804951891
804562651
803004981
799192793
804632863
804757711
799106422
800748395
805490239
805216492
805087513
804486309
797625390
801048417
796954988
795614459
796796887
794354130
794450737
794656293
796876611
794406083
793750328
793694164
793638734
797196832
797430467
797038375
797498799
795741134
797321009
795686161
794726083
794544801
787580117
785841725
786231658
787286325
786543017
786437036
786797587
786291450
787034035
791508635
787472704
788173999
786346568
790870766
786677248
785814681
787396755
786863306
786761581
787528925
785654387
784714039
785709468
784942043
785747981
785587822
784454630
785795279
783803408
784846591
785367444
785503276
784601061
783826041
785118096
785036204
785302340
784500972
785429734
784396002
781106732
780992768
780119520
783080113
783672147
782758498
780300177
783494979
783713815
783431213
783205341
782659703
781508694
780842481
783561317
780253818
781555953
781275302
783343626
780337879
777961141
778206559
778096938
776304551
779082801
778058716
778243755
778278052
779281560
779176875
777184109
776439901
777815374
778154336
776475905
777105746
776365821
777891390
776402644
777713099
774578467
774687152
775764558
775854276
775659301
776239649
775483207
776035110
774534376
775537337
774756041
776088532
774614565
776172479
775902879
774729658
775412790
774646348
775255552
775598964
767047342
768128516
774504062
765620338
769000685
768063411
765395330
768191185
765543081
766776728
774453906
765691096
767991692
766984544
768797170
768889464
769160906
769065009
764278654
764248785
763257533
763624357
763494265
763398177
761984387
762151686
761537101
762065502
763477630
761890170
761702243
763721425
761448397
761223374
761282508
760570819
763322950
762221128
763825179
761355557
760544213
760517478
759577120
759148232
760252822
760115063
760054547
759467835
759306297
759686942
758169026
758085929
758420408
758470731
760484583
760336827
759399751
759233479
759967644
757494576
754165386
754460779
754375766
756291079
756390136
757332724
754699916
755246064
757279754
756605847
753189672
755327897
757433725
754768049
757377681
756473875
755294852
754627618
754567172
756547682
752078863
751492806
750629489
753136399
750884485
750399414
752552986
752223003
750792131
751429912
751635811
753161113
750719145
750321489
750195429
752403349
751575028
751721785
751787653
752123014
749733075
748307786
748378861
750006206
748817206
748716351
749675218
749550202
748507379
749939660
749650907
749794030
748902816
749604235
750069753
750124979
749018634
748591424
748262889
749875418
744450699
741210373
741425565
744813580
742715481
741112016
741024499
747481513
747441656
744696983
747407135
744952882
741352181
740562384
740492754
742847881
742969918
744606650
740437879
744262818
738352670
740087114
738430541
740032597
740286371
739407422
738309467
740000429
738143987
740146269
740339819
740389015
740251531
738178929
739499527
740195653
738261865
738391146
740116720
738229834
733647950
738101062
735244082
732872330
736082545
731953747
737307469
732557195
732452442
732642820
737446652
737565247
732331843
732788123
733740906
736999449
735148952
735027877
737116098
732205515
726144007
729815607
726706056
726414697
727899530
728544363
726358828
728977647
726206116
730063272
726083040
726260558
729728781
727876613
730016147
729876437
728806181
726810779
729923160
726513094
723921476
723977707
723771728
725342375
722548337
725258504
725166370
724022910
723209416
723092642
723689455
726051840
723460501
724053808
723843979
723591227
723348344
726008192
725965971
725387413
720250371
722223546
719880492
720189711
721045822
722303353
722270030
722180224
722125699
722059094
722017552
721878150
722354533
722380108
721810007
722502672
719800456
720963932
719507814
722434017
717655328
718084662
716361755
717892854
716098874
716147313
718163283
717954751
718026421
717793583
716450794
717739875
716287749
716275716
716222257
716394697
719289822
718199723
716336623
716301355
716030488
713552748
713643643
711988024
714309326
715967497
712399104
714380233
712534529
715789863
712258912
715887443
714434567
713365304
712346084
714337995
712468447
711852620
711753634
711667761
710477133
710601558
709831457
708630120
708667972
711405767
710222457
710521211
709624884
711551394
710493111
710379000
710296407
710559305
710138601
708701042
709946473
710056401
708590572
710423118
704640322
706694619
706589771
708352297
708549589
708485161
708277256
706553049
706383348
706076611
706739653
706658260
705798771
708185447
705675573
705931096
706513994
704609820
706620354
706432677
704542462
704370573
703862428
702461071
704232057
701800806
703947500
702525385
704570995
702126428
701938640
701621451
702050351
702589015
703741086
704321478
704043168
704421746
701714233
704511968
700716006
700511213
700668749
700377836
700240703
699844264
698913132
698785997
700302044
698827606
699746467
700129800
699960456
701569259
700577778
700441036
701518958
700617016
699631138
698864579
698645657
697754779
697685350
697533949
696537385
698113131
698753226
698582803
696251221
696717973
698007344
696424546
696134829
696801399
698268712
696765646
698510143
698699207
696663397
698406437
693483782
694892800
695797022
694968350
694455844
692829160
694372878
692683712
694537506
694733458
694928159
694297578
694113018
696045743
695690163
694855523
694618247
694203719
693751692
694818602
692042191
692445923
689794662
691391942
691911868
689662898
689855305
691725804
692305288
691152119
692580656
689919524
691559010
692526316
691020471
692639961
692535627
689921870
689731206
692206856
689263808
688165882
687955946
688850916
688056078
688757763
688027843
689601413
687712338
688939697
689404115
689500456
688112477
688003310
688137001
687766515
688091644
687906302
689121715
687838671
685539522
686262165
686052964
685683794
686162078
686097341
686192863
685841960
686228436
687646853
685368321
686131154
686007650
685780517
686218983
685925662
687481323
685456597
687582420
686254257
683696369
679281524
681626465
679795509
684873012
685241551
679485997
681515282
685352918
685169562
680157574
683561134
679913662
679393135
678100928
680041488
679658367
681889039
681734683
679187517
670225336
670665406
676026317
674201443
670572912
670787984
676588824
675883231
674275016
674115832
676353494
676443930
673983228
676692827
673882201
676647673
676504994
670489523
670365399
670320398
668069896
664297619
670122163
667961190
668063369
668034146
667876820
667800974
667605586
664732744
668774982
670189332
670076762
667905859
664423126
667687550
668102798
669724761
669531931
668135754
664224791
660869752
662213567
658642045
658366009
658543299
662944050
658423744
658605803
658503752
660777732
662591030
658684146
662189014
660987323
662332063
662411965
660924445
662282556
662704317
656976704
656346188
655558581
656785203
655522527
656162552
656877079
656601968
656487458
658045544
657881876
657018312
656267096
656045664
655893378
655867277
655812739
655450892
655504433
656741159
652960638
655174732
655428557
655249458
654262822
653303327
655077255
655320475
652653163
652746998
653216099
652328711
653127459
655370485
653051531
652857396
652265562
655414320
652568812
652473865
648935566
651476837
651922250
651354432
649037176
652005720
650318443
652069929
650021291
651539113
651427297
651600765
651296089
651220950
650044594
651506452
651571363
649975154
649247570
651963707
644125607
645686296
644631997
643442816
643865008
645815081
647369877
647830336
646449903
643391658
644771680
644721785
643959931
644189091
648596234
643501925
644845435
643910098
644470179
644567274
635390809
635120573
641450193
640945702
641629428
637270702
637137302
641524608
635269847
634902616
637692230
637438779
643293464
641384565
643350248
641069938
641583011
643205813
640236431
637503190
634778182
633927614
633365225
633218611
633260539
633050470
634830876
634689675
633004127
634561978
632956534
632362662
633433779
633169920
633318440
633593469
633817027
633512441
634608296
633129357
626889878
623947792
631557977
623432769
632169065
632251106
631957091
630002579
626072646
626739267
627963860
626305320
624041431
623841242
626107768
625381568
627883887
623680538
623532298
623471073
620135627
620064366
623359104
623111741
620770461
623273802
620087204
623088159
622248918
620175199
621992510
623152719
621721078
620153391
621006304
620885292
622044938
623301903
623048470
620540094
619071413
616677060
616619791
616583131
615019897
616689445
619357057
618489870
615191223
617687668
617783893
619186862
619114619
617318695
619294209
616645535
618998281
618900315
617202300
616729066
614109743
612529926
613857067
613712886
612061276
613681294
613625262
612493608
613034364
614052765
613553381
612904121
613968184
613791904
613755184
613650744
613823399
613903835
612109185
612138978
610771065
610052250
609302886
609836292
608824889
608721882
610829851
610860649
610900560
610332822
609934986
610946463
611027949
610749646
609321730
608579450
610726189
611987206
609748167
612025667
605639632
605733658
604890245
603556393
607691345
607553479
603312476
603228975
604984514
607509227
607782699
606948950
605899350
607638672
605829110
607736040
607604801
605767884
607821258
603468460
602319007
601295501
599591567
599498376
601816966
601170019
602394758
599231805
601332752
599334821
601257431
601403858
601364675
601181742
599653757
602837566
598396974
599715175
599724522
598423390
597932995
594528829
594464325
594469689
598235248
595895572
596534592
598187202
597660821
596581820
598287478
595813744
598369308
598313249
594753196
596649160
594702757
594660489
594582050
598340781
594025694
594356675
591910298
593394685
593336988
591251781
591938927
591797010
594212461
591178759
594135165
591336922
591121152
592073584
591734214
592057471
591388510
593398295
591846031
591052044
590667911
590568080
590698583
590191764
589262037
588643094
590528161
589345605
590626677
590461786
588980794
589297052
589323526
589128310
589230200
589092846
589025502
590723707
589184726
584926482
581312779
579989564
579862452
579793986
583667169
579691375
584611903
581592134
583438067
582477666
584735858
582786129
581253711
580058535
581217269
581857825
581738019
579742050
580555035
580448898
576632140
576737544
578439957
579019399
576880704
578618593
577344518
577919196
577417192
576690556
575650451
578726175
575749823
577819557
576659934
577978511
578578549
576769697
577865056
576815820
570499649
571588872
571512642
571629954
573888951
570415744
573806719
573629400
573980163
573551308
573248183
572283934
574099623
573720163
573450558
572067574
573351778
572187914
575364098
572371549
566925471
570126001
568726401
566594924
568266573
568147709
567454936
568217554
570368552
567414586
568374495
570186935
566519450
568949956
570086650
569160694
568905748
568070166
568428033
566949189
566322298
565759361
565608586
565499020
566459372
563531252
565563187
563082975
565442990
565878213
566211336
565383864
565710345
566392299
565193021
566262957
565898029
562784628
565813363
563667891
562333111
559733922
561811030
560914230
559997756
559605355
562375090
562039881
560957778
561403458
562186744
560692805
559685289
562423431
561954314
561874486
560612778
559965822
559788680
562253894
559017000
559105673
558408345
559276998
558120353
557904530
557735709
557693935
557934701
559201911
558345551
557629068
557661575
558972831
559153188
558943253
558461680
557841373
558030659
557775524
555726109
557605362
554363958
554235860
557393827
557332962
554090134
554278386
557418048
557367520
557290623
557437637
557464210
555652757
557478365
556234218
557575831
557451931
556205178
554326293
551178369
551062316
552225920
552570251
551571788
551609124
551954330
551130204
552528330
553371140
551210375
551524136
551461926
552278204
554019850
551678643
552091984
551490864
552606581
552135084
549732707
549659079
549400910
550308351
549329250
550733793
548981621
549079584
550421254
550480315
549262430
549040288
549580792
550845066
550785734
550566232
550168776
550256179
550698552
550209337
548297315
548092068
547651476
548832717
548234597
548887161
548807536
547608336
548388233
547809100
548924028
548764376
548354758
548785046
548174378
547742854
547585890
548428596
547548676
548863519
547174140
547242020
546346086
547096675
546365480
546237008
545685499
545530230
546388995
546303108
545619875
546916710
546717205
546277194
545422050
547206732
546426946
545746164
547508067
546831009
544958715
544869737
543552052
543311141
545356606
543945929
542434368
542117385
545035524
544762813
542026084
545114211
544828686
543204877
544701327
545259705
543788080
544734852
543874813
543693983
541123319
540654793
541365404
540444363
540395546
540468831
540041971
541234634
541179988
541076283
540848854
541889728
540539951
540574100
540599792
541299238
540414137
539983158
540745692
540499160
538633824
538202577
539263793
539122206
538495880
539544782
539220539
539453760
538145576
539915140
539401252
539826874
539319535
539613835
539778172
539155697
538323026
538047047
538425225
538646663
535594843
536672420
537992298
535434429
536899756
536949389
536611344
535762823
536637681
535509611
537952876
535896439
536544515
536707384
536013647
537903824
535827740
536076087
535671834
536581598
533645568
535059612
532740181
532510956
533545657
533368165
532222519
535318668
532656838
533796093
533482037
533863876
530875754
534964637
533592265
534330086
532347020
531372320
533429744
531049549
528536571
528470150
530384176
530610507
529191451
530258628
528957160
529102361
528729993
528408119
528363574
530762730
530456897
530312793
530520288
528854843
528802101
530654573
528588634
528636769
527473349
525908969
527067297
527140677
527562873
526116801
527096295
527500272
527171602
526997356
527461554
527445181
527284312
527381202
527035753
527234387
525863523
526199120
527484319
527434790
523863937
524677888
525766002
525681852
525655805
525837823
524915952
524770462
523918119
524287416
525622728
525727452
525796280
524835155
524250931
524109439
523801609
522611280
525608473
524021635
521716173
522361089
521910747
521284006
521891323
522506485
522084747
521863701
521777293
521962227
521196442
521925779
522462959
522269326
521324737
521238962
522174672
521567783
521493401
521431858
518273932
517453501
518341480
517468975
521153257
518636255
521137748
518731336
518401232
517333432
518801533
518222730
517143837
518922742
518478753
518428406
518306019
518582906
517563200
518531948
516151065
516082277
516631553
515622400
517020104
516743272
516324556
515568242
516506437
516103291
515135531
515198824
516823367
516756449
516211130
516064838
516366657
516275822
516461762
515272053
513251979
513432679
512567899
512173543
515066816
513347043
515032770
513384357
513227802
513201636
513308822
514912155
513165859
513141058
512272800
512055713
513572282
513485875
512332877
514957197
509119226
507740361
507648287
509810519
507701465
507787439
507929490
509312216
511978434
509569709
507594552
509433340
509173722
511923806
508006956
509271695
509679626
507864064
507566903
510698762
507013086
507060789
507037500
507533586
506960377
506897513
506796813
506866248
507131615
507514748
506829738
507106568
506987561
506765472
506700190
507370631
506931747
507086140
507449408
506733359
506654867
506582882
506261994
504415050
505997656
506396386
506431404
506067383
504630840
506208876
506549591
504167719
506306607
506503286
506623023
506130862
504985992
502642861
506470846
506366708
502011969
501324268
501928068
501582494
502254286
501510072
501897195
501780759
502216008
502088810
502279534
502489681
502469057
501743752
501711553
501966755
502235828
501684615
502372953
501434399
499179106
501289380
501217970
499134100
499085037
498398337
498293969
498196882
500228138
498173269
498144469
498229846
499110145
500169790
500108644
500061080
500276762
499228912
499198610
500317918
497168981
495503748
495748018
495870086
495912687
495797642
495676952
495638314
495838315
496520808
497238304
495445384
495889885
497725001
497642667
495583086
495380904
497716406
497738200
497689617
495196676
495087685
494887674
493915037
494060444
494779795
493774218
493697174
493634414
494155578
495272322
495331554
494027536
494909685
494123785
494729119
495018638
494098013
493950128
493841482
492100969
493556809
493350048
492264317
493079348
492026203
491790572
493199465
492232309
492343060
491951671
491676224
493617247
491420130
493262606
493446446
492210140
491561181
493019987
492159716
487901358
488738044
491328334
490518618
490479133
489565593
489478748
488650262
488032140
487967078
488069741
487766756
491165521
488148289
491222426
487834496
488678155
490434670
489575866
488712508
483933914
486214468
486628115
486564491
486300000
486691539
486395574
484413902
486261895
486344427
486184070
486155423
485353063
484129045
483636456
486132189
483188249
486770132
483999143
486188554
481455443
482904628
482824080
481892952
481675225
481420775
481235503
481175288
481770993
482949161
482879125
480785916
482775249
482928785
481713521
481381966
482854814
481404062
481351344
480722749
478981673
479169569
479071331
479407298
478162574
479013684
480470106
480604666
480563860
480427338
480434029
479518166
480507626
479953651
479019715
478978585
479349178
480652744
480003552
479109445
474386628
474348512
475343975
474966619
474470139
477992756
477921838
475260497
474433565
475446426
477812015
475073931
477852221
477315423
477370611
476385746
477778501
475204066
475129986
475018003
474061819
474013637
472347274
472061354
472502660
472493918
472551303
472422366
472617062
472112864
472018321
471989894
474204139
474137391
472253237
474283550
472199896
472109286
472148381
473925084
471926659
471102833
470362558
471953977
471232940
470652746
470699221
471158469
471224932
471037777
470993183
470871719
471493144
470940568
471901940
471339288
470818352
470756916
471399077
470613377
470103156
469443182
469771162
470333732
469611489
470302605
470193257
470247338
468808899
469472176
469421983
470021335
469708184
469560403
469870328
470110180
469819390
469502469
469669793
469921257
468736727
467224367
468686474
467597317
468610760
467279672
468208660
467030941
467353325
468112667
467460486
468332046
468168034
468539463
468259377
468073690
467409452
467092706
467566577
467513290
466881404
464609878
466487839
464819333
464762544
466417534
466185261
465748113
465713955
467000335
466950266
465900718
466904416
465817418
466545489
464541001
466027094
466357219
464486239
466249842
462736257
464042853
462505777
462575810
462614483
462662899
462425615
463984526
462412695
463895873
462386339
463954476
462520639
462457174
464400559
464135474
464081923
462648886
462353349
464201501
461151535
457959334
461526742
461656278
461185944
458030377
458084863
458717915
461358134
458613793
461302565
461259149
461389248
461732985
461226379
458746531
461587568
458686301
458657993
462324628
452875258
448500331
457812732
448271558
457803601
455885965
448345400
448208263
452963562
452440086
457919487
453866198
452366016
448124154
452373959
455785423
454610647
454523152
454492868
448438080
446303161
446506596
447962082
448017183
448002950
447689141
446960557
446751011
447088226
446387044
448083395
448034003
447990618
446345004
447022388
446886915
447662400
447976254
446812377
446438923
442390912
442574225
442631022
441461849
441630008
443973731
443745654
442441982
442060840
441587994
443912854
446098828
442161002
443850602
441669635
441494455
442506492
440028761
439979163
442696902
438562952
438099569
437964497
437909925
438233470
437259619
437183605
437100110
438180582
437999133
439796709
438611712
439651258
438160462
439905636
439529325
438196989
439597532
439855655
439727200
430323101
435818867
436970750
430222942
430154052
433589252
435387888
434046610
435523566
430131212
433866398
433661325
432487430
430254065
430397259
430289329
430357592
436862093
435742391
435309338
426921009
426870010
428131562
426789399
426566119
429223062
427671509
429101132
429170343
427959920
427714363
426291830
428083720
426440146
429274113
427768479
429435510
429357059
428016610
427628923
422112650
425527982
424536426
424229733
422983387
425946297
426059176
425392459
422803136
422218391
422343399
425240405
424348170
425328451
422031817
425297156
425138157
425978931
425447959
426013563
417592915
419046718
417052224
418083577
418017037
421809418
420677893
420954535
420214270
420533375
420816195
420286345
420726978
418942888
418153253
417696961
420389481
418846987
417728206
417638021
415710271
416492679
416275496
417009737
416313826
416766451
415759660
414553504
416208260
416225581
415658359
416682550
415407620
415369207
414689089
416253952
416612624
414635026
414623995
411941657
409728399
411134642
410115697
409039953
411175011
408624462
408561931
411326221
408099152
409195058
409060016
411139569
411889024
409682308
410279644
409648556
409581248
411374136
411202744
410177747
408081086
407573374
407525604
407162552
406486890
406303184
406494238
408000470
407608258
408016053
406564315
406515563
406297466
408047804
406378863
407699177
407660549
407657148
406438716
407116969
405042221
404128292
405988268
406026231
405931757
405506389
406223731
405285332
405356192
406142388
405455748
405486096
405322999
405246951
405523672
405417228
404945550
404874456
404092558
404995208
404050134
403631902
402909775
401867021
401717466
403542790
403280841
401660230
403715212
402793293
401539875
403477446
401478285
401297324
401472113
401825686
403234643
401759355
403616161
401337503
399161115
399855896
401254021
400216654
401155203
400996692
399984625
399300497
400560696
400019256
400045303
401030167
400628158
401069342
400157794
399887602
401197076
399235358
399965365
399839947
396458084
399095068
396558469
397910343
396837008
396636835
397959415
398999838
398968246
396737689
397140622
398006624
397673974
396845911
399059454
397083732
396405813
397113703
397595913
396309942
393952918
396031571
393760723
395170510
393694218
392579919
396167070
392865671
395992384
392935746
393679335
393133110
392597570
392792142
395230184
396229013
392909815
396107850
395301571
395966194
392040429
391351305
391276811
390709597
391875586
391966401
390654643
391745838
391905384
391857838
391826228
390721062
390692693
390617647
391286542
391862587
391964818
391480673
391419272
391929513
388199240
390144632
388915658
390464833
388878002
388188573
388606878
389000304
388383522
388210192
390415979
389057331
389888398
389129915
389838964
390064390
388273248
390564153
390365434
388491549
387998722
386974259
387045801
386767750
386377776
387238268
386226687
388045824
387531137
387113002
386675347
386141324
387496716
387447793
386599888
386490273
386288846
386877237
387402556
386074800
383342580
384115950
383474610
383528080
383296085
383545107
384166586
382347014
384198633
384100427
384050807
384447041
382379966
384556757
383117440
382934948
383386130
383247848
383482635
385188144
381294959
380878948
380929906
381068612
381757180
379059221
381820322
381733635
381254999
381111449
381004717
380125793
381789998
381213267
380922580
382183500
379114749
379030723
382234572
382286486
377709088
376267381
378853585
377565389
376221437
378553029
378907978
377810622
377758468
377646054
376324408
376170820
377765379
377872869
375981658
378749058
377640222
378965489
378486181
377480932
373334200
375800036
375749482
373957199
375903196
375123882
375003331
374640581
374350167
373276631
372818381
374304891
375918974
374253961
375681334
375427562
375086416
372801396
375516684
375738192
370646048
372020352
370614178
369258535
372745556
372754196
371958357
369211671
371819748
372779259
372684320
368253428
370688470
372405313
372086049
368188175
370685439
371928095
372456851
372638127
341909116
366243993
365990602
365945747
366473219
362156103
362237914
362228263
366287050
365563840
366169021
365383404
366494670
366139074
365171530
365137601
365498928
363947315
362335174
350489134
306034109
277406087
306087084
288394774
275617944
254535695
326858321
288304490
282552726
306072405
327885041
282595462
278806716
327853258
277472288
326806103
253672679
327887737
277346754
253723252
245331589
245496662
245642458
245562604
245685356
251796259
245319372
252352285
245233006
251698586
245186006
252374886
245457690
252289032
245389234
252292258
252259504
252317097
251754128
253620626
244719812
244609360
244255889
244279795
244322021
244469746
244034901
244360555
244319575
244862504
244389594
244251022
244679581
243895685
244298423
244200883
244393341
244225642
243953349
244002669
243847623
243531333
242792510
243754199
242830494
243559536
243660971
242979894
243638513
243198331
243495278
243697409
243144245
243120837
242930859
243606287
243042320
243082115
243600289
243474526
241977027
242011150
242359098
242703919
241791812
241769667
242338924
242353107
242295762
242613161
242263554
241815009
242088990
242056327
241772985
242762090
242743586
243223017
242008303
241921961
241052328
240547898
241452824
241334304
240644855
241380767
241027649
240980507
241896050
241847076
241230744
241005391
241331396
241084448
240945203
240606237
240500823
241299819
241411138
241264470
238965085
239096514
239413082
238906516
239436104
240265795
240225280
240401639
240189436
239775278
240453506
239701805
239783067
240147427
239839772
239733973
239057186
239385238
238990879
239672258
238626636
238292246
237900006
238009340
238595004
238813813
238095786
238701339
238748030
237888718
238863659
237861299
238538378
237833408
238312610
237814664
238052377
237936374
238563161
238728822
236790421
236601274
236319315
236298122
237753193
236557116
237706637
237727800
236830176
237759430
236587422
236497852
236620465
237787295
237670981
236473684
236437943
236530327
236396410
236361790
235663726
235009187
235820909
235814105
235770218
235720445
235284864
234976452
236156457
235367994
235232147
234932908
236169884
235364374
235318358
235705553
235793002
235249569
235737389
235686538
233433333
234432566
234852345
234525861
234503651
233457986
234884782
234618054
234545665
234638235
234523156
233903101
233870738
234657746
234904968
233936202
233528740
233503530
233961838
233835583
232461256
233050890
233112414
233046424
233080692
232492129
233294549
232415876
232312014
233012325
232227973
232207949
233346119
232392861
232360300
232332472
232288514
232256701
233382285
233150200
230507297
231151386
231220039
230946767
230911108
230524858
231250634
230791656
231683676
231342007
231083968
231001665
231358863
231201411
230844003
230753865
232192850
232041204
231043938
230492735
230479656
230429649
229554036
229532762
230422520
228924116
230445113
230466142
230339386
229891559
228941977
228895358
229526286
228871323
230369830
229548357
229871159
229931666
230395719
229501194
225936364
224813526
227712778
227345020
225984607
227757945
227546724
226824100
228364349
226126242
228360602
227051425
226591944
227649095
227377423
227016809
227733258
226266542
227534060
226088060
221447361
217621042
222513489
221484005
222542720
217382127
216728433
217579543
217038389
216862353
221277160
217686247
217719025
217346091
221519877
224071663
218272928
217598977
220820796
217649563
214823697
215609261
216126354
216229106
216155809
216285727
216185473
215822314
216443692
215791056
215677406
214789019
215555112
215639889
215469354
215768198
216112217
215429698
215754494
216714418
213529741
212565042
214445866
214284520
214583012
212548909
214222582
213821090
213816126
214239137
213703386
214265463
212783876
214540280
214187162
212810884
213771451
214498539
213845252
214204165
211639053
211236265
211526069
211446731
211846335
211672424
211879219
211859857
212491166
211929024
211567393
211571219
211194372
211164258
211952002
211479035
211409258
211297426
211907280
211655997
207580263
210754653
207335400
210946547
211138012
210884390
210785317
208445742
211100408
207529067
207282928
208862656
211112873
210921604
210821465
208468701
210850122
208424104
207566351
207489993
204738213
204610699
207241236
204717278
204602255
207102310
204659338
207006155
207035710
204617764
204678156
204762223
204849193
204642346
207061427
204629544
204589502
204698501
204878017
204811940
200374970
204446456
200053364
200040734
200007543
204417709
204479107
204531819
200142209
204507359
200028204
204555888
203658093
200161661
203636877
204582338
204567144
204542149
203699322
200325970
199417353
198894329
199053684
199171975
199392262
199077792
199583142
199449542
198354932
199302719
198870558
197849035
197729240
199328188
198534433
198575905
197628419
199628562
199314450
197856977
197413683
196854047
197562645
197482752
197231387
197072167
196402329
197530618
197127661
197102107
196383071
197025398
196815869
196773301
196519001
196877109
197613167
197036938
197182096
196488580
195677231
196138818
195150128
195891902
195555642
195190463
196191670
195864890
196161250
195264391
195158319
195688415
196367769
195665753
195606318
195233367
194967224
196215879
195519455
195471857
194185056
194228741
194302594
194248331
194333756
194950822
194319434
194285871
193928151
193847385
192609008
192689613
194837333
194137849
194881055
194102095
194706472
194342811
192673268
194912368
192429450
192578100
192371702
192545373
191320406
191947033
192192572
192464809
191747428
192397584
192129487
192499947
191786596
191308061
191835331
192168191
191585003
191879466
191921542
191893958
191159113
190558951
190539354
191225305
190508986
190563576
190458613
190487027
190416287
190118130
190839696
191261962
191203016
191297548
191276104
190803575
191127905
191248583
190139616
190174312
189911604
190049167
190030976
189419432
189523166
189399481
189937919
189856114
190073234
189924479
189613030
189946677
189944264
190096273
189831822
189376560
189456542
189499588
189880354
189440125
189095317
188309790
189046503
189299547
189255179
189009853
189070690
189275291
188409857
189247887
188382801
188347428
188279493
189270907
189218094
189165414
189200145
188035649
189287091
189121163
187568377
187003285
187123435
186736001
187182833
186768398
186800314
187959972
187459096
187986344
187080956
186676608
186630278
186706107
186415608
186388225
187896304
187035975
187926787
186288703
185124030
185199012
186161100
185236537
186221428
185171906
186193979
185508556
185277285
185250461
185226771
185869193
185069348
185265290
185099381
186155431
185966080
185930131
186123817
186246437
184305992
184975847
184502364
184608022
185054615
184336722
185021603
184568834
183697741
183676504
184505811
184479563
183894498
184543657
184487269
183871507
184259805
183874804
184913563
184588873
181893888
182828625
182408782
182854499
182630405
183252176
181988373
181653554
182001765
182363244
181525294
182563500
181500177
183312081
183648902
183614778
182499926
183297203
183393146
183317240
181465886
180311832
180287741
180844215
180823696
181206564
181247570
180493567
181005976
180970974
180873420
180583820
180206467
180426748
180243099
180608821
180882635
181096548
181110246
180527205
179247232
179888310
178854167
179279619
178829173
178810483
179212624
180148725
180127291
179982251
179997259
180176126
179919062
180002172
179825130
179771265
179957117
179164650
179233967
179126807
177038535
178330258
178790728
176996671
178363971
177643964
176480819
178757891
178448539
178487772
178394537
177606178
178419654
177015550
178771389
176486916
178750761
177916931
177571263
178516341
176009235
175939325
175612277
175560707
175570711
175985044
175651852
175599953
176259202
176382899
176255492
175643032
175586348
176329266
176296847
176316605
176438076
176087859
176278483
176053519
175533648
174867333
175342406
174893658
174260095
174951250
173996440
175074752
174970703
174922149
174873210
174323388
174905245
175268822
175013234
175005022
175309603
175548452
174883323
174936436
172601129
172092187
173114988
173703246
173964853
173066945
172581029
171849832
173542106
172696144
173749832
172022423
171793495
173929539
173533022
173478478
173476713
172691671
172651945
172625749
171025596
170967709
171691456
170933844
171741327
171094462
171045862
170951748
171077109
171065802
170920694
171764752
171107290
171126485
170882105
171143939
170976829
170991969
171004748
171750575
169772355
170341127
170394815
170185728
170801414
170258215
169854175
170270955
170346917
170306673
169507979
170206143
170370258
170844697
170241165
170327210
170358906
170380131
170223565
169483330
168799848
168727896
169416467
169453981
169002769
168982139
169364971
167777749
169005395
169139247
169177907
169019367
169211880
168760675
169061325
167830839
168149189
168845473
168825400
169041652
167069548
166180105
166695137
167339208
166328477
166058537
167715798
167255773
166664865
166624150
167450529
167306644
167283888
167213590
167159387
166600326
166639692
166729467
166577642
165821170
165328613
165727672
165036658
164982548
164662293
165013583
164610064
165668941
165703329
165088444
165744873
165052154
164834550
165633293
165071884
165769349
165802078
165788291
164797053
164880523
163751024
163635192
164393277
164065460
164263598
164361392
164211268
163738538
164301161
164147712
163762922
164168569
164022833
164312989
164101178
163725658
163711745
164339225
163970620
163689976
162003108
163493927
161521245
162806377
162899774
162050453
161742232
162878654
162832651
161834603
162766472
161783797
161890126
161563539
163543729
162927524
161229930
163237251
163593532
162100839
160106826
160032937
160713616
161136446
161194278
159662639
161166599
160346185
159689170
160373481
161084763
160224828
160020037
160318762
160195283
160765615
160143718
160829275
160291098
160258251
158568937
158877259
158607004
158907640
159361307
158103976
157743927
158854771
157810463
157703489
159430546
159311354
159457266
159389622
158535487
158484398
157604681
157775648
157302255
158820264
156470673
155782188
156657670
156008773
156854826
156064939
156753752
157166906
157186235
157037158
156804870
156954086
156895859
156990690
156609306
157252250
156099058
157055055
156518184
157277033
155384456
154590300
154347906
154724419
154298609
155325130
154320894
154211571
154556866
155087314
154815530
155061044
154327804
154272932
155018879
154621492
154372030
154872959
154238456
154769308
153812569
152800550
152835189
153764740
153741758
153566734
153507576
153440302
153406662
153476645
153786457
153369223
153120579
153842794
153543716
153868974
153816341
154182370
153313802
153094600
152437158
152770439
152356717
152150662
152121810
152731077
152388110
152096671
152473019
152672740
152407219
152656108
152370454
152348551
152332229
152668510
151677530
152617647
152585713
151656158
150420303
151235009
149962057
150454077
150379759
149892429
149864407
150578452
150621032
150060784
150027435
151157675
151067751
149985026
149936809
149914499
150990408
150509555
150647265
150541292
148240940
149564078
148208023
148168678
148132638
149413185
148307609
148488221
148463590
148439067
149597013
149638887
149673100
148429918
148274532
149515009
149363605
148416473
149701146
149221107
147737417
147787697
147419981
147316857
146907174
146476666
148065460
147380874
146404302
147809608
146815997
146419776
146863037
148049287
146923284
148060541
148096551
147828230
147756674
146442769
141582491
144784119
141489693
145675228
145284030
141153389
144954078
145611719
141507343
145127557
144543181
143824910
143799075
141124673
141385133
141347041
141546468
145187218
141145568
145641187
138722557
138683813
137991310
139122815
138743813
139824600
139754594
139666401
138048714
139703041
139907907
138017345
138134457
139089093
139865299
141108491
138687922
138088801
138659757
138669895
137198911
137911641
137281989
137799775
137786732
137822821
137237695
137894018
137161513
136199551
137875333
136529859
136295028
136218612
137841278
137771452
136172883
136283794
137930879
137324876
134884957
135597095
132769641
132280254
136119591
135650057
134261289
133773767
132863359
134946019
132347037
132308877
132384048
134245227
134217491
136139675
135021713
133789410
136153945
133846904
130552443
130104765
130549179
131417834
129686355
131463806
131328380
131346029
132153527
130571289
132146318
130610457
132182930
131309613
130521719
130528375
132215651
131434544
131359166
130138296
127834438
128428359
127288035
126988479
129641675
127037329
129664034
127807214
127479680
126868239
127896423
127347534
126840891
128044245
127943978
128373412
127997658
129625677
127870018
127399966
124172485
124128118
124147603
123348291
123335531
123036261
125775572
123810543
122976342
124111210
126618939
126764553
124180294
124170127
123860236
122935418
126813254
126809324
123737977
123002218
122855269
121980811
122479894
122455123
122137813
122804988
122584508
122770890
122707558
122523792
122086161
122178315
122897392
122498300
122660907
122019861
122759205
122776602
122613414
122553104
119845071
120507173
121128699
120969949
120453192
120450707
119920652
121102013
120929547
120086390
121035383
121932660
120477731
120135024
120856787
120551046
120204807
121190977
120004037
119967690
118077849
119620867
119491333
119009486
119715588
117992278
119523510
119739886
118005191
117964746
117933415
119510060
117913591
117975201
119052361
117951433
118144817
119587025
119546381
119564492
117194519
116694927
116559954
116463537
117177790
116018309
117512618
117910910
116591387
117154383
116681590
116489650
117483067
117228377
117215413
117132838
117147009
117546694
117333870
117208260
113199538
112984481
115966173
112904733
112475787
112670696
113034858
112948833
113794698
112930258
113852832
113709996
113007588
112618544
112580019
112462853
115925618
113724682
113818682
112963916
111438173
110762500
111542466
110519416
110611096
110695752
111511255
112340282
111577354
110752889
110489952
112407176
111410924
110576268
111389728
111472972
110665778
110636487
110546672
112374530
106930721
110468121
107553616
108839655
106305940
108941057
108676833
107650739
106678779
106628181
106355586
106658735
108994203
106891843
107583362
106693571
106642591
106615240
106602878
107164627
104731766
105406194
104693199
104570082
104838117
105466284
105379027
104622728
104777761
105293252
104876877
104596406
105353235
105273043
104803433
104667763
105450879
105318630
106083107
105275502
102093357
102068295
103150950
103358453
102199460
103602672
103583096
103297833
103016459
102694624
103560841
103229493
103200968
104545046
103042609
103543666
102124495
104536597
103115566
102727868
101492096
100806551
101456452
100169165
100207462
100786870
102042111
99783706
99693219
99643857
100765070
100750452
99735723
101525410
101290804
100836951
100922340
100897210
101470606
100866149
99534719
99462326
99607512
99476933
98644044
98865625
98676262
98608265
99518236
98574729
99310205
99447588
98917808
99302376
98735023
98624721
99572999
99495277
98708155
98591367
98268274
97913421
97744029
98076738
98119255
98023339
98550655
97831141
97804774
98531274
97852527
97943975
97886806
98215823
97973598
97787150
97768849
97732964
97748379
98167313
95751058
95103939
96249146
97047732
95122205
96431891
97710168
96214609
96601621
97031226
96453567
95748289
97122131
97693355
97073297
95721428
97098941
96186693
95772858
96479694
93592011
93544860
95062889
93569687
93463357
94713407
94013999
93629290
93827163
94783034
94682853
93520909
94442175
93803451
94744665
93613838
93494545
94093839
94032737
94060028
92853547
93389080
92928330
93353138
93055571
93041362
93297682
92997071
92901833
92822747
92799816
92974117
92957646
92941158
92783111
92919554
93326739
92887259
92869321
93011872
92745781
92718589
92450665
92179001
92122372
92779799
92095230
91775294
92158100
91573143
92061765
92031696
91968682
91590320
92402294
91583075
92068718
92357628
92422736
92385542
91556678
91284806
91119028
91488850
91072733
91531227
91237436
91516013
91367918
90907061
91336179
91445868
90843556
91198131
91398544
90861990
90892753
91465969
90876478
91546984
90232746
90216119
90154275
90139853
90125328
90665349
90183463
90731337
90483074
90402028
90698000
90105268
90421942
90197242
90541071
90467207
90795422
90575233
90766067
90516088
88099566
87745316
89359673
87794452
90021263
87822685
87771488
90037097
89510192
89396059
89428786
89318861
89566080
87689686
90078351
87709098
89476461
90015599
88152437
88125325
87520028
87490798
87048108
87507887
86678069
87110607
87277421
87257970
87406567
86405475
86751557
87478636
87434055
87316446
87348359
86712822
87085719
87305535
86783248
86672319
86197717
85979376
85752630
85973535
86228505
86185584
85929257
86111471
86081980
86131167
86048384
85786453
85827937
85702920
85728007
86368210
86162854
86208342
86000369
85769333
84709208
85029702
85064243
84821915
85190897
85130310
85165308
84689954
84737512
85303914
85349340
85100773
84847729
85143185
85067236
85048657
85255185
84793957
84772808
85018731
83781948
83975070
84655017
83904918
84366497
83704579
83636704
84595482
83941757
84556161
84468130
84506200
83841628
84400129
84302202
84017050
83867153
84341377
84432466
83641198
83183788
83163095
83442385
83614780
83141450
82989968
83457955
83077202
83526075
83096042
83034720
83499706
83059344
83466774
83512109
83009290
83122578
83478692
83539121
83449979
82753218
82844735
82903914
82889647
82764955
82858784
82951680
82814260
82874325
82741102
82674246
82363881
82677441
82971453
82730709
82776022
82649682
82924819
82829190
82710034
81887078
81473933
81604997
81968793
81586046
81904466
82315171
81864191
81501478
81568209
82000917
82025096
81431993
81950609
81931508
81918524
81985041
82342922
82261655
81549430
81165422
81133122
81205388
80860203
81266512
80801409
80922357
80882867
81179953
81292176
81232427
81084530
81106919
80823989
81123015
81093348
81398994
81152818
81369702
81325016
80722183
80690307
80710833
80180785
80748106
80264599
80214246
80296823
80633805
80370170
80588281
80563556
80031425
80576599
80337548
80016383
80665912
80058852
80079379
80397294
79929441
79333509
78804766
78744977
79899435
79388072
79250382
78932727
78523882
79919072
79409634
78774778
79437077
78699146
78540966
79910930
78556012
78964336
78905132
79351400
78509001
77969169
77939689
78165716
77876766
78097608
78038881
78129036
78235474
78199263
77857587
77846835
78065280
78101042
77922641
77904821
78269762
77951574
78011482
77893761
76956385
77375628
77324868
77495191
77339734
77360683
77033927
77397885
77056367
77444305
77428103
77416164
77463727
77386200
77483568
76988309
77330813
77009011
76974871
77350111
76352558
76870311
76845574
76400511
76326561
76456384
76339840
76809812
76833372
76821466
76361029
76892689
76798367
76935953
76336123
76856405
76914093
76413538
76880784
76430538
75212290
75888520
75910410
75870140
75853598
75830811
75227501
76019381
75182236
76302989
75997339
75954439
75928785
75820147
75808642
75817914
75898928
75976857
76316503
76292099
74420446
74255981
75136481
74641464
74650235
74617005
74718065
74450718
74240886
74311336
74700835
74630075
74415928
74284434
74355834
74227609
74663091
75159595
74386431
75173510
73920251
74109370
74210934
73652123
74148830
74181421
73854516
74171409
74160184
73827428
73808433
73664091
73772199
73643595
74103749
74139098
73793712
73635354
73900020
73629431
73125090
72890105
73139052
73187646
73070142
73543528
72862448
73610181
73581042
73566769
72707554
73103026
73176845
73504732
73088229
73198560
73620899
73599821
73623948
73528290
72618862
72544513
71541501
72435855
71531497
72638917
72566295
71554227
72503595
71505638
72666970
72519334
72685701
71765640
71733613
72480504
72404985
72595990
71521090
72375817
69294396
71450083
70042153
69769225
69736100
69532645
69278863
69260443
69943006
71472275
70254884
71492491
70023686
69746748
69564096
69550395
69507801
71426315
69906340
69474581
69044014
69242355
68879585
68559896
69117432
68583431
68950053
68624110
69012501
68976631
68661684
68535785
69061792
69251378
69084234
68849760
68826882
68640264
68609669
69098943
68372021
68353636
66868468
68403174
66789598
68334744
66866802
66811065
66382490
68344321
68513739
68425295
68448119
66661766
66246709
66831604
66391527
66232309
66256922
68386473
65947180
65766297
66208585
65997110
65907388
65887260
66114234
66151007
65900047
66174688
66222153
66033969
65953972
65931924
65917980
66078010
66056482
66131348
66021537
65893266
62740723
61202366
62260026
64221013
62685551
62225827
62195598
65081880
62717462
65723507
61173574
65742616
62131855
65099412
63103651
62163471
62148038
62764748
65068418
62673531
60880245
60460016
57852737
57770905
57755497
57645101
56768164
61145112
59522627
61063021
60480885
58305148
60445096
59528261
59744924
59231632
58722853
57814162
57658680
61080848
49946209
52319958
49668635
52819884
52631856
49633042
49802305
56748468
55962146
49681014
53045715
49645629
56760674
56740021
49955320
55942127
49787903
49700140
53039362
49689987
49505104
48670025
49603518
49407594
48658977
48965851
49452700
49472713
49065068
48763747
49621971
48943693
48918462
48757325
49569855
49586327
48769537
48751258
48645397
49573100
48313865
48366914
48568276
48463310
48335632
48301046
48279300
48259642
48221717
48514577
48503629
48381303
48202551
48549692
48476534
48211393
48492695
48469171
48351288
48486509
48032508
48024481
47916682
47887502
47925834
48076253
48190854
48059421
48098838
48086575
47702635
48007856
47786506
48183066
47748723
47896514
47722676
47776507
48107154
47940281
47585265
47566982
47454599
47592945
47402874
47265842
47234450
47304270
47600028
47434240
47666197
47331664
47571855
47628364
47346143
47249451
47577788
47648908
47612092
47224433
46979815
46389520
46377584
46886697
46410096
46998791
46775311
46759794
47208468
46798517
46749916
46615489
46960657
47045877
46866285
46784900
46927868
46398546
46637166
46740728
46132482
46125312
45907811
46046621
46077747
45942882
46359129
46056487
45868644
46087520
46365176
46344008
46068086
45896939
46145507
46336442
46063045
45923219
46079109
45881986
45853695
45831766
45825663
45814729
45609248
45308600
45300526
45858964
45341902
45592842
45328017
45288655
45295084
45632625
45279754
45621166
45571760
45318338
45117861
45582571
44830763
44981196
45023297
44873787
44739170
44858357
45105475
44823829
45081276
45007543
44832719
44130841
45050709
44995181
45039633
44794253
44119112
44804006
44728070
44884652
43490005
44112293
44087755
44103013
44096338
43584689
43524007
43629661
43452508
43121684
44081884
43662212
44102037
43518515
43086753
43506049
43466653
43589920
43075140
43596440
41849819
42496388
42158723
42836335
42642360
42822642
42522925
42170406
42713073
42513968
42625926
42743936
42187138
42155897
42727375
42634569
42649987
42148925
42700841
42806256
41649489
41702666
41632026
41713401
41675804
40891137
40863189
40852707
41657711
40876217
41147957
41160633
41638217
41124752
41687872
41670836
41843845
41642990
41136365
41837190
40080158
40320678
40428537
40554218
40838609
40341930
40358626
40832458
40332122
40309582
40587544
40123450
40313498
40073877
40558243
40066170
40303522
40481325
40848120
40471748
40046704
39806642
39812647
40052873
39116947
39694560
39968796
39817305
39799390
39711587
39388933
39180386
39954398
39141782
39196492
39701623
39824902
39072809
40040297
39202585
38989358
38805613
38570098
38557355
38587775
38540494
39000029
38862826
38976841
38791653
38991521
39020008
38959847
38845255
39035101
38602689
38520599
38486651
39052065
38614268
38453479
38465350
38360825
38430617
38444331
38354161
38058526
38162501
38329868
38345201
38089024
38078762
38065915
38060998
38157279
38436296
38476668
38071113
38424518
38047530
37181253
37673336
37536555
37777331
37151524
37552688
37660468
37191194
37140426
36953872
37936313
37427242
37653202
37147253
37415574
37435375
37621975
37761128
37453027
37640987
36905970
36658347
36760930
36730193
36922069
36649974
36923144
36913439
36672054
36910108
36469467
36899261
36455125
36768445
36641774
36785522
36946200
36935521
36748013
36426200
36171474
35116986
36403038
36149147
36142158
36374044
35308486
36158192
36392068
35465107
35823101
35107585
36416122
35925109
35614937
35470878
35100408
35456641
36381936
35300220
34957730
34682883
34816786
34726120
34940624
34734128
34700765
34716929
34616137
35090137
35081396
34606228
34980264
34976065
34689749
34695091
34966353
34593851
34710791
34702331
34526177
34119576
33954700
33948628
33964185
34126171
34010402
34209605
34221778
34215202
34202602
33745147
33649810
33638388
33591511
33986031
34584391
33611201
34000411
33975540
32846133
32773597
32907718
32833938
32665978
33457326
33471665
33270708
32922367
33477561
33225434
33219018
32778406
33243064
33490164
33213832
32677534
33234528
33213694
33462830
32638882
32190545
31960995
32389600
32208805
32386225
32423294
32651197
32342771
32138255
32126853
32414977
32297131
31952418
32160448
32660293
32181249
32334565
32356285
32199635
31456596
31563688
31601205
31383558
31805681
31569475
31824167
31238219
31623148
31574699
31816366
31560387
31578210
31433983
31170375
31162816
31366939
31586240
31554643
31169426
29746590
30508625
29751512
29913959
30146164
30648555
30379290
31119479
30246705
31125602
31097040
31105854
30727483
29903943
29739983
29909065
30638328
31111486
30622882
31092598
29733481
29728356
29292613
28838149
29286845
28819754
28586370
29068099
29520323
28853984
29716551
29280941
28846180
29721957
29723549
29378911
28718322
28702929
29700564
29300282
28197558
28406613
28377347
28194530
28039349
28208581
28423572
28162379
27858992
28432668
27847496
27836480
28392367
28228810
27821575
28417404
28385999
28221204
28170350
28236887
27576119
27361958
27616675
27488706
27584195
27472737
27460531
27451153
27417085
27404214
27355659
27392031
27369424
27610237
27594247
27614611
27565528
27398990
27375107
27434552
27183849
27147463
27141394
27128346
26994691
27038802
26985851
27005171
27011974
27349163
27195498
27175150
27019594
27249865
27153494
27049757
27029289
27168737
27135925
27161175
26461374
26929581
26831670
26598105
26430595
26919050
26605939
26924609
26950716
26912385
26846306
26800951
26940364
26936108
26614244
26795243
26788691
26424331
26945314
26627447
26250370
26180906
26386796
26261378
26194674
26204477
26212598
26219195
26073880
26412659
26172368
26082815
26377135
26188118
26145546
26403487
26369657
26241616
26200938
26160884
26044096
25743743
26025742
25963819
25853692
25772920
25989611
25970409
25959550
25948613
25977424
25794919
25843245
25779701
25955337
25860436
25789641
26034535
25763633
26014700
25576929
25592006
25551667
25536245
25532807
25443180
25429336
25421323
25379674
25546307
25450433
25393902
25728708
25557860
25540723
25384984
25622722
25567029
25737352
25583795
25229588
25168007
25220276
25242506
25172095
25374550
25190334
25158551
25154306
25201380
25222856
25194037
25162557
25251854
25073938
25181630
25178192
25260738
25209588
25234958
25021588
24833822
24811271
24805507
24699369
25033859
24796537
25027104
24678038
24819354
24745097
24669196
25055196
24800041
25044158
24753704
24689812
25048870
24830000
25013869
24297024
24485796
24308379
24276882
24503278
24313138
24403435
24664260
24509968
24262112
24532933
24286956
24639479
24521549
24497077
24408624
24269396
24541493
24656872
24646663
24033263
24245860
24077161
24062167
24086317
24252030
24225268
24103162
24044011
24055763
24093411
24051408
23949643
24248728
24233965
24255170
24072166
24066314
24038045
24118442
23941787
23709130
23843805
23923529
23739903
23867280
23728464
23758099
23717422
23850488
23855819
23826890
23832186
23861690
23874945
23839027
23884794
23870557
23893447
23748657
23683275
23672559
23665110
23699924
23564698
23659392
23650469
23522833
23585889
23688446
23471670
23677897
23654956
23646034
23531843
23550302
23478503
23485734
23512392
23537543
23264284
23451451
23302658
23346825
23464168
23311784
23283601
23272900
23443312
23257532
23458584
23371640
23332544
23148507
23130957
23338045
23322325
23250349
23153560
23243011
22884360
23041313
23110446
23049088
23065014
23101107
23096904
22901557
22870457
23119644
23076239
22845711
23057379
23027927
22855250
23035199
22909476
22877280
22890067
22861645
22570874
22536693
22830525
22359679
22705329
22517587
22696859
22825443
22529925
22366893
22525654
22511685
22835994
22682337
22507892
22590254
22552350
22503935
22841482
22690481
22348817
22134766
22196825
22129232
22072123
22337564
22343277
22177081
22152761
22354793
22188631
22162522
22140532
22119684
22171801
22166931
22133502
22113571
22124173
22182135
21841415
21932670
21785794
21958873
22065205
21863276
21780631
21953185
21775131
21897345
21939139
21965042
21771706
21973448
21921606
21856110
21928450
21902495
21946988
21910259
21408492
21714723
21667386
21404521
21763152
21383009
21705778
21230947
21207682
21766883
21687276
21414949
21603868
21591880
21397538
21595937
21580829
21759192
21753201
21661535
21103391
20794484
20746571
20784314
21095218
21063282
20720359
20754700
20739816
21071938
20760179
21081706
21108453
20725167
20862715
20779468
21201829
20774033
20766773
20714234
20619332
20608736
20574447
20551778
20635167
20631162
20518583
20531436
20526965
20542399
20613960
20596866
20587935
20709022
20515243
20536982
20625731
20639335
20567281
20560402
20411203
20403265
20379807
20309443
20418536
20295782
20460903
20370397
20359089
20286198
20436928
20445167
20396899
20451346
20428205
20455957
20304454
20314428
20468058
20290865
20124142
20050931
20043860
20243237
20130354
20026235
20267541
20250638
20154397
20148735
20093096
20033202
20273042
20018175
20139973
20226979
20113413
20079498
20147328
20103866
19944804
19788749
20003179
19799613
19759013
19793451
19954975
19950945
19869489
19784421
19780103
20009636
19935741
19857536
19809816
19775406
19875211
19940554
19806742
19862458
19558008
19595660
19704498
19539771
19697502
19691159
19687329
19635692
19718095
19553049
19630459
19526839
19602637
19534042
19611628
19741387
19751290
19639886
19544708
19710369
19325033
19188094
19261881
19475804
19480371
19333305
19290116
19245295
19330401
19255674
19118530
19193188
19161727
19469095
19125782
19113921
19335555
19249167
19149735
19198853
18948473
19104588
18966340
18952864
18725874
18710224
19036671
18704428
18943089
18961746
19033243
18915690
18713343
19094103
18779510
19041943
18956999
18730502
19110633
18718080
18561232
18473275
18291978
18687475
18543259
18678787
18305224
18548195
18449057
18301440
18697299
18554931
18466951
18294474
18457530
18442028
18505836
18452849
18436286
18297605
18128970
17891709
17918302
17931560
17909187
18173696
17899452
18122904
18031093
18167882
17896063
18019995
17904157
18023484
18126169
17911040
18015701
18027559
18011627
18008734
17695267
17603349
17546250
17529343
17699804
17442318
17301524
17883388
17384187
17251966
17288451
17541086
17887678
17256645
17599533
17291305
17552508
17535300
17295034
17435430
17243728
17053547
17185500
17170815
17194286
17167956
17188683
17085815
17071756
17057366
17043260
17050766
16945126
16937794
17045515
17180315
17065669
17047955
17062176
17176859
16595209
16667657
16658136
16674776
16591244
16653680
16830234
16808338
16656301
16812977
16671054
16603051
16822935
16618745
16817839
16803022
16612301
16633949
16598537
16662825
16417966
16455833
16546034
16514690
16568451
16511993
16508240
16449135
16416020
16535459
16530046
16418276
16411549
16540083
16518996
16524658
16423305
16409392
16581833
16474041
16341030
16208761
16200265
16304820
16406320
16326255
16170522
16295841
16289885
16313598
16178222
16299897
16282726
16279394
16226335
16222504
16174835
16215349
16167757
16286319
15876886
16155407
16146470
16024272
15958624
16130392
16112130
16163289
16126344
16150259
16029146
16035047
15953232
16135312
15946823
16138913
16160938
16019713
16141902
16116871
15790947
15597719
15576891
15826522
15863561
15703959
15769657
15870019
15586669
15783684
15607601
15812759
15797762
15571846
15862665
15820145
15694890
15617525
15600800
15805425
15548525
15414630
15452239
15428131
15326204
15558228
15439018
15424306
15420222
15417946
15431853
15342062
15335655
15461459
15563493
15477522
15553169
15314131
15467826
15487601
15193068
15277432
15133989
15296980
15122808
15156298
15141432
15046363
15283739
15302334
15274457
15145471
15169457
15178406
15126157
15290752
15039077
15187246
15129520
15017116
14849617
15003622
14975590
14967703
14832595
14860256
14823435
14799743
14793859
14808342
15000023
14990522
14877691
14981655
14818132
14884401
14995037
14985668
14870659
14971997
14783908
14717554
14787634
14632049
14639184
14709834
14747991
14726918
14743124
14649439
14538661
14734791
14627893
14624333
14698447
14687896
14675952
14662648
14702896
14668231
14465288
14507890
14532467
14311213
14442391
14516562
14455947
14435225
14325015
14332440
14524861
14447362
14479216
14294992
14452236
14497947
14340574
14300670
14471843
14480793
14149734
14047347
14025447
14015428
14155486
14288503
14155838
14136331
14141619
14132485
14001124
14179013
14198085
14283450
14185809
14146611
14166307
14028415
14008420
13992110
13838326
13983539
13973243
13563652
13625534
13704748
13556623
13862667
13905256
13671560
13664165
13901168
13978260
13693921
13651039
13644205
13869960
13657666
13638630
13685132
13504173
13373634
13346662
13461158
13528486
13366129
13360457
13345680
13516434
13548944
13423642
13433705
13451682
13352648
13332970
13325579
13491790
13474605
13445487
13439640
13259944
13154593
13130764
13137945
13145890
13123394
13124006
13256338
13310907
13127148
13315788
13269855
13246823
13265214
13252497
13171077
13149778
13135698
13160008
13167704
12827538
13005681
13033201
13043406
13026370
12856550
12832178
12980639
13014754
12866571
13119044
12998873
12872651
12881071
12986858
12839926
13109063
13113191
12848276
12992678
12527102
12493296
12176123
12705763
12662701
12822742
12147653
12070958
12139383
12461726
11940458
11935260
12169542
12065173
11947028
11929115
12156243
11823375
12694498
12666205
11665655
11507508
11319750
11023410
11334914
11697851
11325485
11393656
11535922
11409485
11502935
11691792
11306430
11173556
11683360
11400731
11674841
11314825
11818563
11660338
10886542
11010351
10947189
10916854
10892852
10869434
11006296
10876064
10922545
10910226
10883043
10880456
10897747
10939199
11014508
10913336
10930386
10903796
10872404
11017070
10551426
10417446
10430022
10541722
10421421
10864678
10538368
10450526
10558417
10677150
10661145
10779512
10656328
10424304
10667519
10534758
10672683
10412477
10362448
10772313
10166187
10315480
10261129
10170871
10189997
10338683
10303828
10343308
10272389
10269136
10195620
10329500
10263862
10322354
10310249
10354330
10334166
10175654
10358757
10349672
10028415
10013466
10047939
10008845
10147150
10126830
10070587
10053504
10133103
10121058
10036852
10158151
10143439
10024576
10015590
10138449
10033916
10044456
10151734
10021434
9260567
9257530
9799033
9920178
9296319
9926194
9794232
9537369
9325763
9915029
9306464
9303910
9312052
9287051
9280948
9278489
9272098
9574274
9804863
9265256
9254648
9159468
9115031
9122699
9046708
9042174
9169977
9117431
9252129
9148943
9062181
9127654
9057900
9051714
9132484
9036743
9149951
9164984
9031649
9154101
8807795
8830343
8814147
8792513
8912304
8713168
8826700
8799569
9026454
8821073
8795767
8937579
8943017
8934811
8926516
8804533
8916669
9023511
8946897
8920959
8430470
8706326
8679158
8435980
8367360
7660580
8687449
8698050
8370327
7658029
8556681
8692970
8442902
8363398
8130367
8708905
8524449
8522748
8528483
8448600
7545632
7552612
7537676
7559551
7554405
7647823
7646174
7549728
7595068
7612655
7557131
7600208
7575675
7609671
7651885
7532229
7577229
7615697
7541384
7649436
7101297
7215103
7138973
7505442
7211810
7507340
7396908
7520760
7508806
7528274
7525638
7123146
7118407
7112124
7467700
7523371
7464112
7115973
7471113
7104510
6947859
6785413
6937460
7022682
7039233
7098283
7015697
6944359
6819492
6708645
7034636
6702899
6934815
6823230
7028841
6941029
6787302
6705600
6932988
6871390
6224011
6629759
6429235
6365888
6230395
6504621
6437886
6432162
6360828
6242773
6649256
6564028
6371187
6368916
6312717
6434700
6560771
6358658
6316125
6228949
6070925
6210649
6131239
6151174
6117134
6108588
6075192
6141616
6188567
6137698
6125567
6206314
6111802
6148433
6146054
6119134
6197422
6110871
6114017
6201890
5634147
5326362
5322636
5310896
5315016
5683997
6054826
5626968
5318877
5173048
6067021
5701028
6058189
6062202
5693178
5308736
5301707
5299108
5169552
5296394
2412413
2371446
2370963
2369407
2366960
2865566
2414479
2379376
2379288
2372526
2577401
3812348
4802896
4807650
2374717
2575946
4805550
2377214
3583801
4668568
2132376
2113140
1878142
2125499
2271766
1929086
2134518
2138907
2122353
2129922
2365296
2269064
2262917
2110800
2137025
2127673
2270034
2266134
2261199
2264321
1550760
1669435
1762795
1643026
1639767
1634190
1671104
1833953
1672508
1557990
1757980
1767927
1760242
1875723
1637568
1648101
1765820
1830715
1645080
1554071
1173724
1178396
1183192
1358962
1337257
1544151
1177520
1174851
1288182
1361648
1181052
1542783
1309673
1179622
1366296
1339219
1198550
1191218
1188159
1185876
1045092
1160339
1040050
1172997
987624
1160141
919774
890127
913665
809806
1042203
1000657
822249
816477
814616
818838
995286
893954
1161024
1171532
698842
533439
526302
757616
752441
522846
676528
523639
556150
707297
754528
675034
761062
557535
531531
593219
528649
529538
591508
560723
468525
478691
522354
477039
442369
465383
489732
441512
521361
469450
448027
487343
449786
513000
468353
445473
484382
514578
467151
511528
440926
429831
437998
436963
258696
432503
257808
430923
434031
431584
433032
417145
409693
258183
434744
273339
439049
257461
354737
435664
199644
255392
208673
256948
247190
246485
245307
248002
211257
198757
230160
211682
254785
213836
256085
247278
210165
200461
242743
212568
