1166315339
1186625036
1169568908
1200106560
1186690338
1169458516
1166424661
1199976937
1169056196
1199824853
1171838700
1169181322
1168646465
1169324312
1169787709
1166212133
1190679455
1171509579
1168760749
1169669463
1164102234
1152288351
1145445036
1143151031
1147920759
1143077550
1145832142
1145681803
1164190629
1145626825
1145507771
1143444443
1145355833
1147873021
1145735155
1143519062
1164767854
1143233391
1128930405
1147686671
1098399953
1105637007
1105548280
1103126358
1103039422
1100330146
1107701049
1107620457
1123898219
1121670201
1107245556
1121582347
1105144800
1103211833
1098345449
1100391618
1123852134
1107352334
1121750519
1105065380
1083719192
1079319848
1085410179
1089483590
1089717791
1083592913
1093821717
1097962057
1083658655
1083493786
1097924560
1089642558
1089569360
1089224921
1084823704
1084997588
1089364550
1093734000
1085432711
1089792705
1050455286
1056468014
1047901581
1048063522
1065792317
1065749800
1059082543
1062164443
1052170146
1064341779
1064209164
1048120526
1075147580
1050252159
1050290041
1052110234
1056259326
1064284681
1047795881
1062120925
1045753224
1043071106
1039094971
1041662529
1035072672
1046495751
1046404482
1045828118
1040779429
1046560423
1038233447
1039232725
1034902095
1046446729
1035147834
1043201536
1047710801
1046053708
1045669873
1041771205
1028364012
1025118781
1015743191
1034433801
1030391240
1025214319
1028351289
1034558232
1021905613
1034380171
1030561064
1021444911
1034474633
1025381779
1021864858
1015861420
1015965916
1034846255
1019752868
1030485383
1013462092
981176271
1010941925
981497028
1004773761
983499337
981443509
985755562
1013336014
997209230
1011331357
1015624291
1006991368
996789953
995082389
994910070
1010867918
997010199
979265517
979033294
946783071
963003093
963131871
946829219
942910509
942962762
940596998
940665455
961014146
963051777
960946028
942838440
964795102
957557941
962806230
957602303
943030583
940560702
959220729
938241960
928267278
928324236
922902610
918173356
938186995
928215712
935668854
931678500
928030768
938153822
928081820
923054666
923008199
931803655
922956958
918106230
928141968
918264820
918210780
935581121
912259711
916096788
890295478
888177402
912084565
894941499
894755882
914208911
894877195
897339700
903225901
901422457
916156863
911953073
897393159
912305282
914163237
903278577
899328550
890324377
871411257
873100524
879754802
872976068
886357301
879696975
874463611
871443026
858433990
873137271
888145706
871502003
879934555
879837761
872932824
871543948
860374684
860346104
884156982
879779247
833098121
830040464
835873186
830106969
834118561
834080066
822729534
833906314
835900987
839411365
831825746
833962964
832266431
831965297
835793613
839468438
835828475
832291342
831896052
829223752
762197091
753147955
762097128
753113492
780545262
756900040
753084059
753040439
753024212
780531982
753189136
817162563
780599304
821037376
752990471
817225379
822683653
780573690
780615623
817202321
749485346
704918211
704988719
714392951
704843518
749586000
749269600
740053988
740016567
739933555
736505585
736370040
704847824
694926940
694878886
749386755
749544053
729941813
740087503
694972120
678947285
684452605
684367034
692922678
692687410
678530885
678470842
692719935
692516355
676671321
684411162
678366719
688153730
684334338
694778170
688276697
678404669
678723863
694708041
692445091
658890664
673216945
661626366
660367687
662197477
658841968
660292335
662280006
667988392
662242499
673310672
658758992
673370379
662317808
661796577
660243939
668027014
673175976
673264279
663756744
651564334
657096725
655444482
651543029
657137475
658409507
656972961
653272238
651601724
655417889
657045063
656624364
656763090
658277530
655360180
655308040
653399448
653349314
658642456
649928504
648002013
639902056
638281663
645203388
643213333
641602265
639925334
649889425
638195946
648120347
645257804
643511962
646620423
643271241
648191019
639949374
648219197
649863624
646733335
643469366
621636937
623121028
621607952
626094357
624515438
623061470
632832922
636209846
619266529
624476139
632871873
621578768
634422349
636247138
623157614
620054786
632856661
623032769
620105065
626125028
612067618
616686124
609234353
609212551
607116842
604237208
613655741
613558381
607208315
610335036
604203485
610394108
609330247
609255874
609180695
613600424
614963053
610457009
613528088
613500941
602643311
601176004
601153558
599875402
597859722
600926091
596645302
596583873
596206161
598278703
597710853
596456585
596548533
598255396
601181348
602587492
599841671
602613952
597619990
600020442
593385817
593342265
590642979
592211974
596121136
592075191
594786806
593405306
595097017
593364777
592175981
592236586
592024317
590625142
592051918
590858257
590825955
594726886
589525673
594649326
579316346
579167556
589332216
579204706
588061658
587823985
589352536
587994007
586231499
579124117
589496083
587867269
589467368
586320737
587598121
586264055
586196300
587888291
587652953
587958399
574301409
574456339
576560135
569858761
576310994
574389576
574558669
571318822
571021065
570003746
576408704
569825842
573021002
577908082
574624185
571079506
569845186
572799434
572741156
569961429
560245171
560171051
564209414
569772871
568239566
562499354
567179826
560136069
560206695
560102800
558649577
558566905
569803887
568530907
569649581
567043819
565942940
564168853
561107455
568292112
550228359
552757997
557373952
557559197
557400261
557284059
555695962
550196054
557616328
557490149
554202740
558503538
557251558
557580998
557351632
557209358
552795096
551166899
555761459
554096320
549871145
547533576
545885194
549958088
550120733
546197470
549905033
544419794
546121854
546097105
545993038
541647535
547565637
546232152
541685329
544860020
546282041
545836792
545956392
541654397
541436614
537843978
540384610
540325398
541279786
537710125
541335502
538680953
541479743
538615658
537819344
536593220
538955352
537636682
536559233
537615353
536550770
537661067
539166209
540358761
536527933
534996826
533454361
534420568
533376409
536183530
534730981
534595786
534803276
534486922
533415336
534531369
534765660
534658134
536241780
534833528
536239227
535042166
535167006
536097060
531617315
531556155
531784335
533235873
531808454
529793236
533274453
531478310
533205756
533345643
533024719
529698566
531727780
531693433
533250354
533185005
532048510
531759220
533307990
532980794
527165716
525517909
528197604
525546766
519492750
519304863
518095137
517967240
528336408
525448453
529548608
519377533
528377307
525485475
527130818
519529058
528310339
519194965
526955125
515912693
512994321
512741219
511491661
514518662
513384290
513356359
511385105
512801293
512960697
515888652
511362273
512808678
511453960
513025360
513283859
511308912
509531635
513197420
513321427
511527876
501751323
500356708
500306027
502053527
501873131
502702638
501922761
500392248
503008804
499858498
501688820
501721564
507319686
502705771
503372142
507444160
500093532
499944042
507180349
500168014
497507169
497464451
498584319
498915619
495834199
497789434
497548406
498876111
497757492
498970828
497611610
495864520
497484550
497572827
498950818
497529322
497363688
497615299
496261916
497583625
488698801
488662812
495464696
488744687
495365696
495809989
493902885
492797467
492282427
492245716
488818827
495236475
494013031
488805636
495545842
494092646
495614935
488782782
488765246
493949246
470448726
487197727
486241822
487152460
470390910
487378063
470421075
487393887
471720463
469454972
487326961
487261776
487108065
470480110
471737268
487349558
488613241
487299634
487399895
486267515
462256456
462244577
462221333
462401283
462283013
462452879
461261578
461207602
461175020
469211648
461121098
459908466
459873865
462488925
459785301
459807166
459834140
461136298
462422368
459943511
446343501
458671092
458473556
452006377
452039733
447550826
451657638
451975701
459706775
452226567
447625084
459681957
458707350
452268167
447517523
453634260
447556146
453608596
446389292
446180326
437985418
442918889
439164528
441761588
442949372
441208475
442868038
441345572
439126989
446114799
439095420
440569444
441318822
441383226
442832081
441255334
446145208
439156948
440588947
442893743
437765209
436216685
436506957
436109749
436418917
437945077
437847156
437644512
436163811
436352076
436557239
436382194
436453604
437684493
437599087
437733775
436328024
437811227
437895625
436239237
419599126
433112481
434831413
432856072
433167857
432901001
432709838
419554548
432956889
431668346
427108265
432651843
432552752
436068225
427006673
426953454
421561013
432584865
434863587
427062942
410973208
410801363
408148724
408636420
408697166
408144279
416200814
415164078
416174759
412310961
410845868
408098712
412333332
408052298
410740706
415139703
410920968
412364185
408784693
408108553
408034767
407823470
403021501
395809310
395619067
403098077
397123032
404010435
392996039
407845254
403949678
407798258
403065447
395763307
395692502
397186531
396746182
396953367
403888090
397312212
390506371
389456222
391875889
390786323
390682341
390725882
389489536
392898068
391729021
392205030
390636108
389473805
390770869
391818555
390661243
392179279
389439333
391660898
389507219
392154725
385871266
385551190
387412670
387801880
387675288
386983251
386058729
387752123
385924621
387082201
385531498
385968930
387722265
387808681
387507085
387697916
387331294
386014768
389306269
387776844
382700888
382516084
383947402
383804763
384041904
384162291
383885989
383974937
384127064
385401450
383857735
383781080
383732659
383919288
385372795
383756787
385341452
384003797
383830472
385311057
375009316
375066071
377803816
377788964
371500501
382506635
375093735
380322564
377724015
381469806
377578107
373822884
372609705
370316930
370192154
377506636
381433234
372548694
370262450
381328505
362159901
356365882
356199712
357490723
354140502
356415703
370130125
356184008
353800138
357539463
356478929
365643556
356359097
356451987
362085585
354166359
356276901
365704201
354186938
357434937
352731534
344215954
344246747
344296259
351186580
348640372
352661817
352594789
351111476
348705839
344276767
348565633
344191736
341644313
341621694
351135264
341604505
341583478
341569933
352654495
339397072
336240820
336309313
337401341
329017066
338250645
336201441
338284256
341499071
339417616
339428747
337368534
336274493
341521289
328989446
339453770
339380510
338263014
341549692
337367491
314850885
322491988
319885348
314829655
306921831
289622868
322419115
314896613
306891072
288274079
289600191
289650285
327530975
326071414
315961390
326089974
323534612
323482164
314871903
327501544
274686060
264422834
288239230
274739278
274721611
282666968
267826531
264459306
283682119
274793472
268920193
286023338
267885392
283725639
286046512
274766095
288200241
286069409
285996058
282639724
262520933
262392411
263451354
250138349
263565113
263584058
242671867
263663368
242668338
263688319
262575056
246460628
262504787
262596112
250111197
246424113
263406210
244816918
262357611
244847293
235868750
239800659
237553731
235886241
242632445
242610260
239288173
239909384
239269218
239150211
235938314
239131865
239863908
239939218
237534942
237500905
235924033
235966656
235912355
237490877
233670955
233570396
235155501
233538510
228947757
235707612
228162157
235143164
235857014
235127641
233682554
228928137
233655408
235748500
228903472
228186665
233639024
233493876
235834516
235810492
228102950
223577296
228031199
227164491
227988113
223828910
223565060
228140344
227205963
227326911
227919465
224276443
223587339
227298308
224294934
223599746
228069471
224260766
227363428
223610738
217273201
215777204
220012177
217310829
221126134
221051473
223551570
217336554
223518678
217385031
217257942
216403545
216358622
220210873
220072963
223531715
223498196
219987154
221081974
220128662
213269116
213226795
213344396
211476436
212481476
210876191
210845477
209427688
215745550
212508503
213303072
213377088
214900865
214860161
213201681
212552823
212436787
211579543
211524975
209453905
207563616
198385926
195671523
209393267
199182444
202352940
209330662
202977455
207494642
202276838
207642863
199220015
209408730
203136612
207569056
207524157
207609679
208385437
208355888
203287139
190607844
191677015
192551073
189813427
194060940
194353907
189833915
194367848
189104049
191716066
194109804
192625712
192579452
190595400
190622386
190582691
195660853
189788093
194356922
191767049
184597358
185277384
184537866
184574263
184522080
185242525
184554935
189020242
184493768
188549987
188884101
185218299
184625085
184558784
185258125
184505788
189059517
188926959
185230343
184484350
183105382
182655567
183673185
183502602
182239104
181956305
181432866
184009699
181398768
183632465
181918854
183476813
181417351
181408816
183564119
183641839
183144555
184041867
182608891
182269698
181360304
180039442
180021376
180816984
181310267
179484192
180834115
180029707
181353188
180014578
179327095
181323573
181334696
179557515
179650755
179619948
179520977
179347342
179674511
179338674
178553687
176245262
179310189
179271747
176253830
175597306
178349227
178391154
176235765
179293340
178640136
178494648
179253009
176914104
176237433
177884360
175548590
175571181
175585411
178621773
174159673
170111080
170247808
169375503
169425909
174126309
172464198
173969326
170277787
170067714
174149132
172367744
170180637
174100556
170266416
174138356
169458393
170230080
174004184
170201257
168769698
155011638
156921095
168734222
156961297
167957156
160964555
161009830
165765206
167953260
161096667
160909402
154958230
163557581
163595755
156883282
168807080
161140437
154899737
168053807
146048216
145992754
151465084
154189947
154148991
152741444
152140292
151383196
146141335
146962284
151431832
146179585
146935641
152842256
152801068
154267808
154294867
152103806
146207862
146062486
143698803
136043882
135929192
141627848
133141109
135975636
133151117
143740807
141603267
136005522
132146846
140953992
140914419
132176849
135897134
133173456
132159950
143783733
136061218
133197651
117736621
122214117
117762656
128528827
128623938
128583891
132115382
117008439
132134606
119347825
123030529
127335924
117037299
127382647
126497390
126441978
122176512
132120703
119315664
122991265
116982909
108125497
111876535
111033950
111825015
107182869
109207993
106576015
108155577
108370270
106558753
108381010
101211734
109191661
109140758
101773513
108359298
101179029
101163598
111076315
95472821
89035260
88960750
88983933
94805901
90261564
90255653
91595121
90185869
91589905
98399000
90963136
88989889
88970207
90956694
95498914
88977601
91608779
91601093
90950258
86328515
86244714
85638639
88826612
86121955
85626796
86112566
85534485
85513723
86747343
85684486
86736269
85502992
86352778
87033938
86343387
85632019
85523772
86337367
85545681
83345547
85491808
83421990
83315095
83532098
85415182
85433624
85464765
83332846
85477113
83381652
85448113
84177407
84158956
83388094
84165922
83373930
83365775
84171849
83352780
82451909
83306686
83216322
83267380
83242154
81698439
82494059
83226964
82434048
81691813
82759824
82585624
83257903
82572910
82462502
81705214
82472719
82592499
82484129
81685072
81662119
80396644
62428997
62489107
81540128
81043665
81678121
62958502
62477759
80418781
81024409
81575859
81669777
62483434
81618019
81524902
75715032
80368483
62517813
62524425
60530968
60451145
60434689
60540638
62366202
61591828
61351957
62036756
62339581
60699437
62352474
60415007
60732565
60443120
60405759
60683049
61585972
60716284
61406805
60521220
59965880
59578110
59565278
59558841
60069189
59552624
60025192
59594487
59528916
60048489
59972582
59509658
60032151
59523261
59854088
59586122
59516094
60058534
60039615
59571552
58712885
58903700
59105081
58937592
58704574
58599465
58722279
58697755
58924376
58979582
58655442
58650261
58954894
58644263
59502488
58636087
58967599
58630498
58662578
59119469
57252728
58117596
57659331
57270817
57225905
58569651
58140340
58558672
57289596
57244401
57697220
57262048
58578562
57533508
57279832
58587250
58234423
58240538
56844253
57649566
56771766
56820391
56810068
56729209
56614379
56309176
56722231
56757814
56299470
56290049
56781866
56831510
56273474
56800311
56750957
56280350
56265956
56743805
56735048
56791114
56225048
56216882
56191437
55779816
55728985
55799334
55741587
55754677
56175871
56258735
55788169
55771552
50519422
55748120
56167882
55797473
55763235
50475012
50515651
55735430
45457111
47123154
43823994
47074271
46035899
46031166
47053577
47767878
43785143
48926732
45445614
43832641
50451619
48127399
44054212
43827500
43780307
47113690
47867444
44027286
42370063
42116732
42053700
41581800
43026218
41846766
41408634
41390864
41379428
41384262
42499595
41798790
42058551
41805944
41589915
41388669
42364229
42357278
43035799
43017038
40211092
40548891
41376257
39529613
39546469
40540233
40534874
39533737
40306921
40498524
41313052
39539694
40451128
39755608
40554546
41094644
41007258
40200189
39797790
40544087
39525339
39249215
38599151
38185697
38415744
38903302
38607381
39512644
38422515
39461938
39516648
39521320
39452326
38957746
38393210
38399285
39507186
39255844
38907196
38652084
38070928
36279635
37908150
36058458
36272031
37062303
36110427
36050122
35895873
37078069
38167121
37293226
36115306
37071397
36092372
36086786
38156937
37889089
38178218
37913742
35844302
33398906
33174806
33394636
33361397
35891306
33108209
33129223
33117629
33141993
33337430
35878290
33350933
33405105
33414606
33190625
33164174
35874445
33183135
35834005
32912335
32921643
32734590
32727323
32718932
32958802
32721875
32689258
32485215
32896359
32443790
32711545
32963994
32954682
32888586
32478580
32458687
32467845
32930601
32681018
32238051
32200569
31886933
31899275
31980029
32244539
31773590
31037473
31927004
31947449
32165073
31911041
31939673
31775616
32429259
32232139
31045775
31988120
32220796
32188977
30554476
29030396
31025031
30091145
29223327
29045124
30099785
29039160
29018095
29214616
30097439
29026547
29203110
28569028
27903525
30565887
30575028
28561105
30544368
29685354
25485672
25923387
25352405
26878617
26668994
25928909
26863746
26446367
27086717
25347909
26678906
25917168
26536498
25910097
26688398
26850613
26457004
25905488
24387227
25342184
23398135
24369846
24021109
23826907
24334636
24206010
24202582
24026608
24353160
23975019
24206642
23776512
24211018
24031637
24013954
24364621
24383267
24355322
24169287
23407929
22994158
22135318
21777278
22301821
23014012
22601079
22131427
22312587
23004705
22984763
22605533
22309675
22297103
22988879
23000337
22305488
22280548
22127334
23390116
22288253
21704628
21579176
21772916
21763912
21004356
20993484
21769576
20981374
20986706
21587588
21721650
21583507
21430105
21169850
21010195
20984427
20997318
21293959
21290398
20990112
20838113
20449564
20131172
19654889
20842431
20125490
19958427
19977011
19827432
19820433
20829747
19823983
20135269
19659173
20833812
20826354
19783251
20122096
20821707
19825893
19364804
18588082
18538126
18427069
18748714
18753650
19348988
18744816
19651233
18745392
19351320
19361200
18560385
18422933
19355906
19346372
19353827
19342516
19208773
19358869
18414633
18006188
16626175
16474149
16469614
16353535
16265535
16368152
18008651
16630360
16358490
17055049
16347379
18419056
16634728
18005772
16498824
16488221
16465437
16364322
16229121
16155456
15966703
15644663
15639682
15629010
16241415
15951410
15765551
16238053
16224201
15850789
16143628
15958673
15769754
15943103
16234308
15781538
16149769
15975019
14932349
15231081
14941102
15222574
15200865
15192107
15078343
14924088
15084372
14958394
15372356
15378737
15341460
15250569
15509150
15516790
15216455
15521873
15207290
15090281
14363789
14913940
14389375
14545713
14376082
14753899
14896981
14681164
14884633
14728311
14743630
14690476
14671377
14538003
14400892
14393499
14380111
14732556
14578009
14573816
13950464
13937664
14111673
13931613
14349867
13952554
14106549
14212997
14100987
13952846
14219932
14064354
13952935
14083669
14061427
13944457
14075210
14357503
14226555
13954215
13719447
13778880
13777724
13727675
13739139
13513180
13074328
13221402
13331026
13927780
13076727
13549594
13098654
13502267
13201080
13206822
13215780
13753249
13532820
13092778
12746923
12894061
12597683
12771585
12776942
12647295
12913502
13052587
12753627
12608418
12601934
12910782
12917757
13038537
12922611
13059625
12904766
12899055
12889236
12651001
11595395
12032910
11913000
11842554
11739077
12431371
11630861
12566218
12574364
12443888
12449009
12438868
12427370
12054167
12554306
11907377
11749551
11627551
11415504
11690119
10974941
11148716
10980262
10988921
11398362
11082750
11280667
11291447
11274979
11098506
11240903
11105177
11076356
11306315
11404767
11130954
11311611
11112187
11091500
10995447
10827898
10825306
10712347
10700259
10699136
10818235
10729619
10725950
10700984
10714283
10696786
10700661
10934678
10822817
10945840
10831261
10970837
10716935
10698653
10624069
10352018
10480811
10347734
10577343
10581597
10622227
10369352
10592130
10586694
10491901
10599779
10444083
10366586
10341311
10485215
10603837
10619295
10614663
10611601
10455687
10096055
10103962
10222314
10338059
10121667
10316057
10100674
10333262
10096327
10068479
10094735
10324486
10227685
10098566
10075214
10107600
10251865
10090451
10255148
10199884
9881579
9862762
9869205
9865013
9763690
10000000
9749364
9989216
9850990
9747489
9876632
9985725
9997370
9873719
9769914
9760423
9766134
9846417
9748484
9756742
9579122
9596249
9745903
9594918
9590371
9497328
9746790
9743883
9489601
9477716
9505349
9746396
9651248
9483122
9480260
9600586
9585717
9509297
9742685
9654516
9320225
9335781
9203288
9343468
9090507
9474918
9463574
9352026
9467704
9228757
9222307
9087220
9330525
9325517
9460665
9206076
9090793
9454053
9439502
9218423
9070627
8572116
8985771
8973535
8875804
8872081
8586062
8509562
8872457
8606599
8508206
8873073
8990635
8869796
8720087
8591254
8982010
8870385
8597030
8871113
8467868
8341748
8337663
8330840
8245998
8478972
8328206
8468242
8467147
8468960
8244365
8343959
8507827
8466922
8349271
8248514
8506676
8250683
8437119
8482998
8012438
8006591
8235323
8004742
8004510
8154574
8173888
8003419
8173355
8007126
8157936
8007469
8006851
8152698
8005571
7961440
8231069
8005191
8006130
8003882
7606438
7712466
7709558
7803386
7716718
7914821
7894947
7953136
7889963
7610098
7876448
7616724
7564228
7913421
7904269
7957671
7884711
7613273
7898692
7706335
7255625
7338041
7551050
7383543
7556516
7554710
7493626
7381885
7387222
7551562
7324635
7547327
7335405
7543251
7549933
7332709
7377230
7321500
7317177
7492083
7081501
7070507
7146969
7071622
7165763
7144829
7233948
7083672
7142885
7072129
7071278
7153114
7230893
7250182
7071933
7004221
7002089
6991400
6989677
6986841
6682856
6674454
6830594
6774442
6532773
6528580
6534842
6833802
6671182
6594150
6586139
6735056
6602219
6838185
6598688
6775404
6819400
6730400
6725403
6717131
6526387
6233169
6247396
6463763
6402355
6336739
6329872
6305449
6415173
6255140
6331754
6346453
6239662
6175300
6250854
6243860
6227818
6328357
6465774
6307628
5964622
6100093
6098667
6169407
6088828
5955451
6112840
6110136
5915762
5908835
6092337
5957710
6157139
6092821
6153056
6106656
6104763
6097031
6091622
5967422
5659561
5844658
5842795
5818063
5470292
5663280
5426509
5826183
5905811
5733137
5841792
5635004
5892934
5736070
5822599
5880793
5635074
5553792
5527691
5724875
5242204
5188917
5151137
5209982
5281342
5355672
5271319
5424471
5149612
5273923
5148355
5203059
5351628
5352934
5246469
5188532
5424733
5349664
5354210
5417473
4818120
5126711
4953548
4875330
4819690
4951962
4936555
5018130
4935216
5079799
5072939
4955551
4938814
5143949
5016645
5051898
4999020
5146267
5047681
4877337
4589238
4575024
4510325
4580786
4794331
4714611
4515732
4810304
4582852
4725436
4646484
4792164
4723507
4798517
4815701
4580121
4727580
4513979
4511996
4508770
4339034
4343417
4256013
4347196
4508715
4275143
4253720
4334005
4355393
4351899
4215014
4364034
4344142
4280440
4250453
4431743
4453245
4450754
4270978
4360341
4056444
4055672
4046869
4203367
4133427
4212637
4052155
4119740
4045981
4123538
4049160
4037854
4207281
4136936
4115425
4039574
4105355
4104907
4104676
4041532
3868294
4028276
3991207
3887833
3814820
3810778
3879053
3859592
3992462
3994435
3809389
3855193
3935440
3876060
3945614
3990273
3864192
3999623
3862624
3812412
3724723
3739887
3652516
3726540
3778828
3798700
3737947
3717014
3801370
3782469
3776362
3735374
3795599
3636210
3576381
3728244
3730531
3786080
3715565
3574471
3348827
3347231
3505591
3399533
3383849
3399184
3344181
3390053
3342609
3503106
3399634
3569985
3473485
3571303
3509703
3572984
3394082
3392903
3386106
3345729
3182142
3335796
3270425
3322660
3187238
3331736
3269784
3260215
3246643
3269016
3265098
3314386
3262837
3252696
3249650
3182056
3319719
3272763
3178949
3176402
3161273
3163826
3159937
3124265
3113885
3128488
3162214
3111343
3170193
3171707
3082900
3081354
3171986
3116805
3127800
3121810
3158966
3126610
3125621
3115673
3072799
3070767
2979099
2967978
2970146
2924825
2930418
3068945
2972276
3076620
2982759
2974472
2982084
2976286
2911031
2932337
3074370
2912878
2921387
2916907
2853156
2852437
2726366
2873049
2854710
2867763
2797070
2796192
2875062
2867144
2793036
2727974
2795479
2867342
2862624
2874127
2867531
2866302
2863839
2860947
2723845
2682201
2613389
2722176
2712735
2708634
2706459
2683849
2635539
2722639
2710011
2583346
2584749
2680793
2631115
2633072
2631942
2624292
2610333
2677724
2538001
2580464
2583137
2571912
2580353
2583072
2582188
2582435
2580259
2564776
2575181
2575985
2577047
2573225
2565521
2569615
2582266
2583224
2568224
2539585
2416593
2531598
2525766
2535391
2367994
2253853
2312168
2527123
2536585
2531237
2417500
2373105
2360154
2425353
2374783
2297253
2294475
2248635
2408285
2303506
2202616
2242225
2195516
2189901
2242494
2204133
2242309
2155386
2129548
2093445
2153741
2199056
2207202
2197371
2131297
2127414
2244850
2208561
2242154
2242456
2007484
2004503
2092156
2065499
2016623
2075583
2067886
2083385
2072737
1994419
2084675
2077669
2081073
2070465
2088771
2080336
1997871
1996087
2020133
2018068
1949852
1941152
1903036
1938903
1895308
1893640
1846098
1943929
1937922
1939983
1902896
1892303
1890010
1897471
1935212
1946619
1849989
1945784
1848820
1903993
1835403
1797816
1838417
1737300
1729603
1799584
1738556
1720776
1842019
1799382
1733495
1836822
1734602
1736463
1722966
1732665
1787953
1845188
1731112
1786720
1664713
1716842
1619883
1615941
1677256
1621952
1668070
1663348
1673474
1678262
1656724
1620235
1618246
1666777
1620904
1719706
1713586
1670039
1671205
1669190
1471541
1590215
1610715
1474307
1537341
1589324
1527452
1526445
1529817
1470731
1536493
1534469
1533845
1586777
1475743
1587679
1614148
1582511
1588697
1525438
1340011
1404163
1395158
1466325
1327644
1326746
1408348
1323295
1462591
1405804
1403024
1398375
1377786
1329605
1393902
1464899
1467758
1337158
1324678
1399629
1236822
1225519
1178941
1233750
1252099
1309973
1249528
1214196
1248096
1231619
1222615
1243764
1180265
1253999
1307557
1177622
1319321
1250533
1246145
1238935
1166786
1174716
1133047
1125430
1159390
1121700
1161037
1131682
1132172
1134060
1123981
1129090
1132606
1164593
1168117
1173135
1162936
1130762
1128587
1170293
1082882
1028549
1077099
1075630
1090029
1116511
1089052
1074577
1087672
1118901
1085407
1018118
959155
1086190
948252
1091093
949438
1020107
1084033
1003412
794292
921818
802122
936937
947114
934798
921357
860813
861594
875099
847642
806127
798131
790393
849521
877837
803709
873346
859747
800220
727143
781640
739838
778202
738338
733931
725779
729316
741009
778365
743355
701895
700708
781332
778901
782094
736591
782288
728225
734878
612629
610396
659450
700167
616417
699218
692456
619408
620294
618548
617559
613631
611553
688238
593042
693819
592108
615069
687183
652932
586438
583340
548591
543728
510992
512496
547899
543991
540343
542763
509843
551443
550108
545195
588812
537218
584634
541710
513879
548121
508916
464890
452471
429758
462153
466116
426419
430242
463095
459015
464198
507776
459881
450273
457926
455807
454039
467838
469756
495980
404648
399747
399524
404308
406498
404451
420764
408370
407837
403769
410759
402586
403242
407574
404100
422411
410671
410594
405401
404179
379923
376469
380524
370303
378146
373501
348812
381038
375330
376043
348017
377524
371770
382957
381716
370649
370880
382482
379304
379202
305091
298302
335777
335507
311429
310272
298492
308273
304014
315516
300142
344905
347698
343065
299575
345970
301207
314427
312230
305859
251668
256499
254599
284088
276392
278443
257904
282364
254030
296013
258197
252200
252724
244366
277646
250829
253121
297159
257242
253780
243064
241024
241657
243220
243717
243440
243187
243034
242963
239753
243880
242127
239220
243598
244114
244015
244052
243649
243475
243359
235297
226487
211187
211665
224536
226154
214449
213779
234674
222594
212582
223024
214831
212190
224148
226831
214045
238670
225229
235892
179957
207845
206932
198910
209122
193070
199373
209982
208377
198478
191719
197718
191141
197254
195951
194651
196898
209508
199446
192374
165624
164652
177747
164375
152694
163719
168036
160376
160127
176637
175967
177101
153150
178755
175775
160976
179289
152997
162280
159493
152302
150291
151878
145625
151784
139460
139613
139345
144855
143677
143937
139145
149114
139264
145358
149740
149351
144181
144510
142318
126693
129642
135079
134202
125698
124537
126425
134964
134510
124282
133532
138809
138116
133954
134851
134740
125895
133726
126855
134384
114575
109381
120239
113983
120728
109641
120952
114121
119950
124041
119524
109445
111985
119519
111606
114372
109591
114708
111703
120402
107129
109136
103987
103576
103811
109291
108555
106793
106693
106590
109226
104583
107034
103696
108633
106970
104673
103592
104668
108768
97904
97447
97219
98477
97730
96954
97286
101548
94993
98589
97149
97397
101644
103517
96860
100519
101743
100674
97177
95029
92862
94984
94892
92551
92425
94673
94455
94211
92958
92647
92596
94632
92683
94760
94556
94410
92313
93022
94518
90880
90573
88204
86335
86105
88539
90662
88568
87964
90191
89958
90444
90348
88531
87859
90411
88056
89853
90814
88141
90033
83592
76946
76228
85819
76792
85658
76602
76308
79824
76402
80066
74834
83185
85980
85543
86045
79988
76724
85871
77025
74418
74595
74277
74363
74521
72640
72387
74709
74532
72225
74009
72430
72763
72270
74782
73782
74308
72679
72729
73893
67989
68095
65725
67721
65804
65441
71760
71621
70352
67768
70270
67445
67378
67529
69977
71808
67924
65619
67596
67022
61705
60681
65155
60501
65305
60619
60572
65241
63141
63019
62015
62907
64837
62780
62412
62286
64824
64863
61573
62593
57974
58203
57157
60327
59840
60359
60430
58376
57911
60250
57727
60079
57426
57251
56211
59679
57852
59767
57487
56147
55125
56018
53466
55273
55751
53874
55415
52879
56078
55054
51263
55454
55538
51160
55956
53717
53785
55876
55826
52520
47701
47775
50141
49881
48628
48507
48190
50016
47223
47122
46936
50706
50748
47879
51099
48379
47068
49759
44960
45249
44612
42978
43841
42836
43096
42774
42716
44815
43852
43045
42973
44324
44005
43942
42810
43768
43765
43776
43602
42955
41249
42436
41461
39908
41443
41007
40751
41208
42180
42287
41463
41128
42509
41390
42612
42232
41502
41042
42347
39968
38285
38226
36499
39356
39267
39263
39269
37553
36551
39793
39276
39677
38414
37384
36437
39832
39423
39881
39726
39759
32711
35819
32647
32665
32302
35943
32400
35880
32355
36168
32204
36081
32197
32573
32237
34726
32210
32487
34787
34666
30232
28450
28537
31875
28478
30442
28675
30401
30824
31795
31787
30322
30886
30170
30279
30007
28884
32139
28722
28834
25764
24083
25822
24497
26063
27107
27478
27341
28329
28279
28225
27291
25837
25731
28394
27214
25966
24583
24297
27149
