1190679455
1171838700
1171509579
1169787709
1169669463
1169568908
1169458516
1169324312
1169181322
1169056196
1164767854
1152288351
1147920759
1147873021
1147686671
1128930405
1105637007
1105548280
1103211833
1103126358
1103039422
1100391618
1100330146
1098399953
1098345449
1097962057
1097924560
1085432711
1085410179
1084823704
1083719192
1083658655
1083592913
1083493786
1079319848
1075147580
1064341779
1064284681
1064209164
1062164443
1062120925
1052170146
1052110234
1050455286
1050290041
1050252159
1047901581
1047795881
1047710801
1046560423
1046495751
1046446729
1046404482
1034902095
1034846255
1021444911
1019752868
1010941925
1010867918
874463611
831965297
831896052
831825746
817225379
817202321
817162563
780615623
780599304
780573690
780545262
780531982
753189136
753147955
753113492
753084059
753040439
753024212
752990471
740087503
740053988
740016567
739933555
714392951
704988719
704918211
704847824
692922678
678947285
678723863
678530885
678470842
678404669
678366719
676671321
668027014
667988392
663756744
626125028
626094357
619266529
616686124
614963053
612067618
604237208
604203485
601181348
601176004
601153558
600926091
600020442
595097017
593405306
593385817
593364777
593342265
592236586
592211974
592175981
590858257
590825955
590642979
590625142
589525673
589496083
589467368
589352536
589332216
587888291
587652953
587598121
586320737
586264055
586231499
586196300
574301409
573021002
571318822
570003746
569961429
569858761
569845186
569825842
569803887
569772871
567043819
562499354
560245171
560206695
560171051
560136069
560102800
557616328
557580998
557559197
557490149
557400261
557373952
557351632
557284059
557251558
557209358
551166899
550228359
550196054
550120733
549958088
547565637
547533576
545993038
545956392
544860020
544419794
541685329
541654397
541647535
541479743
541436614
540384610
540358761
540325398
539166209
538955352
537843978
537819344
537710125
537661067
537636682
537615353
536593220
536559233
536550770
536527933
535167006
535042166
534996826
534833528
534803276
534765660
534730981
534658134
534595786
534531369
534486922
534420568
533454361
533415336
533376409
533345643
533307990
533274453
533250354
533235873
533205756
533185005
532048510
531808454
531784335
531759220
531727780
531693433
531617315
531556155
531478310
528377307
528336408
528310339
527165716
527130818
526955125
525546766
525517909
525485475
525448453
518095137
515912693
515888652
514518662
513384290
513356359
513321427
513283859
513197420
511527876
511491661
511453960
511385105
511362273
511308912
509531635
507444160
507319686
503372142
503008804
502705771
502702638
501751323
501721564
501688820
500392248
500356708
500306027
498970828
498950818
498915619
498876111
498584319
497789434
497757492
497615299
497611610
497583625
497572827
497548406
497529322
497507169
497484550
497464451
497363688
496261916
495864520
495834199
495809989
495236475
494092646
494013031
493949246
493902885
492797467
488818827
488805636
488782782
488765246
488744687
488698801
488662812
488613241
487399895
487393887
487378063
487349558
487326961
487299634
487261776
487197727
487152460
487108065
486267515
486241822
471737268
471720463
470480110
470448726
470421075
470390910
469454972
469211648
462488925
462452879
462422368
462401283
462283013
462256456
462244577
462221333
461261578
461207602
461175020
461136298
461121098
459943511
459908466
459873865
459834140
459807166
459785301
459706775
459681957
458707350
458671092
458473556
453634260
453608596
452268167
452226567
452039733
452006377
451975701
451657638
447625084
447556146
447550826
447517523
446389292
446343501
446180326
446145208
446114799
442949372
442918889
442893743
442868038
442832081
441761588
441383226
441345572
441318822
441255334
441208475
440588947
440569444
439164528
439156948
439126989
439095420
437985418
437945077
437895625
437847156
437811227
437765209
437733775
437684493
437644512
437599087
436557239
436506957
436453604
436418917
436382194
436352076
436328024
436239237
436216685
436163811
436109749
436068225
434863587
434831413
433167857
433112481
432956889
432901001
432856072
432709838
432651843
432584865
432552752
431668346
421561013
419599126
419554548
416200814
416174759
415164078
415139703
412364185
412333332
412310961
410973208
408148724
408144279
408108553
408098712
408052298
408034767
407845254
407823470
407798258
395619067
392205030
392179279
392154725
390786323
390770869
390725882
390682341
390661243
390636108
389507219
389489536
389473805
389456222
389439333
389306269
387808681
387801880
387776844
387752123
387722265
387697916
387675288
387507085
386058729
386014768
385968930
385924621
385871266
385551190
385531498
385401450
385372795
385341452
385311057
384162291
384127064
384041904
384003797
383974937
383947402
383919288
383885989
383857735
383830472
383804763
383781080
383756787
383732659
382700888
353800138
344296259
344276767
344246747
344215954
344191736
341644313
341621694
341604505
341583478
341569933
341549692
341521289
341499071
339453770
339428747
339417616
339397072
339380510
337401341
337368534
337367491
