1191110259
1191057211
1190999291
1190679455
1190533253
1190370727
1190264613
1183614898
1181218266
1181131050
1181041479
1180873051
1180728110
1180548169
1180470272
1180348983
1179090632
1179043573
1177286547
1177248493
1177184858
1172538549
1171822482
1171709103
1171495398
1169812026
1169500074
1153062152
1152953348
1152903994
1152809132
1150015314
1149878590
1148245936
1148187928
1148102770
1148052762
1148003443
1147936097
1147873021
1136519919
1136457105
1130970506
1130870089
1129451308
1129341750
1129233768
1129164918
1129088266
1128812043
1126865916
1126786708
1126716195
1126613265
1126453336
1125916436
1125608530
1125164923
1124365777
1124257387
1124202753
1123641461
1123541033
1123411922
1123260960
1123077662
1122845546
1122770372
1122633999
1122512025
1122396467
1121082167
1121001943
1120877890
1120793217
1120492445
1119396539
1119227190
1119144021
1119048237
1118546548
1118410311
1117752009
1117520073
1117377395
1117141594
1104112100
1100787437
1098942978
1098852939
1098776029
1098670516
1098571607
1098494121
1098399953
1098345449
1097844304
1097727956
1097626793
1097548364
1097478935
1096691583
1096556006
1096488533
1096373353
1096307421
1096212772
1096160275
1096113707
1095984711
1095416343
1095281271
1095152342
1094436239
1087987262
1087934488
1087842022
1087708403
1086958940
1085424953
1085370065
1085317169
1085266568
1084937143
1084894435
1084830831
1083618129
1083528764
1083425387
1083327594
1083268433
1083074983
1082967442
1082926929
1081483015
1081364982
1081250137
1081212795
1081158212
1081099872
1081072901
1080800475
1080741840
1079500823
1079426829
1079357587
1079303726
1061479188
1061222693
1059548689
1059500418
1056704438
1056597293
1056519346
1056093598
1050594413
1050532582
1050476596
1050416197
1050342905
1050274290
1050212535
1050156651
1050056862
1049923839
1049798045
1048121512
1048077756
1048018746
1047953256
1047863364
1047741740
1047686126
1047527780
1046212989
1046080427
1043660981
1043551523
1043523909
1043481962
1043417441
1043363806
1043281905
1043129117
1042972075
1042830299
1042714812
1042318390
1042159719
1042035526
1040961484
1040909517
1040836262
1040808116
1040773016
1040731760
1040479779
1040352692
1040145503
1039853526
1039690155
1039547916
1039414115
1039272705
1039090194
1038990939
1038336503
1038148538
1038117712
1038074021
1038030273
1037923877
1037788469
1037559026
1037455382
1037326387
1036375630
1036328916
1036292403
1036247289
1036159735
1036119740
1036031127
1035934919
1035829388
1035713461
1035556213
1035444222
1035267869
1035151517
1035077473
1034439304
1034401610
1034369752
1034310951
1034262508
1034224625
1034168109
1034066239
1033995785
1033846900
1033706308
1033623064
1033550362
1032524843
1032486596
1032425589
1032365657
1032278133
1032227428
1032138597
1032039130
1031853050
1030347492
1030241399
1030117921
1030003756
1029926966
1029759642
1029564471
1029356452
1029229307
1029136566
1029026528
1028928668
1028365521
1028270877
1028206944
1025845399
1025751292
1025699349
1022310044
1022240068
1022173475
1022087238
1022052261
1022009942
1021970997
1020579892
1020492486
1020417701
1020350273
1020265739
1020183710
1020136062
1020084974
1020029291
1019806927
1019165551
1019069244
1018962025
1018825679
1017912618
1017842270
1015046670
1014920763
1014810567
1009805216
1007494748
1007404075
1007300116
1007236014
1007148853
1007104346
1007045733
1006964999
1006938027
1006901420
1006848814
1006783096
1006716176
1006693195
1006624817
1005612002
1005490509
1005368916
1005270447
1005185943
1005135143
1005047471
1004993778
1004955808
1004908643
1004868280
1004818591
1004683495
1004639125
1003597318
1003435833
1003360255
1003193628
1003130145
1003078221
989713444
989637860
983974555
983891234
983817381
979359123
979274223
979233162
979162728
979134839
979088993
977547017
977497971
977024884
975576394
975525449
975462260
975427069
975388123
975344840
975303916
975064741
975005716
974927070
974797222
974665510
974548320
974469085
971604602
971562256
971478605
971365187
971268987
968331136
968225210
965542735
965402334
964725949
964661628
964555093
964418733
964355118
964119127
964017675
963334947
963265060
963210570
963165350
962847317
962809857
962761461
962708609
962481182
962366869
962299597
962094791
961972584
961865329
961104788
961043718
960912325
960810765
960557605
960407188
960325425
960260106
960178222
959240489
950296084
950073767
947487326
947388516
947282514
945099692
944246169
944026987
943924485
943750763
943701047
943626980
943541281
943490149
943378578
943326530
943222626
941194406
936010886
935976826
933880123
933821428
932598819
932490589
932401399
932333964
932203306
932150594
931813574
930590509
930480380
930235280
926212848
924007146
923880110
923694528
922548612
918593439
918547173
918497129
918430104
917388012
917295393
917115824
916992534
914972377
914903076
914815236
914483947
914460226
910099096
907506014
907482854
907400104
905347534
905338177
905320330
903892766
903656977
903593855
903559909
903490751
903459009
888212706
866170337
866146185
866113855
866026825
865968420
860841540
860771289
860517675
860479406
860237816
860050459
858768861
858704018
858654058
858601664
858506987
858432983
858255285
858202971
858011539
856715359
856672058
856552800
855932369
855798157
849193875
849092223
847315344
847283795
847176750
847078768
846994376
846973425
846867703
845677164
