1191203906
1189346295
1189158178
1179248435
1191482375
1189280114
1191254128
1193819875
1193442222
1193375475
1179184791
1176954845
1189220158
1177042976
1171975579
1193887457
1179080781
1191542049
1191355986
1191410051
1159601507
1152914659
1164102234
1157539401
1166212133
1164808062
1164004229
1152843908
1166315339
1171522167
1168760749
1166424661
1171668174
1164190629
1168646465
1159790695
1159660641
1169117705
1169182227
1159731247
1141663242
1145626825
1141599463
1141815981
1145735155
1145681803
1150758802
1150450727
1143444443
1145445036
1143519062
1145507771
1143233391
1143077550
1141725666
1141515920
1145832142
1146061936
1145355833
1143151031
1139315968
1141278406
1131704248
1131550248
1131483437
1119547993
1119396539
1139244577
1129288879
1139198621
1138919800
1129214457
1129098223
1119227190
1131818632
1119048237
1136972830
1118941716
1119144021
1129032407
1112263065
1110346076
1105065380
1112530161
1110426475
1114487852
1107620457
1107245556
1100787437
1110261951
1100708028
1098513991
1100863869
1107352334
1105144800
1098420180
1112392691
1110164703
1107701049
1098565493
1087535362
1087634324
1087374865
1098355644
1087228702
1087447878
1098254725
1094347611
1092339719
1092297461
1089820714
1087294559
1092241251
1094436239
1090327161
1090078527
1087736676
1094288857
1090018063
1092195870
1079500823
1075392519
1079565118
1083143381
1079310947
1075257050
1085290653
1083268433
1077524249
1079357587
1079426829
1075061156
1083196336
1075480556
1074925071
1085399065
1085171425
1083327594
1075145766
1074978213
1070060321
1066155052
1068279911
1068064036
1070212621
1070279824
1069996871
1068134972
1068071022
1066265337
1066215194
1064213124
1068006746
1066071281
1065999888
1065959747
1070131198
1068249006
1064164303
1068188950
1062110425
1062002122
1059605585
1057216562
1057067532
1057267086
1059472499
1059411798
1059877750
1064086852
1059504465
1062179972
1057126971
1059560780
1059790531
1063920250
1061968388
1063964845
1062250925
1064003773
1050796800
1052656318
1050396846
1050650485
1054831519
1050735975
1056995534
1056918575
1052491607
1048120526
1052548280
1048063522
1046493234
1054695746
1050467917
1052587988
1052531072
1050539641
1050587644
1054772097
1041017392
1043438782
1046413093
1046159383
1041103997
1046360086
1036742746
1038433970
1046264070
1041179157
1041278446
1038588401
1043402592
1040867154
1043455172
1046225251
1036828985
1043519090
1046315509
1041437593
1030908772
1029136566
1032965760
1031017088
1036481207
1034736452
1036550059
1032897946
1030953371
1032844409
1034618726
1036634135
1034836860
1036430127
1036659642
1033205717
1033091994
1034682337
1033027904
1031117425
1026269387
1025965494
1027933298
1023596299
1028532367
1028464797
1028444444
1023543153
1023483022
1029026528
1028928668
1026374551
1026169636
1026085063
1028037172
1026031751
1023402542
1027736727
1028612984
1027593931
1018126130
1023190207
1018286913
1016352598
1022139095
1020086323
1021812545
1018222492
1018352989
1020149406
1018172667
1016493926
1022066115
1016397090
1022024901
1020221024
1021774495
1022170946
1023326313
1016438461
1015624291
1013657378
1016160222
1013599393
1016296467
1009197295
1015743191
1014065038
1011463082
1009263674
1011241852
1010541993
1011178072
1013336014
1013942358
1013987049
1013462092
1011618634
1013867663
1010708399
1007358252
1007014879
1006956772
990070907
997209230
1007288593
996789953
995082389
990020926
988052198
1009148852
1006474486
1007072511
1007136899
988334440
1008974830
994910070
989953333
997010199
1009090524
983891234
987997922
984060614
986189096
983631126
983974555
985877283
984148046
981443509
986273858
981845265
981497028
981714494
986348750
981326396
983817381
987944093
987921659
986256120
981638961
977666701
973924421
973867700
977520640
977644705
972164380
975576394
975462260
975427069
972044039
971971923
977567044
972103599
975344840
979444467
977438365
969963244
977735728
981176271
975525449
961270050
964795102
957557941
961014146
960946028
959647507
959765072
963051777
946829219
965098467
969777757
963131871
957602303
969883136
962806230
959708912
969695694
955788883
969634598
963003093
941194406
942838440
940899658
932598819
940789296
940999456
942962762
938186995
938153822
935581121
938587462
935668854
942910509
940665455
940596998
946783071
943030583
938241960
932490589
940560702
928030768
922956958
920471347
932333964
920167656
923054666
931678500
928081820
922902610
920414649
920227913
923008199
920657626
928324236
920806811
928141968
932401399
928215712
931803655
928267278
912084565
905562014
918210780
912305282
912259711
912685088
916156863
918173356
914324303
911953073
916096788
903681588
903465952
918264820
912597201
918455841
914208911
914163237
912546014
918106230
897339700
895559792
897393159
899580294
901620255
901683036
903278577
901422457
899552277
897845117
899328550
899524884
897792711
897755572
895127545
895150795
903225901
901576331
899771301
899715642
890324377
876817717
892790205
890264952
886357301
894941499
892715754
890469456
890295478
892506971
894877195
892543270
890531603
888177402
888145706
886125251
884630954
888496513
884156982
894755882
873137271
856405841
864339365
854957210
858618803
864392377
872976068
873100524
866431946
860374684
860346104
866465984
862328373
852968698
843597965
858433990
864153018
866385290
847377141
864186770
839671218
843386971
838014893
841743941
841668205
843395257
837766778
835994858
839558656
843438080
839468438
835900987
836093500
839802430
839411365
839718032
839742059
838072768
841706980
835873186
831172677
833962964
831618398
831278604
835793613
834118561
833680961
835828475
834355104
834031627
833906314
833575648
833098121
832039780
831835819
831711586
831376730
834080066
831768928
831525573
829223752
826617647
828572479
830106969
828462768
826666315
830040464
828912149
826766912
828987559
823049499
826730613
831098026
829107422
824890566
823092991
822960203
823181485
828854698
828505286
822683653
815020182
813756992
817471338
815095450
817544053
819136387
813711251
819259764
822729534
822915919
821221055
819383963
817650952
819428110
815706200
821037376
813799676
815781806
819471733
811975150
811716793
803801517
799742838
778611019
777003252
776679685
810917759
798093334
798035400
799843893
811474943
811441376
807646423
799782178
807709291
778507610
776763809
807684583
778481530
766171960
774795260
771163558
775197221
769468904
774961564
766299675
774824268
766143670
772940409
773085972
776646488
776547649
773049785
775156636
773172259
767544110
766222830
772858289
775111296
758372992
760618771
764590575
758505069
764545925
762197091
764581395
763228073
762561625
762663070
760658243
762845522
762097128
762622768
760835503
760731960
758437129
760786959
764492375
766106182
749386755
744150392
749586000
751821015
755581874
744424695
755499523
751963469
749485346
746684837
744636275
754798322
756900040
751758696
749269600
744075906
755614983
756962702
743940879
749544053
727785753
725987382
743800724
736370040
722618060
722411022
743743756
727821352
726068345
723864509
727893308
727717838
726019196
730099872
725942083
725898259
743702269
736505585
722458325
722551628
718377282
718275086
714575460
714486054
710641141
714441557
712668272
712516217
718152981
716396268
722375071
718332598
718617989
716441294
716413429
715690899
712585275
712550818
714524409
716487563
686349153
684411162
680864316
708809054
682626299
710549752
708976295
706584219
708914921
702782322
701051668
708836527
700683772
682638328
696921240
688276697
708782296
684452605
675004262
710530927
673370379
662317808
662152275
673264279
662156761
660367687
668352857
661796577
668248079
669761261
673175976
668128563
668303338
671472825
661626366
673216945
669832554
669800499
673310672
668106113
655360180
655308040
658841968
655444482
656972961
656624364
653349314
657096725
658277530
660243939
658890664
657137475
658758992
653399448
656763090
658409507
660292335
655417889
658642456
657045063
643271241
643213333
651543029
653272238
649889425
651564334
646620423
649928504
651601724
642050276
648191019
643469366
648002013
645257804
648219197
649863624
645203388
648120347
646733335
643511962
632832922
632871873
632856661
621607952
617077915
639949374
641602265
638281663
634422349
638195946
639925334
636247138
626104458
636209846
621578768
639902056
621636937
624515438
624476139
617022838
610394108
609330247
616952148
612199460
610642155
613528088
613600424
610457009
609417799
609255874
613655741
615053004
610335036
609180695
615204770
609460220
613500941
609234353
609212551
613558381
607594663
607116842
604220186
604257106
602643311
602698639
605832720
605801126
605596546
607208315
605769969
602613952
602668953
607708707
604080424
603906101
605675453
604108273
604047344
607641572
596874125
596645302
598278703
598767383
599935337
601207794
598686760
597859722
598725816
599875402
597619990
599965405
602587492
598391194
601150670
598373708
599841671
598470282
598255396
597710853
596583873
596548533
592258325
594934263
592051918
590911710
594961538
590879251
590851968
596121136
594928042
594726886
593598983
592024317
592377692
594786806
593434146
596206161
592075191
594649326
589548826
587867269
589352536
588061658
587994007
586007736
588149573
586320737
587888291
590686780
588315991
588269021
589597489
590822536
587823985
587958399
585992295
590701182
586252845
589565207
576321047
576708820
576457097
576255025
582594883
579456133
576530905
582522694
579520033
574994819
584349812
584720676
576632405
582620269
576484200
582562073
580903258
579494013
580933128
576609796
574768925
573075786
574695131
574908924
572933034
572193847
571385072
573116914
574579362
573019448
574800743
574652729
574879783
572973822
571424632
574490812
572892391
574947436
574849004
574804084
567317534
565832920
564409979
571303803
565571547
569827463
571271004
565717147
565491960
564225757
567229354
567122290
567291729
565954546
565645322
566042037
568607360
568661460
568687627
565771239
560136069
560025207
563959375
559977998
560102800
562778388
562741213
559998765
562539017
560245171
560171051
564186745
560206695
558720816
562711906
558709982
558931876
561310204
562866970
562523635
555943789
555513443
558686945
555411980
550229642
555897437
550265056
556108459
550191836
550148239
557472664
557489700
551465625
556180841
556074433
557515422
554470157
550120733
555934129
550022361
544679395
544744233
542919859
546361299
546154541
547587887
544707760
548915952
548887390
546103106
542898038
541728112
546326678
546250298
548715605
548702599
548857382
541774445
541678815
546204146
536506600
536407636
541548844
541475407
541649623
539105706
537858975
540300353
536458393
536530245
533454361
533376409
541468095
540356205
536364169
536382265
533415336
541584793
540327983
541514047
530239674
530200691
532001210
526999971
530279084
533307990
525775016
533024719
532980794
527108782
526722825
525704429
525591844
527038028
526969661
533345643
525723419
531961888
525568592
525761106
516172842
513162950
523506393
518291787
518129582
515883169
520965676
519813900
523553088
521001854
515846700
518172673
519844698
516294364
519572824
519710821
518255784
515811242
514551410
516215100
511597474
509075026
507344898
511624460
507295949
503075835
509148842
508634497
508620538
507390293
507464807
503092841
513122332
500469668
511655315
508637975
510755991
510900907
502926141
509052893
494350787
496236351
494197666
496196682
496125459
492435030
494229182
492401809
494295271
492683983
496018496
492449153
492455980
496106322
495986523
500256085
492510359
492611991
499221140
494159534
490652784
484584150
481625169
478781973
478740580
486061804
490544476
481707328
484567231
483054212
484571232
484621768
486139379
481668645
490568658
490554354
484612212
484536881
487379017
486194179
469095286
466871128
477645290
476178957
467986251
473183362
471775723
466770013
471748719
466738411
470640826
473107772
476157296
473189670
466804165
472002540
468025894
468183845
473136959
471692877
461062826
462449913
466719520
463924054
461150806
463918956
461096342
463855199
465234545
465068500
463731081
461186208
463848975
459843366
459813341
463754464
461213576
459787600
462260777
462240072
450806271
450661840
455423074
458410386
455378545
449185573
456890690
450739564
458547162
455523757
458518186
458636981
458598275
456887706
452211925
452171742
459677017
457126779
455464715
458682792
436508394
447667726
449166986
440484683
440430968
439280326
447975405
439322101
440463871
439204032
439083836
447618820
440498467
437773074
448024542
437750349
447702660
447641964
439123299
440508644
436473982
425590192
423265992
428873975
431502966
428837111
433037183
425362265
423411763
433082437
427312782
427333823
425711533
427257139
430026490
423578706
434642898
423504657
427276714
434590320
421468486
418724764
417485818
418576778
418819752
418622670
417442756
418511235
417407027
418781129
416378736
418354847
423137290
418657358
418600161
418560554
418390328
418330492
420311641
417489689
415092757
412424970
415218216
412564559
412373139
415154664
416352773
415221750
415195145
412223283
412623862
415033415
412239948
416173729
411219834
415073516
415266419
412635547
416310775
412403763
408951563
409021176
408940110
410061586
410094725
408879797
408968116
411153942
410114320
410134050
410171533
409867968
408932709
408918136
409832896
408900834
409002745
409891593
411187351
408978679
408018621
406770567
403585120
407891700
403552619
402401822
407634048
403396240
407995686
403645905
407817006
407875081
407672288
402271159
402334031
407787695
403425795
407967004
403264961
402364866
398887147
398838563
400265910
398928709
398703256
402159074
400221307
398697340
400140064
398678989
398734954
398672030
397775525
398743456
402216793
400169121
400316691
397687225
397640886
398593937
393307087
392201376
394615802
394682324
394830983
394731461
394886965
394651099
393432634
393401437
392233687
394679176
394542770
392211265
394573987
392293260
397575563
395934920
394647628
393467433
383746026
383796369
392166368
383886129
383585019
392014816
392148267
389414121
383969517
389368080
389002776
383912430
383771290
383855862
389378016
389450397
387297372
392121692
382777991
383827300
382712751
382509008
382731107
380471139
380453212
380411923
382686026
382620596
380488673
382681281
380244961
382646159
382756510
380390184
380247451
380361014
382462614
380211189
382603095
380540128
378767994
377511727
377094572
379350119
379064797
375296170
375138066
379204805
377201915
375134135
375109229
377028565
375313980
377165916
379058210
375269213
376637989
377240994
379014502
379115601
371835266
373240798
373278040
375046484
374536241
374791630
374970943
375084978
374724687
373051782
373024257
372993041
373330251
371840284
373394456
375016257
374485505
374929381
371838512
373096355
366453998
366196980
366152031
365254634
369164626
369245402
367678191
367599581
366121913
371810171
367653914
366523262
366502313
365327216
365278900
366603239
366573358
365352848
367627190
366473723
356645358
356576771
358935195
362706393
356618061
356728275
356593708
362734518
364023867
358792514
360378589
356705077
355579371
362781325
361739042
355673524
356789103
356757148
355754673
355718264
354381885
351907852
353037544
352976430
355541661
355438754
355375924
353070928
353016671
352973578
354303294
355479942
353146174
355506845
354419598
354359750
354272446
353164248
353001704
355538000
350315598
349039231
350118279
351861788
348891920
347841878
350374802
350091612
351813853
350102706
347804003
346599484
345652752
347861377
349070101
349009349
347838748
350063303
350370889
347756999
342880230
338489924
338838156
345622434
337546081
338531214
345352002
339177800
338906201
342933517
338813185
337622769
342898143
337600600
344317121
337584702
339247418
336517358
342956809
339223028
334767523
336472994
336271949
334931892
334870884
334633386
334908726
336245441
336142786
336220436
335161810
334840849
336222800
334815030
334792166
334665376
334593264
333292400
333328518
334966193
332083209
330165681
324971107
332216700
332195783
332070695
327732692
327708724
332166399
327762957
326397545
332583514
326354413
332243393
331156427
331095194
331065499
326079726
326073970
333263932
320727048
320706499
323839840
324855751
322752909
323859896
321781723
321546292
321752043
322602944
321792254
321783852
323844070
322663917
320729378
323836945
323815953
322701068
321688822
322788503
314972457
320428514
318230966
316501942
320596038
320621433
316422563
318300346
314940503
316610207
315038464
315128107
317075695
315009233
314915343
319464489
316586862
318227555
315057888
317060723
310599868
313761036
311822298
309081642
313986555
313737188
312749617
309060381
308963227
311789618
313767025
311861234
311767456
311748150
309055930
313991303
314881792
313943732
312708404
310682612
306921831
308080048
305903798
305865882
305882511
304898624
308923460
304856022
304801800
308046807
307997467
304605583
304656402
308897127
304826156
305919127
306776079
306752706
304884327
308024992
299693195
299735961
299676496
297745309
302377055
302281528
302248731
302231633
297711395
300824467
302587548
297778838
298865669
302521567
300747910
302416258
299780481
299759446
302446588
301116393
297593369
292063348
291996926
291972828
291902822
292438768
295605099
292104892
292141551
292028039
293781727
291924764
297642996
297629279
296658427
291947022
297679788
292455896
296683360
292525517
289682720
289816330
288356900
288400413
288397096
288338512
288436957
288560864
290733534
288470669
290723062
288293139
288258303
288575328
291859919
288427892
290844290
288317032
288362184
290814344
286052595
284871983
283803143
284994763
285058217
283906148
284905267
284974443
286189539
288045108
284956396
283935355
288234237
283860645
283964429
285034828
283842401
284939766
286132102
283804621
268885778
282627776
281732054
282666968
281658723
283758794
283779125
280530808
282794123
279497408
282740275
282760969
282689617
281681008
281631127
282656939
281701902
280155351
268841575
282585796
264719868
263598043
264826500
267668528
264991433
264857193
265744535
265773805
265898652
263772997
268516790
263736629
263709635
268556557
265035782
265891065
265958815
264748605
263657855
268777542
260453170
260737696
260397189
259597917
259571327
262068794
260556676
263580716
259268059
260593757
259320534
260571759
261696816
260627624
260610592
259575465
261802360
260470734
261760980
261658366
257769764
257847614
257595799
257334889
257475599
259186198
256630816
256617607
257445196
256547316
257932445
256450296
256653301
259243966
259127499
256576074
257870117
257714305
257354197
257504094
256377806
254582848
256416691
254418327
254845397
256188159
254575800
254684539
256209383
254730097
256150370
256311198
256340038
256228244
256216806
254939205
254771996
254646116
254774243
254908659
252415345
254065786
252952426
252788763
252747599
254204268
254332722
254374027
252983056
254144161
254190892
252673589
252441229
252891594
252618065
254161557
252838030
254109023
252925954
254221217
249222181
249543542
249623338
251219148
252368398
249409588
251469499
249511356
250510088
251251682
250481675
251388438
250380846
250355826
250440810
251347036
249576322
251354133
249263001
251360040
247580366
245913215
245889986
247614950
246649400
247382074
248269971
247665363
247444339
247707099
247425629
247489499
246724958
245864331
247353302
246707236
245807325
248294143
246682697
247506699
243451524
244459050
244490694
243430433
244650677
244250727
240903806
244786323
244714754
244231214
244216564
244550278
244512607
241435686
245743676
244661245
240932664
244308807
244285447
244266494
240476887
239262082
240568350
240504241
239646024
239689267
239713380
240886037
239791357
240748872
239244836
239353039
240864175
240576363
239286412
238531040
239183799
239759222
240801288
240815398
236625082
237687350
236658922
238312507
238426478
238376898
238294148
237710172
237569118
237727389
236619321
238428897
238447420
237614749
237583994
236751594
236657045
236595728
238406281
238377857
235502130
234399635
233538517
233316135
234507981
233561358
235292257
236451626
236492933
235260653
234439134
234450493
234407172
233490591
233442489
234521138
236300176
233451931
235440589
234495527
232010431
232140001
231352160
232943619
232929645
232168593
233083845
232888703
232242512
231331083
231377254
232213042
232868791
232945440
233006828
233181741
233224349
232150587
233060438
233039686
231309216
230547378
229646971
229801348
230568111
228582166
230544640
231321140
231329295
229818205
231294731
231243544
229678797
228553972
230475289
231226557
229697900
228620726
229663215
230583115
227477117
226668035
226651574
227854189
225943858
227508043
227455476
226681527
225947048
227752773
227711421
226601890
227526136
227540012
226708660
227487402
227688298
227669492
227900666
226639229
222758132
225158277
223500008
225074678
223431264
225858469
224342333
223620538
225185433
225090678
225057951
224327937
223658100
225557656
223356231
225523995
223570278
223402066
223640879
225167807
222718891
222041053
221285823
221196023
221759842
222688746
221229894
222028549
220440290
221170831
222073266
221260857
221248287
222582236
221297770
221718726
222062612
221035688
222052084
220486850
220425447
220135513
218969489
218277142
220175127
220234723
218318226
219194221
220352071
218151011
220384020
219215575
220247657
220294488
218982412
219945384
218994620
219013952
218300628
218163597
217058439
216095616
217310152
216918070
216895561
218127304
215926238
216942123
217141552
215917671
215900661
217103138
218106347
217306738
216970963
216844853
218084294
216875356
215945516
217021020
214935120
214209606
214153509
215146319
214734314
215888288
214141011
214962421
215031666
214195964
215079310
215053974
214767225
215120361
215016245
214281001
215098458
215873006
214183089
214253871
212668156
213350329
211829250
212692712
214102913
213441546
213395097
213381938
212584692
211827436
213406484
213508941
213344489
213330126
212552823
212720273
212747836
214038897
213458162
212527115
211607382
211027017
210967885
210264654
210979679
211085494
211664698
210185929
211808254
210209874
210950457
210253652
211052919
211792631
211780427
210953423
211691381
210230114
210282674
211064556
210162442
209215466
207605078
208480433
209170718
207257718
210183757
210090211
208402366
207650902
208069373
207447781
210142294
208455951
208536813
208550008
210132158
207526852
207494169
209378659
205443624
205647253
207227963
205563170
206091250
206056778
205616313
207177857
205682732
205331954
205397745
207151862
206134907
205406480
205360408
206152806
205348562
207205241
205581954
205424034
203728098
203047996
203707239
204604279
203794660
202977028
203083585
204663016
204551802
204581693
203882615
203016611
204620803
203110830
204717392
203079510
204565642
204563691
204641572
203812641
200668647
200653696
201407992
202090796
202955412
201418033
200760212
202209604
202019126
200628646
201460061
202076819
201433951
201476429
202303351
202903782
202262006
202055447
200721873
202271788
198370458
200487437
199245808
200411268
199969387
199955915
199295147
197736108
197686398
199262052
198471705
200517124
199358353
199133659
199279507
199346778
198395922
197720850
200451360
199099557
197661890
197470274
197669958
196587946
197164373
197426546
195795960
197589490
196539418
196369448
195703845
195662697
196620665
195734411
195757043
195718608
197583744
196355370
196341018
196329648
191261630
192074162
193037170
192041989
193644907
191243572
190676056
192960085
193667464
194806664
191281109
192059811
194637014
191293816
193002914
195649946
194939774
191958476
192104354
191948612
187776483
189294152
189147779
190592967
189938951
187758504
189220924
189277586
190005517
189308597
187740154
190026080
189390652
189928641
189974079
189963105
189955310
190621698
190609360
187802960
186682159
187570317
187546041
186745509
186570904
186494847
187520967
187596963
187480021
186844421
186642671
186856226
186822775
187677951
187631655
186806622
185931141
186722972
187721018
186648226
184799550
185756853
184512749
185906885
185729451
184558566
184843920
184728856
184516183
184641327
184784848
185054074
184612432
184864287
184541822
184677024
185800290
184682125
184904685
184525284
183789143
183781561
183707955
183692728
182971382
182949767
183956600
182903678
183757645
182711741
183881223
183820802
183719271
182930433
182892657
183867683
183850088
183980451
184501953
183904244
182114209
180662570
181452400
181389762
181487450
182150028
181291293
181270893
182083759
182666101
181380840
181360708
181349557
182634336
182136075
180677013
181422419
181467100
180651688
181405328
180160289
179365653
180202994
179477648
179374478
180257245
180421830
180147281
179514598
179494203
179413177
179598947
179390649
179431047
179358202
180215795
180369310
179350509
180398610
179339925
178692849
178755934
177817951
178674621
178746925
177090867
178423408
177067142
177763364
178491537
178722592
178528924
177857905
178736293
177740351
178670527
178706817
177872525
177779439
178683904
176840037
177045657
176941412
176229155
176246705
177022100
176968103
176903814
176211452
176164518
176878491
176237365
176155962
176956089
176926062
176930312
175932115
175970240
176021010
176096788
174060999
175840222
174035245
175200085
174759188
175486157
175444421
174584046
174747027
174554919
175901798
174522565
174693759
174627992
175465418
175447420
174654908
175479106
175497784
175467426
173709326
172641471
173898417
172651111
173777137
173453888
171788395
172859100
172694036
173501845
173510552
173600989
171885608
173871769
173433689
172823357
171859668
172628661
171912880
173819141
168961318
171044382
169937071
168982722
170985302
170994983
168983972
171007422
171021594
169640690
169805402
169103659
168997885
169777397
168971052
171684768
169961288
169610267
171067873
169015178
168325979
166594212
168934125
167980951
168136696
168306611
168209120
168294144
168945006
167351168
166964745
166938973
168268960
166806468
166571634
167084951
167038324
166743247
166830292
166559891
164493490
165879622
165144091
165277221
165830451
165822912
165268892
164509730
164479259
165198307
165247445
164506039
164524041
165864684
165784766
165710075
165209306
165155605
166547132
165135468
164418167
163744974
163675622
163819550
163116671
163115092
164466143
163753211
163095598
163830943
163795461
163147675
163597960
163877760
163065259
163867994
164385930
163694625
163766459
163807164
161931343
161570351
163053452
161330801
162120788
160597457
163062221
161650017
161351038
161444250
161983097
161425660
161666994
161366391
161400594
162105869
162133066
160570568
161900525
161533167
160539085
160504423
160491092
159352270
159581782
160166975
160407465
160449158
159315236
160395307
160471828
159656020
160428089
160302853
160228567
159628397
159615099
159559585
159590229
160373753
157915887
156959845
157774258
158760713
157007899
157868054
158704261
158673190
157737346
159261280
157973624
158750579
157955498
158679191
157687026
157917170
157081780
158779937
157643813
156986598
156019934
156049618
155778608
156870543
155716255
155677753
156793080
155612227
156170214
155654493
156202690
156921002
156186168
155746625
155939162
155138049
156000533
155814670
155159955
156840099
153786208
154601226
154584161
154531874
154976180
154554225
154499196
153824918
154796539
153781779
154930134
154869256
154758989
154514018
153947472
153995842
153756328
153984166
153807571
154705290
152939257
153590788
151690691
151540327
153745854
153605487
152948558
153514836
153698464
152980577
152900606
151735672
152913177
153543675
151842464
153730492
152962956
151718519
151711661
152883495
147757349
150681543
150927630
148308304
147790499
150810463
150838239
150790724
147746511
149710393
149096484
149933132
150973793
150697567
149080275
147770258
150039582
149978313
147802656
149954404
147060386
144029873
142542007
141742837
145168751
143143777
141833579
145206816
143160944
141819572
144378059
142562267
141803945
142571252
141716377
147677743
143960707
143982062
143975927
143876062
139265594
139260717
140287252
139390097
138610835
139312833
138600208
141706830
139345825
139236687
141683977
139367886
139218633
138666582
139501065
138638291
140271354
140249456
139292735
138653323
134239238
136918420
136052092
137801834
137814198
135635058
137392237
137336621
138382653
135593535
134918268
136933722
138424792
136088734
136793946
136616352
134862732
134812004
134216653
138371771
132218681
131407306
131468943
132260826
132353931
132389977
131474912
130613093
130660306
130717848
130633455
132248224
132234389
133363527
131272984
131426196
130678002
131440800
132258284
132338391
130514825
127929307
129564090
127909680
129609951
130595025
129763314
129523077
128770934
129716625
130562033
130501375
129738582
129412748
130529302
129594280
130543341
130472688
130485398
129507056
127540558
127869890
126614097
126542490
125845659
126822040
125030292
127686561
127581764
126701461
126501211
125828138
125804901
126798106
126497471
125620752
125591480
127903517
127698498
127844552
124071419
124714205
124110442
124990067
124796142
124129818
124664715
124863781
124087809
124777638
124680107
124901784
124751319
124706505
124025661
124875738
124049183
124970900
124914629
124946535
123992890
123264773
123011251
123978283
123250257
123124207
123280132
123230448
123148561
123104499
123060665
122956307
123216880
123206197
123299615
124009318
123053891
122917192
123129111
123095107
121785849
121746966
121667686
122152975
121489036
121440812
122877640
121710372
122131185
121633437
121531206
121887387
122033631
122819199
121825086
122059882
122862001
122093989
121971955
121933643
115430895
114563743
118576887
115549428
118613456
119522636
118732111
118587232
121437577
115504860
118701850
119504941
118745069
120486939
120270925
115451006
116284168
115530003
115472554
118716712
113781996
111278785
111941559
111294658
113770462
111984642
114463821
111260622
110493555
114446415
114382099
113626099
113603524
112885499
113642929
112897790
113665253
111962273
114543530
110513477
107284071
106483720
106445964
110464669
106336138
107004696
110442044
109231717
105657818
109294635
109268331
105756199
104965889
107261636
104996663
107034282
110454941
105623586
107093108
106518878
101366324
102842297
101391614
100644167
104191403
104371901
101620655
104085239
104217717
104145336
101719994
101402696
101376527
101684795
100576420
100077475
100066113
101382694
101352556
104234959
99494651
98806383
98525946
97608251
98653985
98004760
97978657
99664881
99512624
98842790
97982305
98681675
97855407
97944396
99527924
98637156
99625121
97636355
97838993
99606641
96345480
96968740
96317903
95726104
96361225
96983267
96373446
96293850
95714166
95495780
95041923
96281916
96161095
96302512
96203062
95055502
96182721
96327776
96389502
97031731
85595198
85047050
94809850
94727214
85026869
94644560
94007423
85905538
86100445
86060859
84956329
95006241
95019070
94697193
94048079
85603548
94863143
94845249
94661835
94759231
82291634
83809740
81407903
82381276
81489384
84093504
83844017
81964225
83597401
81937197
81431194
81377683
81356220
81253394
81277561
82330182
81139683
81224146
82257899
83770881
80504144
79229988
78203365
81034678
77956234
77941201
79134712
81055607
78136113
80042275
78381871
78363929
80518941
79972547
80521566
78238103
77973287
80451488
78265499
78170549
77331372
76860571
77409013
76333663
77342697
76942018
77275099
76791803
76369044
76282938
76827682
75855351
76327662
76271555
76849658
77423439
76778829
76259358
76859132
77395201
75106478
75842783
74868450
74597476
75674865
75246102
75227502
75254054
75090302
74632726
75739725
75725352
74930119
74981539
75235213
75125043
75008886
74855158
75832952
74897537
73484366
73443125
73998467
74013767
73600010
73586362
73531288
73568057
73549039
73513623
74506266
74048012
73562485
74586361
73426473
73678717
73376701
73076379
74487848
73347465
72358594
72500943
72737186
72375705
72438258
72308185
72337813
73018522
72728431
73038510
72996122
73047030
72858541
72844277
72294584
72793194
72828298
72783795
72775363
72399537
70753303
72217908
71667539
70681540
71476843
71751254
72228213
70716384
70591720
71697738
71557332
71710399
71543453
70580736
72281096
71512402
70802863
70793407
71743861
70738491
69805462
69765052
69632765
69785181
70545953
69756606
69849873
69964527
70471117
69916716
70499412
69826599
69655249
69895543
69678176
69644852
69944644
70417487
70040016
69871879
69611381
68302339
68724894
68316541
69623432
68683765
68789329
68812885
68826796
68324970
68332545
68818899
68305353
68262535
68738161
68730910
68256133
68696050
68778984
68290329
