1192247729
1192144654
1192055593
1191933477
1191799779
1191652218
1191595159
1191538231
1190432978
1190342527
1190168019
1190067076
1189938206
1189864106
1189793975
1189722986
1187822395
1187673110
1187559396
1187457340
1187313991
1187221079
1187080018
1187002551
1185417484
1185268202
1185118153
1185015044
1184896516
1184743969
1184602899
1184477534
1184370619
1184280357
1182836575
1182686774
1182545947
1182411934
1182310630
1182220967
1182063189
1181963176
1181901377
1180824870
1180760423
1180689351
1180616606
1180485139
1180383595
1180307481
1180220723
1180130988
1180031751
1179931174
1179857892
1179797150
1178704221
1178560788
1178399276
1178232866
1178088345
1178006861
1177953852
1177817223
1177778670
1177723879
1177649622
1177595284
1177555977
1177506702
1176549029
1176411216
1176282311
1176120990
1176014100
1175931143
1175839046
1175759968
1175691784
1175631062
1175594629
1175533783
1174178930
1174044340
1173927351
1173843324
1173731161
1173638164
1173564192
1173495965
1172401552
1172276624
1172180097
1172032671
1171870142
1171750308
1171589276
1171494959
1171390947
1171298474
1171201922
1171107139
1171009628
1167754305
1167691742
1167643993
1167546473
1167433511
1167316057
1167185203
1167121913
1166978106
1166802981
1166682436
1166504963
1166413162
1165398734
1165281350
1165161642
1165011018
1164589108
1163044046
1162922544
1162844659
1162648801
1162504605
1162387032
1158497226
1155476696
1154541108
1154388706
1154243437
1154112514
1153982196
1152756784
1152698044
1152639007
1152590454
1152532153
1151638992
1151467314
1151342852
1151224385
1151028762
1149200411
1149061021
1148957463
1148821208
1148687613
1146945344
1146788639
1146655078
1146527612
1146412899
1146317408
1142121953
1141989358
1140149954
1140028565
1139896779
1139747355
1137431465
1137044540
1136883062
1136757952
1136659568
1136572356
1136484416
1134072237
1133977640
1133882658
1133819139
1133768972
1127908675
1127735466
1125473850
1125355042
1120328398
1120179506
1120027196
1117559335
1117366420
1117237644
1115276656
1115131672
1115024074
1114931803
1112757888
1109098988
1108968032
1108816576
1108689139
1108594551
1108457960
1108377098
1108288558
1106877751
1106797669
1106714457
1106615282
1106472346
1106369093
1106211723
1106113720
1101875498
1101748801
1101625232
1101458858
1099052666
1098917699
1097339403
1097234486
1097138621
1097019663
1096949254
1096860958
1096771915
1096693495
1095163778
1095025889
1094928259
1094829481
1094722709
1093090288
1092985107
1092865898
1092782921
1092685701
1092586238
1091123105
1090975741
1090840229
1087661234
1086454499
1086314118
1086209779
1086058758
1082325153
1082219531
1082099085
1081991976
1081887569
1080018775
1079682568
1079597946
1079535402
1078194244
1078048974
1077952425
1077869542
1077633813
1077567911
1077514524
1077442914
1070133407
1069053074
1068879036
1068752609
1068142752
1068068783
1066664301
1062953914
1062854740
1062704518
1062571403
1062448780
1062334852
1062272564
1062210611
1061149605
1061054758
1060908040
1060784528
1060214219
1060143218
1060020676
1059915545
1059813200
1058683523
1058554308
1058401377
1058249105
1058115906
1057958684
1055935091
1055778015
1055615594
1055475072
1055340845
1055204575
1053567519
1053458556
1053265984
1053133493
1052925669
1052828367
1052764779
1052698391
1052644477
1051707913
1051572643
1051405660
1051291433
1051129500
1050997686
1050894460
1049603060
1049497661
1049390226
1049224980
1049097185
1048991438
1048877728
1048786396
1048644226
1048559872
1048493873
1048418151
1047685042
1047527910
1047402622
1047276346
1047115332
1046996605
1046898327
1046788250
1046647864
1046560538
1046499170
1046418553
1045180861
1045043368
1044914751
1044773653
1044669082
1044551021
1044384473
1044177159
1044056865
1043955168
1042820566
1042654036
1042485444
1042329697
1042116559
1042009697
1041867430
1041746989
1041527326
1041408419
1041316914
1039998755
1039799790
1039624150
1039428007
1039265553
1039101489
1039001969
1038770092
1038694302
1038560607
1037464562
1037346594
1037252546
1037133470
1037016576
1036934923
1035664067
1035551433
1035392113
1035258717
1035162299
1035102560
1031958306
1031825682
1031696841
1031624355
1031535020
1031431761
1031364197
1031249488
1031145380
1031091672
1031043743
1030396578
1030360190
1030267402
1030150870
1030045336
1029938028
1029816165
1029701676
1029584584
1029452507
1029325222
1029191094
1029066332
1028881792
1027622460
1027487038
1027364854
1027252149
1027130333
1027012420
1026874862
1026765569
1026645642
1026545342
1026362609
1026268321
1026172999
1024835231
1024645885
1024547818
1024438017
1024314821
1024247938
1024125982
1024058857
1023982333
1023929613
1023879840
1022868455
1022757089
1022653460
1022576892
1022457064
1022276559
1022195764
1021042321
1020928558
1020779480
1020611852
1020531913
1019244394
1019129161
1019016332
1018638896
1018568955
1018442725
1018384656
1018313619
1018254827
1018203704
1018124204
1017325104
1017213325
1017110751
1016925554
1016785309
1016715256
1016616410
1016544779
1016499114
1016445184
1016387931
1015397631
1015230413
1015102183
1014918200
1014770306
1014629794
1014534397
1014433255
1014294519
1014187810
1012904694
1012771616
1012623811
1012477594
1012263470
1012045749
1011902694
1011806845
1011716368
1011622204
1011535742
1011464449
1009476759
1009372214
1009264751
1009173717
1009106763
1008248442
1008123824
1007976511
1007855122
1007764616
1007627002
1007521123
1006069545
1005908510
1005789650
1005685156
1005582169
1005461499
1005349731
1005242596
1005183262
1005112897
