105044254
107337715
106521187
103440722
99400429
106537036
101324223
104274858
139760034
103377225
104313498
105020077
104296405
105670609
103415384
103381047
139798281
101336537
101351395
139719662
95536151
95250032
85983368
95311512
87349916
87321085
86018808
95340269
74967261
99387350
85989837
93214354
89381213
87304409
90752164
74841294
94118058
94919222
89345263
93186551
64988645
65003309
74498352
61593260
74081487
63859527
68747151
61581388
63877784
64374670
64336219
64352419
61599273
61587200
74540624
74558095
64390547
74522335
64486764
64996662
56666126
57884241
61571687
57900653
57106245
55964412
61558877
57094239
57914250
57079918
61564682
60337223
60320009
56642209
60358703
57872009
57859672
56654235
55986274
56944400
49740633
53036164
53405397
51581789
53029253
53420969
53386503
49736123
55161283
49744385
51576198
52978369
54793395
53015233
49721358
55178711
49729667
49934061
53413258
50266373
48555810
46364535
44595265
46049819
49708988
48533284
48518929
48127340
46348830
48132555
44933658
47811861
44601170
44324903
47795529
49635424
48507784
44321453
44924006
46374202
42953112
44277582
43278376
42574258
42945356
41245214
44035989
44044015
41575177
41581620
44316113
43284879
43268759
42588451
42282136
42599098
44304971
44298755
44309536
42959285
41209229
41218585
40095493
40324635
39544816
39323074
39310412
39038200
40332823
39549567
41229646
41184493
40613027
40665767
39029838
40104760
40157864
39013900
39532867
39538416
38318469
33879274
34688710
33450688
36348276
33461296
36366637
36343127
35388980
38390019
35109333
33703741
38113090
38132068
38126703
34694056
33868697
36333980
34681782
38119913
33412592
32750619
32967638
31044477
33442358
33213606
31483933
31475143
31033026
31997746
32499247
32972078
32977874
31025801
30835360
32230619
32962840
32960720
33437680
32712559
28530916
29892486
29278538
27957000
30569745
29271518
29263493
27937968
30833642
28790810
30480244
30095023
28553829
27949727
28812421
27932816
29900220
29482836
30824856
28349060
25520141
26522602
26722264
26717436
26884367
26727204
27730429
26332583
26315313
26526570
26327514
27893539
26731009
27739443
26521708
26532777
26869926
25321888
26320308
25515395
24770562
24963827
22989738
24954603
23626944
23811531
25159735
24370453
23854329
22989669
24958290
24775303
23849784
24010775
23632119
22982374
25318496
23806096
23638964
24792630
19041027
19065127
22703378
22614276
22624563
19060862
22458990
22698334
22607902
21556941
19211887
19046353
22713755
22630726
22463945
20312922
22618708
22709272
21753135
21565073
19036030
18129486
18126578
18912862
18402539
18919477
19011795
18121036
18915939
17556800
18923659
17551420
17150564
17563228
17692058
18905085
17947396
18230122
17559169
18910193
15259630
15255916
15842448
16969485
16494511
16158086
16502237
15330735
16498661
16948941
16347859
15502027
16160893
15266001
16352986
17148638
16270274
16266996
15846617
15262873
14672618
13274840
14160801
14205963
13792730
13283293
13230502
13837873
13411332
13538694
13807589
13788225
13834213
13278430
13967394
13963358
13959180
13844083
14641059
14642136
11286751
13050553
12959844
12768094
13010935
11295694
11291526
12625651
13044938
13023101
12762497
12638854
12619634
12629451
13221555
13159011
12759026
12633863
11300707
13226811
10589167
10504619
10103103
10170817
10493039
10175550
9969912
10791125
11124421
11111624
10781380
10485796
10501370
10167062
10099873
10592223
11249757
11119626
10708174
10610559
9811628
9499999
9921939
9817100
9865529
9344252
9592524
9868929
9966770
9603486
9927948
9289008
9839988
9332666
9636762
9598144
9822441
9927039
9846321
9496195
8480288
9284100
9206078
9215784
8880227
8158369
9071229
8485856
8628012
8476868
8755552
8876923
8873263
8483219
9029887
8983148
8973143
8611298
8468113
8623729
7698229
8155085
8000201
7881781
7908508
7885602
7962955
7995086
7685417
7675382
7904744
7997891
7992053
7890003
7872965
7894666
7867711
7953649
7902940
7621655
7142672
7529903
7525339
7472571
7067729
7228249
7552380
7059213
7142406
7064218
7203348
7145318
7199649
7140029
7492847
7495798
7469542
7213281
7113061
7216723
6492499
6670476
6388071
6352807
6348010
6344562
6346141
6335498
6390321
6417929
6338383
6263022
6342317
6758927
6401421
6403492
6383185
6410264
6406256
6393522
6252897
6186425
5950961
5938751
5834173
5894301
5936136
5941229
6261014
6104190
6037265
5966750
6039999
6258609
6189484
5959110
6107289
5954593
5886473
5847522
5557277
5759511
5756497
5257879
5671435
5199835
5528671
5668214
5669496
5416917
5753872
5347933
5760894
5653075
5831317
5351467
5755528
5354296
5266507
5657316
5143086
4858705
5072054
4928370
5144827
4804760
4788137
4925200
4869057
4866864
4871568
4735772
4803131
4733649
4726422
5123764
5195587
4730746
4874727
4863580
4571150
4650569
4451124
4449983
4384592
4452371
4190958
4573734
4715282
4447903
4718913
3992232
4047309
4102666
4292709
3996148
4507373
4443856
3994629
4100678
3723270
3809590
3876889
3806873
3802664
3726099
3628959
3340477
3517488
3516171
3934621
3932853
3342402
3866211
3462484
3335104
3332471
3463828
3728833
3804608
3308541
3050356
2696100
2812067
2857752
2692320
3006276
3033933
3048075
3032264
2853002
2693324
3326752
2855314
2715843
2699406
3035856
2918074
2813830
2920536
2225862
2649443
2288758
2286302
2246130
2187116
2185222
2182195
2195598
2190842
2499012
2512202
2290682
2501756
2508844
2346925
2504456
2344466
2283093
2197257
1847439
1723287
2121989
1562020
1724963
2125390
1846495
2115521
1778125
1776027
1765415
1729574
1768773
1712590
1666728
2175882
1663897
1660160
2118314
1727888
283160
647543
283113
207434
194969
209061
1150305
1510696
475079
270580
205404
1497204
220861
205873
195420
1508060
222909
325485
206615
283301
194596
160109
151744
144097
161314
143172
136879
134904
172532
138719
157439
191241
143487
138915
149992
171945
133622
137684
133826
150422
113726
124010
123456
125202
119439
130008
124211
118992
113815
125023
129843
124576
129613
130426
130609
118642
130280
119657
120021
123717
78327
104089
81740
99121
90176
83150
94413
94478
94344
94243
83239
99106
94108
85475
99128
79300
78670
93876
79534
79099
67335
67340
67487
74346
70205
72208
67400
67066
67357
76582
72401
67174
66985
78003
67420
69626
69732
69002
76521
67285
64904
57692
52399
66902
64986
57390
52170
66402
66357
62336
62145
61823
61758
65078
59569
59468
52286
66474
52486
66549
47323
50498
47454
43992
49650
47684
50440
50206
50577
50068
47548
49453
44088
43818
50328
47221
44330
43932
49491
47751
40776
36193
35585
41017
40963
40718
35406
43793
43686
34424
42420
36080
36245
36136
35345
39692
42497
39637
36041
34358
28189
30926
30850
30595
30311
32136
34324
30241
34283
31027
30085
30543
29914
31877
29822
29991
30977
30152
32901
32040
27319
21689
26665
25786
26674
25840
25510
26728
25460
27303
27254
27379
27268
27202
21662
21744
21681
21563
21585
28116
21018
21544
21396
21290
20785
21154
21143
19685
21527
19728
21556
20789
21108
19713
19715
19659
21324
21259
21226
21051
17847
19196
17216
19236
16781
16771
17044
18811
19203
18708
17869
19194
18410
19640
18427
19215
18390
17886
19639
18385
15517
15027
16499
14974
15550
14768
14143
14954
13928
16177
13057
15886
16338
16477
14948
13806
15874
13625
16490
15532
12464
12172
9476
12569
12676
12320
12625
12874
12879
12315
9785
12820
12158
9685
12031
9646
9501
9494
9679
12477
8241
9424
8435
8206
8174
8162
7469
6945
9299
8018
9449
7823
9319
9310
7805
8633
6951
9019
8252
9463
105020077
139760034
106521187
104274858
101351395
105044254
105670609
103381047
139798281
101324223
106537036
104296405
99400429
103415384
104313498
101336537
139719662
103377225
103440722
107337715
