192011993
292826394
212090489
293013654
292968439
339415940
212765428
208547612
208531153
292761076
293302015
209942639
208513366
293206769
223580208
212741166
293333193
212712687
208515287
223448478
191984335
177926485
178732561
177908300
171023322
171013459
178718055
178777056
192000490
177870346
178751838
170894519
176187905
191976046
170849765
178737634
177852081
178764701
184529249
191970884
168774545
162895206
168848563
170202276
169600511
169588442
162350412
168749943
170210282
169577138
168636490
170815205
162954393
170292026
162927524
168680235
170228246
169551981
169542628
170207909
154396391
160346185
160326026
159613407
157999468
155193884
155180876
147791594
147066920
159636396
147077684
158687861
147096779
159593412
147810988
155164014
160373481
154385302
158709399
158702914
137790917
138669895
128382483
137925152
137975390
137796861
137792374
128278974
128230382
125837683
101322759
137944744
101307813
101252455
138683813
101357521
101364861
138687922
128333768
101346398
79107087
71478566
96300905
96310810
79275025
71538050
92891918
71506731
71545517
71517531
80596751
79288108
72077175
79287139
79301722
71542555
71530515
92880386
79121508
101234651
55498338
59904313
54697245
54857448
59931224
59890482
54838019
54721600
51170531
51149437
50313291
50303575
55518323
54676454
50308842
71461701
51155490
51162575
54654468
50631030
46768865
48148385
48695483
47137736
47110311
48701542
47088914
48143166
48095054
47120202
48619389
47143702
46750566
46742774
48103379
47150121
46758669
47101480
48597259
48694554
46393546
46673451
46016980
46007984
44869509
46723624
46371961
46356279
46024372
44909578
44891073
46384619
44902190
46690006
45761493
45765479
46736470
46703744
44882295
46368654
40034172
43524914
44602959
43542340
40297249
44856192
43555580
43518101
43506410
39968590
44010030
44846456
43533783
44580462
44013753
40041427
44027198
44020263
43548663
43530498
39964080
39943196
39770354
39222793
38657030
38612608
39953467
38209235
38652840
39751331
39765434
39232240
38663127
38647867
39757509
39280711
39216963
38636297
38632320
39777099
33973385
37896349
38178218
37962331
38201479
34145225
38194358
38185697
37941793
34235447
34204692
33996781
33983107
37916340
37953794
37935165
34172418
38167195
33950265
37930295
33477045
33942696
33671794
33441084
33460663
33235763
33229985
33690502
33639642
33618455
33625585
33244409
33239915
33445729
33222446
33678222
33632763
33907566
33456019
33436427
32526256
31540932
32515792
31560121
32514669
31564318
31565745
31552639
32534675
31316764
32521737
31576369
31583469
33189969
31570997
31322268
31293954
31545269
32556615
32541021
29908251
30590253
30112292
30553355
30856030
30602768
31205208
30106078
29912594
29916796
30582745
30127484
30118533
29879766
31223106
30125383
31278897
30851414
30131675
31272445
26758127
27965151
26347481
26539841
29527846
29519315
26716221
26745027
26749076
28182349
27957430
27326626
26740157
28504861
28215290
26358203
27770970
26753107
26695783
26352002
25667494
25725449
25952433
25709378
25862381
25919486
25875013
25661150
25704155
25915126
25901813
26343022
25733379
25908338
25719189
25675893
25881183
26315062
25866859
25712491
25339308
24058967
24998349
25623132
24377797
25317096
25654377
24052806
25632215
25170467
25307093
24782910
25341315
25312292
24580418
24994803
25650186
25643072
25615678
25522827
24030264
24025179
24015813
24007794
23846407
23788307
24004917
23697284
23838984
24035935
24046651
24034385
24043992
24000115
23850745
24020003
23854231
23821893
24011851
23799975
23690436
23450412
23424644
23478393
23429758
23438070
23411731
23457804
23683163
23281510
23593273
23272906
23603960
23470771
23444077
23569898
23588153
23416446
23464312
23676277
22862241
22888124
22853517
22850129
22980269
22971210
22868031
22834334
22839849
23077721
23056033
22773925
22763547
22856354
22844294
22962286
22879044
23065465
23264488
22872432
22703405
22563184
22651043
22530029
22718329
22684326
22580861
22694076
22556669
22732602
22549946
22571963
22744966
22689666
22601697
22753789
22737882
22726486
22710409
22595187
22136810
22523483
22319245
22444766
22130110
22132545
22507260
22124067
22481527
22467363
22502877
22478051
22466317
22456932
22474118
21999579
22473491
22451204
22313642
22461800
21590104
21594795
21978424
21537196
21751857
21984445
21621084
21599988
21617948
21792017
21584696
21798203
21990367
21755731
21613174
21759899
21581529
21636600
21531628
21458530
21296293
21435311
21423805
20832991
21446210
20820249
20810964
21439354
20837321
21442552
20764004
20653981
20640468
20645988
21430008
21451284
21293204
20826787
21455829
20804664
20337701
20328986
20497871
20152913
20304173
20319755
20472669
20308735
20167349
20333593
20300548
20321274
20159887
20324057
20491316
20488428
20635631
20481824
20476793
20335750
20130680
20095368
20104925
20121417
20126015
18895561
20043993
20089399
20039159
20111673
18735525
19951511
20145460
20136121
19946610
18887884
18743560
19955746
18739139
20081364
17564564
18725930
18721622
17720561
17561114
17567952
18732159
18720204
18529767
18545570
18635190
18655710
18534836
18649146
18668959
18495933
17725657
18643074
18484702
17729652
17295214
17275766
16513344
17288562
17282891
16508739
17277675
17285268
16502647
16505243
17292724
16499304
17280757
17291650
17557308
17549410
16480582
16497429
17301796
17297488
14225708
16133213
16230490
15653473
16254675
15653865
14232472
16462941
16130022
15590649
16147486
16222357
16474704
15476646
12747041
16467917
16273771
16150493
13710762
16278885
12669491
12245474
12260195
12204477
12066909
12462605
12218205
12196259
12673869
12211793
12059240
12600924
12665859
12655635
12394026
12678006
12264760
12239852
12070857
12456265
11893747
11860287
11899206
11875304
11603084
11880772
11230448
12035217
11865902
12029215
11755823
11238790
11154996
11145802
12025906
11749460
11621266
11870819
11616767
11598005
9977905
10001700
10982644
10973876
11130968
10731099
10886012
10727904
10496007
11125422
10331397
10328122
10891500
10005797
9988738
10978104
10492662
10318508
10507486
10484613
7427849
9901971
7497737
7481138
7428857
9899595
7478608
9971316
7474987
7432062
7504978
7507246
9967070
7434870
7495581
7494017
9904962
9896986
7490907
7430458
7344056
7144769
7090206
7314136
7341412
7159383
7175906
7407312
7173448
7339056
7153773
7404935
7310528
7170479
7168007
7165827
7146982
7259283
7255739
7156330
6862287
6857579
6869348
6852463
6783575
6863759
7006810
7002583
6850290
7088475
6868155
6866727
6854650
6927292
6919332
6999803
6860083
6788272
6870917
6919308
6686161
6663681
6607692
6619525
6667372
6746075
6780644
6609835
6775715
6688860
6683604
6617060
6773248
6681321
6777811
6678325
6614457
6674225
6694689
6691198
6488778
6481875
6471132
6461095
6473675
6485006
6594820
6463113
6550087
6478315
6496306
6493754
6458665
6598412
6605007
6547265
6483429
6466635
6475973
6491237
6090077
6228439
6114887
6100457
6060962
6044364
6084137
6116058
5979020
6110660
6456312
6108526
6112841
6046841
5980719
6091600
6102831
6057575
6105198
6106742
5903706
5968033
5883300
5966127
5964157
5958827
5954929
5977465
5973440
5905372
5892097
5889120
5887722
5971646
5894778
5885641
5969410
5907584
5975443
5908977
5597209
5679197
5865817
5584865
5673494
5874237
5858620
5795937
5680846
5792882
5677561
5588524
5787213
5593178
5684323
5861570
5781490
5863604
5825434
5775327
5362243
5540724
5536765
5364671
5559417
5574504
5368168
5529398
5481686
5366526
5582281
5564540
5569912
5491055
5483760
5479201
5578050
5493009
5542542
5473321
5132526
5130816
4649104
4586917
4585310
4576282
5135823
5214132
4707288
5360368
4651827
5217189
4588922
4709266
5228372
5219578
5222373
5226068
4646024
5136329
4519661
4574323
4509508
4440323
4520898
4572746
4518297
4447456
4451118
4517101
4442625
4397333
4449096
4462636
4570934
4522359
4494415
4456391
4444934
4510969
4314695
4393804
4237053
4293764
4239866
4395794
4306997
4378982
4390404
4388324
4304513
4299384
4297277
4290059
4287269
4375585
4233760
4385464
4317378
4371286
3993166
3782518
3996084
3818216
3814851
3994811
3743424
4006193
3970890
3830988
3825934
4198443
3997550
3810069
4195263
3976447
3828447
3973541
3812517
3808936
3738082
3734656
3631339
3645847
3728824
3648588
3715797
3651493
3641752
3730441
3639832
3713603
3710208
3634522
3740862
3726065
3622756
3636416
3622157
3736772
3463581
3461637
3519827
3411256
3578881
3557200
3525819
3572133
3555868
3518009
3491903
3490268
3605765
3561054
3607302
3465733
3474043
3473089
3526908
3620787
3252551
3399572
3397498
3267269
3269875
3382707
3410175
3406101
3380980
3314016
3273649
3409075
3343493
3268003
3407213
3249514
3280419
3312402
3385757
3317588
3245789
3075973
3126579
3124697
3125746
3120046
3169033
3168529
3240750
3127888
3243405
3245423
3163166
3076993
3175380
3161038
3168899
3180173
3171098
3117595
3029572
2872635
2858670
3026157
3025341
2852909
2869540
3072829
3074055
3024024
3059118
3063192
2855612
2820717
3027506
2964639
2819081
2871015
3014282
3061136
2711763
2632810
2631121
2770400
2723695
2676143
2725850
2764807
2761573
2715777
2724475
2722527
2763376
2760199
2817438
2815130
2753608
2709791
2771900
2718033
2614289
2532676
2574152
2475366
2577480
2576044
2573015
2530292
2528118
2420336
2569000
2571805
2528869
2526157
2575117
2578495
2531635
2616009
2421665
2474206
2051153
2413859
1944686
2359207
2310783
2357410
2415306
2147903
2145957
2143756
2138269
2360600
2065917
1948848
2140086
1940566
2419131
2141588
1946440
2410578
1897365
1827600
1899121
1851644
1896707
1866003
1853337
1937567
1929638
1917450
1912589
1849764
1938909
1927227
1867658
1898000
1907574
1833216
1896757
1830769
1611698
1674589
1614856
1802730
1672410
1729447
1682316
1797283
1765786
1690168
1612524
1732094
1736626
1675600
1616083
1728933
1616853
1803892
1605790
1678497
1557659
1528004
1558116
1556860
1539805
1581572
1554906
1549634
1537729
1549091
1555156
1551565
1557964
1483277
1480693
1604344
1482347
1528986
1582734
1468865
1406310
1334178
1310555
1132267
1114148
1332699
1134924
1120181
1467687
1331564
1405484
1131205
1123870
963180
1336234
1112397
1133723
1466280
1129874
960339
797038
809902
925825
799765
950418
796032
801478
946852
929965
948567
919791
806000
708942
803236
808188
945646
860399
848327
951565
845499
699798
605794
705850
700842
624988
623934
599089
703282
706885
601315
623072
595874
627036
701931
625955
602678
621919
619408
617409
620725
449274
467172
405304
405181
465400
585991
466557
463437
467446
428547
588443
423464
418566
359192
430010
472591
357652
450416
460857
471630
350572
351214
304936
354882
345577
334807
300142
353909
353139
348516
346553
303779
349487
341685
301207
356459
343267
352325
302592
309411
294977
291395
275353
296092
266045
262446
265392
253536
270726
273488
299673
272500
264581
261671
274042
263895
255058
293541
268172
255952
230837
227104
228033
249206
226806
232213
226015
229677
228895
230205
224907
224373
250182
231109
227285
228431
225477
248218
227607
226706
221678
175523
190399
181406
189797
173536
178773
221637
178376
177916
179164
171624
174248
171114
180746
172271
174902
223288
212734
189008
145149
165154
152370
153956
152821
151848
153527
165846
164431
160334
151066
159765
149147
165438
153851
153099
154546
151505
145329
154195
138624
143824
142824
144935
142156
139460
139104
137633
138706
138307
144518
137439
139285
138842
141895
138072
137745
137896
138504
135746
135670
135513
131020
134946
134798
134079
133726
131179
130739
130061
130900
135587
128711
133922
131708
131356
131573
130623
130220
135042
125784
128454
128430
114425
114675
123543
123902
111937
125907
110507
125383
118467
120649
112031
110623
126033
120476
113546
125223
111865
107020
102083
108159
101947
109467
108795
108223
102283
108709
108335
108539
101833
101712
109532
104316
108605
101900
109590
102180
108922
100915
94735
94525
101608
101698
100621
100171
99969
97107
94567
101388
101543
96492
96247
101494
100379
99860
101463
94827
96419
92472
91833
91981
84169
84004
88423
83928
91913
83906
87753
84116
83818
93689
83559
90745
92742
85119
83647
92678
88128
74894
82590
82767
83509
77183
74945
82884
74778
82516
79276
77276
74643
82929
77090
74815
77150
77387
79147
77069
74710
71645
65048
72038
71759
69040
66553
71892
65286
67797
74584
68018
74529
67973
71547
67884
65344
65167
72540
65270
69183
62200
56107
55353
64645
61949
61729
56161
55623
55496
55889
56053
55763
55574
61622
64572
61113
56153
55658
55395
61451
48843
48574
50264
53164
49191
54046
55249
54077
53070
54976
54896
54780
50576
48810
54682
50580
52964
50625
54834
53062
42403
42165
41552
42522
43155
47206
41609
47253
41591
43141
47453
47383
47170
42962
43070
47019
42896
40319
41527
42082
39182
38788
40165
38219
39061
40206
39618
38964
40275
39555
39548
40029
39875
39280
39118
38870
40014
39825
40124
40067
