1196578608
1195868984
1142012314
1133934265
1126910544
1119668835
1119891532
1119524977
1134172572
1135055896
1197238409
1153200051
1134890174
1126799680
1119374025
1134052409
1196134398
1153330964
1143991436
1153462266
1112880553
1083902538
1096727662
1077912148
1085876984
1087846900
1079758571
1082229628
1087966730
1087732763
1083643986
1096806425
1094949376
1085758377
1081913969
1112756917
1098875671
1095092872
1024497341
1098967476
1022029498
1016456404
1023826610
1016869867
1020335907
1024012455
1016671075
1016518132
1013757676
1020247182
1023903036
1013805194
1024137809
1016962870
1016784245
1017098262
1021952518
1016403523
1024175251
1022086748
993818313
1004838382
998854364
996765166
1007268164
988673629
1007100692
988834198
982308258
996948364
1007336904
1005208746
1005266021
998664362
1007038410
998758450
988509614
993867498
1004888672
997110082
963313816
972442566
971965435
961396538
967133270
967605422
971893076
967321951
967714917
977642409
961338630
982175296
977603348
970324419
972145938
961456381
961283175
972269038
967403273
963419581
958035537
959937377
957784984
949253839
949319259
948572734
955909792
953560234
956180530
959579369
949183629
948482044
953348937
949542385
959666895
949146595
959798197
957842438
953441465
949447904
944756534
936868488
945413214
936825836
944842199
937066385
937117940
938442504
941671344
939396710
939079898
938324598
944147749
937024627
944677540
937154024
936895238
936853861
944216858
945495836
915431891
902101431
934210335
906080577
934286482
921391395
936590634
936734353
902385922
902319589
906238308
905746423
934413504
910874710
906416661
902215347
905841719
904331513
915598721
908547449
877439931
897864061
891033870
877737102
872152311
884904531
886771904
887242569
899970660
886685269
877855683
877368798
875327683
898081782
897922224
899902064
875120215
877645112
872299624
875246358
868477082
871736963
769057193
769213792
861093744
859407697
863117869
865274391
867369564
769421260
868426887
769319607
769177489
865191992
871849195
769390932
769353060
769129512
769250336
871798819
767964902
767683716
768008701
766165838
766465991
767775947
766291920
767707433
766219992
767911741
767595040
766024676
767817197
767863547
767732979
767568872
766123762
766087837
767548590
766061546
762013422
765830705
765952891
764245136
764000094
764327041
765879285
765908228
764198712
763842807
763935820
762871593
761882872
764293817
762990129
762922171
761944874
763121408
764149410
764095429
760916339
761018877
753235753
752625421
759923775
759507246
752409227
760870196
759398208
752693682
760008107
759688239
750752610
749608049
749566908
760065274
759805048
760956585
759598071
753186148
748974917
739450938
738958665
738907889
744802411
745126642
739776727
737908005
744936821
748802991
749206949
749087576
737992034
749158617
744665098
739538885
746855842
739086571
748908226
745036659
731741328
731961476
729537420
736065107
737097763
737560662
731106975
731838255
737010570
737666230
737419724
733817611
729443833
736954263
737744162
735442892
731885169
731623401
730753980
736131955
728308909
727469348
726476205
725277743
728381260
724873636
727118959
725182929
728202155
727557557
728907641
727407404
724753100
723883493
723803250
727185270
729102104
727011735
729188062
727250650
721672333
723440009
722088487
718777201
717363063
723344957
719090462
718707823
721921878
721777422
717836412
721078373
721970141
717490372
721577550
721192629
717270694
721288289
721472026
720957582
716530141
713503675
714756457
713688448
712134270
716003388
716924428
716749975
715039709
715933806
715743994
713216722
713572888
714837474
715648576
712301873
712239676
715553117
714929719
713363556
710206248
710295621
711004415
710926240
709909980
711553546
710094854
710021234
712039099
711714608
708329746
711844088
709061288
711103829
711639895
711899953
711169593
708966914
708225508
709145832
706096035
708139512
706000318
707604313
705720362
705846265
705513080
705934933
708049291
706189804
707698181
707800967
706263809
707260662
707171871
705633116
707485059
707042471
703883269
707350607
701082434
700233331
698654395
699603623
703471768
703777891
698316928
698159317
697905603
700006294
698222081
698038989
703325479
701253794
703205746
700116844
699517083
703665221
701504774
698537773
690375532
687470241
681134989
687621133
684633872
689273283
687720884
687229282
687036182
684696735
681358956
697849883
690433460
688534332
697770417
689352658
686665717
687792356
681617264
687366337
675053163
669101783
672054173
671752163
675240359
670369902
670291981
671922990
673481500
674055664
673525899
671619782
669978508
669317729
670575639
672148553
670113369
675119381
671678151
669223389
668812093
665252534
664810894
667726782
665564452
668941062
666950956
661599337
666800236
665354321
663759765
661906123
665669564
661728257
661522703
661795402
664591370
661365757
664682908
665527013
658032486
657695817
657451374
655921907
658459418
659188853
657946971
660963056
656948476
655195071
657557994
655133769
656883624
660137849
659125866
656799623
656997249
655852614
655266523
657508005
655005995
654474249
651092654
647348450
647277190
651003496
650333419
646198156
646057512
644145132
647509993
651929917
652011736
654931304
648466097
645909657
648527631
648402650
647757962
647608814
637583657
642197046
642101383
636728167
643042236
636059678
638716883
637404144
635956886
637486194
640826313
635859564
638813961
640682162
634250924
634201104
636856782
634129726
642940564
635684086
631022527
632409751
633939509
634061532
633306111
632193215
631060597
631534412
632572773
632303858
631481896
631160759
633843600
633763770
631117175
630945202
632648493
630849902
633672915
632512155
625629524
627306373
625758396
625861195
625815274
630503755
630708380
627456007
625694691
625517591
625334428
629193213
629250144
625566669
627409059
625426289
630620569
627376840
629299441
628404241
623785107
622575660
624143462
622391471
624290845
623981321
624238950
623885507
623449364
622730818
622311830
624062335
621319311
621416416
624344329
621873565
623415202
622654436
621235648
621140648
618184283
617586529
617497443
618134708
617373223
615815016
615741165
617273588
620490405
620375024
618002834
614747237
614391622
619664613
620749524
616287685
620953420
618059083
614692607
621031848
611048764
613332516
611573013
610440851
611510222
613889742
612911786
613284783
612877316
611687287
611631881
610370529
613238725
613109307
611754499
613033475
610995395
613189567
612988829
611416434
608866728
610315265
607193078
610194700
607172461
608780908
606921627
610240995
610126876
608710926
606299803
606140870
606863389
606080263
606659262
606987438
606770941
609974138
607083025
610063440
603071750
603186973
603372718
604503846
605145007
605225860
603283472
603440367
603013997
603150889
603685351
603592694
605293416
606032557
605063028
602206471
602055109
602130296
603513472
602253369
600228391
600770719
597969973
597654128
600713046
600638033
601534403
600834195
600575341
601528997
601485753
597840758
601945397
597473689
601579282
600497509
599212486
601408550
598032150
601895878
588577297
597277680
590169618
585912772
588448850
590234664
591642321
593879238
593755884
587323534
587398885
597062309
590052686
587477705
593812109
588663378
588372249
585994225
597129665
585849644
585693898
583844753
580379075
579100397
585529888
581642363
580443333
580554784
584793087
580633452
580696748
585592434
584683657
584009166
583936817
579949558
584944343
585783542
584882786
579029386
578621914
577824188
578572989
574207649
577681754
574494999
578683433
577755830
577610924
576328861
576191108
578751551
577006316
576142320
574382577
578958340
577879173
574328991
576238432
578898403
566875057
573547611
566792813
566673274
566736859
571030860
569447695
569367752
571082368
569160744
568134350
570795215
572504711
570874651
566656368
570938626
572446129
570727978
567523468
568088977
564995745
560398914
557775603
566476384
565614360
565403096
551831752
566541713
563051212
554966204
564916618
565659141
565528517
565329653
565073362
564861465
559025218
556567009
565460639
561511321
421743331
546648717
445201630
436692156
543457906
549082504
551751186
445130668
421919334
421847249
549271144
540699380
540642973
439813992
436652524
421739062
420489862
439769258
543551055
527509674
401387820
416583374
401760491
418832366
401695287
401610894
400720039
420391249
419945111
405919521
417713749
418810319
405073495
416639296
404580493
417815076
419857460
401457454
401507858
401562597
400260558
400374902
400329185
394981276
400426321
400089596
392219728
399162729
394857208
400050414
394924148
394018261
391807960
392847583
400118947
392640488
400497796
392696531
392414480
393960092
387422100
388937963
388878043
388669744
391653343
389289483
388607350
391207176
389145854
389084901
389013938
391759341
391147158
389321822
389239636
387465298
387565815
387519265
389203295
391505230
387083988
384233869
387241635
386997624
385053974
387271274
383970327
387167394
387355244
386846683
386753667
386083820
386022840
384413425
384439877
386917840
383974878
380870279
382745820
386145217
374797979
380808675
373058078
375995632
373026197
375933322
377599551
377548552
377239966
374853426
377295050
373095386
377488990
377420497
377634485
373538754
373481609
377196059
373132676
373400121
368312146
367751166
368581793
369918398
368443032
372470281
369967721
370036550
369853907
368650180
372342397
368369353
369739402
372400840
367360662
368510261
367827005
372530218
370660207
371855619
363655575
362200239
366129470
361901851
366069036
363701778
366014770
366474716
364608479
362617743
362051639
365958468
361334560
361869858
364534365
366502885
365778275
364477162
365359616
362672611
357790897
359261261
360449937
359859507
359675021
359905314
359949882
361244508
358369018
360974432
359802463
359589526
359318663
359181606
358497570
357828912
357746941
357332866
359144379
358240249
350822881
356089136
356655128
357269749
354384161
355649375
351133314
355557297
355620443
351002649
352611621
357087710
355531978
356681791
356157514
355581863
352545710
357221272
350928921
357154078
348171848
345221533
347423507
348621726
347491068
348286731
349694409
348658986
349840106
348246471
348417532
347383172
349552391
345140219
350761662
349492774
345086438
349761956
349440996
349377001
342623756
343916133
342816752
342751166
343417133
343884835
342039109
342393747
342883720
341965425
343458587
343296480
343744042
342548878
342452206
343797787
343635271
343529514
342850351
341913314
338917593
340987602
341419056
340120897
339057940
341349645
339701111
338865822
337951950
337936393
341293650
337948889
339656415
339530133
340075212
341250044
339095847
338981850
338793162
341185225
336723737
336826959
336871714
337870648
337528608
336486071
336620768
337597854
336907458
335969963
336779978
337658629
336539646
336582511
336674796
336003192
335794373
337826313
335862337
335909645
334069650
332764807
332404932
332753560
335404061
335758924
334269577
334132206
334195361
332844590
334009130
335202196
332459330
332774798
335295938
335499830
335255750
335696934
335586872
335442577
323428990
321303128
323711888
322545975
324132602
321537915
323664895
321439063
324448342
323477357
322621747
323058242
327839451
323625129
323582126
321490961
323535638
327916207
323692070
322577845
320159894
319363059
320951569
320234830
320065880
320574922
320357248
320993902
320301859
319491737
319319740
319254380
319244321
318966308
320535359
319430206
318919398
318863502
318797573
320115300
318109283
318068601
317826498
318737446
316937970
316135168
318186706
317657091
316889716
318182799
317771755
316840049
316791206
316729063
318024337
317445243
317934476
316650917
316371460
316311277
314264725
315253447
314273137
313987591
313269712
313192339
313329864
313135592
313078247
312927120
316082681
312901060
315298329
311412126
312510540
311462301
315211428
312573409
314322991
311948606
306999804
305667277
306546900
305613425
306272977
311372589
306133382
308371131
309847911
306979554
306704725
306650512
305783539
307677750
307578219
306592615
305731688
306109557
307629032
305560637
298467286
299889405
304669290
305049924
304755031
301910900
299830409
299839669
301509840
298414189
299366428
299913491
299422225
299474711
301861517
304708337
301802502
299953384
301718355
299858958
294712743
293926514
298352103
296956546
294759608
296901191
290886279
297464158
295900662
293997874
297368504
295861556
296876440
295292743
293562598
293451525
297417819
293509948
294664274
295351423
289208312
286877629
286296565
289148187
287775231
286248313
288076804
286869487
284458465
289258415
287832328
287381964
286342239
286857171
290170090
286204494
287720866
290117573
288494187
284538278
281188529
264769213
266610307
266466494
283558557
283477550
267538326
267617393
268581114
266570179
268631028
281258969
268506266
228685233
267576020
284248077
266419694
266521946
284294867
283517267
223094010
222384779
222357068
228436655
228363100
226199189
226004432
227584688
222449287
222429518
220204712
226044183
227612411
223064549
223025954
222408181
227686461
228394013
223132494
227897089
214827822
220015175
214751027
215535304
214785124
219450173
219384647
220172307
219987392
214730954
216396284
216040555
215565614
216356757
219415808
215627702
216473886
215590175
215253636
216423934
212139168
213093074
214028952
213139937
212991187
214002493
212168388
213631780
214625919
213065263
213195268
213163395
214068904
214342873
213946671
214569674
213941476
214691914
213223824
213828184
212008046
211509000
210841413
211681706
212029274
211225167
211471943
211186228
210432931
211542047
210133179
211622057
211249407
212099194
212067030
211653522
211594823
210787989
210771487
210400471
207440873
209038768
208774181
210020615
209124693
209072279
208259353
209001561
207562514
210098272
207444453
207538617
209162878
210048194
208804625
207495530
208691936
207469683
209213689
208743393
205832641
206481268
205713836
206699114
205749595
206655374
206442858
207065009
206526808
207385305
205902702
205976327
205680176
207042382
206619077
206566451
206486921
206404680
206374309
205939340
204369922
205143388
203965064
204238833
204205430
205632787
202829191
204455647
203936198
205236524
205060207
204278585
204138581
203402612
203486900
203361222
205177591
204416037
205204504
203104540
202706324
202771419
200561320
201116725
200504000
201162845
202623643
202319801
201978014
201200422
202014436
202799931
202348727
202554936
201947166
202737837
201258219
200449680
202381272
201907904
198240655
200393611
198738834
200190388
199780162
198829821
200156146
200219211
200235469
198353658
199845511
200222588
200367992
199867492
199729251
198388015
198320288
199112325
198274881
200424024
197902566
197878606
197852644
197499027
197327859
196797705
197530771
196780464
196677685
196448972
197300559
198209187
196642602
197825308
196484048
197204407
197425918
196714666
197943851
197460012
195082919
195197989
195252016
195267015
195390664
195298868
194813932
195098830
196412749
196396528
195419977
196091616
195337960
196196987
196429321
196144223
195556852
195120835
195465832
195066917
194786146
152165926
193116241
151809575
151856213
192616433
192595864
194649127
194620064
194762028
184217976
159557667
151697761
194469053
194734482
183846982
163062949
151245353
151621913
194685103
145192813
147896556
150786950
147858323
148796096
151064252
148462281
148055686
151098137
149203103
150337574
149976308
145648058
146400978
146684502
146387352
151004467
146415268
148478628
147876805
143210812
143138183
143464077
142099957
144057737
142775227
141526007
143984553
144332081
143506042
142715348
143196456
141993598
142163086
145145965
143269392
141116354
140452712
142135140
142055417
135646514
136473136
135610982
136448219
138011443
136238355
136213514
136172100
135779430
139755265
138766148
135727662
137194677
136575970
136196854
137992564
136392780
135696307
135691239
136524067
135338910
134846613
135516839
134800925
135417613
134763592
135357460
134582013
135581145
135385111
135373212
134977117
134659085
135400916
135539924
134712005
134625688
134481115
134455758
135460462
133682656
133636425
134360078
134395429
132780374
133483087
133227365
133254007
134420504
133583205
133370842
132572809
134343589
134321929
133903154
133336817
133307814
132502308
133514969
132537735
131392451
131557675
132394201
132303231
132437077
131350085
131709471
130929264
131521720
131466902
132239487
131672682
132336903
132218044
132268575
131418311
131367588
132467548
131613343
131448415
130732424
129996502
130598489
129868208
130539080
129829683
130764763
129747055
129771375
101395533
129908695
130861905
130794703
130625063
130578277
130507169
130554291
102410519
102146693
102099281
95989723
96023423
100307681
98695996
98663832
98869448
98630287
95703756
97909496
99541975
99424854
97033906
101384087
96330086
97005959
99567812
101363356
101381104
97051169
98822848
95693878
95073898
95201031
95049024
95664394
95031922
94736423
95224198
95090166
95673726
95252040
94695161
95690626
95176717
95018764
95145671
94685459
95662370
95060671
94617863
93249210
92556231
92371911
94353417
93273672
93650592
94500936
93795232
92949364
92402575
93119876
93091042
94560536
93934555
92530461
94475989
92356046
94587551
93223730
93072325
87605880
88284848
89335966
87656001
89028390
92326216
88606036
87689466
87643117
87625073
92341721
88542020
87440274
92321890
87670237
87639182
88999098
88391861
89011472
87708864
86976082
86489144
86372159
86343452
86338472
87018491
86408358
86299413
85795695
85745012
87004328
86356517
86313631
87370833
86326333
86989133
86287690
85920258
87106797
85813852
85680143
85018189
85657920
85041736
85696464
84974928
85264168
84489973
85238535
85666706
85029886
84527006
85059989
85330172
85001445
85291004
85713970
85208219
85728879
85079429
83618417
84345476
84305017
84426104
84322715
83765943
84258748
83713745
83589819
84284500
84208089
84451312
84229284
84246360
83646330
83680166
83536117
83520611
84194879
83497309
83272828
82076663
83317412
82826833
82725457
82707013
82690442
82048201
82848133
82661106
82802670
83456943
83445563
82754403
83233549
83477147
83334174
83245038
83211647
82676834
81132404
81261518
81751974
82007735
81829331
81781482
81124583
81117135
81241026
81159067
81147360
81971861
81220807
81185804
81858209
81859757
81736720
81886713
81848835
81168620
74575394
79053719
79198028
78639897
79271905
79026754
78610615
79303573
74512635
74530257
79212307
79287606
79240173
79132802
79108021
79082738
79227542
78657037
78628960
79255209
70692429
72105450
73120134
71264787
72539517
72053989
72634249
72625179
73133839
74469848
71325567
72658121
72675391
71987558
72474281
72079597
72022975
71314957
72594550
72560306
69454772
70006267
68123555
70025514
69565808
68151267
68443566
70587224
69601859
69591092
70631370
69473844
69979851
70042779
69610237
68470337
69581479
70662508
69553370
69539588
58516601
58502400
59299025
67028067
66962519
59321582
59283369
67046912
58445707
58423081
66990926
59350303
59247647
67534390
57492564
67574776
58492022
58473887
60677367
57466541
