1196108968
1191048954
1193035818
1193455226
1195240019
1192942801
1192837539
1188925432
1196370845
1191006650
1195110956
1189019272
1197581764
1188986305
1188964066
1169942123
1190473291
1197446375
1196235792
1195008527
1152644054
1152586227
1157374901
1167345576
1161399682
1169749244
1159269010
1157339685
1156938069
1152530523
1161316293
1151386840
1151297490
1159035666
1167499565
1161099947
1156835370
1149361790
1159170203
1161221378
1147110083
1142590183
1140049940
1142004187
1149198438
1139819630
1138593723
1140139325
1146615055
1148882119
1149328579
1144076579
1142117167
1139391391
1140248632
1143993077
1143870898
1140581152
1146452550
1148769697
1134630596
1132360833
1138322236
1138518623
1134469031
1125823525
1127626306
1115485540
1133177538
1138412401
1135186862
1135303078
1134750278
1136591642
1134336165
1135064025
1127469340
1127304552
1138077493
1138225946
1104759063
1104134145
1107191226
1106231578
1109199264
1104541568
1103715799
1108880465
1113513837
1107012799
1113379343
1110756169
1108741655
1106690749
1110901899
1108626880
1106459211
1106116823
1104660139
1111452893
1101634361
1100968406
1101524625
1098121004
1102562782
1102028919
1101823871
1099776234
1099585840
1103380755
1099122917
1101934117
1082260242
1102504238
1103465793
1082116528
1099398961
1103571046
1102614467
1082019983
1057200025
1059711162
1058647003
1060986307
1060469596
1058493439
1060201892
1057715151
1058905046
1062427764
1060843996
1058766551
1057121067
1060340599
1057323120
1075046956
1074982748
1062362899
1057673647
1061204314
1052609795
1054864478
1052561091
1050468678
1053030491
1051659474
1050724905
1053160687
1053662740
1053744725
1056153997
1051423974
1053785095
1053120212
1053101704
1051765890
1052656533
1054802083
1051571899
1050834520
1033819449
1032700674
1050323728
1047983306
1047848777
1033949934
1047925139
1050408825
1034225797
1048006170
1048087445
1047787284
1047601452
1043470513
1048050010
1041968447
1047696495
1034279247
1050355506
1033864529
1025392335
1028005063
1032165745
1030131967
1028095396
1025302175
1025045220
1028569727
1027692744
1024596618
1027898648
1027810388
1026602428
1028869505
1027538234
1025153498
1024823237
1024704021
1030241598
1026519917
1010700386
1016765042
1011852768
1011515258
1023843106
1021802415
1023911623
1013142673
1023804646
1011714766
1011606170
1012939304
1011425650
1020429243
1023966716
1016782513
1021973335
1021851999
1018674266
1018099136
1002530793
1003679583
1003229299
1006436192
1003305735
1006725543
1002466424
1003404576
1003124979
1006507971
1003115303
1006590121
1004124820
1007583738
1006816739
1010620762
1004304784
1005868551
1004011825
1006758117
993069713
1002375006
997780964
1000845523
1000372581
998327145
997546700
999829427
997917075
987481982
1000349255
996308162
1000559735
997991843
1000793401
1000489513
999949644
998079439
988313787
1000739963
979085240
980800442
974747988
981863802
980939508
974568780
978017054
977015152
975968537
983567876
974916303
976951900
985815336
980602864
981786131
976657247
981992479
977212042
979214514
985754489
972934231
968191720
973075097
972408025
965467869
969452769
970208238
969367576
960983175
972498600
974447866
971637121
968062870
967948872
962807680
960800028
971601190
966746131
967788846
972651312
956936611
949343131
943064299
947332737
957057752
947273272
947401908
951852032
955975062
957949558
946456034
952792550
957436596
952732851
944584903
952232433
955862527
953511558
946548559
955682149
941880676
935243428
921626220
924802225
920595640
941737933
925619448
920815160
936630999
925736360
920892314
938314817
920706634
921190804
925680675
924381201
921395310
920259659
932989496
937048936
908307567
909671600
919903154
919735723
918192005
915534116
919768423
914756429
917329443
919835290
918233396
917494650
916283463
909774350
918254902
916259374
916141921
909400770
919997878
908435310
901512020
901680742
899079316
902952554
899505221
898903116
898803824
898712663
898551875
901174033
902758183
908150980
902518475
903008260
902824352
902426973
899527318
898982000
898441583
901551171
892713337
897413946
896681917
894247134
888990469
894459760
889023170
898176657
897519112
888456185
897454762
897031283
896367418
896211775
895558780
894551834
897310364
896600829
895449666
894381991
884355912
883361616
884554405
884232954
882547635
885370054
882479015
882242233
888097568
888404670
888188843
882449004
888213576
885087825
884386366
884172457
888139452
882687268
882582133
885267862
875315723
880348987
879985941
882209620
879619800
882137478
880145827
877502262
877549932
879736935
879674472
879481026
879386805
880231659
876955810
880058049
875605593
875487061
879553651
879304473
873175492
873128495
874607924
873061131
873092488
873035104
874656139
874316161
875080199
873282069
874710516
873119766
873207182
875142965
873355893
874379193
874235283
875239677
873243743
873324735
870353670
869463341
869823017
872688125
857118854
871550667
868422061
871665582
871622551
870549509
868458299
869161156
863293673
869312820
870633848
872644947
868373640
872781236
872839712
870995718
852383616
852241224
852142271
851870492
855928118
851619059
855857516
855454369
855995749
856091888
855753281
854393355
851519822
841081813
852018913
853703923
854262290
853551455
851723334
852304358
799424577
801520558
791107417
792531343
792639065
788076368
823674110
840786357
799385955
792698359
840946184
823753754
792582347
799715014
792444246
792371492
788047420
799750881
792805503
799669764
778720311
784721776
785074004
783548873
778672670
778986021
785162103
778740035
778052672
781620773
777880587
777729636
788001250
776296545
785496397
777847327
784804942
776346346
776243973
779746270
758072614
772770167
756401059
756481946
775560909
754165386
762988230
764862497
772683418
771359538
775930760
762919057
759059954
775286917
775421849
773356037
765057628
764796673
775350462
764733248
745622661
745614759
752242290
747760122
753654344
747704413
753004322
749755107
745655888
744761943
753729854
744450699
749776365
745634868
745410051
744606650
749727758
752403349
751183460
745644115
729422622
742412338
735574614
739233892
742264091
743550950
742320578
731800466
740769590
739122090
737446652
744360516
742969918
743501224
737307469
742715481
742847881
737565247
740676612
733407238
723460501
723348344
727711916
722234792
723209416
721045822
723551857
723725646
724970532
726706056
728977647
725841563
725424414
725792798
729347160
723092642
726810779
727735832
727676177
723667709
711667761
714826973
711988024
711852620
716880497
712161910
713365304
714893152
713552748
716771534
714076468
713915645
713822353
711753634
711551394
713208362
720963932
713643643
712254405
715336443
706447384
705581176
711405767
703947500
710973638
711041259
710448167
705931096
706130375
705056306
699844264
707047512
709624884
711282497
706235605
706577165
705757408
710413646
706038027
703862428
698268712
699746467
696620522
692620649
698007344
697396463
695727527
689263808
697333512
689423953
685726033
695562213
689121715
696695503
694408527
691559010
689500447
698113131
691725804
685917745
680526995
679568958
685404908
685518075
681889039
683561134
679488057
681409133
680469692
682819002
682213432
681734683
685342448
681626465
685650398
680633778
680585085
682090769
681335415
683696369
679393122
679309409
676235552
673008654
677536679
678415522
672934968
677386503
674546403
674450720
675344981
677436882
678497398
676026317
674748029
674639897
674706254
675435447
676344956
673556714
672721616
669755467
669246142
670211636
669718439
671803141
670950689
670422994
668891786
672346473
672510815
671009579
670297866
672605107
672424695
669636607
671091427
670846090
670342959
669678626
667746188
666670797
667906208
665494530
665593053
664423126
665668413
667436640
664224791
667299936
664297619
668501468
667666397
665308562
665141535
668790322
667858390
664732744
662944050
666875342
657378163
659232523
662591030
658431369
662332063
660869752
662411965
659181470
658045544
662704317
658351464
657527807
657563923
660154363
660777732
660924445
659974494
657881876
657467816
656822806
656336466
656275966
652003578
651932550
649483269
656070126
648758767
648566083
656005312
648116500
648546729
651863122
648935566
648813914
650020927
652333219
656787925
656177168
649600394
655948314
641069938
648068990
645390261
647892812
646561890
645413359
643945141
647192801
646490838
645540312
641501043
644598617
647369877
647273614
646362784
640206233
640945702
644460274
645594288
648002117
632362662
637984999
638648573
631882040
636998755
632071635
634908381
632251106
637814811
637905438
631092384
631957091
638558328
637625863
637137302
636933732
632169065
631157059
634232052
634004003
628998979
630133538
630944952
629365127
630762083
631050559
628774955
628672445
629070140
628425284
630052143
628228411
628302283
630852319
628941860
631006824
628140311
628874023
629396972
629317021
626889878
625798798
623841242
621444534
626739267
623605017
624041431
628075055
625897596
622462887
623947792
626298372
624427180
622375949
623680538
627427674
626250920
627362122
625739469
621512298
620770461
615528716
617687668
616391544
619620089
617783893
620885292
616104509
617202300
621006304
615223415
615486348
616518165
618353720
616433164
616477080
621376270
620407323
618382537
617318695
609219046
613385338
613334039
612797432
610541338
614550719
609934986
609776388
612904121
609349987
611057150
609252946
614738612
614775797
610052250
615226130
613287364
609380400
610574740
609325500
603556393
605454618
608824889
603960848
602516953
602235145
601280970
603988569
601210763
601255146
608579450
603312476
601231308
609197559
603924959
601308622
606873928
603468460
608721882
603197331
599652317
599548053
599778615
599613339
599759956
601087633
598069308
601138900
599698257
599313374
599204885
598886714
598364790
598338552
598313249
598287478
598235248
601181742
601170019
601099889
591928750
595895572
591371330
590993070
590967685
597589747
593873368
593922232
593379700
590586002
591029843
594462096
591895090
591122210
591978427
591811655
595813744
597062105
597702239
593754361
587821052
590292199
589230200
589345605
590378889
590461786
588482414
587521141
589660477
589323526
588294495
589134664
588899625
589262037
588528252
587868045
589182704
589297052
588420537
587778690
586732557
584735858
582161641
585857877
586612773
584611903
586078581
582807210
581857825
582212355
582246632
586664043
586036399
587459514
585917614
582764908
584926482
582071883
581989076
582307340
578325918
579926933
579780536
577690180
577502263
579716326
578422549
577573284
577344518
578380147
579878916
579992099
577617122
576757352
579194035
577417192
581738019
579838282
579149887
578474702
573351778
575995737
575901947
572283934
576159372
574460744
575215814
572371549
574372068
576731164
575274871
574559068
575352143
573571130
572187914
576617520
573450558
571704398
572515119
575749823
563082975
562317543
562400909
571701699
568501268
568139939
563531252
569550945
570633924
563667891
571137779
565451570
565540965
570524910
571242224
568806909
568190765
571177258
565365585
566249639
559972781
551226668
561988192
561592352
560692805
557692785
561871809
555803569
551135252
558519411
551184356
560612778
559310172
558437154
557671179
558485382
553324171
561776339
559955206
551098754
549745737
550046922
549839888
548455842
548504710
549900700
548092068
547585045
547482895
546050369
549834798
546831009
549789219
549940328
547543628
547461514
547074780
547504492
546916710
549877975
542026084
543311141
541123319
542396027
541317655
541272455
543945929
543204877
542482485
545259705
542632252
542299723
542117385
541814400
542573640
541076283
545008107
540958829
545422050
545356606
537627757
538202577
537456134
538689568
539869579
538145576
537565668
535827740
539814668
537420502
538718322
536801880
535896439
537597919
540204068
538589874
538057297
538639986
540156502
540082417
535535007
534706836
534590935
535663457
532740181
533556418
533655504
532656838
534437463
533863876
534408181
533592527
532939968
532510956
532222519
534330086
533796093
535762823
535462770
534657691
522395667
527973412
530875754
523888618
529102361
527881173
526199120
526116801
523786529
524998682
528263392
525097842
529191451
523139409
528335158
522804611
523044652
528301530
531049549
528233520
520011983
519820313
519281952
520198974
519890923
520676553
519961959
518836652
521323936
520796489
520740647
518887713
522259489
519398598
521527647
519237403
518944624
521389168
521608601
521915300
516808641
515135531
518411892
518753934
516506437
515198824
518582906
518338662
517020104
518636255
518487504
516461762
517143837
515725090
518372778
516834810
515610099
515066816
515671882
518531948
512567899
511986954
511816979
513527610
513251979
515032770
512272006
514957197
513585138
513330726
512210962
512135572
514912155
512089313
513763317
513285306
512476824
511891360
513864033
513694427
511120747
509358319
511744685
511348179
507347597
504167719
507449408
507911360
511289371
507670429
509909630
507374320
510934883
507318704
504985992
509526966
504630840
504415050
511194929
511003857
500616018
500108644
503117405
502279534
502235828
501281841
500693827
500564653
503000302
503354356
500061080
502777243
502372953
502955593
501220290
502489681
502642861
502254286
502469057
501120936
499134100
499582521
499364925
498372291
498072976
499179106
498525888
497934342
499198610
499228912
499506925
498026317
497761128
497725001
499088319
499326569
497812578
497738200
497871368
498300426
496289556
497428286
497388815
496232853
495910120
497473104
495468203
497716406
497584158
496161202
495959618
495381336
497521254
495052856
496003864
495274417
494447021
494492375
495122362
497689617
494098013
494155578
493350048
494123785
493446446
493262606
492826510
493079348
492036815
494060444
492758423
492177996
491964300
491893853
493199465
493019987
494027536
492881037
492954336
493962502
489036176
491798922
490942436
489192340
488668057
488136329
488565705
491013104
490850333
489931388
488708320
488501219
488788135
490749348
488604136
490493614
488362765
490621096
489054645
490540476
481596637
484474406
486037633
486090886
486155423
486062691
485775001
482928785
486623820
486862395
484541861
486132189
481555734
486012075
481630789
484509581
482904628
488054897
482739711
481535083
477921838
481287340
481444222
481487634
479342573
477225231
479424154
479369325
477992756
480588451
477261876
481504338
479510263
481240348
478931220
479499625
480119414
477164936
480093637
478921317
473266561
476504895
473781177
473198890
473220156
477009265
476852345
476087930
476701733
476948534
476450027
476028729
475928359
473262192
474013435
476796784
476608517
473797911
474449654
475987407
472197072
472756201
473161374
470336265
472923886
469601003
470302605
470923772
472642004
471227306
472151617
469555562
470392969
471551243
471134376
470369207
470193257
469819390
469771162
472692476
467033412
469007691
467353325
467850589
467964513
467409452
469045163
468702858
466995053
467971516
468769852
467895064
468036215
467924106
467816919
467460486
468629830
467566577
467513290
467950348
466535930
465044193
466032796
466459506
465679291
464201501
466298408
465742715
466193569
464047240
466310627
466145573
464624014
465099765
465815847
464135474
465672816
464109077
466408683
466366665
462662899
463936038
461952494
461568058
461790992
463949083
462575810
462648886
461856086
461666327
460810252
461354180
462614483
461256645
464010298
463897157
461910729
461738985
461217676
461294578
459080945
459538323
459981500
459279453
459155619
460460807
460548302
460723213
460109789
460073950
459577488
459496811
459344787
459010910
460211763
460338718
458949405
460767748
459207514
459939651
457199555
456453749
456337287
456289884
458718940
457304384
456122864
458774811
457252609
456168673
456010838
455846312
456385638
455503573
455364955
454745166
457698218
457365979
455551959
458666816
453091214
454128526
453026677
452456447
454070976
454532619
453992424
452755967
451911019
454203820
453155335
453201600
452340041
451874050
451828495
452957117
452853494
451769424
454634553
452407566
451712017
449470141
449260352
451444868
450620498
449186456
449847958
449410337
451365479
448961099
451541515
450663318
449709209
450844120
450805029
448999642
449370434
449230897
451592823
451646740
443023210
443290670
443112966
440985209
448918120
441120933
447376228
447322579
441062878
443353851
444291988
443123870
448374701
443295149
443406020
442955867
442985148
443230137
443064342
448322730
438331219
439986487
438079295
436508720
437742036
436806983
439855655
439903217
438853822
438993406
439295696
436736968
438949237
438397813
437774501
436700309
438125590
438490347
438470433
439333283
436040679
433363471
436328317
436145445
433841529
436301398
436475601
434768354
433687723
436273427
435981274
436463510
433756213
434687389
436348965
436077127
433600766
436174507
433303224
433454016
431178223
432921392
431475000
431261738
432853195
431501296
432975018
431527730
433064402
431370963
432883906
431663631
431323690
431568636
431113416
432916994
433025863
431213095
432822239
431024225
429435510
429170343
430952101
429357059
429223062
430348228
429576393
429101132
429024381
428978364
429679527
430452431
429731555
429859717
429611240
428994250
430400055
427596079
429274113
429807958
421468758
425195234
424594892
423924218
423305811
427435614
424000423
427350110
424810673
423372234
427405820
427551393
426166471
422039748
421498455
424949020
426947278
424691179
424067436
424111659
421021863
420901301
419954343
420793446
419908547
419850020
419189037
419003692
419407262
421223115
421450488
421439892
419127753
419314908
419067519
421171859
419370515
419225869
419238707
421103519
418588234
418412618
418486454
418074681
417585844
418706948
418460957
418511281
417516919
418182093
417579060
418762057
418432056
418393734
417661214
418644920
418513964
418545460
418120022
417615607
417149940
416397966
417378305
417480942
417176340
417299957
417236086
416434443
416365632
417291645
417413847
417279048
417316779
417513817
417452627
417260738
417101810
417344984
416368061
417204991
415754895
416236462
416123521
416096676
415959198
416182181
416344991
416156607
415995813
415708266
416041778
416215366
415823362
415919996
415868297
415598169
415656922
416198745
416144675
416046838
413345877
413747336
414455918
415531220
414665524
413978862
414389201
414285935
413714961
414338395
413722533
413690748
413600674
413295003
413667593
413928382
414070765
413781900
413253398
412678848
412599891
412559488
411235504
411161924
411134641
411112549
411049707
412398825
411181216
411338257
411096616
412449221
411308945
412479706
411211293
411271771
412632955
412319087
411068826
412517485
409892909
409613960
409921720
411012528
410985411
408910732
410074235
411028732
410030693
409475462
410638690
408594695
409949092
409918924
410730570
409664874
409561444
409863255
410689008
410992660
406497242
407608258
407103683
406650319
406770034
407764090
407967505
407733626
407657148
407464310
407699177
407525604
407837655
407193757
406732074
407573374
408531883
407660549
406592436
408479096
406442298
402418079
402553670
400741206
400659660
406142388
406273193
401379429
404500300
404857465
405963387
404652711
404418034
406331599
400688100
404543094
404455143
406093779
404641317
402461403
400157794
397140622
397083732
397533608
400216654
397697793
397647328
396326438
396274971
396237717
396543706
400557180
396471447
397987843
400623542
394920548
396126067
397113703
396412718
397585695
394317065
394072342
394193062
394859537
394633771
394724174
394314591
394691092
394613800
394716264
394655579
393482671
393509856
393644599
393437804
393917766
394284389
394185399
393691711
394812834
391875586
392406367
392509634
390617647
392765033
391351305
391049051
391276811
390464833
391480673
390654643
391862587
391419272
391826228
392433018
390692693
390709597
391286542
391857838
390564153
390272905
388082172
390365434
389612929
389584556
390281314
389638026
386976809
388078011
388726158
388671366
390206750
388298561
390415979
389671134
388387603
388143954
388802592
388341177
390159073
386165520
386844754
385818437
385747250
386439947
385855374
385194057
386758905
386037419
386578864
384898209
385133154
384822929
385714506
385683616
384754479
385782209
385233939
386502172
386881976
380680575
383195619
384681029
384266635
379583458
383107958
384533548
384591150
384229621
384279014
382934948
382921097
384413425
384144711
384442606
381114740
379690606
379652476
379621872
384188070
377699973
377402654
377368144
377616167
377070505
371751141
375549491
377000588
375545336
374212711
371732023
372539718
371817205
375482656
374631339
371850087
370687440
378553096
377258591
371777325
369539684
362306200
368051295
367976694
364379677
363637220
363986239
363232260
362451030
362507593
368550826
368477297
363947315
368609605
363851526
362562409
363889578
362457954
363173718
364328908
357403300
361083130
356869817
358570516
357189585
359522435
358507466
360687607
359443090
360076135
360744176
357464648
361304625
357256389
358739794
360119147
361229123
361167479
360814374
358699001
352546846
352626998
352945226
351447267
355513930
353666469
353306657
352507250
352986342
352072480
351399483
352411476
355820261
356664883
356640478
352873519
352128363
355900483
352969863
356594177
349299444
348022248
347983846
350839926
348557623
346342391
345784409
351288927
347179075
348609950
346817633
349373435
346861727
346451911
346398809
351225625
350591784
347370850
346254062
351343493
345638646
343241688
344545054
340561130
340540967
345204771
341812707
342697943
343322169
345745512
343914421
343563600
345153959
343290731
345610432
343194300
340510203
345707024
343635406
345287297
340218621
339752161
337059788
340292076
339708238
339996422
339156066
337484582
340181847
337118225
337974739
340118720
338322291
338042839
338952683
337921541
338295635
337536020
340244029
337809240
334033512
332951277
335336206
334385208
333119677
335341141
332472489
335850246
335915797
335185354
335136546
333242294
334300073
335412170
333187707
335784413
334072465
337002341
332413830
331906513
325342250
328223890
327997790
327951190
325239876
325142344
325872795
325967720
331251290
327574373
326598385
325468656
325384687
325598119
325175322
328959697
328150262
326903885
331214001
328987365
322856401
322749791
320461068
323959961
322769865
322171023
322012491
322955164
322115089
323108395
322075173
323063613
321810316
324483478
322796641
322996758
321792028
324554821
323931694
322822415
319833304
319288499
315488546
313544484
317623096
314004773
319332655
317681523
315204949
313904323
313975725
315123070
313380268
315074142
314384875
313822031
314562309
320373253
315415325
313837334
312433421
312936579
311466233
311083914
310951775
312906744
312482599
310893032
311410197
312536537
311940905
311462635
310074571
312490460
311026741
313313711
312985181
310690710
312946861
311403469
305188264
308389846
309313306
307418913
307398038
309926165
307214130
306148122
309836628
306667403
307092820
306654413
306119078
309940261
305264315
305138509
306094822
309391102
306625831
306174686
299918722
299552859
297020970
300011879
297090027
302600928
302552553
302813425
301128689
300086477
299511157
296395956
296972545
301233319
295941032
299963776
295381262
302443968
298914100
303479663
288742258
291057549
288909819
292614176
289653295
286586043
287647866
295331579
295171231
289971386
287605429
286758348
289678853
287982819
287354247
290743533
292523383
295160560
294724245
294817059
283995672
283849810
283919891
283188010
286527090
285234826
282868645
283942655
286486747
284993214
282832736
286159703
283368796
283308958
283147303
284171683
283252053
284590788
284228347
283873516
281977655
281165262
281793755
280697215
280739868
281742641
281865359
281687825
281764960
281935834
281107959
280782005
279691575
279745055
281894565
280640127
282766087
282750138
281111281
282806033
279416440
275829572
276729477
277975109
279659071
276006238
276646180
278229003
275945637
279500985
278413161
279147428
278194549
275831863
279444165
276678817
276176756
279393576
279470832
275887743
275573348
274264165
273851980
264732847
273769030
275629463
267852851
274754518
275589511
275802426
275664434
273693047
274725513
273931586
273640920
267921517
275781593
264360439
273638275
274867441
263525190
263497811
260003888
262584768
263141182
260447854
263612072
262457078
262322091
260863062
259098866
259438544
263300623
258691767
263344752
262482014
262283296
263639860
264323424
262559167
252894614
250633916
254347685
251463429
250113654
249936482
258560159
256155657
249499061
249169684
248937121
251034242
248955264
249882341
251385022
258579094
250696832
250148299
250659118
249749214
245238897
244726156
247206479
247882467
244764744
248585281
247140045
246910304
246242031
248868510
246116877
246282602
247495352
247844984
246922127
246073978
245155496
244316823
244428345
244467388
236974064
236821423
238536149
236877689
243159698
238937269
242702006
242787941
240176951
238560816
238161769
243062380
242810036
241894192
240099912
239238066
238583728
240908659
236931894
239738946
232837639
236750038
233408757
234656635
233135940
232807925
235925399
233826747
235865572
235953896
235255476
234622237
233376927
233154836
236161525
236009862
235385579
234524340
233370412
233965305
229168434
230043885
231342845
229321920
232281619
232612435
231250634
231556430
229404804
230919224
229285167
232256613
232658349
230836077
230013577
229365609
232375460
232321093
231366660
231271781
224885667
225243242
224580821
224264601
227135219
226860521
225200822
224805884
228532041
224863851
227853720
227088330
226833779
224273469
227894416
225268509
228566623
225171554
229143876
224071663
223010239
221677391
223042022
222466317
222313344
223251473
222432941
222015992
222506048
221851418
222013079
222027609
222339740
221994641
221972661
222425176
221650167
222376673
223244163
221945060
218721530
218673063
216904120
218143054
217200220
216931218
218778901
218988722
218812025
221284720
218087794
218465146
218437072
218130713
217223727
218899483
218916405
218634005
220064556
216268456
214931181
216190027
212977594
212852151
212902910
214866453
216260396
213289725
216213968
215239899
214589731
213195665
212627820
213660442
213332774
212612281
216166606
213320517
214891823
213134212
212425190
209020781
212075956
212513967
209118871
212546268
212421586
208870805
209595549
212576977
211528319
211138012
210867838
210816424
209991371
209939075
209062530
209556423
212456734
212585831
206688492
207756490
208825903
208609693
207805311
206659681
206958882
206620169
208031375
207180015
206223971
206727523
206974145
207255452
207267927
206286236
208753146
208796414
207920534
206736109
203957062
203587701
206184006
204185975
203902709
204030480
203564373
205845231
205139715
206200091
204711309
205548051
204079584
205095234
204159311
203999862
203658093
205536187
203636877
204907238
203535098
200948681
201794810
201275404
200537695
203500342
201304311
201011839
203189617
201038349
202558909
201612298
202594569
201888279
201840764
201106617
203413168
201085318
201324440
200790588
200280721
198583485
200097731
200085141
195992324
197713034
198712796
197978709
198704430
196388900
196402329
199545834
196447599
197030550
200112792
197733883
197038859
196424925
197719970
196467496
195919640
195802803
195381167
195190463
191474026
191439716
195724150
195736424
194538782
195719261
190820627
191364312
195326414
195170528
190791678
191522154
191624607
191550796
195967519
195764134
190096273
189438815
187116763
182421424
189092639
190681719
184513771
190264343
189089083
190210378
182452761
186285931
187370781
190118130
189497350
189493652
186252618
190664605
189456542
190073234
180176126
179527959
180199539
181254502
181569534
179746994
181599838
181497901
179682427
180801637
179509659
179594069
180863218
181542463
179636085
179712554
181264264
179522218
181519207
179490021
178239586
178039026
177089482
177061937
175651852
174715673
174734846
177059608
178286619
175633002
178075800
178110816
177722787
177655037
178894361
177685595
177609100
178382640
178340080
178257958
170788330
170829031
173179803
173148549
170760173
170576604
173029968
172260231
173605902
173504455
172168082
173092261
171012763
173123836
173624148
172217137
170999693
173593349
173516008
173071177
169211880
170512028
169061325
168090435
167777749
167830839
168050948
169139247
168002279
170423488
168786763
169044665
168793326
169763252
169177907
168394630
169028279
168127111
168755581
169333400
167086555
161365732
160368966
161640940
163796599
160900523
161332984
163254729
160387325
161589637
165420001
167715798
162424773
167045024
165165957
162673481
164503430
163297490
162341053
166681768
159311354
157924231
157090156
157937585
157055055
159525874
159745318
157071246
157350886
157302255
157954588
159264663
158756868
159547823
159873337
157958526
157594743
157389941
159514909
159181189
156164140
156193230
155384456
155261540
156337938
154674511
152931276
155145437
156399742
147988180
156197534
152947000
149622015
155325130
148256555
148240275
156685782
155184388
155109540
148217461
146114041
147638356
146917804
147544266
147653202
147959814
147710175
147673103
147327005
146644667
146011501
145886113
145960264
147691775
146672940
147670348
145855139
147725761
147681968
146157040
143874277
143053526
142882595
142886706
145823376
142919697
142865771
142550170
144190893
143856839
143845198
143871231
142584482
144140537
143284960
142261656
143838947
144543181
143040545
144424749
139654901
135913863
138031925
135250722
139590785
139554678
135866103
139520942
138717611
132769641
141325322
138546509
139597849
131486340
138070269
138706977
139688079
131461399
138522497
135878853
129959189
127985130
128166878
129486662
128122531
130990676
129834446
129555584
129072590
128948613
128233714
130010397
131031046
128918482
128915319
131434544
130681655
128283879
129513844
129540026
120588558
120117422
120567959
119872807
124214337
120842785
124755281
121091171
122747584
124187874
120525499
121794102
119823705
126890782
121859548
120806357
119922175
120890925
119604898
126851054
119589138
118398643
117556207
119052361
118742364
117541686
119564492
118181558
118756760
118759997
118228802
118821478
117942461
119009486
117961280
117583384
119549731
118729097
118778118
118842677
113733762
116558130
113274764
117470714
113839033
113945545
113388435
113347049
117167165
116758474
113866499
117154926
113817089
112504987
117142452
117125887
113905360
116627501
113313904
113019153
112443446
106985960
112456060
106955762
106992040
110530084
106915761
108000577
106743830
106056463
106787013
107946346
110538583
106841466
107606031
106816487
106061109
106746278
110512228
108902446
102071773
99704273
99676558
106025605
101364132
101377228
102724473
102015453
103225243
103170447
102031145
100935227
100371939
102051971
103593554
100337401
102711159
100377944
104855413
100970651
96900481
96789528
97618497
98725650
97440445
97245166
96808251
98797063
99596083
97194725
97167954
97468458
96842946
98574729
98686387
96862489
98591367
96887119
98752570
98661800
96556906
96075955
95971365
96670009
93442781
96437916
93888084
96471254
93475670
96615230
95907648
93525677
93502387
95942126
93569820
93542679
96120752
96645138
95878808
96141817
93309172
93360317
89003243
90968211
87347938
89867913
89846572
89036247
93279787
88065586
91244132
87379822
87430007
89903971
93396350
90986841
89065646
91288228
89938170
89810866
83692888
86646223
83750591
86672126
87320869
87150154
82402420
86611162
83628288
83406798
87083169
87193167
82364124
87024454
83504578
87055980
86393526
83434725
82438899
86992341
80588281
80623076
81929101
81570903
81600984
81842247
81457218
80731637
81990413
80691918
81885890
80656668
80576599
81874375
82012495
80257439
80639096
80180195
81895839
81551278
79695633
79261159
79672397
78325378
80044527
79730275
79291736
78260680
78187369
78050825
79760366
79505135
78626335
78293283
80071735
79276316
79479258
80154274
79475952
78218870
77983718
77953258
76372287
77818820
76042920
77492474
75935660
77964644
78033729
77650102
77805009
77545869
77209780
77997167
77635218
77601355
76074585
77579947
76058800
78011482
74696296
73993215
73685677
73360664
73765629
73394036
75914924
73426164
73329768
73022754
74038282
73306587
74716100
72880315
73277489
73843513
73695609
73664091
74010189
73806505
71386681
72595990
71688552
71175249
70901099
71662155
69985027
72566295
71629409
72857010
71280971
71218179
70287691
71233957
70630410
71439072
70606263
70314106
72544513
70884730
68769872
68401441
63837032
63819267
63803840
67342502
69676498
68603056
63623018
68879883
67344746
68577733
66808663
69961504
69059312
63596571
66649369
68777726
69756837
66634713
62340416
63258233
63038555
62264033
62813309
62784327
62675000
62803452
62832580
63282054
62705536
63272549
62625156
62654401
62841137
62221594
62162643
62765361
62320876
62749700
62130742
61218055
62147158
61188813
60074899
61450634
61197791
60093849
61444495
61232384
59169239
61045803
61425239
59609127
61399372
58055565
61475238
59569725
59196079
58917593
55913075
57816949
56510359
56105235
55885424
58008205
56390896
56030903
57990994
57955331
57882668
56087819
56067283
57254542
57928649
57791953
57776541
56482149
56369207
57267057
55774303
55344839
53998854
55758905
55751648
55745579
54085389
55738023
55783612
55787079
54067377
54730217
54052791
55784838
55478588
54018937
55766285
55869975
55730840
55854036
53947151
52999893
53642152
53093948
53778650
53158431
53101616
52976281
52953496
53522321
52930986
52964406
52728320
53960628
53540456
52884981
53124514
53142918
52908867
52894965
52066120
52717046
52719790
52258629
51839899
52406415
52709383
52397455
52380899
52242123
52026826
52417591
52022364
52223812
51816351
52428310
52388247
52438828
52015298
51864831
51012811
50881407
50888665
50874938
50867991
51714616
50845417
50894376
50925280
51691915
51756489
50858727
50854491
50992080
50712150
50913527
51799204
51424114
51730931
51026372
50403878
50323929
50382645
50089920
50658688
50304305
50360413
50644988
50694851
50316601
50130340
50102089
50434452
50303011
50282894
50683770
50294270
50310161
50117158
50417826
49983071
50027124
50048728
50077271
50063798
49828598
49803483
49774452
49755815
50058521
49762973
49784354
49817532
49998425
49750200
49992285
49790531
50018619
49741956
50069793
49407594
49708576
49006934
49381259
49036602
49025813
49730511
49737513
49476762
49362370
48970225
49370587
49060035
48948723
49700140
48999682
49452700
49045938
49054009
48990395
48465759
48409176
48422711
48473065
48429600
48703928
47962190
48443875
48418037
47985971
48457185
48024481
48935564
47943900
48032508
48714477
48434846
48403289
48007856
47973377
47796380
47912796
47877190
47602094
47583441
47557407
47930093
47887502
47566086
47537466
47544517
47816880
47592945
47896514
47802208
47918596
47532277
47573351
47886355
47870166
47057706
47141675
47104375
47498104
47371793
47415296
47395833
47488212
47431327
47515910
47359422
47129826
47150459
47018287
47461211
47043464
47086817
47476462
47521519
47120385
46024351
46996594
46679844
46599266
46616068
46165693
46651646
46565735
46434610
46208727
46018955
46183774
46663538
46423598
46425880
46280767
46282994
46267067
46225221
46198067
46011770
45592842
45995669
45621166
45582571
45751811
45953643
45667365
45632625
45981751
45683872
45741163
45650416
45988825
45504855
45758756
45609248
45973425
45732767
45942882
45079838
44801353
45431373
44836414
45132058
45106423
45090222
45119511
45340315
44813654
45058733
44702889
45498730
44824836
45442460
45419455
44848339
44735577
45490137
44718359
43850508
44686197
44676450
44086808
44105669
43640956
44259028
44242546
43841036
44360242
43845376
44113887
43858269
44121344
44250920
43745278
44440127
44351180
44079514
44073045
43501811
43439428
43552663
43492943
43476870
43602195
43633044
43596440
43605235
43463120
43518515
43473750
43531695
43452144
43615398
43622693
43524007
43540865
43548177
43606626
43054980
43088671
43072397
43245431
43256844
42870431
42736875
43265390
43376079
43273184
43104442
42831294
43281108
42804435
42708970
42853088
43224624
42789010
43090135
43390434
42373220
41876537
42111633
42379135
42102515
42686604
42465775
42366186
42695852
41882530
41863919
41858925
42386208
41757029
41875028
42399709
41716341
41868934
41743004
42103672
41411893
41689626
40975880
41676365
41665285
40828297
41186826
41133652
41660353
40835513
41703408
41681738
41418738
40821180
40846948
41459499
41398020
41197978
41140368
41653555
40292613
40090337
40115792
40029678
40559517
40286175
40283935
40049264
39847595
40579866
39821707
39816012
40568957
40100525
40445920
39807907
40596935
40552944
40043325
40037062
39542261
38738930
39537416
39520754
38705435
39525754
39554815
39070141
39569942
39679731
39100305
39800597
39794320
39664608
39548690
39088621
39790029
38723256
39531287
38750766
38675155
38432928
38659042
38450469
38584202
38489659
38456541
38681168
38467226
38410045
38692551
38401674
38427487
38444392
38668353
38419858
38396469
38383612
38596267
38390224
36070186
38362139
36094199
36064240
38370193
36522280
36039855
36261512
36030092
35891619
36100528
37384432
37673020
36254447
37330510
37078069
37071397
38365930
37062303
37338852
35302992
34593851
34512668
33365697
32566235
35822343
33343650
32688734
32591119
35812125
35163779
32726829
35857778
32377663
32576288
34734261
35317891
35887029
35865413
35310647
32074825
32343906
32187116
32182420
32143522
32128066
32074691
32071073
32146229
32363433
32205338
32068292
32312311
32070334
32321254
32073256
32330984
32156792
32079492
32072506
31291570
31597707
31940106
31893865
31903765
31923415
31899255
31874652
31861321
31856486
31807909
31536805
31433983
32069130
31754558
31816209
31747221
31285971
31534787
31885964
30287957
31143194
30975784
30558146
30741525
30720794
30771680
30790325
30732284
30708940
30768696
30688972
31193044
30567421
30173598
30655536
30890015
31204524
31071204
31163971
30162352
30043607
29968423
29860327
30047755
29954722
30054765
29851563
29840697
29823629
29762777
29962138
29956128
29945706
29772041
29783351
30028645
29789460
29753640
30062199
28579395
28465973
29658062
28937006
28646616
28923533
29648900
29189170
28608067
28616663
28598258
29170569
28960004
28627212
29667240
29200205
28564013
28953582
29355184
28571913
28366461
27986359
27643111
27779862
27591958
28455887
28014998
28000194
27775521
27980739
27632664
27784695
27973852
27266760
27881374
27867741
27770730
28279193
27585350
27576119
26401045
27247787
26924031
26455695
26438379
26393805
27009501
26226692
27175150
26429009
26746385
26385857
26920709
26330634
27235086
26420347
26374824
26216770
27255547
26380210
25695936
25676460
25681659
25335355
25709528
25362966
25357345
26157239
25594735
25689629
25242506
25519199
26205614
25586141
25416257
25929979
25422045
25351872
26166151
25977424
24830000
24887411
24839020
25149819
24897060
24382241
24424150
24400277
24214519
24895867
24903044
25229588
24417442
24409500
24392041
25143942
24219919
25222487
24212696
25235583
24207167
23923380
24197607
24097720
24191459
24185696
23999227
23920352
23830926
23884560
24107154
23900486
23910385
24114706
23821678
23891795
23993031
24125444
23807160
24202513
23501509
23531073
23496702
23216170
23755494
23220534
23487965
23343024
23226350
23612582
23761924
23605555
23745358
23211254
23478570
23708294
23544310
23776298
23738471
23520745
22599391
22425076
22608637
22569335
22738747
22545790
22937050
22729987
22462974
22439930
23093451
22454301
23110446
22680111
22927865
22684706
22445773
22431879
23204975
23101107
21736449
22271918
22399423
21996515
21729824
22218295
22105182
21620899
22279296
21724488
22346393
22233991
22254640
21913959
22390903
22226939
22110874
21646702
21902417
21614980
21523258
21533877
21389292
20919567
21496398
21528768
21474562
21091779
21539602
21547868
21396781
21482502
21059045
21013984
20957450
20951773
21190547
21489343
21066422
21479190
20668550
20699123
20677744
20750251
20883289
20781603
20774033
20738010
20708257
20603401
20727702
20847150
20732779
20763319
20862585
20911024
20686703
20693588
20855524
20872284
20558700
20588094
20576591
20520819
20440926
20428576
20421094
20596866
20567093
20543716
20510662
20415918
20501923
20434781
20381707
20536420
20515331
20552880
20582529
20495923
20235120
20207326
20188118
20237029
20171220
20214734
20245294
20067051
20360283
20370397
20250922
20184947
20081343
20196850
20072584
20057970
20375477
20051623
20177920
20225005
20045855
20031549
19889274
19873793
19859102
19881584
19755109
20020376
19914086
20038912
19773207
19709333
19844634
19906392
19850505
20024655
19864249
19778100
19782202
19768221
19589877
19553005
19611180
19690304
19452201
19399212
19362763
19597700
19558008
19445945
19604482
19457614
19411125
19440801
19617736
19696929
19574642
19567573
19583436
19702164
19269694
19261166
19254233
19358247
19256474
19300618
19248897
19168260
19015756
19236928
19139532
19171936
19161727
19265766
19152850
19253644
19029312
19119570
19021737
19243571
18793657
18996534
18863885
18979159
18787894
18717615
18784199
18985061
19010339
18848331
18871980
18818083
18832544
19005113
18789901
18989465
18823739
18997254
18840192
18710543
18581812
18536751
18577675
18697201
18544712
18530807
18482749
18642647
18572673
18478236
18656422
18664279
18704297
18649645
18680482
18488967
18690392
18569295
18541126
18468569
18217522
18236165
18244118
18248049
18192298
18462167
17742274
17772230
18209229
17905950
18077528
18072308
17777407
18222342
17923189
18065470
18178323
17947058
17911053
18229264
17228966
17727496
17731429
17638034
17180902
17644681
17192930
17738409
17722681
17737933
17200276
17472840
17205646
17489600
17316590
17113861
17186438
17086649
17196346
17312525
16518218
16550255
16567279
16678064
16668353
16985185
16663669
16654815
16444256
16651676
16574808
16513548
16976763
16885876
16790444
16687996
16683891
16658106
16453695
17065951
16336722
16203184
16333080
16311988
16194226
16430228
16099597
16300987
16093835
16335749
16339192
16336396
16107974
16425316
16085936
16065498
16061060
16188741
16434681
16071652
15782542
15616526
15886428
15622814
15793239
15914111
15867840
15770842
15894604
15906011
15922620
15805571
15879607
15893879
15777477
15763977
15756989
15861162
15684982
15854674
15349079
15337735
15331845
15216159
15609234
15545016
15326309
15319453
15205473
15209619
15445589
15537923
15483135
15192935
15178197
15160107
15542279
15589835
15582957
15549840
14896085
15146922
15014048
15035987
14830887
15154518
15018709
15027975
14840550
15015388
14877212
14907618
14900680
14875181
14861677
15016161
15016001
14872288
14878474
14867719
14636640
14783908
14668813
14691126
14805093
14611649
14676962
14682679
14620706
14613722
14811296
14793228
14653696
14538855
14799839
14787634
14601446
14644470
14821144
14661739
14333827
14197785
14226287
14492018
14344316
14312301
14214956
14479238
14333418
14329388
14530565
14486626
14462502
14502201
14438511
14304402
14520522
14220492
14429333
14207276
13685132
13678898
13645170
14188757
13988123
13673897
13852592
13635459
13536127
14000585
13723324
13519349
13557425
13991914
13862632
13657538
13548711
13519445
13846327
13985446
13517293
13483934
13326837
13289148
13333436
13025805
13443097
13295347
13255487
13164312
13451795
13321603
13302048
13173229
13448256
13466293
13275378
13281518
13310907
13151156
12730297
12708030
12550896
12722596
12575513
12854868
12717519
12991135
13007700
12982865
12874917
12686046
12539229
12989167
12995461
12567484
13001528
12694190
12859968
13016287
12509146
12456798
12524190
12359992
11950017
11824280
12100245
12078537
11798603
12478723
11804669
12112487
11963320
12142384
12372945
12093661
11815600
12484065
12085507
12491394
11244149
11673742
11390481
11352169
11678565
11323002
11327487
11682506
11660170
11533838
11665649
11545537
11357330
11383348
11332049
11524839
11667517
11539575
11552264
11252034
11075037
11038990
11053531
11048535
11205965
11059115
10670411
10921152
11143680
11061893
11065619
11236666
11224753
10913807
11041583
10808271
10799399
10676547
11199975
10906517
10352240
10547328
10517485
10343887
10318431
10560253
10653666
10658487
10647205
10439492
10336877
10329719
10433919
10663958
10539793
10291454
10287231
10542807
10279144
10553001
9937219
9724334
9794748
9787519
10012675
10160931
10056816
10155167
9933572
10137276
10060896
10054191
10151167
10017173
9928265
10140135
10008938
10146597
9790249
9799936
9595221
9686230
9714868
9698582
9670884
9611089
9601716
9667577
9719666
9617981
9587116
9672431
9683375
9675257
9631682
9624507
9693704
9705986
9711055
9679253
9536623
9419833
9398487
9414594
9301324
9450207
9330761
9275986
9454319
9475497
9540827
9467230
9434090
9338335
9313637
9566618
9571331
9280737
9324786
9462177
9034466
9188738
9250162
9103553
9256443
9265657
9261454
9162977
9132869
9128739
9121684
9114328
9143699
9111267
9098995
9053746
9045566
9168402
9154837
9041413
8893226
8905477
9028444
8926196
9025109
8814117
9023633
8809076
8833701
8808239
8932158
9021424
8907569
8888372
8841288
8896351
8838074
8845137
8901157
8804056
8593403
8692701
8645997
8577368
8801279
8668595
8582299
8706433
8725459
8698341
8570748
8688525
8717487
8792513
8588324
8562128
8798096
8736315
8657285
8637145
8549945
8405154
8451278
8539513
8379902
8521914
8518519
8436511
8555943
8463704
8397102
8530239
8427364
8404107
8525353
8514977
8442377
8388949
8458489
8421902
8203791
8113422
8116567
8130656
8305951
8182106
8141351
8179973
8376193
8314029
8185918
8213568
8206399
8185036
8136073
8320611
8209920
8120088
8124847
8289544
7981670
8041619
8109079
8107578
8043276
7978954
7985537
8034903
8105092
8030624
8027965
8023425
8038572
8031874
8103654
8098614
8021359
8096626
8050231
8025844
7545632
7852528
7580546
7955292
7575017
7573675
7615697
7965821
7576828
7975428
7856229
7572377
7755196
7762522
7668502
7970057
7960214
7676825
7671700
7666103
7503136
7445112
7439867
7468704
7505472
7474736
7448633
7520428
7537676
7456897
7442718
7397907
7438063
7530059
7541384
7479487
7517261
7460949
7471790
7466133
7388218
7377329
7372791
7185693
7384578
7350166
7354371
7132528
7298676
7357411
7306609
7305066
7194503
7190487
7369069
7312800
7236622
7181876
7360161
7289452
7039111
7124343
6989246
6981595
6986355
6966271
7121214
7128616
7042797
7055062
7034231
7045528
6991654
7037399
7094175
7132098
6982843
6971579
7036070
7092390
6890150
6961435
6886954
6790766
6747452
6953294
6906310
6949651
6815083
6742952
6881214
6946359
6806504
6819400
6884228
6900305
6896995
6791649
6957350
6893059
6655381
6588709
6641901
6725519
6556480
6619077
6572897
6720568
6644403
6708347
6581295
6566043
6697466
6563762
6554908
6647979
6569636
6701055
6738273
6733877
6473942
6444718
6448668
6506044
6437071
6388616
6309015
6451286
6374140
6306452
6300050
6516564
6514032
6233809
6476303
6303357
6416676
6511504
6371495
6502498
6070925
6012792
6230130
6225753
6139087
6118680
6067021
6075192
6147847
6050569
6047604
6142802
6022907
6017051
6159581
6152444
6008041
6019818
6157027
6079810
5923105
5916534
6003119
5915235
5867570
5485235
5871007
5510785
5625857
5799551
5919164
5630497
5617269
5999953
5480145
5553992
5921313
5523992
5846166
5514513
5262387
5436890
5392648
5176537
5054940
5329091
5056567
5385248
5109852
5421433
5389462
5270745
5112259
5333555
5105938
5117237
5440829
5336366
5265858
5128048
4529914
4532335
4918005
4908813
4683801
5045880
4910598
4966395
4963521
4659696
4614349
4920792
5014539
5013258
5050429
4979398
4611267
4914004
4662354
4586309
4341102
4421413
4481951
4485025
4489751
4478025
4336707
4475775
4362158
4517609
4424723
4283096
4473433
4519232
4459696
4360809
4350080
4417599
4494383
4294277
4256417
4167380
4275662
4192554
4278786
4174007
4145049
4131475
4070668
4197155
4070607
4188616
4247209
4070435
4147772
4126847
4163802
4234954
4238587
4126727
4070010
3998255
3884079
3852245
3838257
3925957
3817390
3849344
3833299
3923108
3982396
3840645
3835676
3820749
3843101
3888433
3817140
3815069
3882680
3845462
3541057
3547231
3530971
3533397
3562378
3605598
3532508
3671896
3672744
3767988
3543243
3552515
3537934
3549059
3813542
3672923
3687682
3581665
3580405
3559825
3490940
3445852
3440105
3493334
3528628
3488705
3480368
3476471
3502087
3497224
3506406
3487786
3482517
3478664
3504508
3475299
3474312
3478036
3441828
3434444
3138626
3315735
3436573
3437398
3093149
3091332
3047249
3050929
3132553
3434900
3191229
3190910
3053179
3084748
3190757
3226971
3319269
3093989
3139832
3048943
3034648
3033210
2877778
2996054
2922743
2998654
2922855
2876183
3003537
3024934
2980854
3029108
3001231
3037359
2922014
3035825
2921703
3039245
2884125
2874469
2820753
2825915
2772525
2703053
2766257
2811402
2728070
2720846
2716391
2729392
2759132
2713476
2813128
2871717
2872822
2767432
2718088
2704490
2771812
2765338
2677054
2679276
2675112
2652703
2619974
2643660
2683556
2650563
2645163
2598751
2682378
2671006
2648448
2684808
2645822
2678207
2672550
2655565
2653357
2673747
2562059
2594799
2447014
2560129
2453313
2448915
2464205
2451022
2416878
2468153
2456829
2418469
2590430
2597078
2496150
2553734
2469725
2570755
2511456
2466436
2307195
2393758
2306337
2339232
2308851
2330524
2415481
2355418
2350663
2293372
2295176
2342234
2415604
2353328
2338517
2334476
2396799
2306852
2340148
2346525
2249559
2292477
2249907
2249065
2248372
2242752
2248503
2249274
2289109
2249359
2251030
2283801
2270520
2249480
2240493
2286278
2268012
2249174
2248263
2243200
2096663
2125019
2098964
2095008
2093873
2140105
2139916
2139406
2093087
2170023
2139726
2139037
2159528
2139182
2225190
2064090
2174852
2139567
2172545
2100610
2029587
2045788
2060913
2048609
1987692
1968789
1985600
1979992
1959927
2040028
1983753
1977388
1962480
2058099
2050284
1960737
1959179
2055030
1965355
2032962
1955770
1743108
1742941
1736007
1884527
1737074
1888612
1909165
1871815
1742830
1929086
1958523
1904452
1878748
1749085
1744915
1735488
1954484
1932462
1927460
1652226
1642725
1639830
1591057
1577233
1735239
1610338
1633670
1649068
1604853
1654095
1734841
1602458
1594222
1597497
1639001
1629476
1596012
1576308
1649963
1500784
1566853
1479648
1477321
1459661
1564420
1494080
1553108
1489273
1504708
1497424
1546557
1542497
1490947
1555154
1480770
1570267
1574083
1508022
1561428
1333863
1263369
1385040
1256821
1254556
1456616
1442894
1413119
1259739
1252153
1362866
1380795
1411878
1336868
1415577
1289757
1284811
1360729
1269075
1225315
1211142
1204790
1142808
1183743
1140937
1091711
1095540
1150770
1152582
1138004
1100276
1200585
1092802
1208636
1131381
1094232
1097137
1181945
1136348
1098061
1043712
1006558
1062306
1089670
1054724
1039719
740288
741849
1057751
1065726
1031823
1046373
1032880
1035067
1037053
1089066
1085841
1090920
1084750
1010601
662809
642581
684636
637584
724527
701817
628608
701366
644169
663347
702268
684026
674389
638955
661950
722072
713786
700305
685813
681579
612498
604589
532918
530587
601262
614877
567540
551916
534341
616246
569647
553169
617772
554475
565810
550685
619173
591588
549605
593928
521297
474010
490530
452317
520161
485951
480695
517041
487172
511303
468903
450343
485599
450975
448511
529618
489074
483426
511756
475220
385531
412384
440595
414768
440856
436963
410682
385880
447204
413848
352556
412973
386554
444763
442361
437998
385960
367206
390651
439391
231149
263760
259558
268512
325879
264790
327694
298414
267508
295481
244038
232013
333912
247281
266390
243635
280453
246218
296644
262350
206040
198860
229196
218343
219918
230602
182808
227724
230502
199644
226919
197064
219194
198197
227374
197816
183309
208673
182636
229661
174735
182280
158638
167213
148539
148054
174689
159237
180815
145942
159048
174799
173822
169939
160033
148306
147897
149007
173343
155474
