1164720181
1162212698
1162756327
1164603135
1165011018
1195868984
1196134398
1196578608
1166334741
1162678710
1162131615
1164095336
1197238409
1162065225
1162535452
1163115068
1164153996
1168703224
1166268620
1165162839
1153462266
1160610491
1158631873
1160994455
1158501391
1157997165
1160086661
1159034178
1160512493
1161981135
1160877461
1158898406
1156311968
1159147910
1153330964
1160723658
1158753256
1158064292
1156189669
1161108228
1150703336
1153200051
1150774786
1148511610
1147218035
1149376041
1149229809
1147138424
1148422847
1149460746
1151924268
1150853499
1149007447
1151516476
1149543359
1148583757
1151406075
1146867038
1149142095
1147016296
1143991436
1146730264
1140381598
1146572424
1142552992
1142363759
1140236470
1142472711
1134890174
1142685758
1142012314
1140093823
1139894836
1145106020
1144852278
1142768129
1142865783
1135055896
1140010013
1144976259
1131674420
1134052409
1131972825
1132583358
1131875676
1119891532
1133934265
1124371246
1131774632
1132180495
1126910544
1125175817
1124896882
1132293403
1124573958
1134172572
1132434228
1124275214
1132045410
1126799680
1114711194
1115650173
1119524977
1117983638
1112880553
1114653285
1115760932
1117833297
1114775082
1116844711
1117683295
1115553865
1112756917
1119374025
1116980174
1115293316
1118078314
1112623185
1119668835
1115436198
1106006924
1109009785
1108412526
1107257261
1107011751
1109134388
1106714457
1102216960
1107178945
1106472346
1104875586
1108734196
1104970088
1109313924
1106615282
1102036151
1105873115
1108852798
1108480445
1104724565
1095711127
1096599096
1099669228
1093610889
1094949376
1093447585
1098967476
1096524526
1093215684
1093526089
1101852375
1096727662
1096806425
1093707789
1095092872
1093041827
1095639169
1094602990
1093341482
1098875671
1085461246
1083902538
1087966730
1086585400
1085405371
1087846900
1085876984
1084787022
1083643986
1091848123
1084847637
1086454499
1084576462
1083506534
1084708882
1087732763
1091654542
1085758377
1091763842
1086717281
1081913969
1080154455
1080251969
1082450498
1080860649
1081536737
1081477185
1080974775
1081585540
1080930407
1082753270
1080036342
1082711439
1082341659
1081656143
1082229628
1079938241
1082576672
1080394489
1080545197
1065018920
1065252127
1079758571
1077912148
1067696654
1067512989
1065546239
1065374087
1066939716
1079552782
1067629844
1064435253
1079501600
1065174784
1066203307
1065702358
1065438414
1065625189
1066844189
1064344009
1061848896
1024497341
1022029498
1064267417
1062972422
1062854740
1061948220
1024012455
1023903036
1024137809
1062678550
1061909234
1022086748
1063322776
1061812575
1024175251
1023826610
1063066218
1062352022
1062426021
1005266021
1017098262
1005208746
1020247182
1007038410
1013757676
1004966435
1020335907
1007100692
1016962870
1007336904
1016671075
1021952518
1016456404
1016869867
1016784245
1016518132
1016403523
1007268164
1013805194
1003828445
1003932645
1003601642
1004838382
1003308818
1001429626
1001761825
1001080810
1001258646
1004386906
1003503364
1003405067
1001612279
1001900824
1001522104
1001999674
1004888672
1001179244
1003734669
1003218195
997653977
1000540610
1000417815
996765166
994540327
998758450
997110082
998854364
996948364
999690309
995239550
992765939
993818313
995066380
993867498
1000266341
992647913
998664362
1000351602
988834198
988509614
985147503
982175296
986869154
986698454
987554133
986994844
985010804
982308258
986779987
984415304
987125461
988673629
985342050
985244099
986553474
987363467
987227539
983166028
987489446
978115216
977801793
977011231
974563821
977642409
980825448
977603348
976883392
971965435
972145938
977903138
972269038
980585941
977980908
980462928
972442566
980345265
979474672
971893076
978768368
970324419
963643021
961456381
970741289
967605422
970168474
969989487
967321951
962284758
961396538
967403273
970503008
967133270
962190040
961338630
963419581
963228709
963313816
970610076
967714917
958035537
960428181
958832255
961283175
960567071
959666895
959095171
958618427
959937377
958334631
959017686
959798197
957784984
957842438
960689761
957219673
958208477
960781161
958734222
959579369
954721810
953825063
954350152
953441465
954920366
953992441
954488570
957059212
955909792
954143652
953560234
953348937
953108728
957146493
956180530
951521259
951641981
953181734
954829004
954595644
937117940
938442504
937024627
949542385
936895238
936868488
936853861
933362758
934210335
936825836
938324598
936734353
936590634
934413504
934286482
944216858
944147749
937154024
951401099
937066385
926998396
927784430
933247080
927177711
932580662
927345390
927896566
925446462
926529806
932686216
925512773
925367884
929501971
929806947
929952229
929879754
928767943
927631715
927973124
927461163
920915412
922798438
924991394
920999218
912950736
912870005
925288029
916749216
915431891
916671712
912796659
923665958
917318709
925129021
922723395
915598721
922613336
921391395
919403963
924389009
910606897
911520890
912117510
908547449
910874710
910489418
906416661
911063969
909531293
909372369
911614317
908152550
908828974
910717553
911889698
911761527
909114214
908938523
907826149
909233521
903117956
906238308
905746423
902385922
903176452
902215347
902638317
901646740
900780923
906080577
904331513
903695464
902319589
902972921
902101431
900667590
902909646
902781253
903049200
905841719
900152898
897864061
888928351
888986074
899970660
899835423
887242569
900555562
887007827
897977283
898081782
891033870
900220195
888767673
899902064
886771904
887542379
887414337
886904764
897922224
884904531
877368798
882753700
882944713
884634957
886072798
877645112
884813731
875327683
882880509
882997289
875246358
877855683
883072122
875120215
877737102
884569729
877439931
886685269
882825855
871849195
868536642
872299624
867369564
870798293
871798819
871736963
868426887
868809334
870933440
868578626
866547593
868364543
872152311
868477082
868880517
868626840
867008848
868673578
866633544
863662218
863376506
865274391
864693049
865415133
864557554
863117869
862882552
861783404
864639323
865191992
864446900
863593485
863278087
861725422
861652763
861475462
863471686
862780630
865911442
861377637
860510050
860711975
858731775
860426912
857138952
860767091
860658648
858798795
861290914
860836994
860579197
859407697
858897857
858600131
857783312
858841301
861093744
859310338
858988979
853679900
852879230
856986321
847812305
849411805
849260954
849309956
853998470
849066370
849645852
847945038
849116582
857074975
855797025
853787536
849770319
855880848
852984033
853889471
849474855
836850490
831688120
842256709
836193604
842098501
842349900
835852062
842198123
838222402
847622532
836969674
834232223
836124803
832494678
838158740
836052754
833208779
832446503
831750191
836786541
826926294
829576161
831045100
827220248
827079957
830873734
828886078
828922016
827164837
829891551
827827912
831622877
827754360
827357275
829079130
827483514
829669411
829795589
830964143
828990833
826760594
821015781
826678735
823806545
825189338
826715311
823712147
821067698
820988385
821976151
821860057
826851300
823892047
826778622
825329900
825266136
825449960
821785670
823585480
819907872
816301605
816568855
817938450
817486438
817341406
819273961
817817511
816507298
819227807
817874358
817393155
819368126
817672234
817435374
819196780
816429687
819462883
819397714
818372535
817578129
813653189
809616630
815460306
814006254
813587218
812387747
813547083
812137346
813841953
815758438
814210340
813747857
815808111
814282106
813615985
813904014
813502857
815614823
812510946
815519757
778499698
781862150
787554090
785842796
779864472
779788977
809553366
808312082
781971169
785643441
785712957
787639738
778561581
779950926
809592078
781884814
785558384
784050617
781915756
808348481
777732062
774247535
774494025
775036133
778443598
772820666
774553984
772707887
774408225
778125731
772349165
778066128
777991781
777884134
776231918
775081282
774911958
777823405
775010746
774318898
767413598
770751678
768982951
770922308
768924317
765927822
765810639
765749652
764460627
769387354
771085473
765961126
767538027
765468659
767748153
769166153
771032063
770551674
767200720
767501696
759532054
764122829
760456328
759994995
759923213
759439182
759350163
754395082
754577173
754496976
764075878
755628556
757959686
757844772
755274152
754657374
763972310
762528496
764022918
763885307
748902647
754275167
752607520
751951347
751859635
748310423
750459521
749087673
750845267
748631169
750018924
752865034
753823684
750782379
752439095
750545298
750915151
752658641
750120891
752799121
742536469
745245035
743969552
744382521
744707018
745972862
744232355
743074325
748184576
747826300
743927030
743012924
747745548
743350318
745168563
742166338
742608408
743281986
744808194
743191524
740589006
741319910
741568289
740280290
742095001
739625925
737849179
741234713
735883860
735791223
734573896
740653732
741488832
740254169
738470864
737781686
740738570
739493725
738544818
741397530
729500109
731635533
733545216
733207298
733327004
733851836
731308275
731758542
730599107
732354585
730162178
732717684
732413158
732974692
729465641
731119230
733751350
733442954
732892362
732564888
727242544
726237475
726123043
726908978
725593872
725495205
725086115
726391109
726081549
725380679
727395973
726676490
728113499
727123685
728855565
725318911
727943694
726585153
727343721
726284896
724386340
722907426
722815295
721902296
721655370
723629938
723531053
722723540
724887649
722053767
721854766
724467363
723080009
719938258
721791515
720937231
724994341
721996427
723013497
724320350
717952056
719837415
717858448
718876926
716550918
716611292
715036233
718594653
718530094
717703533
715848269
718676930
717632533
717007074
716845211
716778183
719751804
715738140
717789571
716702880
714940612
710160740
709263902
711321794
710941806
710304750
712741807
713759221
714054096
713540968
710822139
710225404
711582453
711439582
714655851
713025360
711691054
713697210
713143952
710891580
707800967
705773399
705663346
706336326
707661778
705837138
705216210
708271279
708422827
706200098
705099259
709156239
706113227
705280539
707909565
706011995
705366426
708339732
705035170
704961300
704395921
693816578
693040303
694067593
694562561
703159257
701723658
694340466
693480219
703294935
694422393
704342936
693911836
701844832
703673275
703765318
703846610
694156261
702906391
701332934
692186400
689767238
692375414
688905823
687424739
689207108
688616680
685846621
689694713
688792507
687697479
688684150
687773272
689061547
689578741
692454838
685747176
692294830
692114586
692016716
683596767
683068859
685314413
684572163
683874143
681138999
682142827
679793052
679452434
682232972
682036256
683135148
681027302
685185721
684677364
683791798
685140476
679677669
681937249
679296829
673920479
673369513
673294491
671619214
676986673
673757712
675564163
677287905
677647783
675370824
670684209
675437854
671922990
674049490
677933531
679191352
673840633
675623515
671682165
677188271
670458989
669978947
667646599
667971984
670604245
666800236
665389436
666684627
666540885
670104498
666950956
669202766
669032529
667622493
667875593
670287814
665154928
667936610
669133961
667559600
658500579
664982786
663726743
660151782
659160250
663811548
658554468
660984683
660900680
663536866
659965456
659246944
658605165
661696666
660062876
661918898
660222133
659319740
658657570
663640938
655888393
657697511
657372848
658266991
657606452
657497739
657919666
657553632
656921835
655842761
656822071
656688093
655997584
657937593
658446871
658359025
658181924
658099974
656888732
656127973
652918012
653122595
652748774
655127549
655794361
655300508
652190783
655269636
652332565
655202663
654172687
654814313
653342583
654259831
652523000
655756679
655054270
654712180
653220415
652997570
648466097
651263579
649559640
647866886
652107622
651370825
648402650
648527631
649383067
651416774
649695526
649317589
651142655
651339653
651079668
650373769
649629672
649463832
651216797
648756990
645536364
643745623
644819716
643824515
641522263
641326544
647012868
640403622
645681481
643779662
643883549
645605118
643689220
641392916
646981814
640273805
641442722
647108689
640224994
646934441
639751893
639691171
639366283
636728167
638788878
637425944
639417099
640170575
638669392
636591696
637526457
637603181
637932945
639573617
639477049
637719857
636856782
639638511
636008242
637895947
633304168
634049431
631748756
635933293
634146896
632697005
632640598
634670056
632578274
631132237
635695210
632310731
632256642
634201104
631068043
635778759
634968579
631815086
635847539
633216679
628961457
627219219
627976624
627027255
625826872
625797029
625754268
629143982
628875809
629034116
624757668
631022527
628780242
628011962
629220585
626342062
624732822
630190763
626398890
627281002
622849942
622613980
622437105
624236932
622802135
622380367
622284916
623956068
622746002
623408929
623476152
624009855
622547763
622486891
622200534
623885507
623840386
623537596
622664647
624151950
621796323
621824436
619067380
621169893
618102691
617167392
617860669
618027029
620382084
619136815
618743351
620426947
620499928
621741926
621870676
621235648
617730587
621101561
619375889
619232889
616413106
613338344
616096633
612460972
614828622
612503823
615273976
614710225
614781425
613245013
614507595
613426752
613164820
616187975
615480974
615977757
614017085
614647441
613388574
612404225
610170701
610453775
612368060
609129405
609172783
610879010
611022153
609195489
610307640
609077172
611056742
611411129
610838582
609584602
609533279
610423634
612325106
610362322
609640637
610229000
606183188
606239120
605502039
602929795
607035002
608856090
608709475
605295483
605220445
608790314
602868638
608985290
607892992
605456259
609035651
607211006
608911142
604771711
608013105
607133957
602803739
600482700
598839776
601055671
601696120
601094854
598757035
602564546
601016682
601451656
601579757
600339840
601626246
602836738
602376889
600706029
600616704
601524361
600015418
598796921
598706774
593146613
596092190
595460139
596262286
592948678
593754408
593096440
596177441
592357973
593800103
593019489
595591074
593210395
597062170
596323568
597175300
594667842
592393581
596004721
589669722
588333635
589971238
588573514
589897919
588283190
589709347
589238284
589213214
588743266
590021413
590558034
590526084
588239039
590489584
588897169
589230181
590099333
588667182
588440289
587443855
587801927
587737257
587687338
586834306
585126874
587529358
586114066
586757077
585027160
586156197
585965842
583997730
583926382
583356629
586885535
583505883
584728074
586062280
583274274
582089988
580786811
582261561
582864534
582004980
581447586
581181417
580751714
579895403
579272113
582938762
581851218
581788587
582144645
581392342
583176652
580713811
582201500
580667196
579809331
577843910
576462966
579217643
577782742
576431069
577113700
579111963
578957328
577555464
576384153
578416694
577563343
578868862
578480871
577662248
578336311
577214805
576978304
579165197
578541641
575359613
574534280
574468471
574291116
573601408
573531923
572712004
572364194
571120392
571074466
570957542
572637665
572504799
572446129
571013192
575313783
574353587
572558996
571161454
573483284
568937852
570525765
570900888
568758565
568199727
568811638
569639783
570056213
569572139
569698651
569446394
569249091
569348601
568704661
568340719
568270706
569160744
568280961
568682451
568640038
566562417
566446488
566339761
566695634
566285878
567409568
566097422
566006103
566626588
566150507
566033040
567980518
566769923
566507810
567459474
568023714
567348197
566400502
567320910
566075216
561685235
565485497
564829151
563051212
564727810
562830134
562103060
561595222
562161916
562228379
561721918
561514620
563998320
562342843
561414659
565422923
562943632
565318356
564877640
562306318
557649758
559552121
559109176
556900198
560952903
560309364
557606408
557259226
559477190
559734384
561379298
558868289
559633285
558581185
560706781
557760267
557709066
561032224
560818427
557225836
553055342
551134771
554184641
553322911
552482566
552107908
552001693
552971101
556820731
555837527
553370735
551439480
555783460
554096454
556684397
555351180
554027281
551505921
556546659
555498162
550594143
548449288
549527097
549430954
550153476
548179882
548499249
548382903
550603650
550356086
550177707
550134566
551082412
549589409
550166541
549271144
549167693
548878718
548825659
548232018
545537218
546719998
547198054
547748482
546875991
546323159
546296619
546272785
545671728
544848582
547515738
546780170
547487275
546567148
544954491
544893050
545617636
547094191
546521956
545015654
541728747
540398764
539087290
541864442
540543563
539346317
544204990
539705217
539975145
540026978
541922166
541355039
543620163
542613216
538061916
538386020
543790338
539912582
544269531
539654670
535965231
534344855
536507830
537976480
537755593
537363170
537303615
537805460
536538364
537772623
535444643
534935697
537409892
535004834
537237620
534970007
537843019
535053034
537191530
534419483
534020198
533763380
532374930
533351208
532659473
532134949
531851474
531287652
532736010
533906465
533799881
533322571
530913042
533337680
532457348
533839504
532600761
534260132
532142193
532505917
530140160
527114383
530288860
527239807
530222261
530756900
526090945
530369791
530525455
530831773
530574405
529167254
527387335
527188109
527148467
527081771
526211641
527313751
514976817
530326153
514945879
511946232
514773724
504873083
509398345
514816399
507577894
507520035
509583434
509470611
512014185
514793917
514898585
514846892
509844126
511859170
510041016
507610380
507482930
509891280
500590711
498386163
489152400
500522965
498378701
498315901
489589456
489642989
489467948
500609784
500661306
498472923
489521154
496843687
498198035
496751162
489259556
489083050
496691318
489226516
488038786
487988353
488193574
485178996
484932126
485227617
484836941
486378800
486062278
486418371
486114197
488256025
484875421
489033682
486118582
484865188
485110334
488086446
486145380
488150912
483194056
483225590
483332055
483097129
481711210
480345562
483090729
483685467
481837063
481682886
483561423
483590085
481527060
481783964
483743510
481755046
480312121
483131597
483770808
483269162
478221992
478155987
479555756
479391682
479338121
479070587
478101501
480259404
479038008
479009516
478044802
477984201
480288569
477870161
479485421
477846461
476941901
479606040
477941527
478095899
474832157
475100782
474876055
476434597
476399198
473505895
476789733
473757673
473687831
476489162
476877612
473451572
476734367
476697472
476513371
474007728
473860260
473632468
473934820
473545258
473352213
457128307
471938734
461219543
460816848
472121422
472060465
471987994
471981975
472030070
461121550
461176478
460928145
459656679
473381247
473414067
471974669
460888934
459688230
471932871
457077672
456425364
457120232
456471817
456363433
455872621
456309078
455465886
454863777
454352952
455554436
456116604
455716025
455514071
454922753
455607406
454729401
457041885
454645789
455786297
454111369
453147959
453044219
453015107
451250673
453076029
451492968
451107381
451391748
452972099
451057268
451636263
451156373
452193383
451241412
451561674
453882539
453858589
454308459
451329005
449772479
447910651
448145617
449888572
449276324
449825725
449356149
450937724
449914438
448227477
447798317
448046676
447762824
447847753
449388972
450246882
449312078
447925015
450847743
449763291
445835888
444939806
446366157
445572997
447721481
444703657
445751502
445373323
444883808
446327698
445854214
446963311
444748143
444839327
445699653
444148225
445843423
445650838
446421756
444791839
442190092
443035973
443760116
442263601
442315218
441960916
442467376
443938931
444085890
442392766
443289209
444006555
443415742
443802532
442131313
443696765
443859940
443324377
441987817
442081036
441855824
441675521
441712266
435299593
434863669
439531278
433875824
439584103
441910057
441757189
435110887
436951379
439769258
436714519
433986995
433736560
437022018
435557979
435214506
439813992
433438409
433244642
432351014
433121941
433387144
432337889
432247262
432171257
430784549
430950479
431574017
430851026
433305278
432099375
433089287
431072493
431159319
431021917
430910048
433180253
429095412
430665612
430495991
429593200
429201072
428928914
427881365
429412527
429013504
429135417
430555896
430262406
429283768
430436770
428006045
428861371
427814358
429060140
429646918
430308470
424422133
424243188
426024364
423122486
424025222
423829802
427406672
424790443
423962465
424341851
427753097
425165468
427324653
422340402
424960229
424874372
422193776
425905326
425966510
427357595
421623154
418590932
419701505
418614859
417815076
417633479
421678829
417649026
420240273
421779626
418501512
419832810
417522616
419956515
417713749
419121395
419785332
420389481
419663136
418559421
415793040
417426406
417399608
416263978
415175354
414516519
417367887
416285091
415528218
415152651
414454401
416321218
416306936
415853258
415747828
416232128
415894360
415126856
415481366
417343429
409280886
408238462
409067735
408390593
414096248
414146672
413766643
414205107
409117746
414263772
413905125
409347103
409241489
409093509
413794995
408459204
412974331
412912242
414354337
408307393
405736157
404807944
406967368
408045953
404535492
406907862
407941765
404927529
404639376
406885413
407967090
405697550
407301887
407210614
405620915
407355032
405012933
407239936
404744189
404686396
397942827
403446136
399001655
397594436
399116423
404456819
404493650
403491589
402355472
404309966
402563106
402166900
399074267
398829910
398052714
397988062
398804592
402314578
404420913
398846070
389962057
393717099
393779127
397462517
396289252
390174986
397527454
393657326
396709412
390014405
392512784
393884875
389900121
392446078
396353832
393826943
393503830
390083710
393546555
396662186
388547913
388479977
386351133
388674691
389777692
389509770
387847039
388148034
386248023
386955611
389540955
389568988
388374294
388083744
389676888
387084985
387932656
389602278
388602135
389624429
385919531
382836006
383142959
382798962
383305633
383359900
382758166
385999952
383201623
384386700
384100427
384216533
384299910
383094562
382901996
383264755
384493686
382860534
384402630
384175326
381970822
380566351
381316851
381899010
381131051
382430495
381031688
381245955
382380482
381667558
381642676
381196797
381073534
380903662
382240488
381758101
382310146
381967805
380966951
379920378
378695235
377000588
379759113
379883298
377980125
376740863
378616830
378513217
378002073
379318967
379481487
377070505
379553041
377423079
378536241
377347634
379826487
379287437
379343270
379517295
372627554
376663218
373126891
373065163
373040711
375334510
373559908
376631029
374327644
376709269
373565516
373508245
373452679
373189286
373098489
375445106
374284737
375516684
375777254
372512669
369453145
371261443
369404269
369300443
372057443
369355501
371910456
368747395
369916371
370083727
370003568
369543070
371470388
372012672
371381742
371878643
371977943
370156871
371946775
371312275
367399086
365874418
365647046
367212262
367845336
368689945
366161104
368607244
365602894
367291386
368253428
367334182
365952813
365446703
366112755
366211516
368188175
366061188
367166556
365453377
363629755
363317238
362598181
365441569
363173718
364912141
364196996
363745179
364318887
365021288
364959291
363599074
364488128
364868832
363232260
365401834
364795696
364717396
364571518
363688993
359222555
359164328
360128759
360984691
360088457
361830261
359283737
360039397
361428940
361896889
359747656
359935331
362067903
362549689
362510322
361486087
359996613
361183266
360898207
361871761
357128555
357058925
357440484
358720142
357842059
357348252
357262128
356951404
357383371
357007669
357936741
357193899
359136894
358821337
358778176
358661039
357885167
357986408
357895604
358027862
356638075
356200728
356811719
355224960
355188912
356660994
355135418
354290001
356134347
354349995
353204942
355645325
355945609
355539332
355259796
353246515
356076817
354976756
356777359
356001271
349096287
349562123
349782733
349067876
351410691
351213439
350318825
351312751
351108312
349728272
353174012
349134640
351035588
350673921
349245120
351783143
351834595
351367502
350746270
349183493
347267972
346855453
346768921
348468963
346717619
347322274
348427632
348314045
348377993
349050752
347869809
347836225
346738898
348204084
347234750
347174161
346885914
348136127
347896537
348688137
343391380
345809891
345557568
345589926
345532974
346212978
346174388
344001766
343940155
343885123
345614002
344682765
345691951
343509458
344924262
344849006
345726999
344496448
344448741
343437770
343035736
343136259
341826464
342070710
343108172
342361078
340816287
340299897
342162519
342351019
343083460
343203974
342431082
342253215
340228624
340269482
340903892
341513523
343060098
342416165
338057602
339552310
340190503
338105998
339708238
338609363
338554979
336946285
338139161
338551635
336385445
340128178
338026096
337397406
336622629
336893096
336856938
339752161
337421352
338931508
334139497
335108137
334200559
334241593
336348391
335390287
335888753
333920124
335047011
334125463
333962702
335802984
335504971
334069650
335191645
335422967
335982781
335583499
335856894
335944482
332786279
331723318
331159515
330269711
332454040
332533472
331778154
329553278
331585964
331265845
330306996
329661390
332971235
332848172
331342422
331654801
329599599
331838844
331565208
331868576
327939159
328685292
327269647
326540892
329079281
325967720
327319605
326582246
327975322
326031055
326710736
329457826
325812486
328602030
326822307
328652247
329385931
327820399
326759956
329500027
323461856
322860715
324690040
322888293
325131846
323565571
323044993
324314154
322910875
323359253
322340876
324636770
324002621
324031690
325298990
324216113
323575579
323315292
324562353
325348204
320383758
322276289
321314715
320795714
320213793
320190340
320010789
322080906
321894998
321509556
320973763
322221763
320826308
320260614
322180183
320860664
320937126
321957318
321451310
320890942
319967730
317410576
319437353
319808448
319482516
317272982
318054221
317365686
319345001
317464023
318069627
319403181
318828264
318691494
318736350
317866745
317321318
318182156
318144346
319782469
314946882
315675403
316219992
316258168
316215045
314993374
316086348
316058272
316838172
316162670
316729063
314971162
316121463
316519574
314924786
316027016
316790080
314895993
315727799
315620817
314597431
314492095
311513422
314375315
311465091
314658973
311577782
311572568
311857709
312331546
311878293
314567500
312247087
311409270
314431469
311440110
311944746
311903770
314537633
311990911
308667687
310792188
310614190
310081404
311153903
310006183
308480733
308180102
310690405
311372589
310649209
310096954
308598429
310571233
310877880
311095456
310739575
308206789
309931017
310931512
306978561
307987302
306695894
306131417
306195130
305559919
307710816
308021212
307009986
306417543
305304976
305605187
306162409
305238739
306347801
305387309
305475040
307664075
306461739
306663778
303734871
304231801
305035614
303813180
305166222
303903184
302638732
304669290
302454042
304708337
302504138
304755031
304330350
304609012
303767808
302557000
304553343
302406359
304247067
302359727
298877255
298852311
297960099
297856416
301872306
301789536
299227215
299118437
297923663
298005765
302304670
299282315
299170547
302278779
298794014
297889583
299100380
298829546
297829931
299744030
297251169
296972896
295934141
296917704
296881379
292340681
296764743
292393471
296775955
296324000
295977366
297022585
297314692
296105278
297731779
296047833
292537258
295785197
295757917
292454851
292160771
292085773
290908775
292122660
290050080
289725572
292049515
291241768
291002025
291131744
290870326
290015119
289935138
290959119
289818014
289775054
292008102
291179777
289680263
292200084
286341924
285524256
285364081
288566431
285316870
287501020
288643144
287538878
287456443
287426622
286411232
288596542
286569128
286457450
286492891
285464085
285258146
286304067
288685051
285419068
277841473
285213249
281923814
283918433
284142794
284052558
281842908
277723189
285220085
281870588
277272022
284010290
281805072
284017537
283969915
283895546
283938460
277766695
284097319
283008441
277041335
262445112
263526474
263495756
267690993
264336354
262553182
263298375
263335409
262535265
264386517
263612072
276980963
267640827
263639860
277014268
277203473
267885392
264504100
262475417
251181410
251006715
250692736
250444834
250172243
262312446
250641194
250114916
249660711
250948910
250065802
251048343
251101245
250910465
262281327
255576617
249997910
256142668
249610073
250039868
249179473
246849773
246377397
246314779
247722685
246417490
248691990
245493403
249142111
249280171
248101200
244768358
246783041
244788922
244817433
245559103
248070825
246329707
249242475
244596156
241808390
241853588
239612759
242706227
244531289
242749428
240189105
244488107
240967481
242906297
244459882
240901585
242996722
241882542
240074559
243650133
242948492
238864450
244564702
242658597
237040923
235862818
238150602
237148702
237209116
237196477
235852208
235878536
238261554
235634908
238710679
238807725
238663160
235688904
238223950
238188908
237009576
235719457
238759728
237103968
231508617
232375460
234930180
231459693
231948724
231419780
232631820
235343677
234884782
232746676
233887093
232707785
232664355
233923409
232734039
234904968
230890219
232670885
232321093
231862659
230174299
229181336
229147551
230213419
230711471
230792958
228058386
228008807
230827179
230795672
230006907
229885342
229286421
230130686
229974289
229245051
227947467
227973844
228014579
230676373
227705566
227549836
227660368
227025927
227260805
227314372
226334654
227129242
227354556
226065575
224644563
225643752
226138259
227090421
226341634
226105058
225596005
227635571
226899609
227736216
216564292
223703298
224423801
220907274
216568146
223683655
211679545
216351489
216538461
217375278
220733594
224593077
224477069
221607678
224443757
220965006
221705838
220770747
221656533
217284593
207951685
208766798
207148444
206751824
207115256
207082987
207453373
211675256
207993432
206747452
207299617
206708079
208854876
208828844
207370838
207334360
207261161
207401215
206739323
208910880
206259926
206194214
205687817
206412174
206673203
206314819
206376142
205943945
205521108
205792630
205462046
205425831
206383222
205975558
205740032
206299492
205490330
206345786
206646336
206605498
204852446
203851558
202977455
205411993
203962098
203820462
204821541
205162732
205133631
203918686
203184005
201265294
201239834
202314010
202406132
204783981
201212104
205207916
203021965
205088104
201136106
199097224
199066310
201172738
198985334
199583142
199828654
200609238
200548313
200518761
199780162
199487247
201087133
198952966
199628562
200654004
199864691
200581111
199542017
199891637
196196987
197167458
196105980
197975626
196869587
198109269
198047460
196852205
197906616
196822942
196072319
197220621
196164627
196776309
195976243
195526553
196140255
197877671
197247027
195547084
195163839
194770446
194735756
194028403
194912063
194072167
193660389
194192928
193467947
194497960
194859250
195135185
193804829
195463077
194830572
194481668
194159314
194137534
194236157
194698777
190693249
190672895
190712392
192294409
193228691
193123115
191199595
191717309
190636483
191689542
191363060
192053291
190734012
193043613
193402933
191144196
190653618
190770328
192259099
193196634
188967400
190056101
189428732
189838278
188921152
190509279
190340045
188598190
189769809
189346740
190040027
188570112
190084260
190409853
188343353
188315502
190026723
188368580
189338252
189807542
187055569
186433517
186587976
186501745
188055978
187464804
187524228
187047242
186542258
187834246
188289315
186467371
188094932
186625547
187082425
188143870
187578877
186108071
187865381
188180814
184283611
185486326
183980901
184513771
184947023
184879085
185702847
185861726
185820811
184008609
183947686
185309071
185038742
184989121
184913186
185750630
185323880
184496132
184256524
184222599
181517275
181439269
181702095
180085272
181797267
179819945
183861405
183896301
183877316
181437115
183556779
181440782
180095906
181761969
183471224
182109073
181520185
183508561
183416454
183370008
178202925
179650013
179615334
179484785
178128144
179437588
177924610
178241323
179713208
178824137
177906878
179757962
178742907
179682007
179538903
179795856
179411929
178755994
178165704
178891162
174934462
175326896
177578222
174964527
174903498
177459733
174950618
175229889
175270455
175280973
175126367
175016542
174997308
174915849
175087818
174481831
175066695
175203185
177509185
175165095
173184566
172719230
173901713
173245945
172475482
172323135
172019756
172840533
172204242
172265450
171962725
173341001
172884385
173272555
173311242
174268933
174406773
173963769
173638650
173214897
171645023
170776829
170853111
170381910
170081519
170821850
170627550
170486580
170400937
170055574
171564827
170118729
170691091
170416683
171555038
171603244
171532609
170657097
170716302
170556829
170000683
169696563
168682570
169803546
169177907
170033904
169678658
169211880
169139247
168621349
168646609
168581026
169492944
169458006
169734725
169718006
169667717
169936750
169292089
169977320
166813763
166639692
167957586
166858111
166257496
167479032
167153819
167461331
166825260
167109431
166782425
166591608
166200523
168542908
166620616
168349076
168045722
168006190
167911110
167141775
164838663
165840239
165974817
165848151
165177394
164792839
165601443
164591385
164560898
165579001
163915285
164492434
165166813
164629842
165870972
164021812
163997432
164870162
165861206
164223628
163789459
161348505
162643052
161154116
163810823
162368348
163163380
162284886
163065325
162261304
163801773
162308260
163876123
163140648
163080570
162702501
162666610
162336514
162237273
161367882
160196388
161120364
161109797
159064731
160190004
160951846
160897170
160156958
159968816
159686129
159329140
159281725
158871396
158848046
158968995
160133023
159232208
160654689
158929933
159020377
156941134
158011349
157187809
156851493
157992718
158102685
158431991
157303809
156864565
158790453
157222070
157766309
157150171
158805949
157241802
158825249
157171846
156904499
157740398
157208743
154976861
153679636
153113950
156243346
154472041
154451497
156024979
154426168
155270509
156418344
153666089
153710593
154937276
154129497
153725446
156220114
155783642
154411781
155805943
153688556
151594696
151583897
153110832
153067450
153052304
153011770
152528294
153032092
152292597
151572918
152281845
152985451
151718400
153082385
151621913
152310356
152975415
151603754
153047597
152997664
148828257
149305822
147767730
147763697
149792299
148358325
148385421
151130776
149184268
149342622
149781505
151089153
149800255
149163873
149092795
149082203
148372347
148103911
148402815
148345985
147690108
147698702
147208961
147751524
147359166
147093058
147160659
147022499
146403478
147032203
146418787
147052724
147748755
147740344
147727393
147680251
147180218
147707353
147034141
146828711
146355879
146027147
145657339
146329536
145710532
146342546
143978963
145913459
143891527
145764345
145742418
146376958
143952206
146379018
146389290
145679788
144046002
143925741
145979443
145963617
143144198
143841982
142762205
142726378
142798565
142702770
143864812
143122986
143830149
142735169
143177654
143095166
143889868
143854136
143868366
143072342
143160410
143272204
143081183
143109840
142605794
142467788
141769069
142399851
141789775
142481105
142438329
142414105
142497932
142515191
142674600
141834312
142634603
142424553
141746722
141853008
142566918
141800671
142055446
141758481
140390556
141195677
140835586
141313257
140881086
140500004
141151776
141176920
141358830
141118987
141107351
140589776
141301461
141722091
141712668
141734751
141416934
141384113
140544956
140409332
140229171
134802873
134751035
119602245
118967391
125022869
125003249
140366076
134658339
118921407
118875119
134911700
134813703
140251361
134620784
140292842
134875928
134712135
118915893
134682241
116602227
111752370
113134590
111679469
112417279
116650218
111704008
113185026
113835083
111638459
110157418
110242027
113831846
111606468
111521125
111805243
111561670
116565620
110195946
116555658
109995247
108990248
110104872
109817891
109948163
109663640
108814320
108718656
108572983
109574788
108688498
108655966
109616264
108863466
109901016
109773448
108909180
110056645
109044572
109864893
107085804
107914395
106217183
106166112
106129839
107804919
108530398
106095725
105624834
107761602
105519008
105544091
106179674
107586484
107860647
107123058
106058996
105475201
105587770
108495987
104586093
104527348
104639226
103271826
104973706
104612038
104498123
103908231
104725719
104753963
104673964
103939432
105004316
103308880
103360427
105461296
103255945
101457274
104930719
103870095
101130703
100796938
101092664
100324962
100272539
99699815
101079224
101007868
100220449
100966718
100778483
99665010
100251672
99651831
100762454
100213379
99696263
101429535
100361529
100825351
96395157
95983198
95954455
96334982
97078597
99542112
95995475
95989075
95930399
96429764
97054271
99612855
96351184
96035398
96466609
99592927
96024550
99621672
99560741
95751058
93708876
94418822
94648988
95280393
93883969
95346076
94522449
94481556
94435368
95305149
94462974
95748289
93782214
93846452
95722528
93721003
93745242
94614444
95247800
93759635
90723196
91789908
92423516
91744569
92970786
89773633
93010583
93032136
91866448
93167614
92996250
93102174
92427242
92982516
91719625
90697749
89789641
93688815
93055246
91824674
89749742
87047561
89150827
88624038
89352201
89291828
87010993
89324405
89181767
88492544
87204841
87170142
87076582
88434860
87121020
88535971
89435797
89387797
89237938
87930701
86407584
83540437
86463139
86538375
87004328
86496092
84336107
83615947
81826644
83521151
81848835
86329550
83558023
84305006
84219442
83443256
83421728
86340541
81857160
86986653
80199091
81091523
79928406
79945512
78599449
78582830
81124226
79956144
78567182
81150135
81103258
79253496
81175823
80514515
78236683
80537694
79616250
79966673
79301988
81137371
78097007
77933443
78169280
76859511
76098913
78202334
77405310
76904262
78116619
76870925
78145129
76849228
76375761
76895464
76363076
77394429
77920003
76883233
76560149
76893562
75889320
75930842
75974391
75868326
75832950
73970774
76034480
73942405
76077006
74248237
73917735
75979972
75949387
75879330
74231282
76007689
76058233
75858401
73893405
75823796
73659199
73329768
73306587
73765629
73666649
73286419
73843513
67235913
73721870
73416829
73392749
73736106
73271777
66980286
73708801
73806505
66962283
73687095
73677841
73361554
64004353
61468640
64023632
65897272
62658353
65890531
64663671
61895025
62140833
62643856
62627533
62605453
62711470
63986736
62148812
64725144
62679567
64693887
61909331
61732428
60851230
59856254
61460162
61389317
60866358
60820543
59452900
59673526
61443407
59738738
61429208
60339162
61405963
60321214
59649229
59442287
60829052
60736149
59880550
59751013
59380551
58677628
58551065
58534649
58250840
58517437
58242372
59420958
58705358
59396119
59123940
58684804
58694841
58077206
59143019
58933620
59155248
59112220
57977201
59132734
56768997
55382162
56790851
57320336
55789982
57886513
57780664
55352295
55141869
56803961
55344527
55741310
56779103
57947865
55389169
55778517
55380769
55748963
55359603
55336661
52747456
51718336
52364418
50034965
55114859
50040156
52790644
51627121
52456404
52372323
52044123
52729899
54961722
52373538
52757519
52480765
49803783
52775448
52431786
54974900
36073128
48771542
49779043
37338852
36255060
37613366
48823837
37578738
37330510
37037383
37047833
37590330
37584550
37597562
36091452
37606953
36095834
48778505
36262994
49437534
36067901
33087070
36035663
35879902
34205893
33099562
34748688
35885467
34735953
35822343
35812125
35865209
34486512
36028925
34222200
35860032
34213463
33122170
33479578
34228721
33043722
32835227
32797800
33064854
32659977
32951612
33034753
32791009
32934017
32914218
32916275
32928509
33067060
32942818
32920906
32828127
32808751
32875928
32862919
33067515
32140131
32090319
32070290
32650315
32123279
32088575
32413670
32165073
31943364
32635213
32613457
32321254
32079847
32422388
32404209
31929038
32343906
32082552
32312311
32330984
31875909
31816994
30741525
31443610
30813668
31906165
30980822
30812126
30806300
31913870
30964176
31419338
31361983
31826572
31848784
31432608
31351391
30799596
30994440
30958868
30659512
30732284
30505224
30146931
30139525
30519199
30720794
29961483
29630318
30372141
29611390
30362956
30378938
30655353
30367781
30361517
30153507
29612954
30159990
29619254
29413678
29393541
28455887
28832266
29170569
29321017
28597100
29146515
29200205
28589180
29450383
28824791
29128284
29138146
29433772
29405010
28838300
29442676
29313371
29189170
28375970
27898223
28435082
27879397
27858992
28187859
27653445
28176970
28073391
27986447
28449206
28097019
27665394
27871031
27840435
28181155
28171904
28086279
27976649
28193425
27357086
27570953
27147463
26957809
27564926
27343213
27157914
27362909
26791790
26783753
27153494
27578627
26829838
26775421
27349561
26953722
26142244
26945314
27198183
26819809
25443180
25434340
24120074
24365833
24377208
24707348
24111767
24915956
24666532
24761490
24154315
24134544
24922344
25098929
24374268
25949622
24660062
24142666
24358638
26135646
23767903
23620054
23608262
24105828
23758099
23592214
23372278
23781607
23776909
23171161
23361174
23799348
23791078
23898906
23890524
24097374
23380813
23162163
23599907
23164496
23155818
22526021
22548411
21850014
23053784
21860925
22862252
21872042
22518298
23154469
23064219
21733328
21709611
21726263
22555128
22571175
21717913
22581803
23142861
23139899
19717696
20796286
20778345
19708646
20434781
19700504
21705778
20516540
19849590
19713814
20004881
20428205
20008285
20351682
19854712
19757936
20530463
20679840
20534956
19842045
19693542
19519549
19524248
19513354
19299856
19370392
19626445
19253123
19636752
19632292
19534527
19374459
19529226
19387980
19363557
19606632
19379002
19367317
19622049
19611729
18960036
18587069
18941402
18287693
19247687
18282980
19181304
19156293
18291208
19175234
18952101
18580213
18945717
18581166
19158553
18536418
19164322
19192642
19188294
18591803
17607108
17444217
17885649
17830332
17921034
17471036
17421934
17898711
17881736
17637900
17740157
17601199
17438668
17598209
17744343
17431188
17425981
17890255
17893119
17629225
16335048
17317385
16214853
17292313
16328576
16208361
17422769
16219695
17297574
16841427
16350039
16359400
16348087
16974478
17289094
16846063
16364356
17311185
16352632
16286939
15810163
15770163
15819134
16194148
15938604
16175019
15934032
16097108
16209917
15749669
15799418
16170640
15755814
16091209
16122694
15943146
16199483
16118104
15894205
16167225
15418325
15444657
15607934
15709356
15545615
15704083
15438104
15550295
15582517
15457073
15553682
15599904
15719261
15724324
15463565
15587338
15466295
15714351
15438915
15556470
15007687
15311956
15171827
15122281
14790323
15414892
14796545
15277662
15002523
15184745
15284074
11967028
11997926
15322364
14687650
11988130
15318501
15330007
15012781
15125127
11956935
11951372
11935164
11839672
11846714
11824664
11819732
11817360
11862663
11869525
11953727
11816542
11942388
11959293
11856211
11848159
11978099
11946229
11815600
11816872
11570227
11554292
11651993
11788055
11561912
11682367
11659607
11687932
11700790
11776864
11544385
11575493
11647726
11550338
11699411
11560229
11670143
11781021
11580614
11565989
11428013
11421324
11389943
11415397
11509691
11236666
11530420
11342356
11213840
11244149
11208732
11541263
11409485
11377364
11374850
11523839
11382030
11513988
11535149
11496709
11079874
10682616
10642282
10645217
10582422
11087361
10408112
10403416
10639011
11203742
10679485
10767981
10636106
10630175
10576373
10694486
10762358
10633587
10688073
11074644
9422638
9444220
9415641
10079099
9449520
9582917
9440952
9428379
9435418
9439546
9293822
10094502
9692556
9405962
9288465
9687122
10396501
10399685
9409833
9300715
7534554
9029654
9279937
6347598
9025531
9029026
9111061
7470871
7526892
9029409
9282906
9276353
8959906
9107552
9118191
7530762
9021554
7473725
8957128
9114634
