1134052409
1143991436
1197238409
1196578608
1142012314
1133934265
1126910544
1199345160
1135055896
1196134398
1198911832
1126799680
1195868984
1134890174
1153462266
1125175817
1153200051
1153330964
1198410243
1134172572
1124275214
1124573958
1119891532
1119524977
1119668835
1119374025
1112756917
1098875671
1087966730
1085876984
1095092872
1124371246
1087732763
1124896882
1098967476
1087846900
1096727662
1094949376
1112880553
1096806425
1023903036
1022086748
1083643986
1021952518
1081913969
1020335907
1077912148
1020247182
1023826610
1079758571
1017098262
1082229628
1024497341
1085758377
1016962870
1024137809
1083902538
1024012455
1024175251
1022029498
1016518132
1016456404
1007268164
1003601642
1016403523
1013805194
1003828445
1007336904
1016671075
1003932645
1016784245
1016869867
1007100692
1013757676
1007038410
1005266021
1004888672
1004838382
1005208746
1003734669
988834198
998854364
993867498
993818313
1001651567
996948364
998758450
988673629
977642409
987108647
998664362
980585941
980452238
982175296
987227436
997110082
996765166
999864588
988509614
982308258
961456381
967714917
963244140
972269038
971965435
968261709
967605422
971893076
963593177
967403273
963419581
962212184
972442566
972145938
963313816
977603348
967321951
968347235
970324419
967133270
957784984
959579369
958576881
955909792
959798197
958035537
953348937
956180530
959666895
957842438
960452844
961338630
961283175
957075113
958461438
961396538
953560234
959937377
960560187
953441465
951332681
951207595
944216858
951440520
936868488
936853861
944147749
953090666
938324598
936895238
951600585
937024627
937066385
949447904
951100816
937154024
938442504
937117940
953116627
949542385
934210335
924364217
922203920
928767943
925058359
936734353
922027369
936825836
936590634
925288029
923595979
927258002
922046957
927105111
925195323
927387708
934413504
927543787
934286482
926143962
918714107
920749293
910339601
918676645
920978805
916679226
915431891
920870808
921391395
918617003
914673038
912723131
915773636
910874710
918576905
912699673
910246172
910439775
915598721
921769646
903622904
909346354
908879898
906972177
903672787
903012702
909207238
908132121
909029606
906895063
908547449
906416661
905746423
902804078
905841719
906238308
904331513
906766826
906080577
902926679
887574838
887951065
902101431
902319589
891033870
902385922
899902064
902707251
902215347
898081782
887242569
884904531
886771904
899970660
887501841
900727871
886685269
877855683
897864061
897922224
875246358
867369564
877368798
871798819
875327683
868862146
868477082
868426887
868788873
875120215
872299624
868153381
871849195
877737102
868075594
877645112
868124234
877439931
871736963
872152311
865274391
865191992
863117869
861778568
861093744
862090083
861687384
863278087
863471686
861726784
860980849
863376506
862121215
863662218
863593485
861377637
860786751
861290914
859407697
860733825
856070344
853928166
856523970
854032593
856248641
854254249
858798795
856005580
857614421
855897449
854598056
859134876
855490165
854588559
854507171
854335313
858841301
856548320
855403599
854419480
851191603
851251182
850342943
853852913
850276098
849920380
852042514
852332493
852247062
852380480
852171774
851324140
850598215
850151293
849782338
850057017
852452850
850518052
850469508
850408376
846355274
844703265
845042284
845001630
844581342
846558994
844064211
846952507
844393917
843031395
846852938
844750923
845697308
847782671
847004365
843066376
847521463
847864735
846709556
846645711
839422729
842222647
840330591
842423749
842348532
840017369
839100379
842882388
842968562
842493250
842136221
840098892
839339036
838973930
842674633
839953366
842579356
839167150
840230114
839276727
838268517
835358758
838359217
838056538
836601710
835084383
838450235
837934422
835555061
838887813
838828597
836795531
836708053
838183247
835176803
834874500
834797472
837987007
835263829
835455772
833630318
833561170
833370436
832723379
834310341
834468482
831418675
834593446
831167686
834380973
833276273
832804937
834740762
831656493
833465409
834524846
832663762
832573736
831538983
834641600
823927989
831060092
828675617
828900913
829899219
824895502
829037152
828840872
828717639
827360922
824862284
824781332
824814904
830579751
829828499
827253958
828770474
830643309
827554698
823844386
820952288
823324238
820979865
823050685
823717667
821694983
818397959
823006533
819486641
823089373
819343458
820202657
823628372
817630449
817578129
823490829
819538009
823557377
817358905
823248203
814392714
813467796
815622676
813642362
815662882
815970644
815806957
815482517
814512015
815865847
814622309
815517231
813580579
815926217
813502804
817329859
813974543
815584616
815553163
814044407
806550171
807728784
811570722
809585228
806427301
807707431
811423260
806172788
809603853
809767047
807679759
809899352
806128939
811532056
811466941
810522745
807749661
807645839
810454935
806072034
789645621
804166272
789590883
805815806
804080866
801753855
805739557
802696038
803688158
805593143
802071555
801723551
789518247
805649094
802117296
789453600
802164467
805782749
802865821
803795144
776636285
785785899
774772863
783390334
776596878
787345302
783470838
775944835
787737213
772526898
783330532
772436958
787871901
787453665
787943161
787900748
787804519
776677541
776208747
776040125
767526136
768978223
756244447
770995607
767481166
770858488
760315904
760085629
767296035
768924317
767671293
769348520
756410305
770777219
765921070
770569057
771189448
769219194
756346808
760161533
726237475
727045230
732748511
756140207
726800461
746922137
728117611
726937836
746821658
726284896
732939971
752573966
732605939
728019224
752668995
733002529
732564018
730421251
746692382
726391109
724386340
723135509
724764119
708058430
707945932
723060561
722350199
722448487
715347158
722618177
721855314
719073057
718476067
714357322
722380427
714417614
722568457
724891083
708159015
724320350
694510426
696296276
697770417
706633251
696198624
704668455
702215679
697989017
697849883
696394032
689207108
704574043
697668128
702013318
706572571
702723431
689061547
704062917
704626736
702458651
686756683
684929541
680883830
682954787
688792507
686444600
688323516
683766675
681360158
680940601
688905823
687046653
685031073
680979080
681268786
686910669
682883716
683087195
684844980
683865926
677382549
672445431
676984178
679452434
678511450
666855796
680439920
679191352
666752817
680357203
677245237
670896685
672353416
667843092
667731191
679296829
678236735
667796466
677536780
677933531
665493840
660123695
648955123
661852646
660062876
654479334
654634254
665677406
658110876
662935260
661924605
659296461
655852614
655921907
661809850
665594602
666422284
649189981
649079486
665785364
645681481
648667065
647509993
645463595
648806370
645344566
642179236
641914656
645536364
645605118
648587425
644145132
642101383
643087156
642255304
647608814
645406646
647757962
645274596
641961229
638973434
639094287
634752723
638323514
640540200
636466515
634891674
636412991
629832730
629927117
623677778
640423018
634821269
623724251
633049185
636380953
638363889
633096516
640231812
640284399
615471739
617796486
618425156
623180585
623227551
623344463
617373223
618032295
617730587
617273588
621775445
618455959
614395296
623281070
621269828
619232889
619375889
618543283
618489735
615492727
613282046
613406272
613176032
610548592
613493938
610387161
612954919
613238725
612293956
613531389
613460055
613095822
611660384
613343779
611609007
610478202
613004734
612887987
613512208
613437459
605656830
608805352
607419360
609189965
605461577
609080250
608722082
607515627
607458480
605414489
609035651
607483384
609159978
608985290
609136786
610331771
605621479
605313478
605572698
605526575
602339582
603288645
603864854
603911821
604365569
603958153
602482014
603569793
602520412
602441956
602054331
602546833
605037085
603657318
603170284
603234426
603107926
602411301
605134959
603770736
601868611
598196248
599508016
601160743
598727571
601686573
599607763
601945397
601184000
598792847
600719968
596534010
600954611
601575321
601778981
601126339
599434674
600645751
597424423
596571749
594649217
593075719
595825128
595351764
592278671
592401106
595716701
594565341
594499594
594696235
593763925
593164106
591837340
591740861
591788217
593129238
592368600
595270248
592325600
592454046
591499872
590445220
589682015
587183825
579753272
588557643
579700542
579649912
589584647
591412348
591587741
586614486
584574726
589044554
589622197
588906466
587053959
580259827
586688157
589094599
577742305
577915700
577835311
574565264
577954105
574618556
574661212
575495025
577628789
577879125
577692891
577345180
577554481
576395026
576256891
576201950
576345193
576994244
577989694
577471826
573438500
572622895
571222039
570867526
570659392
569760742
573597362
571111343
574389705
574136320
571036682
574298105
571251255
574069281
571174259
572230841
570796630
570725033
572537413
570095585
569650181
569354610
568284867
569687904
568107723
568226729
568374377
566923231
568394489
568315619
569599721
568057948
567901760
569716330
566970789
569219222
567970773
569299435
567519966
569442911
558895477
566582600
561433768
560309364
563403252
562854386
561984194
561922045
559025218
566860870
558269602
566792813
558132258
563307866
563495858
566731640
558223820
561380199
566289855
561497515
553755499
551751186
552354777
557750223
556820731
553456710
551534060
556368295
553527313
552136931
551831752
550498679
557866786
558061068
553707711
555076796
556900198
552251581
552114271
553875050
549528000
547059053
550374354
550412426
548548698
546521956
549579066
549034973
548455693
549194186
548005670
546567148
543286771
546997618
543551055
548488067
548395063
546362784
543457906
543360407
540495716
541166768
539599930
539697307
540439466
539494750
542080906
539430999
541739166
541130662
540565527
542487791
542390297
540607046
540525304
543188904
540664901
539837140
539384555
538296926
538023474
537844977
538139647
533404583
530377144
533736461
532253439
538100214
538181264
530330171
538248493
530631538
532218585
530574098
535044967
532320152
531200226
533301826
533363714
531842982
528496062
527750199
527357148
527454588
527705058
528801805
528570764
527812813
528988047
529138797
530263019
530215790
529071621
528698479
527651328
529212401
527539856
528639171
527592546
528868692
527166440
526982640
525989195
525930332
525513586
525407631
523927619
526066851
527267834
526912143
525725370
527105493
525796347
525758182
525456110
527211899
527056305
526940292
526849444
527007295
518426598
523136636
521087067
523066609
519481513
519534986
519436495
521210848
518515109
523205679
520926475
519602512
519578285
521249451
519370358
518455060
521034215
523726329
521145014
518559748
518352615
518061971
518246802
515685730
518162748
517745074
515798566
518328038
517698961
515629074
518102521
518026681
517561388
517663521
518216064
518133708
515748250
517620570
518278201
517522299
513152353
513077518
515413501
515466490
511780514
513170548
515578886
515361348
513018176
511914740
511836006
515311589
513043526
511735394
513128805
513103235
512912212
512850587
512966360
515524784
511185323
508707079
511101231
507231368
511359196
510732915
507165197
510883179
511575710
511262059
511695985
511531048
511615479
510978590
511481622
507202041
511033685
510388023
511663819
511428576
504060679
504328597
501778701
498606042
501002250
501122891
498615331
503833005
498238535
498184520
498335675
498712761
504922468
501684136
500952707
499868516
504686178
504498560
507059076
506743725
496167458
496356880
498128035
498174377
497038523
494701018
496288115
461059204
494986754
495079687
494712998
497118649
493466358
493548609
496232034
498055931
497194228
461034913
497249144
493441861
460987719
459580021
460928145
453263818
450205350
459529751
450156663
450265704
453255174
459543756
450004390
459489298
460816848
450876638
452503945
453322918
460888934
450090808
450856603
459545054
449950314
443441371
439607138
439537745
441648518
441183232
436866086
443779184
441681742
443383094
440939962
442143522
441712367
441047242
441006625
443721542
441230260
441134958
436791097
443845914
426566119
426440146
426291830
424706208
422525695
435557979
416925548
422691468
422724460
429734310
429615890
432099375
422437079
424580486
420816195
428966531
418622296
417490143
417522952
420726978
414571967
413369667
410028101
414993762
410005699
414569869
415022503
414690055
410069763
409241489
409080008
409280886
409347103
414832987
415023434
414620757
415012261
414893486
414953439
409975599
397767518
408307393
400684695
401261643
401195879
403383813
397728291
400236204
408238462
406147071
403426742
402382625
401231822
400724665
406039707
409007470
397858688
406206139
409039464
400647130
392996568
395611951
393132814
393649271
392487250
396882535
396372704
392837615
393158585
392546473
396314352
396937511
397661781
395564622
396455395
393529017
393182634
397614761
393086473
393032136
392393637
391728017
388954162
390504038
390545458
389035373
388907960
391774093
392440871
391283459
391218150
389673284
390427125
388747340
391171467
391122147
390370798
390317810
391680020
389711897
380474186
380506722
383975502
381157287
380429009
383252319
379423163
378926860
377295202
388620458
380404613
380535232
377160504
384014549
380455982
382838807
383176859
379401104
377282553
379015262
365377272
372281164
368041689
370646048
372472959
372425671
372326014
368798311
367266614
371196251
370791786
367207110
373711873
363997313
370748318
370685439
370614178
367317817
368758401
370688470
363021317
361585741
363972547
360670090
361239743
360682934
360780752
361624278
361550354
363111939
361994269
360797322
361981157
363073841
361770044
361936142
361162854
361511696
361747819
361107244
357902188
354094982
358408558
358851586
359818954
359892574
354349995
358821337
358349365
354290001
359961828
355254462
356992701
359760121
355313510
358778176
358730779
356931013
355288983
354124687
348478393
347009524
342258533
342742559
346423146
345007180
345140219
343563600
345086438
344919179
343635406
346323157
346362148
352197688
347629880
342344415
341314863
352285297
347072046
348523737
338182310
339596679
340664013
339143900
340318972
338991738
339558680
338047549
339184888
338583138
338015303
340711393
340149503
337966217
340194186
340139802
339096362
341250044
339665998
339044668
332687592
331747033
331265845
336832719
337116375
335997804
332595216
327453351
337047498
327389300
327269647
330637958
336789204
335940208
335818004
337088234
336302449
331686003
331342422
327317938
327051349
326620189
325323322
327111218
325910537
324793201
325712896
325957832
326085312
324754583
326132400
325265341
325781397
325847437
324710808
326015762
324566385
327202815
324659915
324603458
321399265
320531421
318237656
324498356
323617096
322094226
322594399
322452388
320560164
324428329
320378376
321260960
319541887
321353388
322589967
322495010
323649265
318175418
322543794
322043643
310146065
310104651
313957447
313979695
315647715
316934441
311892659
310152927
316880491
315589191
316873544
311510165
315524158
318127602
316826529
312901060
311479573
310979099
310206277
311419432
306954122
308044561
307055095
306692785
308635141
306991528
307811073
308071840
306620407
308825743
308143871
307085222
307144624
308768107
306661645
307273721
306743534
305743379
308095768
307021179
305195562
304774776
304734332
304681603
304458444
303250387
304206522
304268740
305459634
305666446
304027028
304688918
304144917
304369827
303905072
305710204
304082312
303946392
303373461
303308444
303185639
301161098
301305782
302493074
302969616
301967805
301356434
300585227
300551114
301709573
302536299
302033664
302397080
300631500
302429148
303071313
302077513
301222178
303132222
301110805
297907699
295130995
294804249
299913491
297350523
299381042
298200466
297952839
299416884
299315556
297275953
299869270
297983870
297215871
298111359
299282315
298856369
297874464
295055255
298908597
291380287
290100016
293899583
290163549
294752258
292321033
293667105
290227480
293745585
293824251
293610024
293405272
292510376
292421417
290108738
293452244
292282468
293561761
293975150
292166256
288590795
287688687
287638199
287419678
287481538
288979493
289824401
288757298
288508657
288810782
289640005
287521898
289942242
289716205
289680284
290011829
288539586
289074103
287466145
289136138
283209743
285036009
286574574
286501334
285652644
283115264
282935452
284051665
282831295
285410643
283173483
286353796
285551889
285470409
282893343
286303451
285596876
284012826
283939335
282862538
280513091
280592585
281687405
280495925
279696102
279421800
281602563
281627304
280540229
279462388
281705149
280767640
279439058
279774061
281828828
281800655
281880233
281770902
281649078
280677811
278186476
275593066
278257784
277038663
276549756
276533165
275637650
275549291
277464245
276951253
278144367
279368504
278227866
275498494
279396458
279350790
277123400
276973254
276481477
267885392
262445112
249630903
267690993
263639860
263526474
262281327
262553182
263612072
263298375
264386517
264504100
262535265
262475417
262312446
263335409
264336354
263495756
267640827
256034615
255512109
242948492
241808390
240967481
241853588
243559805
242749428
240189105
249070534
249032823
240901585
242906297
243445647
242996722
241882542
242706227
242658597
249492542
243422828
249598095
243736268
238663160
231508617
237209116
237103968
232375460
238864450
233923409
240074559
231459693
232888539
238759728
237148702
238807725
231419780
232321093
233887093
239612759
230890219
238710679
237196477
229286421
224644563
230711471
230827179
226138259
230676373
220770747
229147551
226591129
229181336
221656533
230792958
226105058
220907274
224593077
229245051
230795672
226556673
221705838
220965006
205490330
203918686
220733594
205792630
205687817
205521108
205080164
207993432
207115256
207951685
205125728
203962098
207148444
205740032
207082987
203851558
205431406
206605498
205462046
203820462
196822942
197880142
199487247
198109269
199542017
197247027
196852205
196869587
203184005
203021965
198047460
197975626
197220621
202977455
199583142
202314010
199838189
199821914
199628562
202406132
190041413
194830572
192294409
196758469
188921152
195547084
196087684
196122381
195976243
194740455
195526553
196164627
190339607
195463077
190770328
188967400
192259099
194859250
190028178
194236157
178452603
181797267
175350071
184269275
178883072
181761969
184210497
179538903
184947023
184325362
188462707
184294344
181440782
179260430
184879085
179062111
185820811
184913186
185861726
181439269
173272555
173300064
175318810
174481831
172204242
175016542
171962725
172884385
172840533
175270455
175282019
175229889
172323135
173638650
173341001
175066695
175203185
174469081
172265450
173963769
170025852
166825260
170853111
170061161
168752797
170736117
170002021
167141775
170097534
166858111
167109431
169211880
169139247
168775640
169177907
166813763
170474224
170435734
167911110
169734725
164319057
166201267
163997432
163564119
162643052
164870162
162336514
162308260
164371177
162702501
162368348
164365684
164838663
164021812
164348327
163140648
164560898
164385451
164294122
162666610
159020377
162031868
160911519
159064731
161120364
161993975
147783982
161109797
160654689
160222172
158968995
158929933
162076386
156904499
162060106
154472041
156941134
151130776
151089153
149146742
145615220
143978963
143889868
147751524
145710532
145096299
145679788
144824018
147767730
143891527
143925741
147748755
145657339
144791441
145584337
143952206
145598572
147740344
147763697
145563328
141773279
143081183
138238805
139059062
141798369
140850015
141783037
141111947
141847404
142396319
143092498
141821610
141814648
141796095
143101993
140912012
137800285
140883968
140833019
139354842
136766113
128607244
137774098
137746299
130361816
136812702
126120778
137708475
137789730
137759204
131191273
136838682
128499615
137692080
130340003
126172715
126063932
136791774
128561410
128642288
122498467
117965757
114580542
117120935
118019254
123301698
114550800
114529938
115763106
122531817
123278580
121864991
123328300
123256553
117100075
122560158
119564395
118941834
121807072
122469624
112118685
112081200
112168440
114409202
113688191
112044424
114507887
114401310
113654897
114381503
112061076
112104013
114425701
113672781
113713777
113778337
113703500
112819433
113639237
112785647
108274155
110277365
111352301
110636958
110307951
111382610
109333890
107372288
110351562
108180232
109309742
109279465
108222827
110389591
100538598
107366348
109362924
108114454
110675000
111334367
87411049
78301703
79719198
77729230
87957279
80908911
77748764
80884996
81528744
77694506
87354401
100512039
87949387
80862990
79685265
78339793
87923010
87380899
87331720
77715705
76116437
75983726
76606606
76650083
75616399
75593307
75390152
75528647
75563496
76083233
75411873
74867721
75340610
75949387
75447824
76627435
75474568
76063794
75638148
76038231
73687119
74428833
74711798
74778948
74231282
69014999
68784385
68595319
69036977
74324856
74459539
74734459
74174431
74845157
74408469
74364926
68779845
74807977
74295565
74248680
66765799
65610601
66789088
66778426
66878442
55341988
52946391
52964096
66995257
52219073
54974900
65596816
66969103
66754658
54961722
67042945
67022704
68570300
52197640
68564546
48763022
49923064
48568525
48835263
49581976
49600015
49612756
48850103
48771719
48875045
48757027
50342498
49936827
49628991
48891515
48549158
49886568
49949839
49904509
50336021
47405072
48048379
48488431
48012107
47603115
47712087
48326366
47582944
48322825
47666169
47384506
47686339
48036197
47592682
47364096
48479700
47729201
47652417
48532509
47325401
46930004
46517765
46180548
46419991
46991041
46949408
46914549
46945289
46165270
46608579
46398914
46108408
46080588
46541868
46187382
46408312
46098274
46970091
46896396
46434970
45826202
43888299
46073271
43836781
45883790
43929963
46066275
43355110
45923519
43914064
45895901
45811363
43854115
43350971
43879819
43900027
45944919
45820316
43846604
43343191
42781943
42424958
43193470
42823984
42381278
42672083
43145979
42707394
42761120
43160806
42392194
42439025
42793728
42690373
42748124
42458086
42720510
43179177
43017100
42370801
41410805
42131929
41478743
41405726
31948820
41856090
41871159
32703753
41963269
41876022
32698603
41412987
41916484
41491344
41146913
41950081
32688473
42121411
31411844
32673699
