1191906270
1196164651
1194193485
1196397562
1191787548
1192119542
1196223247
1196680114
1196300240
1192366299
1194678584
1196100268
1192008608
1194540536
1194359400
1196551792
1196833951
1196481663
1194270006
1192223143
1182374099
1189565529
1183145878
1189677621
1182905237
1190158321
1182238986
1189739456
1189942845
1190732826
1190033979
1189881971
1182488057
1190647910
1190231185
1189790590
1189623063
1183038891
1182736711
1182596760
1177757605
1180132363
1177933188
1178409497
1180695828
1180314655
1178284765
1182140074
1178071389
1177992100
1177841950
1182061012
1182004690
1177808299
1180208655
1180077161
1177777582
1180588498
1180451815
1178155792
1167927660
1170519646
1174016043
1170618598
1174121221
1176847269
1176737983
1173874541
1167968142
1176671073
1177720711
1170678532
1170379685
1170451145
1167818225
1167870706
1170579784
1177738068
1170313239
1170235489
1161029157
1164368906
1161126147
1164308027
1164934902
1164169813
1165104589
1163385273
1163187310
1164571176
1164231888
1167002698
1163324312
1167736837
1164797535
1163258147
1165297283
1167682471
1165406531
1167110617
1158683783
1160860659
1159193076
1160279606
1158883810
1159126280
1159328451
1160686931
1160949168
1160168629
1160789530
1160605484
1155246884
1159257899
1160521333
1159074839
1158977345
1160078421
1160389207
1158798680
1154551696
1151576696
1151150980
1154750458
1155086348
1154667171
1155199290
1151473846
1151347770
1128621647
1128292597
1155049609
1151000617
1155163581
1128536566
1155127358
1128456328
1150842301
1154446828
1128385373
1127956871
1122761960
1127290480
1122509662
1122114291
1127447848
1123379170
1127563705
1127150553
1127853003
1128169343
1123574518
1123488823
1123275521
1126940297
1122907255
1122371956
1123090466
1127719245
1127031027
1112902709
1112581265
1115867433
1116078394
1116000589
1113361638
1118001317
1115930192
1115779432
1112813931
1112657138
1113241190
1118114026
1113156386
1113565358
1113722756
1115707612
1113639556
1113064701
1113441803
1111487665
1106095357
1101852337
1111329056
1101105329
1101928372
1106225898
1101237785
1101388253
1102220687
1106379534
1105965431
1111252245
1102084749
1101740589
1101604835
1112516174
1111422472
1111566500
1101499524
1086764609
1092703372
1092419399
1087808169
1088047464
1092603063
1087912501
1092535878
1088559073
1093039267
1088670929
1092815578
1088264902
1086427405
1101010396
1088459509
1092475742
1088142834
1092937233
1087734595
1081798726
1084086199
1082205307
1082002339
1083869706
1083765801
1076625001
1084202944
1077757690
1083049345
1082155014
1086260706
1082447050
1083984389
1081704904
1082291247
1080447119
1077684466
1081911518
1076707624
1064468174
1066338995
1073528655
1066888352
1075793714
1075680849
1064984879
1066476964
1066630314
1066253604
1064309928
1070438383
1073914353
1074003887
1070372867
1065487962
1070527052
1066705150
1064385164
1065105374
1062647551
1062809630
1052890572
1062424134
1052817860
1053683348
1062708965
1062495710
1055219243
1055136132
1055063196
1055257042
1052748956
1055013582
1052984462
1055349636
1055475684
1063145577
1063275073
1062580815
1051288803
1049268845
1049176383
1049557477
1049067239
1051075380
1051816220
1051464513
1050757211
1051667760
1051547850
1051975159
1051195615
1050674812
1051367156
1051157053
1050845254
1051791566
1051999098
1049360441
1046914288
1044551503
1044417451
1047454910
1039237593
1048696716
1047661953
1047567539
1046835859
1039631861
1048578897
1048861088
1044670889
1044280825
1048776155
1046993025
1039454722
1039109896
1038966692
1048980749
1034961167
1036991272
1029897238
1032963962
1033055720
1037080079
1035051244
1029533089
1034822741
1038777063
1033238401
1029783363
1029691947
1034884624
1034732016
1038865549
1036906520
1033146550
1035143419
1036812610
1021300428
1020279502
1023508294
1021415905
1021218726
1021141149
1019059973
1029443365
1020700095
1020432952
1023253331
1023425769
1020546068
1018846150
1020969260
1020362810
1018966996
1020637493
1023459359
1020834544
1018733472
1018435785
1017413508
1016852005
1018493522
1018532619
1016599707
1017082193
1018345458
1018403398
1016549563
1018303983
1016967525
1017310247
1016774107
1016503732
1017462414
1017206107
1016701106
1018630700
1010714661
1008419301
1007542741
1010790573
1007263393
1010644414
1016468229
1009918940
1009729456
1007408177
1007347641
1009820455
1012407774
1007480714
1007206374
1012235606
1012092504
1009645088
1009524906
1009429407
1003264610
1006018843
1005691549
1003197014
1001941971
1005587598
1005246016
1003123950
1006121771
1003419232
1005421819
1005872693
1003515743
1003115623
1002520552
1002066616
1005948113
1003340698
1005331796
1005563159
1001091779
1001291013
992901749
992523507
994105861
992790822
1001396287
1001189767
1001710340
992426640
994193273
994063000
992353202
992708838
993017524
992282967
1001822154
1001634701
992617623
1001540194
991078481
988313945
988846420
988516196
992102309
988372542
988967976
990515977
991162194
991018158
990414302
992052702
992154560
988746855
988439822
989449848
992220513
991992963
991254582
991355315
977105580
973282094
970338662
988180891
976841962
970543385
987435058
986885871
972438465
972343836
970412930
985933424
976913748
970247621
973023845
988242983
987297570
970652792
985896405
977057058
962588410
962861143
963515096
962502947
969959417
962198862
970048958
970129383
963391970
963322002
962093308
961942153
961862933
963433906
962828414
962429549
962347964
962021405
969887756
962892466
961491266
958329919
958594082
958163092
961747476
948247478
961609519
961432010
961535900
959831802
948536552
948454081
961667537
948335901
947975983
948401858
958236621
958428939
948073262
947848643
947351739
947757278
945709472
945557236
946656323
947307896
946579420
945449890
947564407
947412406
947621676
946724362
945313546
947682633
946501483
945661832
945387338
944256438
947259854
947508712
933777712
932953432
933852548
943963293
943877351
932877588
937706802
934472722
933154603
937569250
933247578
934669793
944110986
933062686
943799658
937417626
933919304
937641072
934581929
934517646
928819346
930606702
930542953
930258869
930661463
919668505
928585733
932794754
928748192
919741916
919563660
932561312
932637620
930399212
928527042
931726262
930321072
919872420
932709897
930466918
914009837
919040967
919467137
918985360
918863511
917316732
919117951
919354248
913175808
913006533
914085713
917199385
918922916
917433122
919237523
917291991
913912224
913129591
913836228
913075354
904779096
905106892
901993256
906595745
902066759
902116605
911891754
912927306
901900274
902192705
904839581
912859809
911733119
911813803
905155910
912973980
912767158
906718308
906526578
912805649
898748680
898201728
883467489
882907171
898128186
883605186
883149809
883255771
883086892
883355770
882984214
882849896
882776164
900125258
898467191
898247139
884832959
898586897
884791103
898311639
873465101
872384844
876444783
876024414
874075250
873655147
875460895
875598302
874009761
875688121
875320393
876324808
882680293
875880243
873940992
873581989
873527425
882715556
876190421
873865770
870162712
872282420
870373634
862580329
861105779
868632700
861584831
872127314
862549646
861727356
860935311
870872361
861001784
861660438
861289546
862507388
861355278
872187420
861209116
870415085
859474133
858637221
857608076
858742473
857675203
858689904
858093653
860706495
859381688
859116422
859062527
858972177
859262474
860859639
859196444
860630308
858789803
858846730
860791460
858906348
856030069
855533218
856997922
855098891
855708725
849681777
857193332
849477003
857544732
857411848
855606937
849559863
857069942
857319573
855843653
855150097
849785043
857139705
849611268
855944109
848534713
847689004
847997417
846368805
846288556
848569395
846207011
847940038
847882851
848371087
848422490
846134799
847728885
847805221
846594660
846491396
848056391
846416707
848635455
848488428
843028939
845573839
844431921
843169636
842871896
842692377
842531340
842373043
845697551
845844186
845801557
846050061
842789136
843089651
842454801
842985015
845919843
845984968
845612374
845672450
837542122
838170723
837846418
837715476
841914166
837668855
837926532
842161729
838030724
838244741
837592039
837772614
838305315
838089626
837979841
842214640
842057921
842311034
841982181
837623240
837458865
837291866
836323351
837166216
836712373
837145631
833571132
836377715
836465112
837508123
837340587
837375309
837246812
836538993
836603948
837422081
837197408
836266735
836812144
836652427
832842202
832689135
833500791
831448163
833401769
832613023
832962228
833040358
830923195
832532582
831360914
832652068
832737358
830980059
832488867
831255432
832400076
833308733
833214661
832446515
826046727
829798812
825852626
828867634
828819007
825766199
830845932
829755815
829145842
829589546
829870212
825696932
829234272
829056987
828916255
829373993
829678609
829299176
828983888
826103501
823980660
825344219
824263876
823673859
824551148
823796145
824351141
824392550
825205220
824573169
824214599
823725610
825290713
824450790
823605161
825126727
824152673
823872343
824056439
824311476
821464612
823067800
821709559
823129668
821928644
823280087
821537706
820511678
823539435
823233554
823323078
821857908
822996118
821993528
821645202
823434045
823029320
822084554
823388454
821762729
820424712
819697954
820298814
819573285
818774832
817868726
818179422
819958833
820211570
820147701
818424184
819639612
818260135
819883718
818338157
819723421
820358077
819753217
818518207
818105987
797913059
802120000
778219647
802011533
778234087
817694194
801392497
782087918
817748809
778192001
802093135
778101126
777951600
797983423
778016388
817659317
778144468
817809947
778058778
798028533
775919955
774814120
776831886
775097056
774888418
776865737
775164136
774860981
774768219
776011205
774998625
775113672
777770223
775048312
776969195
777045802
774836635
776699836
776770486
777891255
773371987
774626314
773523160
773288073
772873945
774733692
773434192
767877635
769503382
773608051
773034241
767833596
773235458
772846232
766270877
774582548
766170935
766114686
766237410
767800261
764341402
764301952
764228865
764122829
765260052
765833228
762915621
766091130
766044281
765893612
762874311
765949540
764317335
764192223
766062959
766003091
763987104
765856867
765190995
764075878
756818926
756793888
757016781
758125570
758506650
757067969
756843525
756875922
756929705
758051225
756765524
758617272
758447668
762777741
756831637
756741613
762821811
758560724
758601675
756897290
756627041
756642146
756579155
755707627
755173073
755083829
755032980
755002465
756160258
755874343
755772285
754974662
756679082
754677285
755934941
755115691
754947030
756001254
755061217
756062298
752557568
754065669
751867965
752474326
754298317
754498619
753723680
754607044
753656285
754128483
753586990
752399151
754405339
751950622
754548268
753882108
753803962
751761434
754221667
753976697
750135472
750202936
750819907
750361094
744640810
750765181
750273244
751639975
750547749
751718606
750458061
750080031
750638582
750031005
744551764
744709051
750679604
749936915
744496589
749969557
744186189
743356869
742803682
740050830
739989328
741147121
743211637
740626639
742646797
741630982
740762911
740900957
740979674
741080930
742738267
743296018
742881064
740707605
740021565
740802378
739883030
737497444
739919878
737807775
737146344
736841555
739840121
737424411
737033883
736931875
737735918
737078575
736977162
737235596
739953506
737875852
735056827
737606625
734990446
736764560
725348935
734903763
734169507
724892714
724945402
734848209
731171009
734208963
734103819
731257427
725245417
725155958
731295180
734249849
725407140
730917398
724779236
731009459
734069646
730850834
723849209
724492997
724557623
723971042
723623043
723076845
723575521
724447095
724704169
724074158
723375551
722975511
723913293
724643914
723266707
724038826
724001455
723138884
724024043
723471705
714910650
714595390
714687429
714321315
714655609
714364313
715256973
715048593
714798207
714388895
715160737
714979565
714431890
715109810
714533997
714490160
714267375
722897632
714231745
714745915
711792625
710481529
711423354
710514252
711896040
710568360
711341797
711500747
712450565
710081541
712481197
712294837
710544262
712413336
711683632
710220879
711578535
712375310
710164593
711235542
710003357
709551328
701780160
709822136
709335613
701213386
709414001
701641819
701571941
696583426
696492343
709480505
701343764
701285247
701406783
709679010
701157071
709272217
696682327
701506757
680738279
696418843
696350940
682593752
682511154
696086727
682613550
682483676
682195370
680760594
682572629
680718203
696135919
682286211
680684832
682358976
682543208
682431375
696213083
696285836
674752174
674037563
674264759
674592545
674522704
674155865
680314108
676660238
676490828
676700403
674471143
680654713
680472089
680401728
676724079
680604456
674410762
674339440
674707662
680557813
672680237
671992534
672397425
671269792
671109340
670847961
672652532
673925850
672814527
669315499
672514139
670960800
669398975
672577559
672764263
671250390
671154289
671037009
673742645
669164105
661963394
635313732
662118014
658941113
660512000
662016457
660465490
657904632
665823706
660487102
667801055
665770132
667862788
660153903
661724711
657963842
661788908
662093789
665710175
661659578
634838627
612020242
635163457
609189003
631618577
625897499
635021699
635091489
632196856
631572703
631653570
635232843
632145008
612047345
631727969
632054742
631929647
634935741
631833810
631768419
599096158
599003123
601693950
599143172
598967195
598931837
601623327
594134697
598826951
601812856
594262709
593994877
601748927
601914115
601985032
596463890
600685200
594058570
598897403
594206412
592366978
592473305
578935180
592565081
578891673
578823015
593868343
592934518
592520514
592004815
578744265
593929209
592776413
592438049
578991971
592860631
578684679
592699380
578567218
592636880
578436564
566378516
566261687
561793391
572134736
578513280
574629532
571812201
571771643
566732912
566658404
566556421
566342226
566296080
571712698
566432060
571945899
572018666
571877983
572208696
559141751
549428595
558979509
549221616
559185836
559007397
549186668
546868177
546673094
549375795
561528878
546801488
549472668
546723176
549325221
561597607
561691076
559103593
559044154
561746253
527236938
539560914
546568301
539292275
531255722
531378479
546528736
526570237
543965417
531401673
539317877
539688641
539471430
546482031
539406692
531369254
546618229
536948106
539612618
539369857
520043918
526486395
519911525
519947055
516941882
516829837
520082588
516746575
516993833
526268479
519998857
519879590
519010854
515348202
516584551
515224946
516643064
520174684
515280833
517055960
503395494
513437008
504514823
503885914
515082657
503058563
503686967
503262696
513750285
513672412
513606438
513506895
515143818
504309789
501064475
513556265
504033975
503540133
503138569
503722712
489190196
500975717
489176386
500857458
489278356
489221527
486705414
489338288
489183701
488092482
489499743
500924986
492650027
489388910
489137477
481324429
481321855
481317600
489430097
481353364
481012888
480772633
480699530
476868248
477203301
480947224
479633639
479458940
479548575
481207075
476947292
479640176
480889703
479626432
480783030
479648472
477438522
472054051
470716014
481289609
470644454
469437544
469736265
469470261
469412548
468265928
467179450
467042681
461811899
469387661
462381637
470677008
469803249
468311035
468763394
468235876
461759129
461706183
467140524
461878199
460941295
459194543
458503573
460926123
458452393
458438369
458529813
459131283
458398686
458502437
458370534
458365798
461644036
458555327
458421777
461092748
458476910
459638961
460971048
460532768
456669342
457912198
456628741
455831537
455870537
458092035
458125988
458317340
458286302
457976071
456929696
458355750
456538504
456260583
456174428
458170662
456342412
458247949
456862249
456834169
454184291
455119956
454524862
454246268
453584369
455081628
454592232
455017858
453562018
453470300
453434923
454884900
455054856
454306920
454462861
454116106
455780265
454838013
453523572
455150327
451912452
451611485
447146419
452823121
452920658
451851531
447888084
447998703
447368377
453144722
451683698
447911530
446979647
452974089
451800821
447959490
453191276
452831104
451743087
447069599
446595803
441229942
446802465
442415029
441271553
442209655
446725328
442147638
441303402
440730583
446605291
446900616
442263289
441887838
441803486
446817560
446657655
446913715
446368644
441844761
435678652
440194599
437423132
430873550
437492290
432380295
439334783
432071748
435985869
437616621
435892919
438379542
439385449
439372452
435843083
440706620
436150372
436014160
432126739
437257589
429110441
428429836
426506896
428421263
428996790
429032605
429067559
429672400
430289623
430336380
430389567
428277951
427121984
428114544
430807244
428961730
429610551
427781533
427182663
427159650
417783654
417262135
417211404
417295246
426162921
417241488
425095402
417684819
417743785
417853653
425998702
420826540
426107204
426305742
426070612
426026856
425975362
425167311
420745717
418326002
415865536
415917517
417123872
417191552
417159418
416171216
416165554
416104321
416141644
416123092
416066929
415769388
416070823
415721153
415608909
417189402
410808055
415657907
411825764
410874847
410164046
410256146
410677311
409646633
408201609
408650931
408266352
410194214
410220139
409057135
408517535
410135002
408168098
408229815
409550124
409076765
410161902
409701819
408158568
408703324
406646376
407765566
402929445
406295066
406650440
408130034
403009069
406503519
407681261
406576862
408067950
407832790
408103885
407854236
402942095
406594899
407794663
407809346
407668677
407362033
402313799
402271363
384950836
402740513
384812592
402894864
397747784
388058595
386547505
383712393
402662743
383678037
397799856
402686001
387958506
383632171
399017802
399077794
388170330
386418643
381433234
376083851
382516084
381390300
380223436
375926243
376334191
380098792
381469806
383492685
375074346
382440856
380284496
376286586
383223089
383538044
382506635
380162469
376003400
379070677
372727303
372557666
373922636
370365476
370146121
371462309
373706508
371113764
373877073
373756783
372626919
373808502
372611853
371611913
371377972
375009316
374835240
372767614
373593033
371622392
361248764
362697508
321396793
346448174
357360534
367048942
356294872
362636356
362458172
327551763
352863524
321267394
363846898
352893672
357405396
362502692
346401446
321386037
356205395
366922095
308686371
304575162
307596273
307668376
308622337
307544812
306486949
311507602
312402960
306657332
303080156
311467941
300474644
314376117
308728631
308668381
304751008
308557245
306610214
304608631
246380285
299435145
245489104
240574495
297402449
239839210
239808802
250025603
240597568
239668010
246340314
245439034
299496701
246302779
239691811
238836363
218737724
218650805
249980168
238883486
212326534
213169804
213119200
209916524
215627981
210614068
210638329
212372177
215510294
207355665
218596659
210130251
210010547
211473923
205936738
210086037
211519317
201126086
205844637
210038938
136680571
135860970
188884101
135906523
195410340
194823812
193232698
137458965
131941088
131913767
131899941
131825949
135819191
136776337
195379466
193279448
188926959
136809868
135973710
194861937
125548077
113517765
119177565
131163610
125525847
123934950
119264746
131190267
119230193
114205310
123890440
114157989
125486981
123912298
131123374
123012599
123770039
130132490
128432934
123045204
99207111
112605601
100418754
101179029
97629638
84816319
113484761
101163598
112564790
104149178
104113022
99163230
84837936
84774983
84555405
101211734
84594712
88130290
99872381
111805052
80958732
82195712
82512814
84122354
82829009
82114090
82863103
83272843
82843530
82527141
84148871
81509699
80980712
83222796
82913254
84133259
83101087
81488385
82874526
81559246
78963046
79142078
77522829
80888408
77565520
74052269
78058498
78936324
77487943
79567475
80856581
80313624
79525995
79121724
76175646
78116882
74411948
74389048
74034029
74010745
73929833
72710382
73954726
73445227
73172783
72680004
72703125
73165225
73551111
73179169
73903446
72727896
73149580
72718084
73534607
73485045
73186724
72693513
72735328
73159457
67112954
72656591
63288804
65663363
63306834
67088820
63186019
63056331
66463530
66536697
63073843
63101364
63298000
62759571
63261763
65320972
63123350
63172192
63276613
66490572
53763941
56257975
54693951
53321802
54656107
54719223
56292286
53800114
61920270
53780877
53733166
62306734
61862852
61845764
54756734
54677969
56280986
56282955
56251830
54775378
51953632
53296973
51036146
51936921
51021009
50674072
49897572
50728799
48871755
51107024
48855286
48829179
50685345
49878503
51917320
51091525
51068927
50718287
51006772
48844688
44200048
43728404
45403564
45134319
44218597
43944881
43933044
48078383
44486934
43225196
43920414
45670772
45648083
47404969
48066318
48818707
47416614
43911503
45682755
45152412
37633163
42482594
42440173
37629117
36276467
42495564
41694717
37626434
37623177
37578738
37113046
37350093
37103486
36109585
36284486
37353672
37347063
37590330
37107482
37584550
33334657
35833802
33384502
36054225
33324244
33393498
35900932
35897071
35874445
35878290
33399011
36079393
36062297
35840842
33396471
36106331
33356635
33308525
36084100
33371594
32933967
33117629
32946233
32717476
32693285
33129223
32912196
32698553
32709780
32955599
32866840
32683653
32883715
33174806
33164174
33108209
32920616
32854351
33304909
33141993
32468387
32391448
32200569
32218135
32225637
32210699
32220201
32459817
32188977
32650531
32407138
32153989
32492421
32447696
32633939
32432834
32665313
32421884
32642628
32488626
31695286
32142738
31950660
31723376
31690276
31967174
31904769
31670855
31635579
31895460
31927296
32114692
31733047
32130403
31917539
31684965
31654998
31957561
31709151
31675822
31579746
31019869
30832334
30722133
31609805
31624078
31030412
30821256
30738287
31627312
31011676
30756491
30836752
31583732
30825980
30750779
31485380
31610616
31579020
31612965
30698815
30069705
30054539
29258365
29251107
30465202
30242039
29021357
30313389
30249270
30078364
30065051
29027109
30057954
30327794
30086097
30322756
29474712
30707948
30333893
28528412
28485164
28302840
28312082
28478151
28856335
26877496
28471761
27504408
28521915
26871436
28506388
26275622
28777705
26236791
28764417
28514730
27512428
26285062
28769034
25442232
26028189
26217648
25653369
25789128
25857414
25609735
25577208
25796951
26227053
25495879
25779084
26191228
25626380
25863645
25490255
25487229
26196795
25592495
25477748
24955000
24563392
25038240
25317456
25323491
24569118
25031932
24363198
25412925
25309233
24367915
25138919
24920736
24888936
24550559
24876881
25133603
25320511
24374226
24557602
23207936
22819627
22807568
23809611
23798368
23804329
23196920
23190186
22791842
23382424
23220270
22810782
22796075
23202918
23754414
23817988
23214337
24001506
22815053
23167785
21754844
22782301
22423299
21729704
22735112
21884823
21892957
22532390
21734181
21921686
21925892
20456049
22117336
21930695
21749345
21722343
22722708
20596775
22710160
20462508
19511504
19703933
19634151
19514502
19866263
19508505
20233457
19642907
19518756
19640073
19622333
19647720
19636921
19604670
19711150
19861546
19651277
19591573
19626704
19609767
19064468
19061078
19039304
18888830
18867010
19502074
18420008
19058841
19035842
18557950
18562308
19497362
19504648
19043581
18414618
19493191
18881579
19069584
19054988
19050403
18411176
17997474
15911727
18263518
18244878
18005606
15805267
18002923
17472465
15812415
15982862
17994259
15919177
17560228
18096178
16598547
15977403
15798834
18258480
17557692
15633039
15450342
15457403
14577337
14399304
14402528
15474779
15440379
14382619
15617520
14573664
14395919
14360265
14352280
15642116
14581297
14408723
15486534
15625157
14364609
13387290
14087410
14108228
13778189
14111993
13598834
13771015
14245522
13369323
14093186
13854380
14242261
14004520
13996341
13858286
13378276
13988473
13764487
13744066
13369751
13171378
13076727
13089321
13184898
13368527
13095565
13074328
13226095
13084751
13055036
13100066
13061062
13177306
13070029
13065785
13229548
13050596
13241954
13237277
13093203
12883906
13027754
12914881
12923383
12753138
12942039
12945332
12762497
12937796
12926439
12891242
12741994
13035508
12898724
12768094
13043966
12759026
12735744
12777592
12918666
12003775
12399589
12392832
12701772
12151209
12565687
12553297
12340466
12728604
12678270
12561385
12386852
12011326
12357128
11706250
12409065
12380354
12364313
12718131
12331720
11081785
10237165
10216127
10240084
10818235
10109128
10825306
10598387
10595116
11040535
10822817
10363459
10361208
10810907
11702035
10243518
10584401
10220238
10211202
11087396
9290866
9282404
9210213
9294292
9714554
9900156
9959239
9300044
9898082
9620239
9432949
9933810
9304734
9954104
9311971
9962716
10105511
9308361
9616449
9420506
8941925
8305488
8230126
8834107
8825475
8820161
8951760
9187233
9201386
8964282
9194893
9206538
8931167
8201053
8935367
8206152
8224155
8957971
8202863
8946333
7542196
7534491
7528402
7457302
7444636
7476094
7546027
7537486
7483159
7549156
7453175
7531408
7594575
7446899
7478350
7472691
7451870
7614514
7454400
7449801
6829300
7368916
7370129
7294248
6894098
6898223
7277325
6828244
7290294
7124235
6833198
6825615
7382648
7377691
7289851
7367790
6835370
6889672
7373741
7388075
6425377
6652531
6732122
6820537
6428336
6643472
6634134
6638229
6513437
6511747
6726679
6736621
6655890
6641114
6503907
6645416
6506682
6430211
6517395
6648034
6307628
6424074
6421694
6230317
6226646
6233241
6422532
6222866
6152403
5968460
6305449
6313249
6159124
6421879
6425641
6298374
6300888
6316051
6155466
6311827
5791608
5799901
5804185
5808031
5796642
5958993
5951803
5781290
5773545
5778522
5786175
5788968
5966868
5964417
5965095
5948242
5961678
5776601
5956445
5856116
5754186
5394443
5398429
5250123
5407524
5405136
5710891
5411424
5756391
5714842
5752790
5260411
5244998
5769498
5252917
5400746
5771789
5402927
5766744
5749030
4986330
4984387
4981554
4982609
4975447
5175942
4989018
4971654
5112088
4969831
4929172
5170683
4973361
5108428
5081986
4926762
4931949
5192282
5173194
5189183
4914033
4848945
4697938
4853829
4847567
4564474
4630445
4634584
4687684
4693642
4685260
4627865
4919542
4700807
4921852
4853655
4633299
4626281
4911701
4917419
4351852
4419690
4416777
4557960
4498938
4409808
4422725
4424290
4279009
4554694
4556296
4346328
4493160
4534942
4562409
4560141
4425767
4356444
4495357
4414493
4036544
3979877
3978233
4264160
4252474
4186769
4084226
3973228
4257013
4249166
4182606
3906321
4038301
4040322
3976835
4270045
4247626
3977963
3908648
4033369
3441505
3830023
3862107
3894639
3859025
3862500
3860669
3826957
3905098
3821373
3854754
3443398
3864089
3892719
3890086
3902595
3891323
3553764
3447087
3439920
3270109
3378453
3371644
3186710
3269102
3264543
3181878
3176216
3368169
3375315
3266719
3436054
3389591
3381704
3179120
3362277
3183837
3384073
3261458
3190889
2978860
3019388
2975894
3121639
3116142
3018889
3075982
3017393
3122795
3079054
2977431
3116686
3114987
3074528
2980301
3072726
2974450
3076957
3020142
3077944
2963879
2342028
2957880
2956276
2954258
1452435
1374029
1426330
1429793
1432784
1919317
2973388
1378735
2966518
2945344
1454446
2344316
1446677
2951551
1450273
1150168
1202288
1183836
1205326
1369372
1299347
1191555
1293041
1272666
1153108
1151658
1278397
1287028
1185505
1297083
1272897
1184083
1148464
1154664
1194490
1103106
1105978
1086012
774429
771866
1112972
1110939
1107140
1119878
1088649
1089709
1084213
1118355
305308
777895
1109796
307053
263319
1115611
1100140
84870
76421
76225
76102
84337
84959
84840
84784
84457
75551
75684
73816
76127
84836
84550
84674
84850
73943
84348
85055
71841
69490
67569
73537
72193
69473
71492
71963
71577
73714
71871
71499
72075
69694
73508
69605
71458
69446
69354
69312
64244
67017
64186
64703
67098
64681
66867
66585
64525
64449
64389
64297
64290
66715
67187
67134
64496
67494
67128
66935
