1159975332
1162163872
1164281138
1164197470
1160285007
1159886762
1159710068
1160403443
1196839460
1158366374
1196460722
1195998195
1164762383
1164931103
1161756035
1158672800
1162097926
1161801235
1159763967
1158550355
1152844527
1153420596
1145193845
1158251881
1145871215
1145780258
1155586987
1154076043
1153295923
1152935478
1143423708
1145034125
1156692583
1157908864
1143351930
1145717156
1155722419
1157826018
1156493637
1145314231
996147279
1023826610
1018399416
998854364
1024012455
1007100692
1005038978
1023903036
1018350120
1014049559
1005085064
1024137809
998664362
1007038410
1022318316
1013951857
998758450
1004977135
1024175251
1014192835
963247579
996009747
959318583
958652511
996066746
958531303
971779193
971735800
958304141
954040275
963142649
953900080
992483636
981781457
958446330
981669147
992355496
971832393
963186465
959358479
912868159
905826176
943778460
947251463
951847201
911166413
947196261
947318695
912811861
947951510
951693846
945741017
906081800
906201404
906416661
908474203
953780018
951511867
947777479
943680150
902055413
903779013
849982662
850057017
891014635
899832264
905783267
900081626
850300463
899901907
889125086
900168439
850125633
849406147
901979185
899992894
901750953
850374155
849322150
889253469
843886550
845836111
844539588
844184936
845619625
848252608
847554667
844241982
844073898
845549512
847485240
846047875
844352037
843748115
843675938
846157094
843636118
845457061
843571158
843603391
843536044
842134386
842273562
842696214
839694438
840188364
839836735
836435837
842766591
842572582
841263031
836938242
836302736
836249663
840721527
836862418
840315042
842454200
840249679
839782498
832867288
833174015
832960377
830909053
834690970
834552232
833583397
833746523
834969276
831418675
830753001
833043831
834718728
833265938
834901440
832705646
833741941
832671198
830818832
834453183
829616641
830696014
829027314
827973440
830533827
829697652
829506788
827741651
828848274
827884199
829777348
827683628
829927747
829849916
828905311
828754591
828959730
829257540
827589521
829389933
827288230
826868157
826837499
826680193
827149590
818014100
827029121
826719728
827218837
826775400
817672234
825229829
826938063
825627113
817616908
817713832
817780426
827109902
825708313
825530964
785712957
785558384
778302598
817496682
787554090
778187514
776596878
778605504
778244469
785842796
804752563
787639738
782194104
778664634
778548586
778263826
774997867
785643441
811768890
774803625
771085473
768982951
774408225
770551674
770751678
774318898
774494025
772820666
774247535
771032063
769387354
772707887
772349165
770922308
769166153
768924317
767748153
774780663
767538027
774553984
767413598
765977202
766112061
765944741
767501696
763585786
763854894
763787834
758153571
767200720
765445944
759276244
765927258
762446468
765487342
759455501
759368391
758259721
762480461
760161533
758066575
750545298
751923766
754275167
744808194
753466851
757420665
749087804
748306349
746035681
744286151
752837303
748631169
755936694
744707018
757844772
757980539
752612322
750459521
750078236
741319910
732974692
740688470
732717684
732564888
735912834
735796670
740575444
741397530
743074325
737814436
733851836
743012924
738491549
742466104
738581497
732892362
731308275
731119230
743238175
724386340
724320350
727242544
725593872
727343225
724887649
726284896
724748031
726908978
728681344
726585153
729474930
724970057
724571335
726391109
725510403
728872577
727417542
726676490
726237475
723450660
723013497
722905163
723080009
722053767
717641460
716870436
716611292
716729936
719651858
721902296
721996427
723170524
719751804
718667549
718738287
717806322
722839048
723280966
715951191
713070636
708478997
714001856
713919250
709138625
707773543
713551832
715111110
712040277
710194314
705663346
708422827
705973288
705773399
712083557
711691054
715283307
710125939
713184710
712152354
701844832
703673275
699875002
704395921
704896851
701469066
701152743
703765318
701283922
704961300
704342936
705035170
705130772
703846610
703159257
701723658
701391228
699967747
701026760
699776061
683874143
686679014
685314413
699670774
689578741
699393844
699659267
693214954
689694713
684700151
688792507
699315867
688905823
689207108
689061547
687424739
687697479
685185721
685140476
684759621
679452434
679793052
679677669
683595669
683068859
677933531
681109522
677647783
683135148
682249433
682334412
683791798
681042891
681165848
680431400
679296829
679191352
681524096
677287905
681591270
673957546
673802749
673369513
672157853
670684209
677188271
671922990
670604245
671682165
672639654
675437854
675370824
673294491
670814086
676986673
673877493
670896685
671619214
675564163
675623515
663715357
669133961
667757156
669202766
670287814
666950956
666540885
670104498
669978947
666800236
666684627
663640687
663536866
661945460
670458989
667875593
667806256
665154928
669032529
664982786
655842761
660062876
657697511
657497739
657553632
659926930
656743985
655888393
661864010
657372848
661696666
655997584
660151782
658505091
658444718
660984683
657606452
656793925
656127973
660222133
652124861
649520216
645681481
647108689
655756679
652332565
645605118
646988985
645536364
647819211
649577913
654814313
652523000
648466097
647386813
651118389
643745623
655794361
648527631
648402650
640224994
636728167
640273805
637603181
637719857
634663426
637526457
634049431
639573617
639477049
640170575
639417099
637425944
643689220
636856782
636569179
635847539
635778759
635695210
633304168
632640598
628011962
626347664
627976624
632578274
628801468
627077976
631815086
631064644
632697005
632310731
631010175
628443505
625451519
632256642
625769918
633216679
631646416
627009521
629163691
620378500
619232889
622872581
622032526
620455454
623715891
625360875
620845420
622105258
622683994
622805961
620780408
620336629
622327245
620298876
620722367
619375889
623784193
622749811
619136815
607053054
610838582
614828622
614017085
613325837
607211006
614643283
607892992
618201033
617499520
605502039
614764058
610879010
605453889
608013105
619067380
607150657
615480974
618259907
610179828
597062170
602376889
605295483
600482629
595460139
601071595
600706029
599542767
601451656
598257226
597175300
595591074
605367453
596458751
596332105
604755037
601641375
600338016
603447263
600616704
586885535
592377020
590210381
589122855
586156197
587529358
590171413
592997693
589669722
590052686
589611042
592923498
587791164
587746744
586834306
586757077
593218161
588897169
588440289
587452865
585027160
583356629
581166999
580713811
586114066
586062280
585126874
583505883
582199309
582089988
582004980
580786811
580751714
583274274
581851218
585965842
582144645
583176652
583926382
581788587
578868862
576980311
579935577
579165197
577843910
578494423
579272113
578416694
579111963
579880936
577895998
576264473
576203776
580667196
579217643
576106430
575323732
577587488
578957328
576384153
570900888
568003088
569249091
567459474
569532431
569732844
568758565
574353587
568811638
571098343
571039109
569446394
569645248
574507278
570828003
572712004
569160744
569688193
568898572
574291116
566806754
566191954
564847258
564039231
563051212
566489922
564091772
564909061
566415185
566370826
567409568
566290335
566150507
566611589
564727810
567378792
565985401
562943632
562264505
563439741
558581185
556820731
556684397
559564780
561376033
560309364
559618863
561587037
560706781
562188785
555839072
555783460
555351180
554184641
559109176
560818427
557709066
556900198
561633129
557760267
551096143
549167693
548232018
548490208
554096454
549769013
550594143
551124863
549589409
549271144
552022798
552085118
552531401
554027281
552445529
552355064
551966300
550603650
549527097
549430954
544343433
545132822
544395929
545616345
547094191
544204990
548179882
546780170
546521956
546248018
546567148
545015629
543620163
543790338
546220714
544267235
543306497
542613216
542560757
546719998
538002590
540058264
541329301
541286672
539705217
541911037
540013906
539654670
537314003
538427206
535980249
537361673
538061916
541252080
541371411
538367854
537204896
536002002
541948329
537254463
535444643
520800194
520500061
530369791
534458050
535004834
530574405
530222261
533407541
531848793
530326153
533848994
530525455
530288860
533389309
533776640
535967976
530452740
533987365
535061022
516993766
519447057
516557866
520413931
519319996
518880708
518787290
518720143
518098327
519012098
516880404
519410999
518955517
518139635
519363176
520192326
516734295
520035749
518128336
516644697
514564546
513109797
516347321
515086433
514603513
512995588
513753959
515006061
516289350
516492208
516160211
516213450
516174078
513943102
515502626
513817332
516427004
515444756
513865379
513076807
512543216
509913299
511961440
461121550
459688230
460816848
512944520
509583434
510218069
512082042
512368590
512453797
512610023
512023868
461176478
460928145
512304671
460888934
510325539
461219543
447721481
437022018
436951379
441987817
448145617
443324377
447910651
447847753
447798317
443289209
448046676
448227477
447762824
441910057
439813992
439769258
459656679
447925015
441960916
441855824
425966510
408459204
409280886
435110887
415528218
415481366
430308470
435299593
435214506
409241489
436714519
426024364
425905326
417713749
427881365
417815076
430262406
427814358
409347103
428006045
404686396
402355472
396353832
393546555
381970822
396289252
408390593
393503830
389900121
402314578
379343270
389962057
408307393
381899010
408238462
404744189
381967805
386248023
404807944
386351133
375516684
374284737
377980125
368188175
379318967
377070505
378002073
364571518
377347634
364488128
363232260
361871761
377000588
375445106
361830261
377423079
374327644
363173718
368253428
375334510
360984691
353204942
353174012
348204084
345557568
345532974
340816287
346768921
356811719
346717619
350746270
346738898
354290001
353246515
360898207
350673921
348136127
340903892
356777359
354349995
311153903
321957318
310931512
306461739
339752161
320260614
339708238
331342422
331265845
320213793
320010789
319967730
324002621
333962702
324031690
311095456
320190340
321894998
333920124
310877880
267640827
306417543
263612072
263526474
263495756
263335409
262535265
262445112
267885392
262475417
262312446
263298375
264386517
305387309
264504100
264336354
267690993
306347801
305475040
263639860
242658597
242906297
242948492
242706227
242749428
241853588
238807725
241808390
239612759
238864450
238759728
240967481
240189105
241882542
262281327
242996722
240074559
238710679
240901585
238663160
237103968
230795672
230792958
237760027
229245051
230827179
230711471
237148702
231508617
233923409
230890219
231419780
233887093
229286421
230676373
237196477
237209116
232375460
231459693
232321093
207082987
220733594
207993432
207148444
205687817
207951685
226138259
207115256
221656533
220770747
224644563
229181336
205792630
229147551
220965006
220907274
221705838
205740032
224593077
226105058
202977455
199583142
203851558
205521108
199487247
203184005
198109269
202406132
203962098
205490330
199542017
202314010
203918686
198047460
205462046
197975626
197247027
203820462
203021965
199628562
192294409
162666610
160654689
108052309
197220621
169139247
159020377
107787394
159064731
166825260
107974606
169177907
192259099
166858111
163997432
164021812
162702501
158968995
108018236
169211880
106702824
107002718
106733762
106166112
106058996
106217183
106007399
107586484
107749856
106766509
106673282
106129839
106179674
107628639
106095725
106021104
105983610
106893832
106687487
106789990
105842259
104397639
102968521
102635289
104420526
102617555
102853212
103755035
101844798
101901441
103057127
102807436
103787795
102913206
104409986
103877445
101869360
101950350
101880508
103704533
99457604
100061207
99946238
100789600
101437432
101476204
99467018
101414215
100658434
99441424
100646405
101308672
100730513
100749216
101338220
101393267
101293623
100037201
99427554
100760128
93788589
93846452
95728341
95339728
96800208
94487707
95406010
95470098
99343740
95706948
95381066
94522449
94465212
96061476
93883969
93776857
96862489
95732635
96826416
96090476
90635305
93432837
93391898
91789908
91344200
93748265
90669164
93730796
93337572
91866448
91287138
90697749
91316835
92619376
90532265
90429530
90431742
91824674
90723196
91729358
89750878
89365093
90362519
88437510
89417828
90155207
89391352
90406227
89157725
87912799
90121579
90411794
90136825
88492544
88624038
87204841
90104407
87170142
88535971
90068667
87047561
81848835
87074918
86463139
86396074
86342549
84305006
83421728
84219442
81829331
83615947
87121020
86329550
84336107
83558023
86538375
86496092
83443256
83540437
83521151
81786983
80474796
80467357
78563763
78854084
78234858
78567268
78199263
77884778
79942576
78597187
78593208
81802161
79954301
78150079
78878248
81185804
78612090
78578699
78831759
76054047
76016715
77870873
75755079
76327599
76309335
76300245
76080883
76128208
77583163
76446837
76288027
76366854
75737308
75992820
76056595
75752854
75586994
77882839
77605588
74936942
74967044
73765629
74277067
73917735
73708801
74288078
74886877
74914295
73970774
75545636
73736106
75070671
73893405
73843513
73942405
73806505
74483544
73721870
75034766
67939217
73329768
68593316
64725144
73410959
68567796
67223676
66312314
73306587
73678969
73367803
67233038
65465957
65863885
65561717
64663671
68563541
65456975
65530225
64693887
61443407
62458273
62856236
61732428
62515498
62447413
62004870
61595367
61389317
61460162
61468640
62469285
61199719
64004353
62034712
64023632
61579437
61429208
60848295
61405963
59673526
58983895
60801646
60386385
58271289
58101731
59380551
60764010
58555090
58569356
59856254
59880550
58997470
59705244
59420958
59442287
59698496
59649229
59396119
59834286
55778517
57947865
57581335
57382255
55628390
57290065
55789982
55616905
55611451
55816182
57977201
57594407
58077206
57886513
55480750
57336053
57332371
56329807
57303598
57357133
