1180431246
1183583028
1193016187
1186351773
1197571646
1183655888
1181242896
1188568216
1197666724
1188455764
1181015460
1192916720
1181317476
1182924913
1180886740
1188658359
1183496815
1181377361
1183775524
1183728374
1178227949
1178358700
1176983620
1178795551
1180314655
1175829341
1175756310
1177184736
1177231549
1177352857
1177148195
1178930577
1177262529
1176890197
1175916616
1179948292
1179210966
1179280655
1179130747
1179061217
1167379832
1170479658
1161038196
1159524408
1170424121
1174244053
1159564810
1162787997
1167962719
1161436266
1169483304
1167912472
1172123173
1170278916
1163224325
1174899500
1161494493
1163316446
1170344831
1169290587
1152690565
1157331488
1159485764
1159448961
1158839902
1157430080
1157382989
1158941826
1159214758
1159094799
1159150694
1159258591
1147711916
1152585526
1147659282
1147203319
1147501670
1147295314
1147569028
1147375886
944271387
1141035167
946336886
944708449
941843664
1145376121
1140308662
944787075
944842770
1138545152
944193089
896646349
1138488732
1142382376
1140707093
948399249
941747688
941648537
944399060
941526839
810288500
806452152
635946811
896406732
896244641
635094136
635890400
802536151
896509614
883162146
803698372
802905177
635807056
801014763
883245085
803111129
883350701
802994879
800606757
896305371
542401466
541898983
541465223
547022990
542082190
547101168
541499064
542472822
548219196
541026554
537562499
547962392
547891539
538313192
538371380
548899140
622714049
541420565
548936016
541960597
537135668
537072768
534639398
530557742
537524675
534727093
534684596
533811675
531119854
534042846
533956935
529846073
537480517
530960944
530498020
535506662
533869605
530619397
529760505
529511579
525253626
522699898
525113734
520156318
523105055
522529769
523219294
526372103
523163110
523020458
520035851
529420500
527483555
525192580
520096389
520110093
519465761
522628325
519432578
526314332
519209514
515478416
515023688
514973051
519040272
518660736
518621017
437584890
515146778
515536555
518730035
447168267
515412484
519387569
515598206
515085464
432011134
518980095
437168985
431929084
352258636
344840788
420536453
425541160
370272926
419588517
352145095
370324326
344887856
431312049
352207540
346958537
352561002
421530766
344932080
431280871
431255110
370370958
352497531
423606394
342277349
342330931
341970578
344215795
339920303
339606482
339092383
344180789
339873829
339751726
339561070
339507552
339827132
339538997
339042578
343555789
342075551
338510109
342058990
342013566
334431549
332859760
334597532
336876466
331420780
331486382
331238728
331806685
335597672
331340025
336868124
335518737
331819124
335059394
337867141
331371626
337917031
331952160
334559233
334381024
329297878
321509124
329451368
323297775
330414035
330263485
330323431
323222648
319542008
330876525
329317958
330914040
327373432
329411205
323566835
330360531
327433138
330852429
329364898
327367340
310884025
319403027
319341443
319331017
311388775
311583627
308946249
308886505
315630250
315730453
311310301
311546738
318986493
319236419
313600691
319351973
319121563
313603231
311197104
319450599
307072193
308846389
307168649
308689404
307010488
307668376
308857610
305429824
307042107
306657332
307748326
307131458
308464511
308407203
307100571
308515169
306610214
308742120
307464497
307718859
302772040
303126337
302676233
304320010
304356764
303074893
302724937
302043100
302818972
302986776
303036002
302025089
301995441
301944062
301617678
301555217
301891392
304332207
301777061
301721070
301455660
300262638
297957431
298378516
299426649
297317161
298015094
298333887
297484376
297372324
297522539
300351592
300481558
301393699
300538628
299387025
299242378
298026557
297550047
300309696
291565383
297261281
293417788
292356995
295363908
295123423
296456097
295421090
294890070
296550654
295169648
294895942
294884996
293328175
292302482
291422125
293363416
292259824
296226670
294923688
291164601
288714643
288933115
291195470
288750661
288674340
290962010
289941476
289897085
289072345
291267873
291236208
289845093
291378385
290519925
288946145
290919348
288623694
288998587
290557959
285256359
285294849
284841884
287942870
286313295
285394099
286670521
285462620
287789241
287732989
286418217
288000488
286380045
287688807
287593971
285376305
284868633
285337373
286276366
287635937
284238289
284803350
284376873
284215262
282522172
282132015
284159034
284280631
284764821
283139267
284712123
284323165
284199113
283608894
283022443
284132835
284065926
283638467
283087262
283052114
280295558
279995215
280934504
279776862
278766043
278689005
279819160
282101902
279671342
279123496
282041927
278891603
278728575
281973983
280038400
279177789
282017974
278834883
280355650
280085062
275463379
277389933
276254143
275448598
276049736
276020355
277433780
275039776
277604989
276126873
275393544
275355575
276326143
278514934
276589125
277738239
277352020
277661068
277700574
276081785
272089893
269603768
274072819
272144933
274355574
274988743
274395699
273956145
272202762
272047480
269481198
269415362
272732179
272178071
269549200
269625066
274347138
274020376
269366632
269211923
266989310
268578631
267053555
268264589
266481159
265963917
268800111
266206390
266979378
268824871
265998207
268317027
268609482
266061254
267461882
268613864
268234566
266428356
266032420
267024287
263774653
264551262
262886300
264507350
265591727
265555757
265095076
263796093
261934378
262050208
261549446
262159372
262105783
260774670
260736950
260699008
260692856
265143290
261525488
264975397
258968513
258905638
259736233
259731741
259304382
259271305
259695304
259979559
259673645
260017158
260285469
259873976
259230390
258795275
260056378
260280051
258748623
258703616
259934912
258743666
256559319
255740398
256589106
253768795
256781472
253693181
255788529
254868791
256862759
257871946
257777804
257824455
255682641
256209990
256748917
254821378
256831065
255627045
253729920
253645986
250695581
253363390
253378400
252067046
251997895
252008521
251919032
250188399
250963563
251468400
250746943
252431770
252388962
252050991
252029025
252642972
252002894
252470592
251974822
250192420
248270421
248294802
247363731
249806032
249084205
247326788
246989350
247294795
250099297
246182353
247085120
250138905
249795988
248235844
246333322
249188215
246133026
247364775
246787383
249842693
240574495
244670930
242175950
240529035
245193950
245624489
245596165
244706496
240597568
240294665
245446517
246020519
245228617
244904120
242230305
240483573
244927656
240439440
240428434
244940629
239456533
239427578
236408432
236695475
240232590
239668010
236933960
236714576
236083870
236963392
236376776
240264709
236331808
236672708
239691811
236657531
236997602
236682162
236298873
239496876
230866576
235672833
236075367
230890947
230157970
229612441
230124372
229899557
229543750
229314549
229879678
230729537
236079564
230587111
230656007
230688322
230566564
230329705
229572185
236021921
229271756
227010766
229075304
228690657
227308791
226797050
227835913
227044226
227612993
227345320
227275948
226887611
226854495
227662886
226568769
229094666
229110178
228720528
227800474
227583968
226199794
225499348
226531030
224443032
226480391
225460044
226150996
224423647
224247210
226451873
224591007
226129883
226502641
225427096
224555264
226426547
224643854
224531109
224468227
224613650
223435370
223268792
223070715
223484011
223067807
223742957
224205267
224228774
223663528
223715774
223022887
223714012
223323824
223223862
223974458
223683340
223042466
224173316
222992871
223460255
222547667
217927377
217617460
217568699
218328556
218106351
217811551
222966849
218122462
218089276
217847275
217762927
217885656
222347602
217596113
219151871
218298944
222379788
218046150
218040319
214946086
215781697
215334734
216030845
216054355
216519777
216063446
215484773
214967210
215366539
216854682
214982922
214901747
214021572
214924217
213992743
216114856
214054781
216090530
214947589
213932044
212819854
213967043
213704791
213289541
212941647
212790922
213032729
212472091
212977341
212455664
212420581
213306662
212492978
213529069
213737630
213319478
212910623
212513084
213573788
210477007
210573687
211363376
211993437
211116425
211633929
210515281
211137548
211327851
210536791
211102821
211662542
210879957
211951333
211710389
211692831
211969849
211161311
212012065
210381075
207765670
206227636
206010558
205219386
204729831
207148277
206511867
207021684
207186469
206541114
207741513
202574456
204707267
206281332
204749900
205979677
205867248
204687247
206256183
205939523
200821949
200835049
200488260
200851672
199852301
200978977
201570435
201704638
201654802
201549889
201672301
201582078
201021771
200796735
202395525
200943021
201526776
198849862
201733808
202542562
198816511
198425261
198727704
197077401
196511991
197222856
198407376
197269334
197305921
197535802
197104228
197562455
198360045
196666411
198772097
198385562
197121345
196620987
197427737
197182322
195543986
196121225
194661631
194747473
196082590
195926374
195898699
196480636
195508041
195843971
195232980
195134548
194905967
194709238
195266008
194933273
195871107
194956462
194616959
196457623
194588086
191833896
190112478
194569979
190926584
193920341
189514019
189575669
190212405
188940496
189555679
191873393
188918522
188915701
191556800
194613440
193882981
189609553
193791184
190176579
182455358
182338044
187197439
182308651
183584025
183452289
187147296
181126657
183988952
183914565
181097494
187170067
182496576
180933877
187230688
182365987
187101047
184131114
183960164
183934240
173665145
178040631
174249624
172847717
180401235
175717649
174405338
180172776
180437829
175680852
180372544
178155209
178113850
177208326
175751791
175646918
174447740
174427992
180191659
177169889
169313425
168142985
170080073
170496148
168671088
170053927
168519508
168050440
172724750
169928052
171142748
169279774
169023889
168987990
170021408
170457031
168707112
168976467
172793946
169003024
165333817
166253422
167233331
167588515
167806744
167623119
167282232
166905503
166060021
164913314
167263378
166091573
165408208
167302262
167006868
166966730
166955517
165384312
164933295
167021988
162531277
162634972
161849035
163577263
161727465
162668730
161755392
164216488
163539885
162696544
164245760
164159955
161907466
161980334
162925223
163502040
162903045
164873121
163531622
162547869
155042359
159995443
153279345
153754745
159912098
159118417
156575613
153248997
159013025
159953242
159314444
158947058
153224072
153196445
160204926
160030296
159058804
158920117
155047380
155067965
152842808
149171231
152139042
149141929
151401247
153124112
151767570
148522708
148543675
152444798
151445375
148570090
151791412
151675041
152092549
153155720
152801068
152744772
149550190
152640723
147828733
148485055
147802397
147126385
146612969
146446947
148239939
148223813
147367647
148502755
148284745
147138134
147113683
147783103
146595373
146486548
146817071
146468483
148272480
146851144
145835470
145520591
145756027
145784762
145493324
146141335
145478655
144552314
145485157
146430803
146179585
146207862
145868501
146415898
144356141
144312092
146243901
145762687
144580084
145809006
144137084
143704309
143211804
143592055
143400018
144032393
143967204
143024665
144168526
143195099
143253265
143507978
143359317
143548526
143230847
144093019
143775032
143444935
143996005
144067370
142783772
143004059
141819608
141675152
141836764
142019200
142562193
142885858
141384847
142595989
142585242
142515376
142676539
142713568
142539588
142159476
141348326
141657055
142494322
141985116
139210850
138222231
140348235
139520309
139151522
139977670
138712941
141298770
139046045
138696053
138747514
138767740
138028436
139185489
140323110
141322827
138729264
139615632
139585682
139791929
137281364
134091264
137565162
137212363
134108417
137970784
133605303
133572178
136400414
137072055
136357889
135862583
135550470
135528169
135501478
136385996
137051489
137997755
132804021
137603543
130679699
131003270
131567921
130963931
130924409
130644952
129412773
131923210
131522852
130272523
131689204
130244513
130752764
129468458
129354387
129308122
128996924
128527301
131013568
130702230
127203944
126393609
124405670
127263342
127145228
125209082
124444520
126099242
127111756
127054004
124470612
127544419
127477815
125234389
124503393
124254002
123520315
127579457
127517397
126194347
123128452
123409886
121882271
122131013
123453626
123488360
122710419
122230089
121832874
121698115
121315035
122668241
123400740
122537716
123381602
121733941
122733526
121292942
121647924
121812545
120877993
119789219
119631245
119033555
120260952
120795294
121256764
121177473
120753414
120226468
120827291
119694947
119761983
121012605
120202588
120069211
120564866
120025181
119726342
120719096
118310481
118192966
118133870
118973561
118890818
118919936
118322363
118106933
118073853
118055910
118399750
119003730
118871893
118827995
118388245
118348563
118270673
118913318
118848546
118945219
116481359
117442447
116542581
117262651
117359350
116670728
116462042
117506874
117396883
115970589
117378903
117686346
116521627
117604069
116572486
117284963
116498575
117643311
116702614
118036022
113772508
113206313
114336984
114764815
114812050
114733850
113144948
113232964
113110539
114092670
114848539
114695627
114656492
113801162
113178268
114313043
113079943
115917999
114282464
114057837
111563027
112462702
111475250
112488041
112687876
113016294
112994099
112666978
112609959
112195064
112366325
112529586
111523041
111175396
111590929
111619575
112398379
112633820
113049683
112433991
110637132
110726373
110376817
111036437
110352158
110311406
109905067
110396167
110675558
110832192
111006193
110698715
110802257
111155000
110330388
110759084
110287510
109958085
110873463
110977964
108588280
108292956
109017340
108626933
109046975
109752844
109847135
108931253
108706170
109704931
108310860
109802965
108935849
109160149
108676343
108331019
108983423
108890180
109113579
108267232
106762031
108211896
106481709
107224006
107257725
106458889
106432248
106310976
106810584
108237669
106855991
106982790
107300835
106835927
106946853
107315292
108181429
107272175
106784341
106906647
105078145
105794687
106230194
104799244
105064234
104608513
104554913
103329643
105394166
104840510
106272932
103823047
104775809
104903360
105804853
104879619
104581995
105346855
104639845
102966037
102611197
100952289
100936126
102608058
100862078
102557156
102582878
100988561
101658123
102917415
101514652
101803540
102115125
101483854
102088826
101014900
100888224
100839868
101503279
102059230
100160742
100418754
99514306
100601073
100616522
99227508
100819091
100177997
99974003
100455345
100004167
100478784
99985809
99105239
100195816
100499943
100334548
100143394
100302576
100576800
98999657
97935210
98859200
97909731
98912066
98887545
99045619
98902199
99082432
98459978
97885938
97198686
97123682
96893245
97225019
96813865
97594744
98480370
97151931
97567301
96691502
95852379
95832098
95792970
95282264
96539463
95509984
95900808
94621373
96597375
94600267
96641028
96188925
94579870
96567120
95785704
96169286
95536269
94558997
95814197
91992857
93263169
91967337
92014755
93937707
92562699
87472540
93072528
93093840
93791256
93961101
92607663
87828945
87445572
92587475
93768732
87484369
92532486
88531892
92144050
87368762
82951208
83351785
87337662
78145255
82898148
83329245
82981172
80387727
82240794
83760731
83732450
82917755
82860319
78113574
81875447
80405619
82275859
82206981
81390140
77779155
77800832
77246383
76141573
75966289
73043271
77748146
77583417
77075368
76017997
77059234
77024237
76000605
77008209
73891166
77043873
72570216
77227793
73931493
77562421
65780978
65821242
64275104
65755852
67084269
66459989
67115005
65828057
64448696
67093027
66439933
64923154
72524088
66536895
65799744
65241615
64941056
66490572
72543698
64861456
59785182
61892436
61912424
59440542
59413261
59244010
63245569
62712664
59271949
59850445
59226631
61411267
61301478
61377089
61874721
59807897
59832424
59447763
64265364
61854574
58366922
56018614
58534267
58348433
56152784
58560820
56065716
58403917
58518402
58547689
56105461
58359509
54566765
58932077
58383556
58371331
58575565
58497907
59207856
58960745
52958012
52898212
52977087
52880758
52993405
52811644
53361528
53023300
52596445
52524470
53379163
53185476
52792032
52940088
53174429
53015125
52543429
53687187
52828021
53003825
52137511
52156259
51491595
52062056
51387759
52174173
52075107
52258209
52477882
52493404
52116570
51364522
52510209
52096529
51474947
52084854
51463004
52280281
52462501
51406808
50657430
50356458
50121586
50803478
50424866
50364251
50373531
50529866
50813382
50647394
50345174
50209486
50152778
50954418
50667761
50138529
50978751
50970364
50536634
50808676
49338993
49353861
50111215
50096434
49674396
49588077
49531861
49824819
50071992
49328934
49684695
49841059
49610168
50088229
49571331
49517318
49702313
50079724
49691387
49696152
49173014
48951324
49318665
49085944
49095961
48903634
48872004
49137368
48797350
49202206
49103085
48891371
49117293
48916404
48791887
48859295
49128398
49185605
48963326
48846789
48503326
47928126
48194790
48106703
48594464
48186749
48091666
48493135
48637776
47940357
48614883
48083088
48209160
47958191
48099820
47948233
48031548
48201017
48017418
48044700
47383238
47627138
47779360
47597066
47515753
47752530
47640077
47454727
47918577
47501739
47591096
47441061
47657618
47765223
47509463
47603451
47737009
47669293
47616264
47653808
47303212
46499137
46134515
46115898
46480842
46470356
46147965
47351255
47126670
47334452
47368295
46240018
46125771
46512019
46211059
46228152
46500822
46533857
46191174
47134672
45996449
46003756
45732377
45636510
45597296
45911210
45984709
45721506
45708867
45681351
45877471
46014582
45846502
46105908
46008415
45945108
45867301
45742517
45835985
45858353
45362512
45159573
45349625
45075797
45484057
45203460
45586912
45490480
45424566
45390734
45440495
45063274
45194544
45337600
45047097
45178825
45146480
45577874
45033181
45495508
44514327
43937476
44670336
44657453
43944881
44492864
44228472
45005710
44424461
44979301
44973732
44650289
44411785
44679501
45017508
44246985
44169459
44185356
44158601
43998393
16571988
43907703
16562341
43701843
16544742
16610566
16553908
16617195
16576628
43887516
16595643
16549477
16621655
43898647
43875701
16600322
16606408
16613750
16584675
16567175
16122514
15564520
16114047
16458405
15655046
15818393
16244687
16234329
15614871
16107037
15799304
15792282
15490734
15623572
15480875
16239512
15824416
15502027
15633812
15570981
15055713
15052276
15336970
14567433
14485930
15330815
15342818
15372991
15306786
15219726
14561029
15367923
14679464
14688774
14499710
14495578
14547849
15348621
15302469
14468142
14228220
14150508
14357004
14213491
14001698
14361921
14237432
14243544
14376714
14301767
14175147
14088930
14305441
14083081
14021369
14351234
14353485
14008435
14205708
14028256
13030727
13174764
13701178
13739139
13890821
13019371
12907573
13011287
13714094
13990982
13982959
12896806
13044277
13719447
13053130
13861157
13995288
13910708
13727675
13881695
12892832
12720733
12372737
12401027
12729097
12555691
12381348
12889941
12387096
12601934
12559967
12597683
12415020
12875901
12882761
12569347
12586280
12577153
12714020
12549345
11817099
12175845
12340407
12145985
12162439
11867843
11848700
11838782
11808285
12137068
12183299
11832037
12349439
11821399
12365758
12154279
11864447
11857643
11859420
11719418
11547552
11697841
11561669
11536841
11574527
11570565
11645888
11706879
11712216
11676465
11689531
11681638
11642479
11667643
11694084
11579847
11702627
11410983
11529828
11418227
10813800
10701434
11057090
11392580
11225766
10696235
10805386
10586810
10809653
11212027
11268057
10690934
10791176
11229890
11260109
11405449
11235474
11242728
10686357
10574117
9962748
10155389
10314273
10289314
10212189
10194224
10309358
10323668
10025209
10461168
10454460
10197269
10022553
10297993
10466657
10030204
10082811
10079058
10318956
10291953
9831819
9817127
9846220
9812372
9802084
9945484
9911351
9821954
9957788
9854635
9850234
9799584
9828473
9933810
9956544
9926015
9919085
9915088
9948897
9834963
9708681
9633396
8814545
9796215
8810505
8328713
9730839
8802222
8926064
9715556
9639008
8797067
8794673
8326561
8807198
8798979
8920541
9630068
9723701
8137961
6829300
6820537
7122855
7128729
7116058
7136812
7113137
6973331
6833198
6828244
6965246
7125730
6825615
6835370
6961906
6969212
7762750
7788552
7792350
7132308
6708314
6572374
6706194
6812312
6710305
6704292
6730400
6698922
6659968
6749373
6666384
6655881
6522380
6702256
6814517
6711995
6735056
6568909
6577972
6581126
6388449
6512918
6429179
6501390
6452523
6499125
6449159
6370794
6365988
6362830
6359003
6509029
6438053
6519765
6356976
6503907
6455808
6440997
6391852
6360745
6219775
6233532
6318640
6293411
6352724
6209349
6237104
6350883
6206306
6242438
6203852
6289526
6200879
6086876
6236004
6354836
6239681
6215913
6212011
6224657
5957710
6075867
6073676
6071704
6056827
5955451
6026142
5993307
6059381
6062291
6082849
6001716
5948353
6067832
6054525
6064146
5990896
5999113
5996429
6023243
5927340
5892564
5809684
5930232
5792846
5935491
5899045
5888685
5783388
5876384
5867225
5942177
5932920
5895295
5937669
5789037
5871777
5745751
5813777
5940628
5743078
5712331
5611751
5598536
5621499
5715872
5601073
5736740
5724493
5725480
5726699
5702210
5694077
5603817
5639961
5697921
5606437
5707614
5705026
5740505
5402054
5405649
5478212
5474077
5500441
5498771
5502277
5476182
5529671
5504512
5446437
5508120
5451937
5471059
5399792
5506384
5394855
5482172
5479964
5449222
5317962
5315413
5347875
5383204
5285459
5334007
5376825
5392906
5381282
5344747
5379387
5353548
5351720
5349409
5330353
5329390
5325112
5321337
5329815
5385827
5277831
5256181
5244708
5192174
5240118
5235251
5190125
5259828
5194116
5205329
5197804
5187457
5202534
5237931
5263111
5282050
5242672
5268086
5274902
5271131
5098706
5165821
5169978
5159687
5150924
5152650
5120077
5115148
5102036
5163340
5160563
5156844
5096476
5111579
5149618
5185684
5105767
5167002
5154687
5158379
5054080
5081212
5041496
5000292
5083355
5024375
5043652
5051668
5077848
5045914
5034704
5027898
5094485
5022507
5081702
5001777
5048865
5038544
5079600
5030929
4968435
4944080
4994413
4931982
4989554
4979815
4975480
4982359
4942515
4970182
4940807
4986198
4966150
4963337
4962203
4935529
4945743
4938762
4991886
4997697
4920494
4913214
4837432
4898024
4834846
4830620
4928445
4896936
4786280
4916223
4854975
4899840
4918608
4901875
4865758
4840496
4832196
4860639
4925196
4790941
4782306
4676631
4767035
4751816
4693257
4681177
4672681
4747281
4757917
4694442
4776824
4678483
4772299
4674567
4637272
4700807
4754411
4749624
4639100
4697938
4625378
4629510
4615357
4618963
4598888
4600750
4567112
4634563
4597074
4609043
4611425
4557075
4564494
4544727
4539100
4604251
4541360
4607524
4627847
4635505
4525437
4502368
4475016
4519420
4476701
4473246
4422725
4419690
4416777
4522330
4497816
4430644
4520871
4508594
4523731
4479042
4494413
4488838
4483909
4426316
4362371
4349787
4286264
4157170
4253117
4250429
4149869
4353518
4406398
4283249
4270447
4357437
4403288
4289080
4411957
4261409
4291200
4153654
4366564
4414493
3977993
3920504
4037364
4091593
4009532
3970643
3908581
4033282
4023012
3982285
3905489
4027993
4007420
4145231
3973549
3923436
4005530
3975350
4039646
4020693
3836341
3834387
3838260
3832060
3671100
3896759
3897840
3784603
3781507
3778498
3661743
3666165
3899472
3892084
3903667
3901809
3674436
3890615
3842448
3894120
3614492
3618108
3607198
3590049
3588901
3584711
3587257
3605588
3586081
3616575
3595172
3603712
3661011
3555190
3598035
3592323
3545790
3558796
3562656
3555826
3484932
3501205
3508908
3497199
3481746
3535677
3531510
3538373
3543444
3511026
3533471
3533953
3487493
3540874
3494223
3490124
3492448
3531330
3506504
3483518
3397623
3422358
3431383
3453796
3480116
3478084
3429813
3423995
3395323
3450307
3427331
3437964
3425769
3443259
3479365
3459535
3441631
3435773
3427844
3420980
3392571
3329923
3324763
3249919
3223383
3327618
3322441
3390823
3331614
3301434
3227320
3220425
3308949
3253107
3305947
3228015
3241678
3380274
3245287
3209164
3200060
3136894
3155967
3107250
3098564
3093581
3140368
3158993
3096002
3149374
3148153
3144015
3146753
3138775
3154663
3114539
3112205
3161204
3108939
3204521
2952663
2938418
3064752
2998977
3052955
3066431
2995719
2994157
3011174
3051298
2956884
2955173
3045529
3009446
3062395
3056564
3044398
3047282
3001602
3064224
2783938
2889867
2813078
2936188
2901817
2909713
2905910
2786241
2801207
2814853
2789281
2814141
2908003
2838396
2804532
2797358
2836555
2933350
2843539
2782295
2691915
2753173
2694160
2747240
2661783
2738995
2665166
2739427
2711196
2697513
2705508
2663582
2736816
2699533
2750397
2747921
2741520
2781352
2709277
2696334
2660305
2633907
2516482
2601603
2496612
2494173
2441841
2604191
2636280
2598828
2511041
2634950
2508736
2513559
2499407
2447323
2597347
2631663
2444209
2449565
2393682
2342793
2268638
2125710
2358598
2266407
2390264
2356371
2346942
2396676
2350866
2339022
2401884
2264924
2441619
2152608
2392567
2120557
2122928
2394405
2062125
2082205
2059653
2052690
2004596
1999354
2045442
2006735
2003056
2106182
2056211
2107873
2049370
1986779
1984732
2083750
2114790
2103942
2067929
2064471
1929864
1839064
1979515
1983025
1934872
1841299
1829978
1774441
1834211
1763027
1760802
1927073
1771943
1924589
1769017
1828195
1932765
1832157
1766540
1981215
1753733
1660598
1637779
1699764
1656411
1662220
1756088
1705569
1615052
1666896
1702506
1659163
1642141
1695365
1693143
1640049
1644415
1653804
1635686
1758172
1612490
1516768
1564312
1497901
1464528
1490890
1548402
1466351
1551250
1519571
1571614
1577387
1613784
1521055
1488984
1555000
1561787
1494231
1467682
1469110
1387668
1159905
1374350
1303063
1158328
1461140
1306342
1376901
1204505
1454337
1438129
1385070
1202649
1312835
1157255
1451298
1457663
1318961
1462903
1310018
926781
1003817
1105413
1101435
1056248
1144858
1040978
1100313
1009897
1058674
1053493
1147003
1043674
1051042
1048714
1007138
1098655
1097408
1047201
1148639
682315
672873
824684
723726
650998
681577
682762
920916
917538
715167
671077
669465
684410
651963
828245
829647
925724
653587
912481
910034
563939
641300
542864
644059
566633
599882
642622
601821
597342
577151
542538
579172
486351
595713
576024
569856
491698
488906
543858
567849
456184
476930
454378
389568
395440
393960
451132
421341
479691
480854
422838
478168
449422
423844
476022
452637
398581
388088
397129
447448
299397
301643
356939
360481
366694
369359
359455
365119
298192
269687
249372
288043
367596
286921
365249
251370
361850
300579
252354
267895
149117
221967
222095
221088
220636
204667
149572
149495
148784
229961
163178
149890
203918
162737
221554
147727
220214
229169
147255
248804
111141
111055
142082
138574
137953
113312
113438
112708
137793
146962
142296
112489
112422
108650
146803
138438
138167
108786
112388
112582
108018
103584
103556
103416
108073
107863
103659
100705
103761
100455
102339
105234
103292
108555
105190
100166
108309
103863
105305
102708
93984
91614
91321
93545
94425
94339
93193
93422
91409
96276
96345
94103
94361
99804
93279
99414
91526
96211
94221
99971
77996
82572
82517
77801
77689
82447
82293
81822
84436
81436
84141
82124
77588
84520
84235
84037
84335
81957
81643
77932
75577
73361
71869
73264
73132
77501
73563
75913
75667
77394
73744
71723
73579
73644
73465
75804
73199
73025
76012
73663
62013
61281
70716
71097
66128
63611
61173
61705
70938
61973
71621
71021
61906
71522
71506
70840
70788
63469
59600
59704
54766
57680
55017
57460
59238
53975
59389
59090
57552
46229
54813
57775
46024
45802
57851
55103
59477
54918
45697
55272
38849
41649
43447
43217
40786
40661
40313
40231
39475
43344
39074
39003
38935
37445
40271
39510
43270
37405
40732
45526
36868
35642
21940
18067
17806
35684
14123
35671
14415
35342
12230
172929618
14147
35762
14402
36813
12566
37311
22001
35629
