1188860167
1186737582
1186690338
1189220158
1189346295
1189058138
1186625036
1186989212
1184849237
1187299436
1189397062
1187119569
1186837834
1187403305
1189475885
1186887982
1189158178
1189280114
1187507575
1189121518
1179516975
1184229997
1184569240
1184159996
1183558452
1184476461
1183672027
1179581767
1184283886
1184714942
1183376867
1182171650
1184399462
1183475373
1179471577
1182248267
1179651496
1182324467
1182118580
1182065341
1176954845
1176665163
1178317915
1179248435
1177958153
1179417895
1176860034
1177839707
1176750546
1177042976
1172538549
1172155434
1170579784
1179312902
1178418952
1178628715
1178514076
1170519646
1170451145
1179367701
1167286209
1166341400
1170151257
1170040842
1159547100
1170379685
1164464061
1169500074
1164979820
1169970893
1166239300
1170235489
1167409104
1170313239
1165070097
1169812026
1164885316
1164543435
1164723827
1159510416
1150132705
1153670332
1150081792
1157770691
1150428335
1157720862
1157839898
1150360581
1150308600
1150194845
1150240705
1150660294
1157594184
1147939105
1157926539
1157803992
1157357756
1150584686
1150504027
1147899278
1136642637
1131614224
1131542402
1131480106
1138836774
1141326550
1147711916
1136538871
1141279701
1147839534
1138900767
1145299616
1136472117
1136719288
1145143019
1141232564
1147659282
1145236711
1138792809
1138545152
1121298447
1124141433
1118853411
1129032407
1123962979
1126364443
1124280144
1124048136
1131432993
1124365284
1124225935
1124466839
1123898219
1121401613
1121350398
1118974048
1121459914
1129098223
1128842050
1121527199
1107858973
1108015378
1112226245
1112059479
1109540980
1111957724
1107950180
1109593845
1112114121
1109479197
1098136707
1118805099
1109661380
1112015396
1111891887
1098184857
1107902735
1108038677
1102840834
1118759276
1096782302
1098074075
1094875294
1094579071
1096691583
1096050251
1096171718
1096556006
1095984711
1095949713
1094672876
1094496477
1096109644
1093995319
1096488533
1093933274
1096036829
1096428810
1093874089
1094752486
1092449652
1090155892
1083677248
1083609671
1092073733
1089820316
1083536151
1092109176
1089733035
1092512802
1084914034
1084948418
1092039385
1093828458
1091996905
1092404296
1090256781
1090045816
1089876907
1089973197
1057733221
1083333687
1059841634
1057360647
1057131258
1055324381
1055139982
1071778136
1055236396
1083286362
1083381084
1060215768
1060076394
1060478105
1057610419
1055448146
1057496478
1060371017
1059960822
1083464469
1054857432
1052683918
1050258613
1053037226
1053345094
1052904203
1052611503
1051032268
1053249406
1054916547
1053108880
1054984496
1052831019
1052948552
1052562790
1055060176
1052759508
1050928710
1054849653
1050839436
1050144635
1050105785
1046290743
1046205253
1046167432
1048370349
1048339390
1048252543
1048187348
1048778336
1048869818
1048950229
1050238153
1048609420
1050063880
1048536720
1048291452
1046378423
1049996234
1046249722
1045946936
1031009742
1030817181
1031067608
1028588497
1028515215
1028339713
1045868425
1028432005
1046122876
1030770511
1030877395
1031200066
1028292350
1028365521
1030969402
1028236242
1046069525
1028649138
1031114770
1027933298
1021800629
1021779162
1020086323
1019990717
1019945060
1019923510
1021973721
1027593931
1024193267
1027736727
1019879565
1021846482
1020038287
1024271596
1024108813
1024030521
1028037172
1021887004
1021930711
1013991954
1016391230
1013901062
1017912618
1019855484
1016313227
1014369403
1017977506
1014106449
1013907740
1018020834
1016280300
1016460850
1014204814
1014049072
1014271179
1019823834
1018088412
1017947000
1016361799
1011224057
1002663789
1009256115
1009193109
1011112580
1003021294
1008833949
1011145296
1009341361
1008895504
1008864236
1003078221
1013848397
1011071259
1008924533
1003130145
1013780305
1008782798
1003193628
1002969322
998263340
996142351
998109719
998160532
979815047
973516059
998328371
996087915
1002609067
973579478
973542990
995931561
971897428
971936069
973599628
998381970
998209682
995983889
996034927
995904752
966927089
930605116
960704725
971748859
971713680
966970689
960882441
971801434
967119704
971773430
971842048
971838298
960933356
967175830
930509367
960800198
930681230
967234392
971688650
967036545
902125005
892860883
923632796
892782084
893008914
893098036
885123877
923530535
882537343
923734852
908207362
898079489
892937693
885035271
908122142
895604707
910525288
888694872
898034507
885069111
870117790
868665750
871826435
866814212
871714027
867535260
864686138
870154493
868743024
868613876
866919273
864878059
870200325
870081996
866598528
867409657
871758416
867334855
862661819
864791364
859127869
860449300
860372807
852892585
852927870
851434842
851364135
849791240
862473233
853123578
860404390
862589938
860491316
851280454
849690593
862531077
849101299
859264116
851504105
851197949
838216293
836357362
837931860
845584647
845889877
847288518
847203927
838312077
845542552
845368222
837998959
847243910
839906845
849006814
838074848
847351020
847157595
845992011
836252069
838431591
829527150
830772177
829045406
830878867
829754077
828810602
829644323
829418286
832440655
834454030
832768912
830940324
830718826
829891479
836166844
834160730
830653742
834389805
832484709
829835051
828662654
824632704
823046144
827053841
828758570
822982951
822942460
821245134
826940523
824857191
822824569
828618505
821432477
828712683
828597593
828555796
823121240
821138102
822798170
822756721
819373431
819339793
820927531
821098729
819277671
809410559
809357842
820508062
821072153
807640331
821031244
819313221
820559919
820968123
819841437
807699069
807662568
820984578
819440378
814301581
807610502
773194105
807507879
766456155
771400827
766608344
773104787
767446262
773575574
775197221
766332064
766375754
765409894
773139123
773235458
772940409
796681662
807542915
771349248
766528539
755315007
758435314
758673157
758484236
758526368
758748257
753813009
758395625
755107322
758638815
758578414
758606223
755175210
755141058
755258775
758550200
755365654
755047903
755030265
755216517
753322657
753465927
753630375
753567899
753241069
753105349
753726065
753419546
751748148
753208886
753524813
753142922
751471595
751538802
753283453
751679604
753179942
751607503
753378540
729900083
727877674
726123437
726082756
726053332
725987382
725892583
728087753
726180525
727634164
728015404
729867088
727721715
727666023
725933261
726013261
726235211
729836969
727965375
727693179
727574047
716361434
720220889
716506746
719897583
716395648
725865060
716425684
724177165
724211218
719786623
725834728
724497694
724353056
716331624
724303818
720174626
716304499
716461898
724428139
724246854
708398480
695323364
714446029
714337325
695097108
716243922
714592358
695164047
714385164
695221794
695279514
714422487
704407948
708369455
714860267
714626892
714724836
714681653
714773483
708415833
695001315
690383109
688227581
692636095
694963801
690211173
689988670
689946040
688301492
695057862
692535210
694888244
692480973
690298204
688116973
694928834
688264345
688158901
692589244
688191342
671642699
664004054
686971683
687052663
664062424
664035258
669800499
663976075
687109845
662259114
673249614
671704577
673212206
688076171
669832554
688053256
671679589
682778221
688096724
682820585
655761329
653687094
655813401
650192969
655738285
650258496
653811925
651897381
650296987
650143541
653949706
653730894
653898006
654029023
655563992
650223345
650094245
655530200
655479870
650061596
648265948
649992487
638122353
650012647
638220499
638267583
648466177
648310140
638399346
646931908
650037470
648515090
648377949
638172826
648338735
638444119
648325447
638341118
646988645
638092523
632839760
627617810
627553666
636476209
629804655
636381308
629892807
636420810
636342671
627580869
636512456
620913316
636585258
630808701
620980477
627665871
629720000
627542057
636311751
632855231
605808033
610927743
610833904
620821805
610802855
609048079
607560598
607521492
610862431
607596541
605754222
607631754
609259074
608863860
609282547
607677929
607482530
608953313
610899702
609313010
605398733
605556958
596741531
596721169
605572206
605382726
605603066
605656109
596629636
605515830
604062505
605632199
605460239
596692203
596665253
605679926
604110775
604089253
596773256
605715712
596605331
593371330
592094687
591986419
594900190
594960096
593397724
592033962
593441116
592011628
594872861
593345800
593460088
596556652
593416577
592057153
591955708
594827833
591945462
594932440
579728925
578189918
578214844
581041558
581133468
579678775
581064783
578390490
578438250
580945284
579797691
578274898
578339754
578166008
581002972
580971869
580927442
581092002
578243017
578147784
577109141
573495533
577047197
573571205
573435810
571769051
576923131
576855976
575120858
575002314
571726644
576978447
576703278
577179733
574748202
574634053
573367176
575047130
576666812
575173894
571611142
571425150
566212489
567295583
568746492
566252070
568811425
571385830
571342010
571453542
567319083
568778192
571675342
571486426
567365798
571361193
566206365
571557671
566158087
571525154
561418018
561367937
561310842
561344825
561398004
564262626
562872215
564217895
563070361
563009123
562944838
564299394
564334865
562762855
566113145
562691946
562673208
561450570
562808898
562729189
557484975
560208975
556250413
554884461
556280353
554647313
557617763
560238578
560170696
557550169
556324595
556300440
557640987
554823391
556358609
554702490
557499818
557522356
554752400
557573396
554602141
554525947
548867529
548729583
552975468
554436802
552943099
552918323
548836485
554472187
554378262
552891198
554553998
552861874
554415946
548796311
548759918
548806634
554492904
548699383
543031150
547314205
541595171
548682590
546138972
541575685
547353311
543132452
543101163
543059319
543180331
547506920
546180330
543002787
541523801
547556029
541536899
547582021
547529448
546205943
540358671
535018686
540285044
540278009
540292087
540437223
535114930
540394572
538981703
539015321
538949399
540328442
532071772
535069796
540301928
535153591
534942458
534986562
539056599
539036145
528341077
528293836
525476803
528505743
525549243
528367745
528242964
532001210
528259172
531948330
525636167
525594473
528394785
528648885
531804540
531814205
528603346
528566677
528441224
528526942
519447210
521532961
521506631
518437116
520008822
521474745
523345913
519966411
519824153
519709508
519498528
521361382
521569574
518482908
519752925
521342887
519910885
519782066
521404648
519863269
518129582
516517551
518302580
514729200
516307028
516216626
514755565
516162812
514806982
516361198
516557934
516024139
518232986
518332221
516089733
518174603
516413519
518380679
516463349
518255113
513390792
513221192
509831902
514577011
513473822
513334469
513518836
513245797
513434030
514700629
514536493
513189448
514554449
513307278
514606746
514672011
513355789
513167469
513276376
514641743
509684571
507520943
503566446
508732724
503623067
509589607
507478908
507441178
508878579
508962257
507562979
503750924
508784675
507471119
503654419
508762147
509754397
508927171
509658541
507420526
500680641
503419873
503144141
502499422
500604526
500622531
502434619
502664350
500569693
500527965
500518429
502301623
502876264
503035822
502212927
502585873
500530822
502375396
500480626
502772063
496614838
499367416
499324056
500424052
499239391
500358047
499075392
500386126
496794748
496441615
496221211
499195214
496913532
496080022
499146822
500450794
496513575
496029587
499105052
499280155
492553582
492509908
492444047
492421577
494393946
495872450
494302164
492641231
492694879
492476487
495775605
492854786
495435370
492772653
494343247
495840380
495504065
492587645
495993559
495813167
490739447
490677810
489222352
489112959
490893932
489048182
489271707
490982329
490818938
488919872
488881275
489011172
489096270
492389244
489053873
491061099
489004623
488953180
490620421
490573501
486049093
486025727
485999585
486109847
486083666
487703003
487523858
488780541
487639560
487674744
487600216
487549562
486138680
488799148
488851408
488817746
486131442
487757060
487805145
486141207
481439202
481412219
482705855
482856618
484501790
484618276
482971663
484569617
482784987
482997111
482736748
482592452
481466745
484612212
482829780
481436668
484658379
484548209
484191948
482853077
479078951
480568904
480245541
479016670
479241205
479352827
480523429
479299683
479050285
479188314
480404164
480347601
480316147
480449737
479153369
477434441
480453768
480288701
479013870
479120629
476899495
477260543
476963764
476674510
471458977
477365130
477212343
477025238
477405314
477167861
477031002
471553983
475232882
477303359
476718430
477098307
471505415
476857309
476771456
475135464
471274477
470940159
466701416
466773656
467866425
466733239
471014919
467904174
471382835
471074807
467983634
467925994
471409733
471137341
471205210
466797528
471329822
467952328
466754952
466674233
463579732
457008581
465286160
465228276
465091361
465824531
465139205
463619716
465182620
465703605
465035082
463518797
465645506
463674646
463652278
465180086
465757089
463734814
465264519
463701792
456926053
453534515
456867543
453503164
453403973
453577993
456776959
456714596
456900831
453495926
455151459
456675444
453449703
456950686
453560205
456804332
455119944
456836045
455063905
456977336
450509976
442759620
440522268
442836334
450471332
440561853
452006566
440476959
450629009
450536235
442865782
440447652
440501714
442805103
440543600
453358715
450553955
450601967
450573190
442799177
437897550
437817578
439198304
437947870
431533747
439139459
439164560
437786847
439285787
437855498
431561794
437759405
437778033
439123299
439280897
437791135
439232880
439257905
439138570
438000922
427351794
429964825
427386347
427483393
431407769
431385310
429944542
427307078
428873975
431493932
431429116
427433887
427217317
427175891
431467684
428837111
430026490
427541823
427138071
431452600
421206368
427061021
425593930
427099438
425660704
419619424
418610713
418583476
421366123
419698106
418637831
419741634
419835007
421459160
425633335
419874745
419782813
419671626
421290579
421408759
415082573
405929373
405522766
415194992
415227764
412302319
415246211
412321356
412282183
412474327
412346165
405570681
415110924
415064245
412379397
405874032
405967674
412415589
405543630
412447184
405436331
402231551
404392282
404348452
403369393
403301035
403042486
405465878
392301953
405395526
402321049
403014394
402261517
402237044
405493402
403333101
403060721
392263819
402288627
392298180
390922317
384160905
384039606
385477645
390963643
391002922
384097752
389637192
385377821
390926422
389697578
390947847
383989938
383915702
392205573
384087021
384249533
383889532
389614806
385428433
382594420
374167517
369398034
367733455
367786529
374139652
382627749
380272095
380164596
380220437
380119778
369464019
367815796
382571482
382551196
382545437
367756800
382609230
383855862
374199048
365202608
366449050
366430468
366658075
366626180
366400517
364309959
364285978
365236934
364218879
364193917
366528006
365529367
366497048
366595039
365234333
365220786
364229680
366565036
364255059
356802460
357812856
356812224
355481712
359138323
357818637
355639955
356816840
355450610
357870436
359195761
356775638
364125962
355669759
357835870
357901936
364172791
364153559
356747050
355446528
341646794
343299659
344475988
351845551
343400594
344441496
347862602
344555663
352008605
347884757
341624329
343355487
355428481
347843468
344521754
351889793
343235673
351913475
344499020
351899801
340461329
339504591
338366669
340526135
340478977
338387281
338350240
338295875
340498679
339535656
338407506
340551533
338312010
337265914
338336375
337256595
338437977
337285461
340571247
341601082
336341514
336061123
335059319
332159359
333588474
333547581
333628040
332141213
332333605
336089991
335005592
337229611
337208203
332363530
337219070
337242904
335072993
332352507
332127308
336108593
332112935
331208155
330088343
329060569
329034972
329002482
331159983
327546821
331046602
330110630
331253783
331010923
326532345
330993311
330141603
331026218
330077020
332099830
326489900
332096655
325194127
326373047
323980552
323915882
323866556
324832036
326461047
324892543
326138061
326088054
325215580
322898822
322871259
324803756
324872254
325221448
323990112
326419307
323950581
323884817
312916005
316050595
315999007
320815097
320838983
315968431
314896487
315942235
322852160
317025104
321869970
314919232
321842330
320799580
320793168
320772887
322831576
316074790
321894913
312924913
307735195
310629923
311876528
310697410
308006056
307957363
311855662
311835595
307687981
309223194
309200576
309151380
307807047
309142614
309253838
307999127
309177171
307764790
311486315
312881533
296845456
295709399
293268164
280267378
280364330
280293248
289687098
296841692
306089454
295673922
293205090
280400632
280332739
295703066
295662539
295694304
280211841
306073503
295729257
295751455
274587364
275694486
275745111
275722894
274634412
276867845
276751769
276799220
276680007
275662310
276895855
276716930
275595951
276843653
275762450
275634828
275561817
274615900
275497657
274591001
274368700
257269243
257213385
258162249
257297296
258227346
274333532
257234154
257134284
273608701
274503190
257170798
274530171
258291779
257315546
274419353
274472017
257337649
274558533
258203695
252979435
254018981
253028692
256228244
256211959
253966867
252917167
252098669
252040192
252887333
252114086
251988240
252952634
254052664
253964639
253004740
253927722
254083116
252070351
253986944
250839288
250836257
248344847
248279963
250059983
248327933
250942280
249332757
250137335
249353482
250215184
251946157
248239539
251917572
252012138
250175052
250909898
250103288
250870878
250971599
248114966
247317392
247340264
246480099
246466919
246554463
224948159
247232803
246430234
247364510
224928663
247296066
246509681
246573862
248173613
248206954
247254424
247398502
246532972
248301048
222017647
221950119
223453465
223416779
222036134
223334197
222028249
224861897
224782402
224830424
223374728
224896387
221971534
223549069
224805487
223530654
223512013
222048020
222005554
221988632
218842330
218152041
217306738
221260856
221246647
219569318
218810890
221229894
217974984
221196023
218744843
218127304
219619559
217274150
219596412
219643023
219665821
218777997
217310152
218770343
213058760
210763875
216416481
210566811
217166826
212959423
210642820
210734672
210608511
213032690
216451823
212996014
210790624
210705909
210671735
213095754
209031023
217241930
217215441
210527769
206121186
207595473
206000705
208181517
197912960
207637077
206107770
197879471
206065636
198479611
198465690
207548250
206055936
207616891
206045083
198463714
207571284
206089194
206025600
206102825
196488994
197172973
197097947
197027688
197775610
197194914
197793515
197152020
196504668
197060892
196462328
197046065
196436673
197169872
197821092
197113437
197077400
197128278
197846684
197756384
196312988
195658975
195742000
196379351
195022015
195787368
196302375
195758155
196292530
195770350
196415248
195035604
195678030
195007422
196398781
196320584
195705784
195814213
196332926
195690069
194434505
194512080
192092250
192037372
194420657
194400480
192075006
192024917
194449320
194411379
192003164
195005976
194991288
192071252
192015112
192048559
194463907
195000872
194485405
194422100
191394735
189969612
191988342
189956818
188130106
187669821
187598132
187570317
189928546
187639957
189968320
189948488
191374460
189882244
189911039
187659413
187546041
187520967
189938954
187621462
186759636
186636296
185972374
186570904
187480021
186004818
185942290
186820323
186778852
186722675
186698944
186747370
186018653
185995212
185977409
186614211
186765745
186793223
186040586
186667319
185123778
185740669
184469828
184251596
183631390
185862358
185917140
185146446
185189370
184488323
184216570
185893343
185789491
184514899
185102657
185832975
184283194
185175834
184497188
183665052
183563458
181919241
182883756
182007124
182830021
181993080
183596099
182823922
183492210
181967417
181939577
182866185
182848848
181883367
182790603
181816160
183523425
181397854
181843839
181409215
180721357
175358672
181340381
176086254
181347318
180736523
181362994
175297111
181329047
180710598
176068390
181374291
180755716
175322985
180701401
181383662
181325507
180746325
176108110
181313346
171739871
173560009
174836035
171791196
172635106
171749531
174822799
172651689
174165600
171764742
174554919
174221885
174582431
173580466
173544638
174508894
174815293
171782526
173567419
174194954
170167551
171039203
169351700
170852056
170256394
170184263
168844881
171025428
168806204
170148523
170997013
170232250
170983241
170230147
170827169
170201634
170969152
169289155
169320704
168829391
168095233
168213247
167234813
167891200
168176094
168069197
167988682
168223736
168050120
168190924
168747352
168725921
168775069
167364262
168000008
167381027
167272596
168234517
167953737
168244762
166257749
165629965
165785723
166298582
166135769
166222133
166943368
166409664
165677006
165659936
166169250
167039284
165430740
166998140
166323356
166910094
166370024
165768018
165408208
165450508
163768656
164842672
164928505
165133115
165113388
165384312
164919885
163780664
163968088
164965414
164404560
164001583
164241086
163753952
164862433
163740196
164205250
164039272
164073819
165123554
163282492
163673395
158700776
163721827
163653661
163467378
163256801
157822828
163383787
163701556
157080557
157093466
160342365
163356603
157782685
163316026
157084709
163713108
163438007
163688807
155172762
153705859
156139875
154399808
157065212
154391594
155151071
155134694
157036913
156155270
154385218
155252294
156125999
156152755
155184975
156168658
154421621
154437387
154410151
155238936
153682665
151612039
153693269
153644120
152297905
152973869
152964487
152275935
152266700
152255465
152311077
152238685
152234235
152949957
153662822
153671719
151621826
152918412
152325922
152975282
149086109
148420284
149073868
151584181
149131347
149043565
148441579
151594476
151571704
149028944
151561252
149196853
149110586
149099467
149014827
149172621
151550742
148430985
149149806
149115704
148340528
147754355
147725824
148411699
147119735
147671849
148369980
148358967
147677725
147792832
147788970
147769348
147732987
147711808
148401744
148349529
147742717
148390698
147702795
148380823
147093299
146520570
146475607
146409787
147052311
147042637
146389707
146449141
146432927
147015268
147079016
147002571
146994031
146491196
147107359
147063931
147029652
146400926
146580963
146550128
145723170
145683197
134251314
145802241
136002791
145770113
141664237
136046544
134304249
145726713
134275039
134244696
146377754
135947076
136142605
145653645
146241697
135973537
135931236
145844658
132190855
132119337
132143207
131304230
134173227
131347187
131185052
131780305
131325539
134207839
132195259
131235821
132123206
132164329
133020046
131221536
131200870
131295074
134227666
134190954
129499569
131129769
129803968
130409180
129782351
129733126
129762055
129468086
128792951
128774764
131155598
130461937
130506860
129514097
130479239
131159264
130476991
128817997
130443985
128808526
125642230
125694654
128752965
128729943
125672352
125652397
126606351
126475226
127730387
126559132
127250323
127698498
128709376
127752671
126631250
128762016
126510561
125705057
126543536
125659498
124852155
125575096
123955954
124681585
123175442
124015943
124840645
124872481
124822700
125593124
124763729
124742403
124080137
125613493
125596055
124789637
124719233
124064578
123971958
124805026
120362128
121361560
121321705
120381043
123157948
120430898
120396156
123129128
122352742
122364641
123107957
123085051
122378320
122263768
121369610
120413095
122393086
123148632
121339078
122406579
119499871
117879207
119423125
120182980
118659167
119456947
120258214
120212185
118610642
119435212
119473058
119406364
118646437
118632132
119488471
119449228
117844631
117893840
120234033
117860417
117115255
115190197
116386398
114339945
117067901
117099666
117027607
116398948
117047916
117085312
116982782
117012417
116413398
114363130
114305932
114267302
115224822
115283503
115252636
116368959
112019848
112887729
113687574
113671175
112873731
112902122
112687876
112633820
113554801
113696352
112842065
114245002
113577326
113523331
112858265
112666978
113681433
112609959
112721213
112006990
109017340
107903736
110437689
107712403
107651926
111089590
111990081
111112700
111174267
111126456
110411355
108983423
111144282
107754809
111971142
111161253
109046975
110400382
111187791
110424662
105015836
104903360
106380784
106434329
105795865
106410041
105020203
104926840
104314386
106465136
105763687
105743979
106349716
105778233
105716961
105061900
105040856
104995552
104332722
104879619
102557156
102629268
102582878
101841637
101822288
102611197
101886016
101871584
101926789
101351395
102608058
101875215
101803540
103329643
101909302
103485940
101932070
101896504
103462175
101857687
101106851
101299289
101279378
101336537
101251236
100629753
100603950
100988561
100619420
100587267
101014900
100952289
101311479
101075320
100639549
101324223
101053531
101137090
101236157
101263083
100418754
99303903
99277172
100334548
99156839
99129716
99951334
99355122
100455345
100499943
99923722
100547807
99340089
99898506
99862684
100566736
99105239
99324208
100529740
100478784
97473130
97395232
97501969
98382246
97428552
97301001
97535224
98405708
97586027
98999657
96952866
99082432
98302719
96931954
98425576
96917304
99045619
96902462
98352142
97347245
96609001
96843455
95965791
96878110
96533868
96588152
96632792
96158631
96503593
96104860
96556758
96124776
95925367
95853051
96691502
96888319
96073321
95871231
96860521
96813865
95536269
95818109
95099374
94621373
95509984
95123371
94533675
94784100
94753992
93976778
95792970
94558997
95193948
95277121
95150063
93954219
95170118
93925867
94600267
94579870
92785620
93093840
93254085
93710392
92767243
93072528
93751195
93268489
93691288
93891106
92832861
93732218
93293573
92740923
93387544
93360367
93333073
93858275
92814763
93120193
91557468
92587475
85032977
92693090
85021389
85057234
92715883
92661352
92607663
92562699
91568625
92532486
91544526
92628363
91530152
85043232
85111146
85076043
85157161
85135804
84174161
84326457
84591663
84554793
83460603
84684357
84249674
84715311
84350121
84193061
83490206
84310427
84256741
84239605
83498114
85019252
85007483
84633293
84266296
84285033
81713472
81729386
82493995
81875447
81740063
82518348
81866114
81848373
82476622
83449191
83403958
82533804
83417750
81934202
81748174
81737118
81720940
83429470
81958552
81706431
81656946
81616956
81107958
81118877
81678281
81663910
81692089
81647983
81684388
81628073
81098476
81639432
81603111
81124505
81067475
81144017
81132460
81186208
81698685
81467044
80540324
80463120
80476951
80486547
80440612
80019181
79934707
79916592
79898791
81057664
80516902
80454925
80564290
80422758
80508970
79907592
80553167
81045856
80532078
79945147
78004567
79182785
78666999
78641585
78749502
78693807
78635649
78527384
79195718
78553864
78663628
78518293
78719226
78055812
78509009
78544685
79204640
78772297
77990860
78495267
77325319
77425630
77890722
77377771
77410814
77903364
77852064
77962920
77388421
77365422
76887083
76899128
77840817
77347028
77975185
77335810
77876800
77861778
77357428
77399029
76869696
76734654
76334843
76802165
76746987
76858448
76778069
76421976
76407275
76364585
76295263
76374562
76757899
76352145
76288167
76878611
76767635
76437992
76393729
76345356
75953036
76281750
75801172
75758050
75791976
75736447
75992223
75767149
75835132
75781492
75874987
76274533
75812620
75934876
75706035
75970797
75824276
75919247
75904112
76270829
75166010
75660684
74166122
75124212
74744390
74698245
74183224
74371473
74786545
74352154
74174849
75686255
75160304
74311653
75677876
74765046
74723413
74686459
74129828
75143728
73219852
73675946
73258165
74089017
73247371
74117794
73646809
73626839
73232712
73700601
73683067
73194243
73663791
73635608
74099055
73690994
74104964
73566859
73618635
73713800
72669397
72733899
73153226
72695005
72839764
72711243
72814203
72826342
72798397
73168749
72628464
73166844
72742561
72727542
72613401
72649941
72274316
72782012
72773244
73178401
72108808
72092701
72074970
72026634
71991344
72235765
72162257
72047818
71567101
71485667
72246968
71553799
72176991
71445366
72261263
72202162
72225644
72151789
72212056
71542815
70101102
70841060
70781545
70620541
70565600
70164688
70646519
70597399
70763847
70814135
70831255
70081115
70175450
70090619
71428679
70802863
70149976
70547848
70772697
70102912
70053529
70021906
69521963
69614906
69638234
69651033
69503397
69462894
69686910
69603115
70069857
70037699
69485808
69594219
69676342
69657313
69538997
69443281
69581981
69555809
69164036
69399608
69151257
69132186
69098634
69200264
69250529
69420815
69177602
69238666
69379402
69226897
69060802
69043923
69108294
69215940
69080310
69208039
69142018
69120769
66275244
65955935
65974055
66266443
65944227
65920616
66313665
66245585
66343641
66333712
66303020
66286930
66258709
66234976
65988095
66224910
66325046
66250818
65932280
66294918
65477070
65601994
65900039
65505972
65586267
65560582
65911845
65876677
65901915
65857679
65572759
65488288
65866747
65889804
65548999
65520979
65621978
65539811
65537284
65480588
65016932
64986377
65408304
65110423
65415726
65038242
65071107
65465142
65096158
65081688
65421640
65045710
65031371
65002570
64993869
65054586
65024549
65060658
64758305
65429007
64105719
64662253
64639173
64423564
64566438
64684416
64455722
64611953
64478931
64150365
64705555
64584146
64468402
64131709
64440226
64086320
64071530
64595878
64730200
64446021
63566958
63954772
63505239
63530759
64048434
63594272
63544540
63489158
63475633
63455223
63994013
64033846
63618470
63442160
63427265
63644794
64011051
63943865
63933104
63919352
62943722
62935496
62964213
63300842
63292132
62898360
63344141
62867588
63317166
63398518
63416614
62875829
62928901
62884756
62916849
63376292
62952014
62859518
62906313
63356247
62467072
62433194
62166098
62505309
62811303
62526695
62799231
62495935
62179190
62457254
62837590
62421594
62449007
62539491
62518375
62440429
62550751
62562110
62511935
62847523
62088826
62099774
62108271
62045437
62138835
62150201
62121233
62051777
62028402
62000430
61968598
61954102
62077888
62020075
62008474
61689909
62035874
61939143
61978344
62062129
61460543
61630730
61678577
61620170
61611467
61594181
61564473
61532361
61584881
61572148
61508760
61494919
61665410
61642651
61521425
61446036
61601517
61656247
61557190
61547299
61000580
60812977
60885530
61126905
61076861
60870757
60835753
61011122
61114527
61142083
61021571
61090461
61028971
60963507
60855939
60988709
61076042
60978416
61101516
61420613
60390033
59990885
60273365
59935527
60339380
59966865
59905018
59980286
60302406
60003733
60008750
60242499
59944694
60289666
60363813
60258352
60327806
59982330
60376807
59919443
59807897
59771031
59464125
59406544
59739532
59894304
59473583
59785182
59449393
59865634
59850445
59439848
59755386
59832424
59453922
59507601
59496344
59420525
59484444
59883638
59337438
59288543
59105319
58658081
59353443
59110116
59271949
59119899
59244010
59095340
58694743
58688196
58710090
58672223
58664318
59292519
58724691
59375083
59311007
59226631
58241060
58162370
58216913
58176163
58061983
57980551
58039668
58129183
58192335
58227223
58638837
58656688
58105071
58233721
58137688
58187693
58151307
58647513
58082035
58629604
57593665
57269954
56219610
56203005
57626887
57577778
57534499
57250777
57287013
56196379
57940517
57611791
57644833
57555403
57301678
57245815
56211795
57959126
57259633
56187396
55692129
56061926
55742649
56151936
56179107
55730938
55331963
55714438
56166787
56120047
56143670
55720927
55699044
55736470
55684336
56132609
56095918
56084121
56028169
55725612
54804555
55268188
55236675
54876607
54851767
54843019
54828559
54791835
55306122
54885496
55327402
55286245
55253330
54893983
55314255
55320932
55277139
54914462
54904909
54865705
54389553
54425546
54543740
54409895
54496101
54525912
54479877
54442395
54417198
54380644
54462751
54435195
54408207
54399908
54360230
54340331
54510729
54482968
54453735
54371912
53932910
53970369
53059926
54306437
53489905
53994625
54326501
54093100
54073080
54008140
54040032
53950060
54019276
53511447
53497484
53943039
53981196
53523871
53959095
54283392
51951844
52673971
53023300
52317086
53015125
51982908
51961821
52002186
52664702
52305878
51970479
53052287
51996208
51978013
53046931
53040114
52680461
51990819
53034147
52295285
50279654
49987069
50004061
50271881
51942009
51239173
51911053
50008587
49997180
50012671
51895837
51442291
50254387
51463004
49992787
50018562
51474947
50260978
51931148
50265640
49981914
49720387
49546154
49507059
49478153
49534405
49663239
49635474
49360088
49697510
49610933
49595189
49715482
49673309
49704991
49688708
49976684
49520336
49650275
49488994
49205077
49348805
49312330
48132246
48119950
48124745
48421082
48755515
47841110
48749169
48436270
49328995
49298337
48743743
48430543
47832517
49338487
48423287
47835818
48141889
45211566
47512132
46014712
46026610
44925506
45201876
45134887
47829014
46831869
47577798
45189833
44939072
46818243
44958026
44932607
46018782
47822063
46849778
44963585
44945377
44919989
44091801
43772099
44905798
44544754
43836773
44599731
44577685
44852512
44610439
44563035
44570678
44337302
44287768
43765075
44839177
43606371
44552652
44330714
43778525
42109259
43409979
43550879
43543357
43435650
43385296
42358680
41322409
43562165
43457954
43451924
43600625
43538422
43404585
43423362
42114500
43531698
42302355
43556483
42307644
41072084
40843170
40809009
40299833
40060884
40833345
40310181
41108029
41059133
39523889
40815123
39531008
41133409
40054963
39528283
41115937
41123470
41064809
39770028
40556051
37647302
38678585
36626212
36380722
36892845
36372665
36129104
38171611
36134964
36632352
36637524
37638267
36644742
36388669
36143780
36887533
37595629
36904647
36899299
37604158
35661897
35701560
35867495
35856046
35889472
35693687
35654170
35522701
35709807
35686153
35649781
35898222
35679508
35512010
35496779
35894260
35707884
35673440
35884406
35862713
35185009
34178224
34019441
35176923
34223378
34448417
35432429
34462748
34215345
35172073
34208364
35449514
34008543
34441809
34944586
35164274
34938468
35442010
34467316
34457143
33942696
33931261
33919532
33914423
33898395
33733932
33970178
33707952
33991247
33984310
33975490
33962607
33935829
33955760
33925133
33904507
33721460
33996934
33715128
33947448
33391680
33249852
33696176
33212193
33680389
33463037
33206277
33383594
33362952
33370739
33202602
33687823
33444976
33449407
33007187
33196041
33179960
33016298
33397007
33455601
32719364
32995579
32711852
32036945
32458255
32076577
32990039
32305131
33001083
32503308
32297873
32026089
32313847
32495129
32271163
32049618
32324913
32729285
32451323
32289127
31286748
31280568
31772728
31048962
31782734
31776895
31038177
31795732
31537127
31517092
31044362
31530804
31801933
31026524
31765110
30885126
31787250
31541745
31523898
31292197
30423490
30839332
30733230
30415539
29015800
30600173
30878769
30717613
30591528
30396403
30375377
27348012
27744138
30849937
30846019
30401526
27342921
30872195
29875624
30865828
24706134
24730352
25997627
26719700
26213442
25128612
24924189
26020040
24909779
25123071
24911839
25979320
27337436
24620747
24901752
24613539
24723721
24715708
26713045
25987469
21943497
23409423
21954306
24027565
24113465
22094344
22060983
21020889
23419119
23414298
21937411
23459523
21016067
23453751
24013384
23448120
24018087
23440068
21011386
21947696
20763911
20431907
20089065
20085505
20322740
20438987
20329216
20096119
20825783
20425186
20835504
20839743
20444322
21006914
20992444
20279149
20830444
20848072
20841556
20758326
19349628
19775833
19205913
19310119
19346245
20080388
19471468
19342220
19669386
19781956
19665032
19912032
19460293
19338290
19203527
19336023
19465363
19352952
19331598
19303971
19189465
19058631
19194703
19062260
16116460
19048435
16131878
19181252
19173370
19057201
17997359
16240039
16253725
19198615
16250237
16120808
19053072
16135589
19065159
17723199
15861166
15854806
15827708
15113818
15840447
16109948
15741773
15726798
15837021
15242234
15729986
15246840
15845192
15085546
15073874
15866073
15080160
15831838
15735944
15243574
13635764
13629640
13460512
13598618
13647065
13652535
13792239
13467603
14623988
14614781
13572474
13604848
13611023
13660371
13640166
13796283
13622934
13788818
13799044
13582856
13425202
12784764
13400680
12920445
13431047
12791030
12639612
12899078
12620110
13450232
12759026
12627494
13455312
13419069
13062773
12797236
12777592
12768094
12906247
12762497
12120897
12112801
12053271
11900177
12140546
11402481
11294590
12020293
12118574
12127909
11302028
11289550
11284643
11277777
11307079
12097256
11383659
12120552
11396693
11390391
10226507
11237547
11259612
10696751
10308034
11130954
11102365
10822590
9612084
11108435
10941791
10300923
9597147
10952160
11266923
11125907
9616772
10946401
9603199
11114274
9574127
9526430
9468596
9429099
9519206
9498432
9491488
9439447
9495026
9512978
9522209
9508508
9503138
9332599
9433861
9344252
9578580
9422711
9339016
9473285
7334771
7332699
7343544
9322269
8650961
7950401
7847559
9328198
8646515
8644195
7947570
7346945
7345127
7340057
7337858
5745577
4931592
7858746
7852577
8626272
1467686
1847943
669002
1526902
1409337
1523425
367024
361357
1413720
988043
1526077
4352597
1469130
1411315
1238308
1241477
989149
367926
1407927
365007
54918
61119
25793
35342
32144
32101
360122
359200
35537
28496
31977
54648
35460
54753
35405
61186
54801
57555
32068
25067
24973
24443
23432
24598
24652
23363
24316
24387
24164
23302
24792
24961
24397
24895
24855
24225
24110
24705
24755
24499
23262
23177
18285
22368
22700
22892
22449
23250
22773
22260
23030
22626
23102
22331
22248
22518
22823
22960
23152
22543
16445
14380
14450
16466
14370
16159
14808
16475
14828
16048
15493
16432
14424
15622
14415
16054
14401
14390
17004
16037
