1191518527
1188651867
1197424299
1197172301
1190807674
1196276692
1196367798
1196130945
1188721743
1195349351
1191578433
1197508153
1195275292
1187746650
1195161286
1188779833
1187544646
1189988154
1195409955
1190734106
1185763021
1186023463
1180748771
1187442567
1182377974
1183565389
1183741387
1178487359
1182793829
1183663478
1183049776
1186953865
1183784361
1185908064
1182958504
1179756924
1186107975
1187068957
1179800025
1174969294
1168687244
1167574691
1168575264
1173932457
1172516299
1167482346
1174642462
1172347280
1173796043
1174791483
1173700993
1173616073
1173494322
1172921246
1174883285
1172845259
1172666441
1166806633
1168475206
1172590211
1165237956
1166411540
1162409090
1166045893
1164649242
1164462550
1166207913
1161995806
1166555840
1166353928
1163980843
1161930153
1162554478
1164336441
1164262765
1164020092
1166638767
1164920775
1164753313
1164536797
1160354490
1155457164
1159761706
1158066969
1157725223
1156397702
1154076043
1155380647
1156606199
1160536212
1156333130
1158825677
1155873957
1159872104
1157658387
1155948240
1158004662
1155688214
1153835011
1159943365
1143074353
1148326695
1146005855
1142969998
1142801628
1140933174
1140729260
1153476905
1153638685
1153369281
1152874703
1152809490
1150691350
1143809583
1140818479
1150553107
1149879581
1146311056
1149930244
1144667838
1140617750
1139926833
1139614140
1138297727
1138005913
1139796601
1140517845
1140060306
1118401998
1118286752
1137876916
1139142861
1140358791
1138396198
1138140960
1137716675
1113856080
1111700637
1138504101
1111768420
1102271091
1091424957
1092863949
1111257158
1092518854
1107234587
1111634548
1092265510
1107020388
1092965354
1101130147
1106720789
1092790947
1093174967
1111520879
1108228407
1092351492
1107149387
1108314149
1093504398
1086338942
1088689279
1086204178
1086839452
1089198318
1090039342
1091326166
1083908375
1086973034
1084016936
1091175346
1086906658
1085451339
1089007527
1086764664
1087461027
1089122159
1088898299
1087568359
1087021432
1076245637
1083637095
1079669663
1076669372
1075962472
1075242508
1079460518
1075418959
1075349863
1076562443
1079525858
1078856409
1078496621
1080182722
1076099203
1075140353
1077817927
1078228588
1076369730
1077771281
1072635902
1070920695
1070247068
1075055184
1071591835
1071863809
1071055190
1070366445
1070172935
1071378523
1070456271
1070528931
1070312273
1071695914
1071200256
1073680329
1071774740
1073534717
1070643675
1074196845
1064123264
1045919225
1064376187
1056179139
1046029760
1055242638
1064170404
1054644995
1045988772
1069209693
1064369508
1070095770
1070003566
1064131399
1064053715
1057668952
1055979544
1064244266
1055588622
1054845593
1038797250
1038100922
1045664646
1037946953
1043937764
1042091498
1044871865
1038050511
1041386488
1043832714
1044122140
1044613574
1041327227
1044245432
1041863125
1045855794
1044490874
1041173509
1041610679
1041482128
1036833116
1035114227
1037881180
1034993469
1030113725
1035229010
1037818641
1029099638
1036780743
1037724070
1036092611
1031000085
1030175931
1032826593
1028675444
1036038634
1036143842
1035416648
1036998343
1034616368
1024740756
1024212393
1027756469
1024450516
1025515744
1025432115
1028580604
1022991224
1026439694
1025632141
1026714528
1022676308
1023127849
1026614140
1024284775
1025336278
1025254098
1024651821
1022859307
1025568615
1022238853
1020796335
1019679065
1020928883
1020595891
1018298349
1019602969
1020341065
1019396378
1021686008
1016653892
1012199265
1013300283
1011714766
1019802711
1022126973
1019743846
1019852653
1021638812
1021595396
1006519868
1004499348
1004775267
1004425182
1007273774
1004362134
1006143725
1009268064
1006777492
1006813161
1004662016
1004259387
1009477682
1002109050
1004739588
1009377618
1011648853
1004578438
1009716275
1007973099
998981289
1001316295
1000277422
998137977
1001121454
1000355484
1001184829
1000008913
999565743
999423863
998190349
1000430223
1001284027
1000521712
1001970386
998826865
999204194
999050279
1000160280
1000468970
995814404
997924390
995856182
997158101
995261110
996966346
994595192
995587951
997832036
998003176
996750638
995781473
995522947
995654621
996519111
996446384
996686358
994461486
998070510
995728540
988284015
991961003
988993201
990938905
988338276
990801408
992177707
990553249
988215999
990070756
990473550
992023221
992088293
993202319
990352475
988670236
991884062
994116567
993307623
989525806
983428889
982055949
981913379
984581611
980893972
975043758
974966844
984437071
984869765
984752148
981798452
975091375
986467442
985577645
983129735
986590765
985645876
984341535
984108965
984193505
959661057
973980717
972392926
965400355
972695133
960211790
973359727
973856152
972230926
959544193
960363500
973266284
959723284
959599248
965488856
965595969
973918825
973810962
973164832
974108953
953366196
953473791
952311735
952968068
953292388
958287541
958187480
952066842
952406320
953164511
953066765
959129648
958895434
952239639
958028850
958345987
959071675
952388691
958998096
952480000
944868022
949956241
951841794
950475108
951538979
942840463
949446304
950537618
951422100
944735821
943782660
950407973
951629017
944637810
950344192
949625591
942892198
942703403
944796297
949343131
936645067
931053577
916665062
941161277
941608252
931157209
941318100
941749122
942228703
941426280
931969539
930746736
932018693
936511291
916736922
931783639
926446405
930908038
916794342
942104931
891026394
915527882
904021788
916567603
902055538
901884747
905865515
914126395
915875692
914172107
901961314
903940957
900054273
901829198
899982366
916619152
912924798
914070666
915366270
914207022
889896484
890975340
886927597
886674706
889710324
886635905
887742748
887826990
890048815
889983368
889818721
886946320
890183069
886727407
890900550
889198838
886799602
890147834
890104373
889652767
872867402
871317753
884708350
873372068
872802647
876031682
875923650
871180668
872738443
884888685
875592585
872941044
870442385
870217285
873517057
873419896
870335034
870285115
871266765
873578969
857035964
865337895
865219583
866682603
858154281
858284528
870119959
856804941
843884192
870176172
862697690
857644236
856864005
856705235
843818454
843738544
866859325
856731269
857099350
858206474
843671911
721898636
722099898
842032364
714296715
738233440
716179250
722741842
790705789
714325478
716151058
715952749
722804572
715873251
716044209
842149791
721812644
721956458
738257087
716088544
714153981
698003253
711650872
712365893
694848368
696637515
714256197
712414169
709198271
709311864
711754869
696819514
714032396
714206791
709269059
714108521
696773973
712315624
696711352
713933439
687470096
686212438
687870844
692425607
688095403
694814043
694724674
688074376
686179436
686152289
684423014
687971097
692595750
686122919
687931640
691680576
687740699
684459329
687064819
692398760
682531064
683336268
682133490
684228423
684350107
684309570
684262600
684153333
683593080
682466187
684329075
684105194
682208347
683815010
682061334
680739041
684287730
683244396
682503714
684380266
674742646
677937147
674701499
674332226
680715516
674951479
678073287
675436529
674255001
674855907
675370120
674799572
674977245
674778883
674830982
678760723
677826914
674924143
674881241
674903585
671283465
670415109
670351535
669731079
671427938
670961591
674178588
669671483
671235777
671198337
671320648
669776313
669623471
671364539
670490816
669797688
674027725
671393835
669290175
670845030
666796448
663816263
662811772
664299704
664973961
664519568
662704317
664789734
668078186
662937323
669174240
666643697
663741132
663641659
666517998
668358769
668101917
664214278
668777620
668290416
657745842
652713686
660313063
662576396
660382772
658684761
651533292
658794164
662358021
660407873
658734466
653476441
653565097
658766685
657846409
653536894
658813814
660345454
662504957
661951828
649698605
649596628
649037176
649867962
651348982
649756498
649525678
649832439
650830302
649896371
650415018
650709241
650370593
648935566
651268078
651487944
651501554
651408729
650530860
649802175
645962344
646225627
646133336
644949784
644853257
644555465
644211800
645266896
647263792
645189420
646672120
645084083
645301161
647324756
645049255
645229327
644704421
645011571
646713228
646634940
638739282
641557573
640583051
643398697
638667983
637994085
637931122
635286131
634358613
644144672
634416071
643462488
643493847
642602429
640484362
634465688
642715611
641520767
640354236
635216485
634299448
624383277
634251745
625058231
624540995
624441809
630788325
625979084
627357954
626642967
624498989
624413013
625950963
627645878
625926922
624359410
630885025
632619180
624517746
632683413
622257364
622923297
619163397
618925195
621459265
621402888
619261891
621219985
616603389
619555888
621538359
622330522
619483718
623693605
621368796
624322776
619015453
621114744
621498003
621558725
609185358
615907853
613514174
609162495
610568925
609116411
616559192
615807948
610589640
609077019
616006186
614345257
613478793
614252171
612682427
610540722
610512383
609215403
610443979
610392050
608065421
608656483
605199550
608974965
607410883
606997299
607317762
607205213
607366797
606900521
607134027
608582889
606821469
606164592
603563948
609017621
607487414
607457961
605532543
608010035
596669823
600124662
597248542
596585067
596617554
600255831
601024713
603315826
600361864
601092474
603459600
596534592
597500496
603371224
601062472
597183496
601143785
597132539
601119592
600227190
593015540
595895572
593327159
589680138
592712632
593240132
589646396
589342527
591526745
589725514
593345935
592831777
592622518
590235960
588779734
590075176
593274996
595813744
589960582
589770680
587066160
587141571
587559323
584333382
582411717
587868612
587816451
586150929
587276373
588503174
586189314
582382243
584300907
588579377
586223397
585484373
584271876
587726848
587774263
587903501
579032105
577129364
580332628
577250408
578610457
576179742
576428231
582352188
581937902
580862677
578375340
576272060
578918710
578040463
580899048
576469038
581817104
576389462
576510452
576027292
566622181
575743306
567086866
571728288
575649012
574600800
575848314
567129150
572285433
574478886
567107402
574644063
566851162
573199505
574531807
572419864
567053831
574677539
573095668
572120568
566443978
558544990
564511858
558596467
564967096
561418026
561459556
561916921
561522914
566534956
564887026
562895269
564650519
561837722
561568111
564818300
562569281
564731551
561717254
561648447
548100047
555975294
555933019
548628454
556683963
555883182
557298258
555570471
555379217
554847978
549380875
555498105
549718445
555648754
554905136
548007730
557270222
549445842
548592738
547758635
545100773
543118487
543327116
547700170
538877251
547578137
545018739
542549438
545195290
544298081
543265998
539640268
544341608
538901591
545283608
545113688
543085122
542467218
538078398
543045310
537180747
536706703
536076087
536012476
537507873
535827740
537264460
537104407
535361342
537546908
538037230
535292548
537422006
536733839
535896439
535262359
536774014
536670447
535762823
535434429
532631582
532449027
528074354
534649336
530875754
529392904
534587909
532731035
529500080
529306924
528109126
529180414
532521709
535230887
535243915
534701622
533001277
531049549
528147966
534742819
524893710
515733700
527299564
527885352
525186129
526141194
524332766
528033957
526477045
526223480
527344378
525149506
525051614
524451202
527476749
515775117
521979266
527270412
522041225
524218405
471234436
461523458
512558790
470654177
461805244
455867678
487716195
473371746
468644851
464458538
456114060
460192729
456000360
490945083
515684193
512688207
512631322
473443123
473321624
512858624
453367132
453307016
451960210
451748400
453531108
453167794
451883212
455784087
451821585
455713296
455099188
453244465
451930350
455155648
453485662
455638659
455649536
453423225
455039338
455566062
450343495
443347954
441626969
451491378
450034716
437682118
441501513
437625019
450285566
450101152
438766952
443270970
440323060
437601430
450376834
437558150
449872350
441896042
451670790
451590884
432800650
435151538
434166243
437397626
435238762
433767007
430806478
417933706
432483977
434244994
429521014
432526532
426540425
418254174
418066235
429593813
418295473
433849231
434000068
437441994
415459166
415719331
415322684
413975894
412869001
412989355
412752280
412633302
415351469
412694935
415699558
415411808
416593214
415295529
414278358
408837938
416698218
416720372
415397190
414105135
402838803
408809333
408780542
405494447
405390466
404600962
404545348
402316207
408705666
405467220
400841393
408754155
405353033
405232516
406291321
408434176
406184649
405425802
408695491
405298302
399720194
400005328
397886156
400813462
398911996
400772927
400805792
400038698
400104457
399663734
396984283
400779691
400069716
399990368
397772585
396452044
398967638
398995883
399706229
396168365
394702666
394314893
394065601
394674820
394766077
395491853
394597077
394235694
394284368
395594137
394011328
394059354
393646817
394177721
394734253
395651367
395547655
394652698
394130992
394628311
383120120
382918724
386527788
382887102
382850596
391689835
388724172
383456557
391828558
387585363
383706817
390989328
391865023
383384706
386397696
391900133
383555036
391950731
391927026
383209089
380089050
381822594
381380114
380741773
380356558
382109474
379842537
379680718
380162688
379708932
381440950
380959145
382436417
382310667
381409934
379720702
381299310
382353760
380132917
381336737
378912690
377876641
376353864
376145518
378850434
377899554
376086196
378359184
376888054
376014822
379531953
378705263
377952898
379566526
377496400
378451291
378840614
377926508
376834597
376300804
373928440
372615293
371172708
374745037
374380054
375881769
373900986
375832242
375939651
369723053
372363097
374271694
373470572
372721784
373784971
375390863
374624122
373862074
374776944
374687234
366016244
366213910
365078520
365448215
366066661
369584426
366303647
366326882
365154615
366148204
365868260
368218897
366251083
365473649
365200702
365177738
369041090
365119095
368350338
366273005
363877234
363716611
364389278
363541447
363152996
363997725
363652506
363449058
364415169
364021690
364824724
363912856
364463047
365041248
363953684
363125852
364736961
364704618
364365971
363190977
360874371
361955389
361466718
362485181
362733137
362866098
362377795
362843735
362820448
362001222
362291120
360247698
361599591
361559795
362790409
362862770
362419975
362577335
362036060
361520685
357050767
356459800
355813866
353645569
353535950
352393093
360166215
356848362
355761727
358366242
356380719
355933384
355639553
353599312
356339983
356269232
360209214
356222933
356416944
355817565
346137406
346479904
340916541
352129460
340802397
340754894
340853934
341646580
340668948
340357132
352068621
339724107
341673356
338575101
346509535
340347697
341625747
340693452
351990741
351893196
338398734
325896785
338545047
338107063
338424952
327980463
338453531
329583909
328035717
327901106
326789546
338485998
327931453
325933236
329468325
338058218
329411172
326724614
325919186
325928065
314673952
314168288
320810309
320180622
312937732
312334948
314348141
312627471
312991867
325621138
321513314
312589658
312967161
325779056
318880667
325702326
314211151
325543213
314280292
313000881
303853234
307418913
307484944
307398038
303892695
311514346
303944410
309685029
306473806
307035206
305196918
308103023
306644337
305166658
312351665
302858560
306583938
305227347
312283311
303989522
290932674
289405440
289295965
290971513
288789573
297879668
291044637
295627327
302769380
302698630
289341336
297837810
291010384
295646622
289375601
300861002
290897652
302631601
297811957
294956942
284440149
284698900
283676798
288714890
287936401
283704900
287521765
284707783
286675052
284858916
286437678
287556163
288630736
284645274
284896722
288672145
284881424
286599551
287992324
284590788
281144896
280064519
280745880
280848314
281879951
281361939
281202996
280802074
280714466
280350065
282416516
280023423
280393641
281873053
280261419
281371119
280105976
280301284
283647132
283567288
278815324
278861536
277704322
278040501
277752083
279153675
279038407
279972972
277794462
277629920
279925361
278954254
277692687
279089332
277928239
277313461
277849061
278772639
276852766
277988531
276593818
276579354
275420382
274960012
276095003
276055083
274416860
276144148
276157676
275478698
276822918
275617944
276501934
275402007
275289800
274921387
274572068
274549051
276702720
276787248
272623751
274204019
273293003
273018235
272674657
273380689
272581287
274358676
273408503
273328642
273798585
272683998
270472907
272678166
273751054
273718314
273358810
273072022
273841706
272974480
270154242
270309706
270212031
262162603
267385880
258202919
258308002
270200871
258337392
258235338
270252420
269192521
269142773
258267361
258156434
262471179
269097026
267397399
262428156
262399392
252569572
255752422
254665294
258113836
255712972
255334626
258084402
254718373
252635594
252510800
255786930
252774090
254772263
255650186
257974198
254425822
254363139
252497707
251905525
257988445
248208378
248143911
249319456
251476596
249976414
251813639
249298219
251449351
250010396
248176113
251764375
250104465
248802111
248590835
251418792
250063513
248747878
251851181
249338076
248861582
247044319
247377435
248556198
246297901
248115455
247085408
247882467
245924931
247295135
247235585
247174850
247116036
246355254
247844984
246247923
247403088
247350135
245958580
245998990
246026407
245108706
244777846
242844907
236883085
245242491
244749116
244869812
244847915
245137902
236807065
245214041
243090681
242706827
244533980
244823282
236741631
244694094
236931277
245177132
243920031
233457407
233811094
232800673
235751709
235780642
235755955
232767760
235727505
234328581
235804673
233885865
234085851
233857725
233436181
233283920
232828762
234304406
234121477
234275949
235691655
231145822
231852005
230780731
231428663
231091287
230919221
230626940
231250634
230952630
231149467
231232563
231889734
231052033
230641950
231118819
231524483
230670450
230868048
231805311
231683676
228632668
225456414
224204895
225303452
229086086
226394832
226365041
224172973
224123875
223995639
229108973
226490385
225425655
228596746
225337642
226450972
224081674
226530863
224023464
225376971
218840608
216803425
219067834
223051967
217521358
222618583
217222857
218709361
217162723
220102271
218872296
218824859
222568791
223011013
223976914
218795949
217183951
218760435
217129931
216821569
214286652
212334568
212496440
215455830
213257448
216441931
215416028
213225113
212462401
216474309
212906700
212421434
216405724
216763731
216784603
214257205
212950268
212380113
212343765
215265664
208994222
212250663
209727522
209827876
209043882
211185897
212296846
212181513
212258441
210719473
211154432
208674887
210786762
208628579
210752976
209787755
208919622
212219537
209688844
211194373
202894584
204025823
203850163
207506852
203991454
203216704
202792429
202855073
207363554
203871705
207540529
207315238
203309188
203166442
207406997
203222835
202873378
203959775
207471398
203413168
201670278
200858874
201395067
201775130
202710830
202762122
201361499
200927379
200895078
201423922
201613755
201834212
201441279
201724240
201353349
201409722
200931250
200952074
201381786
202706947
197356838
200811319
200616741
200304392
197195230
196658559
200589204
197978709
200640153
199627460
197407771
196707210
197305538
197129819
200336731
200384185
196584022
200838136
197399604
196497832
194550392
194475777
193931667
193531835
195090694
194653186
193498031
194458664
193993215
194614468
193883393
195650761
195146645
194851963
195236379
193512871
194495016
193825666
195170800
194582537
192662503
192544286
193122826
192615496
189626628
187617393
193472984
189863305
186654551
189474410
189453601
192486504
188002233
187982114
193366976
192888896
192636008
192938186
192577477
193400433
186283154
183510716
183665545
183454498
183147653
183030548
182449776
185176618
186318064
181722823
185144196
183611692
183407826
181673823
183557641
183100390
183131383
183056423
185075868
186384131
179743323
178992435
176037363
175993750
181021156
175961593
175821820
175778634
181630290
180976266
176046193
176051842
178081830
179706483
178057159
175833641
181075889
181064295
181141636
179696727
165631057
162518322
171312267
162466647
161563539
162554956
160777032
161753084
171355667
160946718
160994945
175389159
174906547
164051341
160950892
171431342
161703243
174682618
161521245
165588613
146855415
150948563
153897992
156393775
156253717
158203618
153849751
153831468
156434636
146842869
160672261
150039620
146779607
156361425
150904698
153742320
146865123
156279733
156469602
153767966
131147446
118802755
122847890
122805788
133710669
118768744
116694927
131175863
116681590
126327790
122891707
116591713
102366814
102391847
146742825
116763804
131826437
131078195
118785269
126370120
96012621
95971365
102083094
102061641
97939152
97090664
95557668
97476023
100122774
95534271
95358130
96048125
95385262
96096917
100137572
97428109
100163328
96071486
97539887
96021739
90971317
95324771
84219442
86659487
87679980
91037447
91013101
86612519
95303118
95112501
82482507
83634596
95133356
90986556
83558618
86768337
94396762
84252014
86045397
83434725
70370748
69069954
67314024
82196680
67401051
82367689
74334358
74703863
68355039
69892803
82393562
70345929
69045901
67376538
81469406
74719820
68597786
67432745
82241187
81583917
61888718
62094750
66772801
65721732
66784460
67296670
67049945
67019413
66796455
61943541
65702033
65933675
67230881
62080082
67275533
67047738
66144483
65739763
66927559
61921538
58722482
58707877
61835418
59414550
60327450
58969679
59360971
60304511
58947234
59285347
61813295
60283067
60019484
59090674
61294954
59082858
60023788
59098704
59364147
60156474
57064474
57359991
56007618
55629361
57000708
58695973
57106529
57380132
57811372
57770905
58686252
58575329
56762716
56789835
56803074
57339658
57856893
58518631
56970290
58499607
50534740
55522732
55193719
55255702
51084174
55356855
55241463
55372348
55614260
50255096
50526404
55384060
55362144
55163760
53005039
51098793
55271794
55545355
55592839
53381985
49156417
49679783
49870823
48993642
50220069
50176271
49910830
49705496
49688088
49850125
49148185
49875190
50232217
49963747
49135222
49698302
50185998
49973372
49667940
49954077
48971317
48329314
48942863
48315757
48881169
48386942
48394437
48300914
48369877
48754655
48106694
48985222
48759980
48955994
48098328
48904660
48318025
48831946
48354466
48401069
46237231
45669907
44211556
44186737
44370860
47698024
45921314
48005795
46185957
46253187
48078047
48065319
48089205
47767194
47682214
48058829
45687383
47778825
47743552
46277882
41772754
40553049
42188039
43843820
40899743
40882393
40856606
40530321
43939577
40563954
40362467
43436545
40534277
42265326
43888299
42276445
43836053
41767255
40871530
40560594
38341528
39851774
40202709
39965078
38198350
40350139
39837455
40210968
39858955
40223233
39947068
39845102
38338176
40238400
39829928
39936443
40231069
40076307
38345841
39933472
28641310
37222806
32155856
35726662
37814205
34782491
38023127
35735881
37232691
37198801
38187868
37824906
38179133
37211838
35536440
37803166
32144054
37244814
30514522
30505683
28028012
27798353
27710708
28264412
28403846
28385465
28378777
28005856
28483923
27998821
27986174
27727620
27717966
27990965
27704289
27739620
28609873
28246819
27732342
27306573
26622888
27268220
26627769
26492446
26856246
26029231
26040902
27224738
26508150
26456898
26635996
26016350
26500647
26467257
26846540
27235086
27040188
26843747
27302345
26479961
25787222
25583219
25748502
25780622
25474507
25734492
25565343
25800046
25757355
25742430
25448402
25404205
25251510
25603165
25560733
25440343
25433793
25806993
25655976
25588942
20669526
25243076
24696836
24666385
24812025
24796930
24804174
24787963
22133502
25092381
19733705
24857059
25106742
19834222
24676926
22009045
19828130
19861126
19830753
19872612
19627683
19538671
19407750
19399329
19392045
19609486
19623817
19605042
19717174
19620669
19584016
19728992
19569482
19544592
19615195
19578005
19476297
19596448
19471378
19723610
18955819
19029974
18960894
19249598
17567986
19025160
17523708
19254348
19139532
18967795
17010985
19291359
17470789
17017682
19032707
17726305
17004569
17573479
19286176
17021191
16971281
16108362
16065878
16209581
16122626
16950895
16222878
16074790
16704056
16537292
16118587
16056914
16710476
16547778
16089654
16954428
16128692
16098538
15963762
16975694
15610928
13913691
15194511
13920485
14220075
14227521
14210040
15590007
14162434
14233610
14237844
15598265
14190713
15947302
15951414
14157859
14146893
14141380
15584767
14153651
8130847
13907202
13578372
13535854
9025109
8204708
8459510
8135648
8141563
8300877
8465589
8670758
13527570
13738013
13872213
8208590
13700125
8677023
8695457
13574566
5644283
8127274
5499635
4743576
1813146
4747123
1807855
1806023
1810240
1804038
2053488
4737371
1807227
8123967
5637838
2952033
1804505
4739770
5501353
5503467
1742214
1736007
1735453
1598076
1796924
1740219
1796482
1737074
1562978
1793943
1793802
1735162
1803705
1598314
1798027
1793513
1795395
1734804
1735081
1801097
