1173932457
1171793558
1182958504
1178487359
1196367798
1176656202
1187442567
1182793829
1171937376
1182377974
1173796043
1180748771
1183049776
1176564322
1171703974
1189988154
1187746650
1196276692
1187544646
1176427446
1164920775
1162554478
1161753436
1157658387
1161788311
1159943365
1163980843
1164753313
1158066969
1164536797
1164020092
1164462550
1161930153
1160354490
1157725223
1161995806
1158004662
1162409090
1160536212
1159872104
1154076043
1100823233
1156667919
1155457164
1153835011
1156344655
1091175346
1156798000
1155873957
1153638685
1101130147
1089198318
1153369281
1100887751
1155948240
1153476905
1155380647
1091424957
1091326166
1091086652
1079789735
1082162486
1086658884
1089122159
1083386653
1086745459
1086544133
1084016936
1086442794
1080182722
1085353107
1083500733
1083447927
1082440239
1082312411
1089007527
1088898299
1088760742
1085406291
1083908375
1074193580
1074372673
1076150067
1070378296
1074269906
1069405815
1073534717
1076568241
1076397968
1074463211
1074053480
1079669663
1076519476
1076030052
1070240727
1069272959
1073680329
1070301764
1057668952
1076264080
1026714528
1042091498
1031476383
1024651821
1036998343
1047440354
1045982262
1035229010
1054845593
1024740756
1035114227
1055979544
1056179139
1055242638
1035416648
1055588622
1031224605
1024450516
1031056618
1031579880
999565743
1017388688
1001970386
1022991224
1018939732
1022676308
1002109050
1020796335
1017276252
1022859307
1018804325
999423863
1023127849
1020928883
1018653075
1007273774
1003533623
1003406471
1009716275
1001316295
996750638
990938905
986920993
958769222
950029364
933350516
949343131
996686358
997158101
933445062
988670236
990553249
990801408
966075509
990473550
988993201
987278726
958647703
987158437
950097344
904144074
902527281
904662090
883212736
878293359
876202239
903836232
921410340
902691482
922908855
921615040
903126649
906076536
883388831
915991227
902817192
904772371
903028918
902335046
915445498
875406400
868700364
868761263
863126406
859393042
872342078
868198406
857741214
875723076
865144611
859495305
875330801
873980158
868164151
870776183
861263083
859265221
859055089
871994365
863232543
844227654
857269829
848575042
845905981
847679773
855799223
848680173
837799831
857195540
837771261
853896156
837274881
848615409
848690539
851744775
846208572
847995512
848113069
846296801
851439975
809582254
773810491
836061182
829760124
791647814
791629725
820350643
827817099
825988968
809475213
779082801
774003208
779281560
809539040
773916059
779176875
767047342
766984544
836028120
809511804
758271602
766776728
750998699
761941900
750275658
742847881
744497192
757479008
758213525
747126127
761736778
750559373
750152789
761606346
744610675
761485371
756131414
744695457
742947612
754362849
725189004
731131160
730664463
741276246
742739185
731474037
731407297
730739595
737031060
727087023
740999950
730966570
735641340
737659809
735812090
737118474
731337285
726929631
741126664
728544363
715779186
719171355
714979634
719280820
707944316
720778575
723522576
721557941
713365304
710976478
717697071
715551639
725087231
715464229
709999302
711123277
723757002
715045296
705606114
705516307
701790237
701965617
699738422
700132997
699867494
698534284
699041538
698166796
698088405
697431667
697981694
701650955
699122566
705146189
697585397
700215412
699087681
697492582
705017744
702079750
686986435
689012081
687295612
688642921
695573781
690492655
695676991
694258551
689263808
689121715
687168444
686852687
696980831
688282643
694135767
689739658
697340141
688516573
696931745
689792627
682088642
677826914
669618959
676007713
674425284
685869764
678073287
685717706
682357224
677688093
685925662
676095311
676192989
685790950
677937147
681995189
670961591
670845030
669673323
681922550
663461821
667581882
666517998
668290416
666796448
665456926
664519568
666643697
668358769
664214278
663370127
667493894
664789734
662704317
664973961
662937323
667479121
662811772
664299704
663280186
650229275
650165908
650114101
650557686
650326365
662358021
649540402
649769903
662576396
662504957
661725545
661620314
661663394
650709241
650411936
649716733
649626808
650476509
650830302
654880429
640354236
647324756
645630873
643462488
645962344
640583051
640484362
647263792
646225627
646133336
642602429
643493847
642715611
633296662
648935566
643394723
644802487
649037176
644882192
649467176
631798615
626793853
630850656
625943985
633031565
630734449
633162651
627316505
633077054
631149753
633246489
621255272
633115977
626923064
622257364
622330522
625988056
630939795
630782548
625966280
619555888
619483718
613108251
612748616
605419712
615907853
619163397
619015453
614345257
619261891
614252171
605463200
605361452
609544046
605305751
616006186
615807948
612473409
613211787
618925195
602312566
603829039
604596822
604515902
603459600
602516578
601600902
603563948
603371224
602367184
603315826
603004113
602478463
604468957
603880396
603119260
602437134
603048597
601703823
601648628
599415583
598179973
600361864
595895572
594845690
594800860
594749211
595214039
600207860
593891850
595271389
600968591
601062137
595813744
592831777
595338236
600936924
601005735
593816280
600278683
592532179
590523482
590554478
590235960
591899793
591153306
590480308
590398894
591498630
590075176
591949430
591976156
592430785
592712632
591847152
592484399
591779793
591526745
591077741
590600779
589770680
589725514
588353012
585431492
589843943
589177603
588779734
588408868
589113219
589960582
587774263
582208540
582297303
586026960
582142789
589221066
586090427
585881833
582263802
589070202
580332628
579032105
578918710
580692829
578544693
580738205
579282506
580862677
579239704
581817104
582059500
581503768
578467882
581937902
581428475
580785859
581379581
579153644
579314063
579180310
574677539
574478886
577028750
577825667
573095668
576355001
573070892
578422549
575848314
577079408
577735567
574600800
576288619
574531807
573199505
576185527
575743306
577140920
574286779
574644063
571098018
568346755
568159337
568110925
572702835
571192935
568058994
571143484
570261237
570378378
572541399
571236502
572419864
572618301
571279713
570313534
567627544
568916836
568863311
572285433
555735433
556591115
567509764
560899792
557902615
557781601
562155782
566622181
563853608
556482485
551179524
560459938
561916921
556535083
567579531
557829129
560343954
560408255
561837722
566534956
549772146
549666661
551093076
549380875
547790008
549624569
551136890
547756570
548519172
548568477
550335712
551030368
548422025
549856810
549158274
550984810
549445842
548478675
550378796
549814978
547336065
545283608
545195290
545113688
543265998
544298081
545646429
547155365
547099852
544180104
547199279
544233395
547362445
546538163
547319847
546492602
545018739
545100773
543327116
544341608
542729116
542549438
538635007
538783236
542467218
540149428
538561553
543085122
538837266
543045310
542684546
541472262
538712868
539640268
538859699
537559652
540139230
543118487
541499411
540127366
537180747
536290998
537264460
536249283
536336448
536076087
535827740
537482373
537410763
536322218
534742386
536146951
534788868
536012476
535762823
537104407
534687964
537529570
535896439
534832250
529392904
533066919
530567609
533112140
529180414
531732089
532521709
532449027
532731035
531720297
531049549
532631582
531665016
528131881
533138588
533024087
530875754
529500080
528208181
529905627
522620367
523226059
527850186
522858509
520565396
522674739
526615459
520866037
520781405
528103172
526141194
520918299
520735404
522759990
523281057
520651695
526550565
526223480
526491782
523326217
518029919
519450185
517970137
515059963
519551841
517988209
519367836
515111894
519528609
519403725
519507061
518655406
515861340
518615988
515823213
515794039
518046967
518010318
514214415
520475339
507740747
507694705
513685184
514131695
510650158
507559839
510955308
512890484
507747572
510804186
513814033
513759922
512630400
507657671
511068716
508657642
512832156
512699161
508604659
507824223
498765089
501715792
502331481
507517685
502348488
502276463
502256203
500905300
501687991
498691819
502216913
502293934
501031125
502030706
497154774
497229918
495668642
502237347
500961725
502309655
493146874
493233561
495173670
495411091
495278464
492565882
492174910
495547394
490121858
495432720
493314319
490059907
481976376
488429258
493062806
482066945
491003795
495607583
491074391
488356758
479286320
481034926
481689915
479241565
479361629
479841183
479199602
480802784
480520566
480988442
480603457
481899282
481663523
479876886
480486589
478463420
480671632
480728293
481849912
479455051
471515605
470096011
474271012
473014107
469001557
478428658
475647141
470137734
475746525
478312254
472922283
472973753
478382183
472637165
475856739
470866159
478196564
470190959
469357417
474214788
467525707
468888105
463273781
468582878
467792109
467725076
463409598
467278991
459442800
458058396
467643262
468943616
459493963
467112756
464941735
464847970
467576629
467197194
463337406
459524686
450101152
457991567
455731787
451670790
456236443
455670231
450331046
456114060
450282792
456311959
456451246
451590884
453285060
454639499
450129475
456000360
455908190
456375715
455842944
454706069
438797917
432483977
449759365
433849231
434166243
435151538
434000068
435057580
450034716
438868236
435238762
435088898
441626969
441501513
434244994
432526532
441896042
431112930
443347954
443270970
428182081
426915788
418097511
425214955
416952728
422957797
419266854
431044323
430806478
429521014
426991471
418142165
417794764
418900943
426540425
428244107
423084959
417933706
429593813
416720372
413574526
416521052
416698218
412989355
415699558
414105135
416621589
416450492
416482456
414820536
416420120
413975894
415719331
414754644
413467501
413333873
413520375
415947975
413415919
412869001
410872082
410277650
409879198
412633302
410337413
409876927
409949048
409747852
409627018
409681478
409622533
409906929
412047070
411605551
411537537
409926135
412752280
410824492
409853503
412694935
406291321
405760356
402782143
407552966
406574527
405703166
407597609
406122594
401689262
402827502
400598044
409546219
409488076
408700196
406184649
401756274
407644430
406514936
406587588
406455441
395739926
395704847
392933099
392864296
398270407
398123292
391724988
390436004
390170153
398218592
397886156
397661912
395721898
395678053
398344096
397606393
395638984
390376274
394157578
398309701
386527788
383531500
382373244
388724172
388574630
387215392
385188144
389033109
385123710
388426377
383473987
388936932
385585363
383404966
383351080
390109509
385674135
385633046
382504446
388623379
374993634
370162578
382302076
368968764
372745064
372615293
372712395
379044983
370108247
380122633
368925546
381277072
377570966
380158734
369723053
377498654
373784971
374988205
372737838
381325738
362577335
364704618
368764628
368823795
364824724
364890889
368702505
363652506
367500468
368598917
366066661
365000889
366022685
363829323
364954863
368872349
365039682
364736961
363541447
363716611
361097937
360559313
361296222
362485181
357555247
357522626
361362737
361169374
360672886
360186824
357440685
360523976
358712696
361466718
360475285
362419975
358758526
360117181
361421835
360612492
356345000
351380521
355043130
351110469
355320027
356266095
357368545
356389681
355123192
353944033
351212154
355159665
355004648
352393093
355208593
351432440
356127805
356196604
356306540
355531840
342848405
341662082
350187252
350164273
344161284
347394196
348753294
345251052
350122649
350221394
348563071
347526533
345303062
348614311
350139328
342881758
346440612
345350970
344074724
347437379
332995444
339166362
339724107
334840069
334814586
335427052
339197828
341630425
335992090
334695554
332021518
335373438
331759975
339132022
337045629
337082034
334785259
333042008
333175075
339370928
330829919
330561796
327542241
329468325
330499616
329411172
326610221
326404720
329625760
330757497
330645420
329683995
328697019
328670007
327374040
326579753
326662498
326450234
331645803
327440931
326377859
322407064
325779056
325928065
323385581
323311151
322560307
325073104
323432534
325933236
325896785
321552742
323485509
325543213
325621138
325039527
326397700
322476494
325702326
322531233
318059129
316801791
316732798
318200929
315398091
319354533
313530657
319391028
318880667
313611609
316853130
317265438
317273648
318135232
318293478
319286139
318375188
321512148
318329884
317230337
304609314
305789209
312283311
304663069
307418913
304558290
302858560
312334948
313481983
307398038
312351665
304764732
302161256
304733103
306332801
305761504
302113691
306473806
303243964
313441088
297447176
300788596
297404757
298012189
300681815
300479434
300639072
295282339
298431086
295428904
296492442
296372312
298469100
300592807
300760661
297484723
296512238
296439153
298507201
295365004
294194257
292694121
291544617
295240993
294073674
294136990
292867090
292640051
289211329
288140283
292364721
292432390
292747600
292515527
289255476
294015437
289154385
288181868
294956942
291488677
286437678
286675052
285570674
282352085
284757158
284648078
282276101
286599551
285706571
284588302
285743622
286388053
285502185
281380262
281340347
286340111
284656661
286145874
285440815
287971880
281010970
281080985
278954254
281139666
280123594
277914074
279089332
279038407
281194510
278000420
280262606
277992785
280063422
281308977
280226692
280158564
278319670
281240450
278038579
277959319
274150628
276613983
276461069
275420382
277655829
276696671
276520131
274393806
274087761
271994278
270660795
270601318
270880507
269627977
277733271
270823299
276556134
277313461
276744055
275397664
269406699
262856243
262822972
266320347
263203186
262939285
265494733
269451635
269576320
266457410
269503071
266383011
268261793
266420898
268325832
265535714
263147870
265389175
265435941
266233431
261263320
259109413
261341106
260203481
259171538
261038412
261961429
262003110
261208027
261835111
262811212
262063827
259063629
260160758
261085377
260118096
259209662
261161075
258964934
260991071
256882011
257063545
256974920
256826461
255712972
257905016
255786930
255650186
257130494
256134600
256092402
255752422
257975598
256020455
255011188
258113381
256774014
257029339
258864806
258072888
251792957
252774090
251885611
252569572
254772263
254959333
253556713
252635594
254425822
254665294
253836046
253598246
253870630
253662731
254718373
251751926
253739741
253896430
254363139
253799584
250010396
249731542
251844528
249674415
249338076
249298219
249161957
249123676
250768658
251708579
249209753
249976414
249319456
249796535
249621455
251923971
249244749
251052056
250049496
249940110
248590835
248638578
248150746
248176232
248276402
247882467
246247923
248861582
247295135
248802111
248556198
248747878
248030043
246297901
248236098
247844984
247251252
248116878
246355254
247781064
245455561
242333235
242356452
243990352
242219087
245495398
243053010
243972289
242244232
244777846
243717239
243744992
245562604
242976438
244040619
243795984
243049658
243029091
242302263
244746430
238974972
236931277
240448672
240642157
240517169
239651613
241348812
241243134
239038147
238999009
242175679
241279594
241378025
239697002
241312167
240553853
240263177
239777163
240596217
239734921
234851549
233283920
236883085
232580334
234281737
234085851
236741631
235951488
233512608
234240270
232630522
235972628
234810148
235921507
234889366
232677832
233469953
232730913
234784055
236807065
231105816
231132580
231487090
230919221
231100486
231395689
230868048
232475214
230809488
232502354
232542909
231683676
231056920
230952630
232435634
232394787
231379965
232426705
231194167
231361991
222665987
225376971
229491384
228698564
222362100
229457163
225253407
223375919
223341473
228648824
230769352
229416396
228765771
223296118
222619742
226394832
228819386
225938504
225304772
222398079
213225113
220102271
214286652
215455830
214257205
213108599
218709361
217920417
215610778
219743708
219784084
217894605
214793437
214787893
209827876
209787755
215647533
213191375
213681465
213674898
208628579
204025823
209043882
207315238
207220875
206705339
204390760
204318845
208674887
205973825
205900168
204349362
209727522
208919622
209688844
206673654
205938681
208994222
206731995
207173343
203496639
202792429
202934355
202898411
203959775
203576065
203543446
202878954
203309188
202858914
202710830
202706947
202918652
203991454
203547793
203871705
202662351
203850163
202233321
202762122
201834212
200811319
201670278
201300436
201157585
200586506
200420480
201775130
201613755
200838136
201197440
200858874
200424327
198436495
198421588
198204259
201228388
197652239
201724240
197978709
196807894
193512871
192668030
193158116
196747642
195442819
197628419
193531835
193117135
197347785
193498031
195471758
192938186
192888896
196813131
197399604
197598877
197483118
197611591
197407771
190264299
189504372
189165079
191637971
192630660
191835331
191073531
190221741
189425398
189474410
189292896
191687660
191039151
191792376
189626628
190926933
189453601
191757966
189809505
192596162
189131931
183481834
182621769
185196822
184266682
183578464
187482548
184331034
185667108
183447362
182684420
187405893
187502944
185176618
185075868
183544196
182718192
187425323
189101212
185628663
181181413
179238704
181722823
179954490
181186680
182018721
180562683
179743323
179934522
179696727
180346938
181630290
179832835
181673823
179861962
179706483
180466907
179908123
179203781
182401184
175193330
175270673
175774351
179167153
176037363
177918580
177701295
175307421
174634803
178057159
175961593
174593487
178081830
178468290
175158613
174554075
175224101
176046193
176051842
175833641
174227549
173788908
174238193
171270774
168532943
173720128
168718228
174253383
173585478
171431342
169435218
171307188
171518995
171483030
174524157
169382367
173613093
165631057
173822304
173751826
162554956
161521245
164893174
164856734
161753084
161631779
160848015
161563539
160890275
161703243
160943188
160672261
156279733
156253717
162518322
160994945
160946718
162466647
160777032
160950892
150039620
151290248
146779607
146576050
146549135
146165484
146742825
148860296
153742320
148204923
151380843
148830550
148135851
148169340
146122190
151339628
150904698
150948563
153767966
150752471
142069626
144518295
142679717
141957157
141581140
141513294
141341151
142018693
142142264
145316113
145364823
145412993
144827866
142628726
141547301
142181195
144450638
144481617
142224372
142095358
141300186
140768812
138921880
140848594
139126689
139797247
139059062
138400346
140915499
139029360
139990948
139877824
140739748
140876443
139837525
139099326
138970171
140816761
139958783
139912608
135107438
135671507
135020345
131957962
131939420
133826486
137446924
135069095
131944140
135773808
132826173
135346192
132738638
132678292
131908428
138334007
137497358
135324568
135734783
131008844
122891707
122847890
116694927
119732648
125424748
130959168
119781149
126370120
122805788
126327790
117604138
116763804
124263204
116681590
119704840
125431749
130910588
120080883
116591713
120040921
111473681
97589214
96626893
100191165
106308188
99687332
107067547
100209428
100925437
96603133
106256988
95354427
107102931
101515077
106111896
102391847
100840722
97536931
95323351
111523821
83634596
90216119
92721650
90155941
90654095
94720275
92004647
84219442
83558618
90137163
91969202
90197242
82367689
91960055
83434725
84252014
82393562
94757676
82482507
91344572
76167527
69961504
68564048
73437204
76144989
73432619
68541864
68865980
73952117
70567145
69941008
70276839
81469406
82196680
82241187
76127594
74334358
69034617
81583917
76104111
66993078
67314024
67401051
68068349
66926705
68041493
68021738
68100021
67014951
67432745
67045248
65316823
65739763
67296670
67275533
65702033
67376538
65721732
68007071
67063506
63543822
63650079
64662811
63204644
63148840
63570440
63862543
63794881
63062916
63189741
63614284
63645274
65132540
63846605
65161858
64695029
65295365
65181752
63818481
63044755
59231632
59273617
62660652
62623555
62168262
62202804
58435066
59293247
62603351
57856893
63027648
59251490
57811372
57770905
59347406
59707429
62768652
58932586
58814141
58410488
55579992
55150003
54220785
57359991
56512206
55600984
55189740
55519821
53228593
54701842
56482367
55174075
54682758
53304086
53258506
56857688
57339658
57380132
56361352
55202394
53188533
52277382
52559102
52300449
52611725
52585608
53167291
52492094
52412582
52886168
52841335
52867986
53208295
52535099
52477873
52199158
52292829
52959555
52497093
52911500
50471316
50635197
51203993
50422030
52162260
51043432
50379492
52178024
50691493
50719930
51005680
50394771
51084174
51029044
50680152
50366847
51063078
50709325
51098793
52142867
48539818
48832556
50185998
48233144
47654808
48529020
47941482
48807613
50090736
49148185
50176271
48817091
48316656
47933002
47634115
49156417
47708495
49135222
50143910
50104002
44158070
44185560
45612263
45945564
44419297
45350683
45599549
45380363
46160204
45682795
45938050
46185957
45588356
44141689
45958508
46237231
45648484
45340315
44409090
45627199
43695895
42405171
43939577
43674213
43659329
43436545
41928285
43729957
42828333
43387377
41670601
42395062
44136588
43651274
43421746
42415378
43716171
43398870
41923395
41681317
40593760
40899743
40683336
40856606
41664681
41282735
41271366
41164631
40711382
40697336
40882393
40728539
41299271
40667544
40612772
40871530
40608501
40738093
40601773
41520253
39889851
40591826
37760610
37747495
40420827
37462526
39936443
40431225
40133712
39947068
39882264
39923792
37800653
40446666
39858955
39896539
39851774
40185509
39871366
40200342
37198801
32144054
37211838
31163971
32155856
31175378
35735881
32095630
37232691
31475001
31467666
35726662
35557048
33357189
37244814
32081368
35468736
32091538
37222806
30996554
30459773
30514522
30265762
30666123
30293968
30002025
30273446
30929997
30176732
30468466
30021408
30011946
30191030
30184762
30225198
30945535
30505683
30970799
30956591
30915063
29840607
29622028
28266359
29817743
29791446
29565970
29851563
29806463
29629548
29133461
29170593
29609449
28423937
29830367
29764441
29125486
28415332
29180634
29335757
29345465
26643308
27008200
26633258
28025514
26623910
27443780
28246819
28075822
27235086
26618742
28016833
27828483
27268220
28170575
27431246
28034888
27357698
28010468
26998249
28176668
25837182
25257269
26040902
26029231
25863878
25806993
25851894
25818194
26359272
25800046
25081977
25843656
25823463
26016350
25534523
25858809
25603165
25359282
25244231
25207843
22390903
22420153
21884377
22449949
22381889
25066121
21866698
22038487
24625134
24676926
22133502
24696836
25052761
21875571
21951157
24666385
22425076
25075804
22441734
22431879
21161916
21396909
21427848
21402377
21436293
21577006
21149782
21572459
21764351
21155573
21389738
20970883
21433016
21422295
21768880
21144082
20960140
21416888
21581205
20965782
20781603
19971708
19950350
19843392
20957450
20775040
20762344
20768678
20952703
19959667
19968536
19965467
19907424
19861126
20755076
19868727
19955556
19899055
19779578
19962173
19774277
19723610
19578005
19733705
19538671
19399329
19589960
19544592
19615195
19603217
19471378
19407750
19584016
19623817
19627683
19717174
19476297
19620669
19769371
19728992
19032707
18955819
18960894
19392045
17242955
17247935
19139532
19025160
19029974
17523708
18967795
17004569
17300897
17019105
19249598
17236290
19254348
17015140
17378529
17011609
16108362
16074790
16537292
16251967
16222878
16350680
16089654
15963762
16340732
16345767
16255540
16118587
16098538
16547778
16122626
16359452
15951414
16056914
16065878
16355964
15580541
13872213
15610928
15568588
13700125
15947302
14233610
13907202
13913691
15573871
15194511
14210040
14227521
14190713
15598265
15589226
14237844
14220075
13920485
13738013
8135648
13578372
8695457
8141563
8208590
8123967
13535854
8130847
9025109
9023633
11494916
13553492
8300877
11499063
8127274
8677023
13527570
13574566
13564149
8670758
6067726
5197752
5499635
5204656
5503467
5411100
5942608
5136657
5407981
5402340
5939827
5936254
5398769
5396246
5201898
5501353
5138443
5388656
5392244
5395223
4730058
2749538
4733826
4747123
4739770
4939606
2952033
4743576
2448812
2393282
4737334
5061360
5122237
4930963
2395891
5118084
2053488
4935330
4732216
5125266
1804505
1807227
1742214
1798027
1813146
1959795
1793808
1796924
1807855
1795395
1806023
1796334
1739711
1801097
1736007
1793894
1804038
1793513
1737074
1810240
