1192854114
1192743273
1192663653
1192408548
1192287735
1192187604
1192061848
1191946023
1191692681
1191620029
1191547476
1191502100
1191465637
1191406704
1191367471
1188348805
1188119563
1187972747
1187818285
1187644700
1186916930
1185577299
1185472311
1182657291
1181844719
1180854301
1180715020
1179049122
1178794840
1178703700
1178532621
1172288135
1172156460
1172040897
1171869855
1164611800
1164502358
1164397846
1164264938
1164140048
1161025225
1160140809
1160058771
1159968192
1159892771
1157600579
1156575281
1156454561
1156356877
1156141074
1155972051
1155884086
1155806203
1155725633
1155606321
1155529285
1155472635
1155356542
1153182975
1153092679
1144599150
1144500890
1144384998
1144281628
1144154200
1144038294
1143897911
1143837117
1143782760
1143694999
1143610720
1143561235
1143508475
1143457906
1143401278
1142363759
1142276658
1142221662
1142074954
1141972988
1141853754
1141741613
1141010289
1140901126
1140830281
1140733900
1140606777
1140501849
1139243709
1139166465
1138431563
1138318651
1138196221
1138092894
1137941164
1137746198
1137655705
1137496947
1137368414
1137195298
1135292025
1135136734
1134986066
1134830213
1134697707
1134542385
1133381295
1133292193
1133190920
1133064358
1132990433
1132879639
1132778853
1130327757
1130176622
1130022864
1129893072
1129752352
1129640750
1129539593
1129392722
1129296722
1129246676
1129136431
1129061714
1129009358
1128971783
1128913868
1128875564
1128813785
1128767673
1128728019
1128669925
1128587290
1128499103
1128429789
1128246860
1128124794
1127973153
1125951259
1125841579
1125734948
1125621636
1123407517
1121558165
1121509633
1120397644
1120246727
1120069902
1119811831
1119624824
1119492540
1119401070
1119317442
1119217912
1119141033
1118314574
1118236327
1116274221
1116244759
1116193030
1116141861
1116090029
1116031326
1115970230
1115878111
1115707836
1115614213
1115452122
1114849833
1114758034
1114698503
1114614867
1114520069
1114435919
1113708933
1113606637
1111748712
1111665379
1109047454
1100207028
1100146216
1100049652
1098355746
1097781063
1097669763
1097568906
1096310864
1096231519
1093772848
1093658257
1093589274
1093497267
1092940895
1092825948
1091575789
1091451412
1091356586
1089224615
1089114220
1089010596
1088534421
1088357128
1087787805
1087687739
1087597012
1086904598
1086806522
1086704410
1086614815
1085600297
1085543913
1084517365
1084481116
1084371796
1084011450
1083508156
1083447322
1083375287
1082793967
1082566738
1081353161
1081288665
1080719523
1080598289
1080504860
1080368401
1080242242
1079680634
1079640850
1079581293
1078791594
1078725987
1072680712
1072267285
1071404212
1071202667
1071098521
1070983299
1070284807
1070233402
1070151109
1069535696
1069385427
1068975924
1066140905
1066066218
1065599736
1065513629
1065414879
1063585623
1063514187
1063402116
1063349328
1063278616
1062519297
1061615243
1061528755
1061387316
1059473595
1059367435
1059319021
1059247080
1059017057
1058897113
1057947724
1057654444
1057565130
1057484969
1057409390
1057291532
1057140371
1056966823
1056571656
1056516983
1056424712
1056288809
1055820102
1055639695
1055413539
1055272780
1053648545
1052676043
1045980274
1045879572
1045739592
1045639257
1045435489
1045269112
1045136425
1045037928
1044919297
1044766906
1044658022
1044512351
1043299024
1043217344
1043167301
1043085080
1042939134
1042833640
1041956687
1041816149
1040629352
1040545152
1040460790
1040360341
1040260582
1039255311
1039109896
1037860024
1037801811
1037715400
1037466682
1036151752
1036079627
1036026572
1035493084
1035318500
1035251113
1035074992
1033635250
1033550362
1033401631
1033340121
1032003828
1031319979
1017536918
1017446700
1017348330
1013174142
1011542647
1011411573
1010742903
1009403812
1004289852
1003390988
1002973307
1001395155
1001315712
1001195371
1001110235
1000899082
1000855229
999707145
999531128
996075033
993356668
993242366
992264349
992038948
991980173
991923799
991884811
990975108
990850447
988040578
987651529
986174696
986117174
985406390
985293921
985198419
981577260
981485778
980534092
980391065
980251402
979428131
978926198
978849983
977410040
975175387
974274489
974177762
974103038
973398907
973354361
972387015
972123965
972017735
971964720
971911116
971866523
971347211
971099386
970881893
970630161
970456797
970381069
970268289
970155907
967540320
967397045
967329605
967214895
967159911
966529762
966258332
966093577
965282540
965193101
965042378
963656704
958601285
958471170
955730038
955606275
951051395
950418350
950355309
949713611
948239329
948081157
947465548
947346390
946524003
946416947
946290143
945836936
945354092
945275470
944614581
944483870
944374480
943125009
943075129
943035361
942988299
942932746
939848568
939652555
938026041
937855977
937534209
937285894
937157322
937059327
936873328
936757306
936656948
935642235
935249214
935123240
933847370
933765265
933539965
933151729
931937935
931862665
931774430
930340215
929882047
929783552
928826752
928747263
928680343
928620183
927961395
927878748
927592179
927449889
927317278
927182416
926981154
926807900
926542633
926371334
926272117
926148275
926025575
925434935
925375722
925260533
925191753
925029042
924899006
924670537
923762492
923671964
920833421
918973132
918830207
918619817
918569984
918456899
915623878
915303454
914873502
914708676
914622090
914601858
913445233
909033255
908875048
907757904
907697942
906732111
906609407
906535073
