1193303316
1198911832
1197215250
1200972008
1198368038
1196284960
1194637888
1201395612
1196443465
1194830754
1199625386
1195873123
1195103954
1193962500
1194354856
1196550985
1194526920
1196830939
1194245590
1201100658
1192408548
1193189235
1191692681
1193058760
1191367471
1193126027
1192854114
1192663653
1192287735
1191502100
1191406704
1192743273
1192187604
1191946023
1193000973
1191547476
1192928618
1191465637
1192061848
1191620029
1178794840
1178703700
1188348805
1187644700
1185577299
1172156460
1171869855
1172288135
1180854301
1188119563
1181844719
1172040897
1182657291
1178532621
1179049122
1187818285
1187972747
1185472311
1186916930
1180715020
1159892771
1169440065
1164852819
1156575281
1166698372
1166547239
1169173222
1164941116
1164264938
1164140048
1161025225
1160058771
1169580233
1159968192
1164397846
1164502358
1169004283
1160140809
1164611800
1157600579
1155972051
1155472635
1155356542
1144038294
1155806203
1155529285
1155725633
1144154200
1156141074
1144599150
1153182975
1155606321
1144384998
1144281628
1143897911
1156356877
1153092679
1156454561
1144500890
1155884086
1142276658
1141972988
1142221662
1142363759
1143561235
1143508475
1143457906
1142074954
1141741613
1141853754
1140733900
1143837117
1140830281
1143782760
1143401278
1141010289
1143610720
1140901126
1143694999
1140606777
1136796242
1139954663
1137496947
1134986066
1138092894
1139243709
1137655705
1137746198
1137368414
1138318651
1140501849
1135136734
1136675794
1138196221
1135292025
1137195298
1137941164
1138431563
1140058075
1139166465
1130176622
1134830213
1133381295
1132778853
1134542385
1129539593
1133064358
1129640750
1132016437
1130327757
1129893072
1133292193
1129392722
1134697707
1132990433
1132097005
1130022864
1132879639
1133190920
1129752352
1129061714
1127973153
1129009358
1129136431
1129246676
1128875564
1128971783
1128767673
1125841579
1128728019
1129296722
1128913868
1128669925
1128499103
1128587290
1128429789
1128246860
1128813785
1128124794
1125951259
1120246727
1119624824
1120397644
1119401070
1121558165
1123407517
1121509633
1125734948
1119492540
1119141033
1116193030
1120069902
1119811831
1116244759
1116274221
1118314574
1118236327
1125621636
1119317442
1119217912
1111748712
1113708933
1105907299
1114435919
1115878111
1115614213
1114614867
1114520069
1115452122
1115707836
1115970230
1116141861
1111665379
1116031326
1113606637
1109047454
1116090029
1114849833
1114758034
1114698503
1099709752
1105787480
1103089902
1103659216
1103161407
1103759760
1102951450
1105673234
1101806597
1101796194
1101333749
1103886888
1101203783
1101586579
1103128194
1100146216
1100049652
1101834402
1101094144
1100207028
1097781063
1098355746
1092825948
1091575789
1097568906
1096231519
1093497267
1094792304
1097669763
1094689178
1099275342
1099129096
1092940895
1097005347
1093772848
1093658257
1099490416
1096858693
1096310864
1093589274
1089931685
1091451412
1088169596
1091356586
1090157623
1090149258
1089010596
1087787805
1086904598
1090009117
1088077315
1088534421
1089224615
1088357128
1089114220
1090753293
1090163738
1087687739
1090622811
1087597012
1084371796
1084011450
1085741062
1083778331
1086704410
1086806522
1084263110
1084517365
1085543913
1083888797
1083641057
1083447322
1086293003
1084156211
1083375287
1085600297
1084481116
1085902397
1083508156
1086614815
1079680634
1079640850
1079789735
1079581293
1078725987
1078791594
1075046956
1080368401
1080242242
1081875890
1081353161
1080719523
1081779848
1082566738
1081288665
1082793967
1080598289
1080504860
1079991246
1079865539
1066448018
1074982748
1071098521
1070284807
1066546100
1066066218
1071202667
1070233402
1072267285
1065414879
1070983299
1068975924
1065599736
1065513629
1071404212
1072680712
1069385427
1070151109
1066140905
1069535696
1059855853
1057654444
1060003681
1063585623
1058897113
1059458267
1057947724
1059473595
1062519297
1059367435
1063402116
1061615243
1063278616
1063349328
1063514187
1061528755
1059247080
1061387316
1059017057
1059319021
1057140371
1055820102
1056424712
1055413539
1052676043
1056288809
1055639695
1057409390
1041816149
1056516983
1057291532
1057484969
1040629352
1056391711
1053648545
1041956687
1056571656
1057565130
1056966823
1055272780
1039561951
1040260582
1037466682
1040545152
1036026572
1040460790
1035493084
1039389389
1038044317
1037860024
1036079627
1037715400
1037801811
1039109896
1039255311
1038098397
1036151752
1035945761
1040360341
1035840087
1023971503
1035074992
1032305928
1024063352
1031546387
1033635250
1032384324
1034087190
1024149170
1034182581
1035251113
1033401631
1031697111
1035318500
1033550362
1033340121
1032455282
1031319979
1032211159
1032003828
1007966069
1002973307
1014118250
1010742903
1001620998
1001395155
1017446700
1001315712
1017348330
1001110235
1011411573
1017536918
1003390988
1001195371
1011542647
1013174142
1005575252
1004289852
1009403812
1014216698
992264349
988456365
1000855229
1000899082
993242366
991884811
999353609
992038948
988327817
997158101
991980173
996075033
990975108
999707145
993356668
999531128
991923799
990850447
988830281
994324813
985198419
986174696
980391065
984116422
979930266
986117174
981485778
978926198
980251402
987651529
985293921
984011757
981577260
978849983
979428131
988040578
985406390
980534092
986410102
980195047
970881893
971911116
977410040
974527417
973354361
972123965
975175387
974274489
971964720
970456797
971347211
971866523
971099386
970630161
972387015
974103038
972017735
970569685
973398907
974177762
966093577
965543215
958601285
970268289
967214895
970381069
968201222
968015204
966529762
967540320
965282540
966258332
967828829
967397045
965042378
963656704
965193101
970155907
967329605
967159911
941969023
950418350
942101928
940913855
951051395
958406722
951156030
941082718
950355309
948081157
955606275
941313076
958471170
942468249
942252104
941227562
948239329
949713611
955730038
947465548
870538624
902125005
854933347
855134660
870412163
934646943
902237579
930777656
854493260
872051917
910432063
930703721
934753426
854988670
859264116
939041425
872154400
870467555
938913997
939185133
844231040
854375394
850889172
843734398
843917929
843671911
853986993
854421682
849042926
848927369
843568889
844135232
850930862
845889877
843519681
843487692
854310195
844936404
845494616
849081922
842414659
838791804
837201877
835999348
835917560
840556897
838215174
830962330
843020137
838670003
831115660
838525593
833014360
840487337
842541907
843071456
834676697
840414364
840271907
839991910
826940523
765484066
828680953
765876986
819671716
765584336
828629802
752120766
750126570
813840502
828757629
813940198
765816652
828134021
828317780
819573092
819461597
828264127
828596574
828199464
732974692
730591458
730729909
730843538
725214839
725091690
747972763
720601581
719429672
713643643
719171355
720713586
747735670
732892362
719507884
747807172
716985906
747893614
716865032
719280820
706971818
691659276
707093518
713552748
707001773
707160964
693026498
691825369
687246638
703495231
686001786
685933110
700133941
705000975
693101084
686049939
703618556
700001068
697875856
697752727
684700381
684882144
684030372
683431690
685136465
684810388
683698367
683842010
683958602
685753535
685665724
684608939
685227755
684743306
685883148
684939906
684651310
683582056
685370169
684554197
683029081
682937573
681294961
681082154
681142233
680715516
680620511
680543103
681972016
681375946
681183376
682231937
680674684
682056149
680302803
680238478
680366060
680475591
683161752
682145719
675681604
678420056
679960525
677051849
679688221
679509514
679881755
679299113
678473873
676998855
675565771
675787015
679576582
680148371
679623187
675922584
679069124
678998150
676421365
676643623
673378551
674373674
673421090
672816448
670001123
675344981
672288140
672086426
675218229
669507574
669564919
674283564
675087775
674440132
668665633
675484309
671042918
670062588
675282609
675136136
666779506
667179454
668512374
668456784
667480763
667322835
668585041
666965698
667562393
666216884
666864392
666354546
667652537
666599725
666669134
667089067
666296174
666489859
668358769
668290416
664313043
662669467
662005058
665238534
661897009
661825865
662569962
662435967
661956696
664400913
661757675
665535341
663436034
662807254
662602440
662358021
664224791
663070173
662514307
664514288
660653456
660081083
661005769
660951307
659153113
661099032
659702686
658999144
660721927
660823785
661244799
659101345
660884713
660612567
660016237
658952348
659910676
659620640
659060391
659805971
657510547
658633376
657454751
657565901
658377351
658515051
658915949
657727739
657736329
657634175
656698222
658564416
657406730
658060460
658875572
657971667
657850610
658451837
658280526
658139920
652856594
653835011
653912203
651073124
652549857
650280388
650145158
652923186
648752936
651205246
652652687
656625665
656197752
656095627
651327201
651279509
649596628
649531166
652764689
650206215
648502611
645449040
646506717
643517785
645064605
643438958
644012339
646989765
645611335
643405208
643359419
644692463
644475486
643321310
644589848
645491386
647301059
647242260
643476163
644293125
643258662
643017388
642331612
642499219
641876635
642054598
642576485
641993875
641263382
642876558
643175708
641156721
642164357
640193812
642243842
642945671
642396535
640245574
641951188
641384565
638462047
638225379
638173681
638314488
639535354
639344830
639259191
638353474
636290419
636328004
640119081
639694013
639430699
636447285
636358199
639620039
638407494
638256477
636409550
640024160
634188017
629071665
634680678
634117511
635302527
628828493
633045388
635182914
634325446
634266581
634018496
634358201
635042081
629302178
634608296
629013027
628741169
631686077
629141694
628927603
627398160
627130430
627073306
627020116
627230936
626194205
626063866
627287358
625750619
624519028
627439553
624473412
625709169
626099157
627345662
625623031
628654999
626158051
625527018
624493574
616252467
617246742
616305763
619165848
616107668
617514328
615955914
616490766
615882527
616019453
619727784
616451740
619309877
619242147
619589818
617650283
616409641
619667941
616191468
615756264
615541541
611998848
611968974
610356541
615383393
614443715
613829149
610204077
615630418
612019306
615696670
611865458
611444735
615587805
614251106
611716728
610242448
610285308
611343904
611909534
608072380
605662691
609387113
608842968
609510471
608635431
609654535
609560971
608719604
609329826
609305469
609780335
610052250
609934986
609465412
609042348
609353654
607384262
605888721
609424911
602903437
601507685
600019243
600064640
601113998
600168926
602945348
604001887
601060117
599997839
599962795
603013646
600265096
603914743
603864643
600208534
603816633
601600678
601088761
600122539
599308512
598644340
598605888
599253911
598672187
599636341
599523859
598771274
599439066
599149365
599056444
598723658
596336763
599384746
598919994
598803754
598579786
598022199
597973412
599581756
594713882
593211844
594580925
593704684
595317965
593515899
593588856
594758171
593265837
593134001
593039172
593076198
596054181
596151254
595449945
594789201
594649600
593632399
593554828
595965009
590121544
590951951
590496877
590321767
590549919
589778906
591059084
590392329
592984698
590271189
589722476
589917895
589977243
590044069
591017171
589692538
590446087
590176970
590586002
592903760
585605610
589660366
588407639
584199899
584085438
588350229
584036875
588606969
588828890
584763712
588668531
583978324
584834808
588899625
589217345
589048665
588982489
584126074
584169219
584232287
581122431
579393082
581502274
581023503
579362985
579314110
579286980
579195838
582366668
579253402
582318966
579412693
581563235
582448844
582409005
579131665
579340320
581063191
582271555
581171006
579090215
578960824
577122029
578710542
576921515
576682495
578638762
576586304
576633233
578867485
576656014
579033910
578796115
578559018
577016699
576969021
576616221
576520936
576564502
577072365
574544782
574465208
575333680
574661972
574348185
573225012
574597668
574722832
574652234
575420768
574745200
574153694
573291988
571562666
575297729
575374675
574416064
574254360
573159974
575416175
571109122
569771107
568654351
569836488
571311850
568629850
571359726
569806031
571290766
571424415
571229615
571167884
569868320
569740792
570945760
571259614
571390682
570837794
568612948
571336014
568573195
568442550
568361021
567962971
567518751
567479335
566869219
568139939
568591520
568555122
568517926
568317849
566983821
567874356
567789517
566792170
568266573
568097523
568199507
568536530
566638690
566586146
563425075
560952280
561457921
566367758
560692705
566422141
566507924
563794660
563874781
563334616
560988753
566728474
563514033
560935764
566185951
561417075
560604825
560871806
559663558
559786113
560358078
559910552
559881533
559850747
560260808
559535986
559470928
560434483
559375584
560395311
560486808
559741612
558542660
558593401
558614246
559606082
559058347
559015798
558274751
558181337
557267771
558445013
557049064
558120353
557310978
556866382
556639096
557097116
557002370
556929003
557210596
556584327
556510881
558363958
557802848
558493480
556471729
557150804
553317004
554971946
551254349
551863604
555028170
552145040
554732128
551278593
551075182
552098701
552063523
551224895
551178369
553286992
551799160
551295811
551013836
556420393
551162998
554923113
549641035
549742716
549926552
550364001
549789182
550683688
549870234
549694533
550914310
549896901
550602808
550732713
549822440
549437680
550974537
549040305
550845066
550443803
548998685
550769225
548452986
548533258
548035018
547220980
547013264
548564515
548344816
547112237
547600932
547996196
548599821
547275231
548627641
547350290
548403480
548279020
547940159
547305325
547056266
547174140
545746582
545902996
546933275
546434755
545534324
545387127
546875349
546648325
546750810
546689168
546020558
546471089
546799881
545836136
545675942
545477768
546061776
545789752
545965645
546096016
545207501
544192717
543695661
544380303
544245426
543516586
543468011
545339578
545152732
545092523
544416911
544138948
544945278
544462094
544075257
543566524
544504894
544998049
545283608
543622720
542426683
540579723
541799073
542621988
543381300
542738117
542563471
542811541
542704080
543260301
542521009
542474763
542107275
541900139
543321551
541852692
541763443
540633352
540489515
542778705
538425024
540023202
539844709
539982193
538499806
540086026
539778849
539305186
538693332
538638854
538767467
538554714
538796269
539192919
539439131
538723040
540169108
539718104
540137818
539915140
536677446
535994650
537113665
536703387
537466135
538336104
537943763
537424173
537303796
536039875
537915733
537356831
536010568
537214567
536621679
537971246
536940688
537028842
536644641
537874792
535015781
535937235
535535007
535473225
535331136
535057514
535901987
534332176
535959218
535409032
534945816
535871284
534973180
535817723
535977510
535915418
535840777
535081475
534262257
535703357
531872712
531957039
531921093
531903892
533969790
533593290
531847103
533565063
532258932
534051920
533701660
533919051
533641264
532218152
532125393
530895664
530816841
532087756
533835053
532162440
524601094
528596782
528075381
527083853
528041212
525203829
528917301
527039886
524542800
527997782
525259239
527938801
527004203
527052250
524437134
529002714
530348710
528555022
525115114
530284511
521714816
522663523
524335143
521673780
524042397
522058758
523749689
523022320
521821302
523034143
522454752
522937518
524106165
522866013
522793122
522516200
522122011
523899973
524317222
521961276
518414236
519326043
521522930
517887992
519183051
518554490
518592684
519805261
517255916
519214663
519104022
517005947
516888615
520779192
520172544
521603740
519366332
520713397
519777828
517135263
516461762
514739317
515617085
509327155
516260856
512270365
516506437
516394908
513537989
516285218
516336914
514806820
513480567
515078248
514769289
514262529
513589421
514966920
516791763
511421048
507506428
507220561
506384921
507426566
506219764
509145938
508805060
508751505
507557709
506624391
508618432
509218346
507594552
508684145
506126304
507460534
506784617
505667019
505410107
508753764
498719093
500953327
501030567
498160360
499627399
503167487
503128159
501561047
499689169
499450691
497352977
497895102
497286475
503050319
501504707
499809113
498111360
497416120
499547996
503100142
494003699
494040210
493547753
493829625
493697174
495738765
494494693
494060444
496020470
495977618
494542031
497148173
493948887
493770863
495780881
495814965
494123785
494098013
493644063
497251007
492865496
492174910
492121884
491970270
491900493
491686247
491599200
491411469
490472545
490419498
491508452
490410857
490380586
492321135
492253214
492293871
492177294
491177875
492058782
492343575
490139223
489258990
489355820
488750818
488680678
487314970
488719355
489416553
487279476
487263873
489304445
488650262
490346797
487653842
489216135
490271849
490223357
490308337
487699225
487647473
484310635
481658973
484239927
483489568
481578984
481845867
481601436
487160355
480553393
481022213
483419478
481626049
483358478
486525274
487190173
482472027
481834512
479958392
480004217
483144195
479125591
479093838
478635688
478781947
477237680
479919050
478671357
478524816
476498943
478756334
477372731
478467918
478417765
478361593
478747574
478715824
477325283
477191804
475965211
479856174
473420155
475847688
474805518
472152685
472294618
473254218
473331726
473367696
475917505
472414411
474872505
472684709
472190122
473294247
474842652
472923886
474338925
472605530
472356653
472544835
469738922
469430749
472118037
468894162
470655349
470761566
470619017
469687000
468714051
471615036
472022191
471541015
470717183
469402098
470994283
468833488
472058978
469367149
470689963
469405834
466112338
468121102
468201410
466896171
465835910
465584931
468230767
468268071
468157304
467061987
466013752
466831358
468092865
467614436
468399826
467017802
465919134
467094971
466864633
467774591
461508716
462540142
462583108
461440068
461592038
462011001
465529751
465501116
462491868
461651726
462099668
461400662
460146339
462466340
462043451
462655270
463877116
463830179
465525593
461727498
459339457
459869863
459229450
458445586
458397538
457190497
459278534
459109237
459159083
458671997
459839039
459201764
459911176
459041512
459939651
458774811
458465909
458420377
458718940
459981500
456808479
454822294
456841934
456596693
454867765
454409767
454239489
456768759
456429073
455853656
457096906
456656481
455652732
457151252
455923132
454493733
454328530
454188600
454120337
456355976
450851697
451645278
453997601
453901824
453317517
453209446
450774387
450817998
453148254
453082692
451758485
448085620
451714359
453713286
453251523
448031595
453950555
453849251
453737664
453026677
447934836
441416420
442422426
447974161
447889352
443261114
447479320
446277127
446382489
445235868
443196259
446615779
443042245
447519783
442331917
443153342
443092317
446247868
441441560
446331105
439057915
438867563
439561441
441227242
440584686
441277633
441321803
439440478
439014746
439508440
439655563
441068112
441134824
439597532
440969747
440901290
441389673
439385026
438962187
441355020
437863036
436671206
438456745
437513477
437232119
437920379
436303592
437448925
437361429
434206363
438335442
438607871
436336017
434131516
438734248
438543834
438807468
438660828
437336939
436272674
432405615
431717638
431287676
432153755
433951420
431874328
431221734
431677935
434046196
433044504
431967811
431654594
433082915
432855646
432035673
432882316
431831981
431783472
433137509
432544858
430415916
430201199
430172541
431003428
430458211
427439272
429174566
427002860
426481469
426621101
431171425
427712755
430571107
427663812
431130565
430943091
430147545
431077022
427797648
426947278
420737894
426036191
420781535
421026847
425682558
425727051
425766522
422145304
421171778
420882889
421938116
425055418
426093580
425705152
423028692
421045802
424538837
425786563
426187612
423371346
418155621
419228839
418081240
417809962
418237228
420622220
420004222
418642037
418964036
419297703
418020050
419181346
420689563
419246848
418193881
420584393
420112292
419133605
419945757
420432157
415106804
415842065
416503947
415803206
416542456
416014589
415162679
417536968
417774970
416591566
417578307
415988569
417616973
415884804
415311295
415938603
415133723
415090413
417093396
417121643
414428981
412072631
415040271
413201754
415072465
412950374
412767192
412724462
412439499
415056060
412982196
412595417
414490870
413136982
412528785
415036234
412025540
415016587
412391230
412814012
411937146
410149084
410201816
409123926
411859109
410734045
411975920
409882804
409600612
409165667
408229315
409059475
409880286
410177996
409091628
411311570
411285385
409849510
409825794
409020460
407142895
407744063
407287494
406475101
408031757
407778441
407574057
407693304
407723523
408194456
407797578
407611960
407068759
407244243
406530227
407035107
407521364
407116062
407012285
407660282
405155673
405699490
405847906
405899145
406029017
405752478
405300880
405106086
404558768
404861849
405967926
406414089
405341231
405260983
404747127
406068374
404614385
405209763
405794065
404796610
403913046
402708552
403296376
404436675
404394274
402667917
401404322
404029218
402575208
404481945
404071360
403959034
403805607
402519908
401335666
403353541
402633086
402423078
403321631
404517164
400743702
401287653
401086276
400120265
399415251
397714028
398466848
400697243
399878273
400148728
400476301
401119564
398773874
401058012
399957572
400437287
400733041
399930013
399901829
399858488
394723738
394215016
395104586
394768287
396226612
395913631
396379893
394643908
394674183
394595123
396303504
395173854
395309288
395243417
395058364
395943685
394823698
394568238
397641995
396812731
393868658
393222179
391000750
393784687
392606511
392165961
391031144
393655785
390964931
393709420
394008459
390056081
391173005
390154451
391130909
392724074
392138331
391069123
392156402
390915395
381438332
380304727
380692173
380324996
380608733
380660888
389919684
381330952
381412269
381184829
389982047
381365859
380942294
381040816
380767419
380624397
380281286
380991623
380247362
380733019
378965323
379620221
379017223
380185534
379093341
379764931
378628598
378495117
378444739
379584262
380219624
379131907
380159335
380091291
379225906
378551484
379482223
378677868
379695049
379182182
375791631
377102923
377323295
375722539
377618248
377675431
378377553
377273172
377194538
377047135
377547788
375838397
375561187
376034483
378209974
375890312
378255372
377709172
377586351
375798966
372564494
373643964
373324452
375071152
372470724
372606063
374514137
373279626
374461232
373579968
375458122
373173313
372510019
375507256
375033323
372421339
373269830
373687403
373202328
374788796
371875236
372070660
370831645
370868325
372201755
371600191
371312609
371375354
371253083
370875918
371904093
371506183
372246235
372384245
372124761
371568224
370889729
372031342
371549852
371432495
370290369
368875139
369629139
369468950
369350236
370052470
368907664
369910196
369679552
369968105
370101669
369305667
370235563
370180561
369415876
368944163
370669182
369570824
370693525
368816559
367820562
366751333
367243719
366512882
365683411
367847417
366085711
368021973
368460791
367295303
366697841
367156083
365720846
366485763
366142213
367932316
366778750
365955012
366655301
367982478
363571399
365370948
362043105
361198720
364148565
360973132
361054755
361115811
364199635
365657913
364169321
361335050
363641327
361272942
365391940
364229836
365349248
363700413
360588907
364135142
359922170
359506588
358121759
359730492
359867474
359170539
358228676
358074931
359291523
359563206
359430555
359769622
359350937
359126877
358719337
359394823
358404080
358299887
360001572
358166640
357181334
355540752
356290842
356286439
357802170
357286963
356749239
358033026
357813715
357414108
356230167
356373941
357357340
357464477
354713368
357472085
355566332
356792198
356334357
357844175
353153733
353682141
353851622
354646220
353742398
354487144
353347085
351971183
352759762
354451704
353299498
354414290
354325989
352157022
352005149
353494880
352436340
353273864
353438248
353564501
347839587
350328467
350904629
348657065
349013584
348987720
347923401
347901746
350291160
351855555
350257211
347952592
347856662
347322953
350836860
347882565
350378524
349052875
351909006
350773309
346053927
345967425
347280903
343071877
341103827
341721667
343043670
342094740
346987768
342475961
346205601
346932076
341312358
346011234
346132962
342137471
341179463
347022520
346958502
341360807
341043769
338599858
339041275
340994735
338508998
338251535
338445512
338566324
338225964
340940562
338136201
336331347
340702055
338238966
337312325
336308437
340867093
340629296
338425749
340669523
334417693
334343873
334956657
336247981
334571759
335797273
334632279
334670630
333943626
334055731
336021152
335696886
335745192
334303162
336216492
335993836
334563567
336272079
335237119
335010723
330383827
331383054
331031790
331102129
331067716
330439232
331007076
330073254
330105416
333754048
333829689
333883070
331011363
330213704
330329699
331051960
331160257
330131092
331131164
330405479
327757829
327690385
327675211
327784430
328679672
329274006
328715301
328087212
328592129
327731549
328730198
327658372
327631150
328683915
328752843
327708402
327607626
328987573
327771277
328623822
327575822
327567029
325429228
327472159
326170032
325524511
326128594
325641802
325369430
324273612
326233023
326659697
325051440
325322540
327505340
324336881
326703464
327586568
325700096
326750299
322523079
323385581
323882002
322485599
323861691
323232813
323503291
324128097
323277332
323609094
322974604
322916890
323014327
323322868
323909009
324193897
323043773
322947973
322882785
322584044
322439186
319842286
321818088
321133724
321266547
321893170
322212169
320028264
322405835
321208584
319978640
320782899
319936978
319443091
319402158
320798622
321840767
319369352
320089438
321864586
319237928
316350934
317840285
317887367
319282494
316239169
315590348
315633878
318764901
316473848
315530052
316658568
315696988
316591246
316494217
316727814
316271469
316220085
315757665
316541888
313365439
313093522
312967555
311976756
312197289
313420802
312456225
313205858
312399545
312326904
312982711
312283381
313012461
312868187
315477660
313374502
312150469
313041064
311966540
312902780
309442391
308521468
309903914
311841206
309192554
309394941
310999207
310202705
309489400
309756861
309530525
311093283
311935107
310921129
309230840
310310483
309199018
311847909
309817088
309848585
308129829
307437886
307518574
308244407
306644769
306363419
308342713
306983607
306243210
307002983
307601409
307105232
308192358
307139182
308454126
307569325
308380657
306207908
307630606
308297124
306073913
305241870
304717903
305601532
305188264
304613300
305429012
306102651
305648334
305066025
305274445
305701965
304572816
303888229
306089292
303873527
305150237
304648247
306034613
306056332
301219275
301179845
300647207
301859420
303741401
301786100
303838823
300538218
303773327
301931836
301700177
301614795
301561281
301306126
300698459
300755379
301369150
301262565
300587344
301896302
299365558
298512309
299915152
299321751
298897808
298549738
298915430
298256794
298204778
298137173
299893877
300491387
300486863
298813110
298869736
298302964
300398630
298845703
298957588
300437151
297869317
297439080
296885297
296945274
296909010
295777764
297036367
296398555
295826464
295361352
295253624
294918541
298082286
297853581
296325904
296126182
295418282
296352815
295403070
295798665
293230490
294553840
294635847
293581072
293284382
293354481
294481306
294767847
294110522
292734426
294672483
294142754
294716686
292750025
294510886
292247658
292101556
293320342
292347056
293251113
291140514
289910526
289617849
290245115
290573979
289682531
289863908
290531604
290088281
289645483
290296998
288908419
289747000
289714101
289782750
288883191
292057765
290983754
290845549
290871264
286109428
284600599
285105508
286092172
285074105
284680385
287541862
284648248
284347308
287457771
284321479
286070307
284227903
287662883
287421538
284116467
287575488
287493130
285143269
284280758
282910471
279383736
279110889
279358528
278822915
282876068
283999303
278912799
279478768
279397151
279061005
278957807
278919139
283977647
279261696
279010161
284036669
282841827
283947449
278856834
278528169
277590724
277560264
277509304
277649174
278624381
278034104
277991413
276980510
276950225
277005254
277062058
276947322
276316468
278659211
277945434
278706063
278567353
278741756
277031289
275982224
275484634
275546147
275792787
275452747
276084647
275477942
275381544
276130755
275184705
276027189
276268858
275839705
275810944
275769500
275516393
275976938
275736481
275257244
276175023
263635303
274218504
274437768
274963827
275135603
274471749
275068763
264313050
264225465
263931105
274522517
274497783
275030914
264147470
263971723
263894566
264142456
274925003
274396697
275099659
261851023
263099932
258952536
260728982
259145557
260695844
263022400
262016457
260782047
258624349
258167713
261794209
261690840
260663037
260643535
258580700
261978173
261821135
261886656
263617906
258067513
257142718
255306876
257458428
258104774
257526731
258029072
255283304
257419082
257071646
255952175
257176046
256025368
257442365
255907117
255978567
257509113
257491188
257106163
255880510
254988112
255019787
252308666
254693785
254742608
254243906
254369292
252354668
254779497
252326344
254220694
253167212
253147600
254282459
254150419
252381161
254652487
254340968
253247963
253189429
252220226
251370071
250122602
251944147
251405333
250365289
252258729
250376504
250079770
251900372
252242947
249146342
251872380
249112494
249982688
251934161
250738109
251035740
252281008
250697597
247220926
248928894
247140408
247177339
248102164
248995012
246296242
246193895
247015707
248573094
248600778
246671778
246873262
246369030
249032157
248962168
248071805
246328352
248888490
249067939
243878650
243512601
241159439
245032518
244201925
241810561
244236136
246031255
242555577
244197716
242574150
244257118
242600996
243518319
245487377
244223255
243795885
241781346
245435352
244227594
241104651
240863296
239238066
240954591
239267767
239193438
239208606
241109393
240825543
240993273
240814157
239182135
238771752
239297230
238444953
239315838
239166068
240895969
241044872
240875123
237772410
236161453
235897749
238157075
235217561
237751481
237706637
235197771
238142951
238094307
238434683
238205028
236770859
237915423
237684211
238193956
236758407
236312877
236282582
236198492
234082008
235186678
234700270
233970115
234570724
234743936
234547676
234045301
233261909
233210571
235167043
233300085
233177473
234004197
234575109
233912781
233864832
233861009
233415307
235146381
230510483
232394984
232473455
232519007
232180850
232981212
230751198
230680050
230599529
232329700
230720137
230464671
232253970
232268311
230581858
232157768
230566334
230480188
232422023
230645523
230113320
229526286
229554036
230458860
228790643
226343748
228257343
226730339
229929016
226393960
229530514
229486778
228245121
229463125
229891156
229921391
230120905
228821889
226716297
228759232
226295705
225109623
226153665
225265496
225261215
225168482
224406923
223849406
226265495
224359932
226216779
226015867
225095942
224372158
225143967
225126054
223825299
224390580
223794150
223648807
222982000
222462884
221001059
220913979
220609221
222964299
220586559
220957200
220567609
220983815
220877724
222938801
222279525
222250434
220847040
222423885
222306728
222922155
221452894
220993483
219255746
219213977
219310322
220542105
220554416
219481160
218707115
218666819
219919153
220527498
219156903
219188155
219420550
219289412
218632741
219460163
219783313
219510761
219801836
220144419
217185122
217477512
217885374
216237841
216233192
217162723
217853965
217465725
216963004
216376080
216296593
218455820
217956701
218496030
218485721
217795610
217491587
217992675
217757673
216263963
215905665
215477171
215102024
215436796
215919730
214251389
215607790
215067576
215039103
216089088
215084397
215053494
215938114
214261158
215520157
215962965
214280208
215944946
215368772
216118330
212762599
211338840
213630204
214192141
213681639
211479691
212948360
212909357
213957353
212625384
213602193
212640381
211473296
211885728
211442641
214229432
214213753
213386862
211404524
212583568
210670267
210709286
208071510
209631455
209558718
210605048
208277271
208978069
209664552
208604453
209526873
209090226
209020389
208578208
208633973
209947932
209533772
210636090
209064045
210577075
207734501
207413784
207139335
207682934
207770063
207876767
207170570
206940445
207786523
207750075
207054520
206962785
206995872
207378780
207948867
207696218
206981510
207992400
207346040
207286541
203272327
203203501
204772456
203230680
203798313
204746859
205031099
204878758
203562042
203479551
203188545
203150089
203782959
206919049
203817302
204841926
206905716
203820383
206613431
203514071
199637266
201009248
201502475
200813951
200794954
201556855
201481470
202240434
201541011
202317933
201523060
201452361
202488977
201444295
200852237
201577995
202457452
200830511
201464904
202222002
197719970
196479169
197459501
196308976
196357238
199604557
196974469
198171551
196519535
196320625
196298378
196747117
196706857
198115938
198523419
196984703
196498321
198537303
198103545
197429643
195471857
194768742
195806796
195218216
195379451
194782374
195904984
195974079
195432778
195312023
195444629
195286989
195876243
195347134
195260120
195192627
196016862
195789501
195411967
195214593
194543138
192893277
192397461
192871100
194607399
193543267
192851970
192740858
194704640
194520912
193576583
192964182
194563231
192936122
193507840
192364960
193917243
192750914
193528115
192444065
192061148
192045630
191458002
191380645
191528112
192032199
191473486
191360245
191584425
191436279
191551469
191619835
191396898
191345361
192021371
192325644
191503718
191358448
192012622
191642334
191333469
191035944
190689035
190200582
190964239
190914044
190712392
190673455
190414000
190346624
190259834
191060051
191322627
190319146
190385457
190732787
190891485
190158168
190231251
190996359
187719379
188992389
187794064
187312905
186831764
188708312
187873427
189438815
186876448
186853112
188674644
188940110
189552096
188735166
186842388
187754737
187733457
187939098
187706114
187832419
186391596
186347226
185480829
186816252
185286227
185273821
186605416
186508555
185335110
186247792
186569469
185315082
185233226
185257503
186489772
185298010
186291353
184865547
186449619
184919428
184063595
182149104
182598153
182972017
183009992
183160079
184706361
182939542
184836085
182122496
182993693
182137242
182178586
181394749
184031838
182925518
181411836
181371861
182956189
182164731
181358506
180754535
179543742
179658082
180737933
180728246
179784626
180714631
179738571
179716371
179104812
179000801
179563088
177983385
179590917
180961172
179633621
179520712
180768590
181011855
175203515
175581215
175079043
174207283
175495968
175269804
175248646
177890483
177886513
175162642
175138847
177901508
175569784
177518738
177867374
176197857
176186281
175483348
175112495
174995553
172620153
172734272
174190304
174160235
173028066
171816456
172988533
173063348
172181473
173791896
171916348
171804385
173824455
171791225
171762278
171860118
171772546
173850613
174174954
174147285
171024922
171093093
171726275
171001936
170297845
171383064
171009811
170032113
171349230
171157737
171023205
171033803
170306958
170376622
170337807
170354676
171311445
170365911
171014903
171743921
169952521
167767685
165885534
168530395
167682244
166560174
170007574
165802656
166621679
165461324
169137127
167657496
166570523
167842537
169941761
167717817
169978858
169720220
169700870
169877801
162735586
164008130
163913565
163810105
162702928
164156281
162653952
165374226
160871272
164545439
164119903
164629175
161244490
164840327
164815091
163956153
164047502
164772737
164730397
163821529
158409098
159728784
159822977
158680854
160455812
159766823
160353917
160544991
158337206
160766100
160806850
159884713
159854305
160436041
160516099
160324913
159702899
158692849
160420099
158371447
156525187
155507104
158276442
153982269
157533051
157911387
155347033
154012885
155837719
157484412
157897823
154050752
157933261
155591772
155623487
155541115
152548113
156580259
152439195
157581369
152201425
149135122
149116071
151829053
150699496
152405610
149051631
148406584
149359777
149842300
151873012
151134603
149038572
149242671
150712906
150682223
150671261
149858874
149277209
149156932
147258768
144734723
145837956
146643895
144750673
147874988
145886113
144708015
144693630
144673340
144657236
144274583
144724025
146965118
144306348
147185727
144639208
144354516
146496730
147165480
143932123
144109252
144019972
143136290
143086250
143052458
144153960
143111706
143155813
142624087
143070338
143865898
144229914
143100378
143074594
143956130
142605539
143984832
143847736
143119674
141800671
141827985
141718078
141756331
142074382
141700756
142045073
142017108
141784569
141862285
141766421
142539743
141981064
142562345
141706396
141744230
141811625
142542115
141949950
141732262
141174648
139582294
139806423
141325654
141289733
139652076
139618630
139469745
138999515
141219141
140235770
141157702
139407544
139515831
141196503
138930588
141695784
141261982
139541844
139775454
138035159
138629511
138728593
138731503
138154268
137896004
138748508
138210315
138854121
137828317
137888367
138772582
138002478
138615793
137853085
137971828
138827425
138794337
138709509
138890110
137132962
137107802
137159036
137274559
137187906
137772749
137759550
137785241
137365650
136501557
137449220
136368315
137081621
136340026
137802878
137799988
137305559
137403558
136469319
136388921
133250598
133209174
133180799
132184160
132225153
136099841
135748713
132207570
133411333
136267959
133225411
136112105
133454400
134246205
136148862
133202451
136129455
136165832
134499586
133375186
129921824
129992685
130300743
129655861
129260984
129305463
131532586
131427128
129433161
132139995
129334792
130252001
132160501
131572407
132177223
131496145
129669270
129381344
129200187
129948310
128822658
128562914
128529751
127202483
128205908
128147824
126896065
127115970
129007047
129037397
126791668
129136279
128111506
128803445
128221365
126835694
128468982
127258037
127233561
127146571
125786896
126705944
126486110
126168743
125776678
126385438
126726139
126456518
125721821
125756201
126418064
126300668
126253841
126761971
125737683
126350040
126202600
126729376
126116619
125897890
125346747
125258907
125304109
124932372
124899525
124695774
124945270
125042028
124685365
125473628
125717162
125431749
124658412
125518501
125494705
125401753
125252638
125214879
124921275
125461715
124253807
124213597
124121576
124437346
124186924
124230869
123873678
123848168
123822550
124518450
124340740
124109891
124094376
124469494
124057947
123792069
124552639
124386428
124076230
124621091
121547250
123532343
123441385
123292645
122963322
122870515
122813066
123251408
123492011
123414367
123381160
122911953
122625771
123274973
123243336
123003074
123756123
123471687
122752731
123705444
119796802
121515620
119195732
119594702
121463756
118907866
121493837
119166534
118441183
119227659
119865580
118499629
118413702
119575379
118752622
119256399
118469724
118879141
119915975
119117229
117165454
117185317
116736860
116607546
117982590
118355991
116928660
117543288
116689211
117450560
117580868
117958167
118384885
116901255
116810933
116640576
118325823
116962641
117969893
116852532
116111623
116157479
116426235
114838710
116017496
114436516
115833579
114579625
115963815
114722931
116550844
114551474
115606413
116411809
113748804
116441601
116071992
116522813
115876964
115921547
112640008
112231876
112703945
113239472
112604534
113481846
112558996
112511901
112968180
113377767
113429492
113086655
112940209
112991115
112955704
113513911
113343591
113738134
113274292
112671561
111868639
111794440
111348708
111018323
110812138
112119617
111411613
111714741
111062148
111828410
110985029
111762980
111394472
110849624
112211885
111658016
112137344
111368133
111336875
111449848
110064121
110146939
110193354
110488064
109551398
109887721
109479254
109171752
109819544
110502241
110107048
110518958
109664592
110541866
110477503
109571081
109117191
109505612
109519811
109063060
108533204
108745172
109022238
108728086
108478030
108829071
108973764
108502810
108073034
108571157
108692420
108656624
108244543
108150907
108116982
108507263
108187799
108212246
108937500
108779996
107558487
106920591
107020065
106722860
107622575
107111381
106825001
106773498
106745326
106683033
108029566
107588163
107714057
107682333
107145648
107048723
106854240
106800389
106702824
106083561
105923399
105925449
105859298
105892589
105213968
105190226
105908297
105158705
105872933
105174668
105944102
106022770
105202934
105169006
105254020
105234561
105964203
105997441
105280944
106050608
104730085
104207191
104151529
104774337
102720905
101168320
101105167
104405918
102727008
104614308
101126786
104679056
101349368
104440084
101151559
101363710
104644786
102707822
101386695
101337839
100439568
100104688
99157348
100812600
99787749
100414778
99436667
99089594
99474334
100384748
99811754
99426234
101087024
99129719
99038281
101035334
101063822
100093913
99845485
99189333
97105392
98639321
97991266
98848389
98249328
97361583
98994449
97294191
97831141
97794254
98086876
98270137
98329407
97853496
96984794
98186996
97873918
97778264
98218011
97815917
95326918
95799748
96569805
96035561
95647091
96323380
96071486
95923116
96719415
95675731
95957202
96361456
96522104
96349319
96672724
96093596
96544940
95997023
95661253
96337492
93929980
95119237
94386438
93773601
93715117
95052008
94373205
93837522
95126941
95291532
95038034
94341489
95154157
95021243
94658824
93885077
93706635
93641090
94007526
94329587
90928492
87917913
87364964
87960455
92272986
91602596
91072733
87160638
90940564
87334169
91338559
87302347
91123055
87997925
92583702
91103703
92414767
93370425
93358623
91304681
86283261
85998004
86349368
86321965
86074176
86034713
86299669
85970975
87061967
87013079
87031394
85780799
85906713
86572613
86334563
87056360
85754832
85803428
86363888
86065166
82424579
82408797
82354478
85395064
85287360
83188593
84698172
85086273
82673639
82646487
82394790
82371011
83921075
85423321
85371142
85324975
84735692
84669762
82435788
82326693
81244913
81799712
81827078
81778026
81434598
79340000
81753021
81792598
80710012
79360923
81763434
81785683
81209210
81815153
81769099
79378453
81837810
81490496
81221952
81469406
77378037
77059926
76843477
77903837
77099306
77386304
78985524
78550152
78735162
76853693
77940151
78896507
77362598
77081009
77050455
77372938
79008468
78958200
78922581
78035408
75270420
74774198
74943163
73822048
75285989
73785513
73757671
73647537
73699982
75016531
74458258
73533601
76833663
73654525
74651093
74746563
73877161
73771817
74644507
73847637
73206542
72209601
73434136
72234580
71893298
72288686
72765786
73494391
73451770
71922782
71861473
71789091
71173107
71952063
71221137
73472382
73519010
71765640
72221953
72894689
68804234
68751472
70123663
68962547
68785529
68736750
69198165
68884457
68939749
68795661
69192437
69212578
69177001
68742989
68898452
68726893
69182859
69461563
68988378
69204409
68717679
68086014
67936313
68327422
68296395
67995894
67916309
68051552
68308042
68363552
68276660
68071220
68268362
67979429
68314587
68410497
68301942
67958316
68286124
68027127
67728284
67302384
66962763
67024419
66996848
66767697
66803520
67425061
66871343
67268295
67279909
66925302
66899522
67386921
66755654
67410010
67452369
67252933
66980286
66946551
66052246
65518628
65529112
65177137
65504765
66480349
65539615
66465291
65465211
65458768
65141499
65452156
66082809
66105876
66267235
65459586
65196235
66748308
66739675
65156449
65045125
65038242
61165892
64631590
64731340
61121204
65135371
64614865
64141763
63980247
63376624
62958786
65033793
63981207
63142103
64595846
63068907
63132805
62969597
64580624
60505501
61092757
60531603
60514215
57951659
60068595
57931408
58303663
58290371
61080478
60569392
58317519
60587693
60055083
61110778
61015028
61005377
60544513
60100430
60087123
57904753
57825969
57464347
57196104
56909680
56824750
57407207
57889139
56933951
57373214
57357911
57809624
57801176
56950220
56987770
56827843
56807514
57249229
57008768
57785795
56440022
56361270
56782168
55865358
55894692
55837728
55911383
55804544
55814873
55928176
56381380
56773009
56755924
55953586
56423628
56796117
55879888
55851395
56374465
55825024
54970368
55460897
55422778
55794731
55083655
54539280
55009019
54518283
55002579
55785864
55482031
55386337
54986978
55506531
55439265
55023218
54976793
54958505
55410113
55339772
52395615
54502266
54070346
51551489
52368487
54138956
51311258
52748346
53509110
52043113
53949702
52029830
52375109
54391411
53961187
51800052
51331434
54005988
52037661
54111899
50607692
50680045
50306972
50341746
50074982
50644266
50100921
50626212
50113759
50295862
50090858
50300720
50632614
50878197
51213809
50082234
50126298
51225750
50883276
51294802
49421138
49068744
50029992
49439043
49076507
49577648
50068817
50042833
49413422
49407594
50039928
49557720
49430363
50029156
49539257
49489384
50049101
49051410
48839532
50035240
48564401
48179740
48594448
48161718
48789402
48551012
48294253
48178622
48501169
48282687
48786295
48766914
48166698
48797549
48827285
48779082
48511058
48491010
48759580
48583080
46796016
48155773
47189226
46392273
46351274
46168168
46353218
46345773
46180548
46780321
46813134
47867707
47878621
47874889
47905369
46754687
46376506
46363330
47868662
47303763
45279252
46125536
45585539
46035374
45094732
44630879
46111684
46113624
46030095
45159174
44623270
45572827
45283377
45133076
45119963
46133774
45593762
45260810
46087520
45144378
44615279
43627868
43915484
43846444
43830508
44069266
44046877
43820961
43371525
43850996
43835579
43825029
43928816
44064209
44443261
43619914
44360798
44058563
44052278
43840284
42379907
41125265
40592984
43311241
43029336
43017483
42372763
41644695
42385355
43325174
43306229
43300688
41895078
41901649
43336298
43316904
43098279
40549061
43329815
40830140
39371232
40364270
38741400
38514574
38485836
39565166
39084992
39570247
39349474
40423273
38992179
40270040
38188305
40337423
40075293
40543635
40406747
39053961
38803764
40263697
37436389
37211972
37003370
36764969
36741871
36729301
36754710
37240558
37198039
37448961
38150443
36877323
37228230
38161662
37017993
37033248
36723217
38181382
38174369
38155340
35705007
35695608
36449802
36437883
35214846
34029600
36708579
35972100
35222723
36697099
36221142
34545664
34531633
35444635
34318284
34534223
35714204
34520956
35705814
35004278
31593931
33471377
33039010
32080589
32267218
34021083
32559293
32304627
31795621
31795864
32291226
33049899
32282357
32274054
32086148
32552094
33045972
32005782
33030701
31795980
31147296
30352184
31577468
30345404
31407591
30340784
31138028
29766941
31585076
31187769
30859589
30654992
30361517
29976013
30852829
30364023
31402408
31195290
31125232
30372045
28562187
28558982
27843210
28846180
29049746
29741745
29039702
29101826
28584602
28187859
29335757
28214586
27961977
28221829
28922004
28577979
28901323
29110358
28570481
29044950
27619212
27569950
27558573
26971250
26966724
27575386
27052368
27001419
27043123
27612628
27583049
27325051
27161156
27554710
27069222
27059989
27602934
27153966
27319597
27563575
26597065
26572211
26686916
26957093
26775466
26763227
26561695
26565864
26590035
26650018
26961145
26538108
26667117
26554928
26656709
26580881
26676674
26550628
26603600
26542851
26246040
26452208
26256071
26369408
26171905
26215177
26407562
26533736
26529931
26374011
26462986
26418704
26269058
26238428
26430602
26203965
26179789
26221598
26163554
26439090
25715316
25653609
25835898
25644866
25826075
26022453
26145546
25940599
26043536
25744049
26153713
26034658
25708686
25844383
25817877
25763201
25754574
25725432
26053240
25854189
25586141
25375858
25427977
25360360
25191234
25187432
25103618
25436125
25616855
25111349
25172545
25382298
25178828
25183424
25369579
25622733
25639057
25632410
25393400
25534362
24402988
24990086
24994324
24601074
24408470
25090598
25002556
25008620
24998778
24437713
25065757
24611307
24280187
24616474
25060002
25076895
25007277
24885013
24415884
24894985
24215372
24114220
24207561
24260324
24107154
24121324
24057909
24203741
24266188
24025937
24019883
24127339
24232435
24272733
24038248
24204304
24032272
24238496
23849003
24211594
23665122
23496235
23488384
23509914
23463468
23744121
23311007
23842270
23502706
23474694
23659445
23303487
23330119
23440072
23277935
23308728
23456987
23450981
23323967
23445103
21476795
21530771
21598589
21373770
22492340
21366888
22834065
21527147
23249310
23221756
22570796
22487743
21499044
23238043
21381370
23225585
23244181
23230660
23268336
23265272
19248540
19514256
19509942
19678615
19650084
19666696
19514710
19391237
19671873
19665456
19377130
19253156
19290135
20813750
19518219
19385236
19380678
20810432
19653661
21360217
19009926
18686490
18764801
18959594
19143054
18751608
19089723
18681379
18755770
19246510
19000830
18777876
18817208
18759860
19136176
18829265
18993740
18811786
18782428
19086160
18596411
18499089
18582777
18599943
18500634
18509110
18425124
18591282
18604471
18613691
18427192
18586592
18579229
18642965
18608153
18583795
18497989
18638128
18674656
18431661
18303055
18203028
18361326
18329651
18312366
18307867
18214829
18208114
18177854
18335352
18341624
18174682
18298911
18356601
18225423
18295085
18370382
18330476
18366497
18349858
18065470
18055430
17802690
17730302
17726305
18074162
18041374
18046794
18035443
18060007
17784618
17735606
17722898
17791366
17740527
17918289
18018638
18068171
17924718
17931637
17496914
17649111
17570455
17618554
17637898
17574556
17590162
17515434
17604326
17603097
17611756
17593890
17586663
17507194
17520797
17644586
17613058
17664886
17582315
17577022
17315182
17407744
17206271
17339929
17421461
17322996
17348348
17214794
17211660
17415685
17356842
17329206
17307389
17335308
17411700
17396677
17425953
17309614
17404320
17207150
17085087
17068876
17098749
17184155
17108754
17197588
17072674
17088825
17065471
17193278
17201825
16961578
17113923
17063169
16966400
17194619
17094191
17187821
17102546
17078769
16647330
16843141
16849053
16785931
16947440
16854642
16936468
16836810
16798368
16956397
16783696
16952889
16943601
16940284
16661572
16794178
16788698
16657112
16791050
16862451
16638736
16178792
16301788
16644678
16201944
16294027
16297601
16521167
16289404
16586198
16186097
16643572
16515704
16581538
16314469
16413799
16306182
16511846
16286396
16183195
16169968
16172655
16164493
15939255
15871261
15862376
16070563
15854652
16175117
16168550
16080335
16026201
15934514
15928400
16044393
16038095
16034254
15857705
15864882
16029620
15423499
15702553
15541973
15685331
15545663
15530984
15538670
15469247
15790389
15708909
15795982
15535000
15782046
15617025
15624032
15320918
15847442
15631135
15850855
15695688
15011859
15136191
15122906
15275974
15004179
14872850
14795648
15132605
14780565
14776170
15279343
15311057
14790936
15272381
14799456
15126930
15140553
15316550
15018649
14784104
14190621
14341980
14428328
14198338
14295539
14525637
14435944
14357846
14742518
14350229
14146420
14292357
14510005
14432018
14335284
14439690
14142537
14516574
14301878
14184112
13625206
13977351
13451001
13987931
13608954
13604624
14026596
13971701
13601827
13826585
13534333
14050601
14034205
13630716
14138598
13994024
13831679
13446297
13818873
14041925
13427221
13354738
13359742
13107705
13128866
13258520
13253644
13368372
13133996
13025332
13263852
13161315
13113850
13109751
13440382
13118809
13248540
13432203
13104698
13125075
