1198911832
1197215250
1195247644
1200972008
1198368038
1196284960
1195165432
1194521383
1201395612
1194820388
1194685319
1199625386
1195873123
1195080166
1201086524
1194993054
1194366053
1196830939
1194245590
1201584755
1192915942
1192663683
1191941385
1193940983
1191524275
1191609387
1192437018
1192996448
1194164247
1192203802
1191712500
1192736611
1194064176
1193142339
1192817604
1192296145
1193076877
1192564363
1191659010
1192061848
1185544975
1188548173
1188457930
1188796350
1188175376
1191365118
1186937566
1191415052
1186654402
1185458543
1188660810
1188608118
1191474347
1187958537
1188308690
1187691429
1188754377
1187837083
1184370619
1184934702
1177426147
1180915572
1177742191
1183108707
1177960856
1182772659
1177796149
1177638756
1183266675
1182868405
1181828976
1179632548
1177590801
1183024196
1179584540
1182648645
1181035540
1181722406
1177863502
1177545041
1176484762
1176131480
1170398158
1176593639
1176017632
1170303907
1176255586
1170617015
1170179403
1175718161
1175598710
1175923177
1175858582
1176395835
1175660258
1175462901
1170545067
1170465204
1175768550
1175515206
1167155786
1166174112
1169440065
1164457382
1164852819
1164255065
1164630304
1167420780
1169173222
1166698372
1166547239
1164941116
1164533754
1161456729
1166239300
1169580233
1166398015
1169004283
1167261698
1164312694
1161391645
1157494143
1157236331
1157547578
1159507376
1157630110
1159691339
1157384149
1157587303
1157419887
1159543434
1157451532
1157324863
1157098495
1155737174
1159634648
1157168491
1155803954
1159898227
1159592644
1155532949
1152748275
1150636846
1153342705
1153223519
1155212562
1155251787
1155100494
1150507592
1150838627
1155646832
1155299788
1155367004
1155034791
1155158233
1153071769
1155465213
1150739131
1150579997
1152673739
1148170872
1148106653
1148635845
1149006581
1148749760
1150020907
1150253832
1150342829
1149172184
1148869529
1148446143
1150300446
1148348959
1148532208
1150455611
1150407373
1150105083
1148274909
1149332036
1148230840
1147771835
1145119771
1147880215
1147828326
1147602884
1147471124
1145045511
1145496127
1145294808
1147690057
1147914585
1147968149
1147549707
1145603224
1145197983
1145554866
1148043761
1145461559
1145395875
1148002172
1144371195
1144638075
1141877466
1142333928
1142079368
1141956763
1142211990
1144804863
1141730308
1140910175
1140984718
1144469092
1140833985
1140758365
1144956074
1142260679
1141044248
1140673346
1142664025
1142454914
1136796242
1139954663
1133338277
1136116586
1136250976
1132986948
1136365230
1136209167
1136675794
1133134024
1133415901
1140562108
1140364087
1136172228
1133263642
1140252233
1140484267
1140058075
1136307410
1136062350
1130378221
1130248594
1128297769
1128386098
1128530282
1132016437
1131098220
1131018189
1130962816
1129974212
1132854055
1130753875
1132574025
1130657213
1130561951
1128608506
1132097005
1132691231
1130133065
1130887502
1127927858
1123199445
1123978778
1125927082
1123845006
1120950773
1127785201
1128178404
1121074311
1120844746
1121222016
1125826718
1124033606
1125537937
1121156588
1125670942
1128056809
1123919298
1123781821
1123679495
1118309396
1120729739
1120246727
1120082690
1120530435
1119538978
1118165588
1117745465
1118407673
1116193030
1115958508
1119788104
1115832848
1118001517
1119645545
1116141861
1116031326
1119948459
1116090029
1118508502
1113749968
1113346718
1103886888
1115422412
1105787480
1103659216
1103759760
1105673234
1109385812
1109640101
1112346635
1111320750
1115707836
1115572406
1111206709
1109539065
1111036634
1113458801
1113069867
1115305377
1096858693
1098355746
1097695160
1097614706
1095534002
1102951450
1101796194
1101333749
1101806597
1095479129
1101203783
1099275342
1099129096
1101586579
1097501399
1097005347
1099490416
1101834402
1101094144
1099709752
1089931685
1088169596
1085741062
1090157623
1090149258
1085604004
1087763611
1093404371
1090009117
1094792304
1086293003
1088077315
1085447413
1094689178
1093520520
1085530421
1090753293
1085902397
1090163738
1090622811
1083778331
1079789735
1075046956
1084263110
1077464089
1083641057
1083888797
1081875890
1084156211
1081197749
1085329110
1085259636
1085371998
1081779848
1079991246
1079680634
1079865539
1077894544
1077363790
1077326676
1070142613
1066448018
1068255958
1067989062
1074982748
1070226467
1070339190
1068316703
1067900658
1069848208
1066546100
1066066218
1067877411
1069890217
1071925085
1067819330
1069815239
1066140905
1067963286
1066103287
1058473748
1063862764
1059855853
1063905678
1061613379
1060003681
1058734563
1059458267
1056893036
1061373884
1063570767
1059473595
1058642222
1059367435
1056739635
1061528755
1063942821
1056703916
1059319021
1063652447
1049958809
1056328389
1056644700
1056460191
1054444217
1056261007
1054401688
1054374173
1054239959
1054096731
1053890437
1054496262
1050079340
1049879733
1049773740
1049641722
1056545550
1054175419
1055488257
1049418706
1042166768
1049042322
1045857536
1049334695
1045678897
1045463060
1042999429
1045105905
1042456779
1045791548
1048905532
1049196879
1043210113
1043298026
1042855089
1042579038
1045252193
1045936482
1043108087
1045593411
1037670605
1036161011
1039561951
1037422040
1035490456
1039225911
1035256101
1035384377
1039389389
1040500922
1038044317
1040179869
1040351446
1038098397
1040057493
1035945761
1035170201
1035840087
1037522424
1040574226
1016635905
1032305928
1016701988
1016795155
1031546387
1032384324
1034087190
1024149170
1034182581
1031319979
1033360443
1031697111
1024063352
1016876743
1016577995
1032455282
1033875809
1032211159
1033444313
1023971503
1007966069
999767088
1008440143
1000855229
1014118250
1008615903
1001620998
999624798
1008520219
999353609
1002977360
1002972665
1002245601
997158101
1007193456
1013188296
1007232806
1005575252
1007127848
1014216698
988830281
989994809
992149608
988456365
992298252
992154413
991915213
990804710
990588915
988038862
988327817
992090601
991726988
991790737
991980173
986156349
992200242
986410102
990681413
994324813
978918908
979326754
984116422
979930266
985053006
981485778
981342597
979290304
984011757
986070267
979234709
986112945
985179305
986020615
981574116
985287820
981279118
980182209
979388478
980484299
971604265
977325120
977410040
974527417
971527243
971322329
973709949
971193549
977444291
975561335
975501668
973395555
977363463
971403981
977629118
975473573
977508988
973661869
973350448
977586607
970559645
966953021
969065712
970818315
967435170
967214895
968201222
967143153
968015204
970459457
969099855
967010212
971099386
970305524
970683860
967828829
967029333
967359879
966909947
970960439
965543215
964385262
962771448
962621045
962539889
961163379
961157469
966754685
962836783
962809716
962727370
962439614
961965417
962141303
965004741
964484438
963100780
960970248
960078208
960095792
943734096
943648216
959082085
958333459
952358898
947344522
959016651
946763385
946620071
951156030
958196103
950457811
950520736
959287390
942468249
942940576
942252104
950375529
949713611
946555717
938026041
935848307
939848568
937770062
936959572
935691653
942101928
937873931
935358808
941082718
939829855
939652555
935259212
941227562
940913855
941313076
939041425
941969023
939185133
938913997
929696113
932605978
932775947
932907272
932993333
934646943
931914187
930777656
929160354
931966183
930703721
934753426
931834722
929783510
933671044
929025187
929342093
932686556
931731805
929603401
928915703
927744553
926785208
927016587
926202666
927188358
926526008
927602811
926147509
928826752
928636626
927494251
926902009
926504432
925477340
925349261
927797694
925329048
927870589
925301217
922417614
924697989
924546902
922663240
916073653
924428716
924524950
925071292
925213467
918037260
916228850
916192716
920833421
917839954
917895723
924566043
924949741
917792723
924839057
917372801
914601858
909489949
909366536
915571133
906651074
908875048
911843837
910432063
915870390
909033255
915217487
914697883
915080176
914622090
914551448
912694092
915746139
909541469
912650848
914140813
904317257
902125005
899694005
887349651
888200754
887145941
902237579
888232259
888264532
905595280
901162482
903174252
888357887
887217324
905563530
905519969
904065485
903763587
888155961
887322869
884417051
886658661
884313249
886957936
886851118
886834464
886387920
886912274
887018934
884503569
882162708
886670181
886560309
887072202
886699457
884459923
886593588
882097394
882033772
886518600
879249177
880013448
877277516
879451230
877213926
877046609
875108952
874845852
874745734
874606182
879568498
879180272
874905461
879967608
879362552
876929648
877350169
875217735
875176419
879158227
872577977
869180969
871533210
869312406
869435808
869508497
873013425
872051917
869377840
871614264
872881206
871656573
872154400
874525843
872651938
869993153
869973162
872824923
869601409
868027027
862079329
866136557
863167251
862104114
864517819
866078539
864108976
867870948
863949306
868018038
865842785
863413935
865898820
864081272
866156567
867950592
862250446
864142000
866206441
863313530
861166817
861870942
861021730
856816291
854247271
860965646
858130358
860171982
856961744
854626190
861810640
856863839
859264116
860010363
854577124
854533379
854646729
861743612
858027799
861102107
844231040
843337043
851080097
846732049
843917929
843306538
854187497
846738686
843021147
847499023
845889877
843084854
844826208
847442272
846685899
854032483
849474940
851160920
845494616
844936404
842414659
836974424
836887826
836529284
836328041
840556897
837196700
836388464
837055189
836337050
838670003
835531836
838525593
840487337
842541907
836129654
837105084
840414364
839991910
838791804
827825508
833554765
835397706
833545356
828865202
829006935
831856549
831798681
831238190
829082611
835194620
830858278
831629359
835443375
833014360
830911336
833536249
828934861
835340375
826940523
826043757
825735276
825180820
816988066
824129308
821441976
822272598
819564464
824167553
825606830
821504262
825086249
817794338
817616529
818766929
817536621
822220663
820382513
818833691
819381050
810229865
812771397
816913815
805902203
816669223
804386407
816750288
805120816
810823092
804401561
813840502
804230381
813940198
804298382
808392316
809683064
811645264
810715665
808356452
816797025
799791833
803894967
802364543
803826505
804133426
800847971
799905317
799960138
803924507
804184532
802294351
804002190
804049540
800050484
800012396
803966997
802240392
804068762
804086792
802437111
795938130
798532359
795852743
795799114
797952252
798009470
797852696
796120457
799736611
795990977
796072443
795897478
796223149
796487577
796407056
797868987
796166012
796278788
795821619
797913182
786069228
786235352
785957682
785825640
794581459
795719628
794993670
794728774
785876731
794814956
794659225
786021432
785912190
786132212
795602932
794889381
786161173
795673933
795073594
795747998
781739625
784093828
784044067
781878608
781653175
778390231
779714475
782205533
784437258
781812518
784183109
779893500
778336213
779799885
782335759
782420685
782287264
781855669
784370434
782153715
778122833
777203495
778295372
774921521
778073849
776402065
777288978
777101955
776352350
778268292
776259003
778012423
777052245
776108635
777609136
778184194
776006062
778234087
776981309
777424647
772850277
772732113
772154498
771083392
774801525
774755127
772634463
772813335
772366320
774361000
772965686
774838390
771978287
770993908
772074521
773036019
773099265
772918127
774445515
772257400
769439230
769304958
769244255
769467533
769275282
769026737
768883198
770939160
769202774
769161360
768955109
770783511
769561090
768653091
768797842
770655347
769516262
768542169
769090243
769409163
767255212
767155179
766885153
767395306
766736713
767491531
766806083
765876986
767321627
765584336
767612778
767596589
766652539
765816652
766954204
768468335
767564808
767077581
767533807
767645238
755370497
759775566
764316845
764231543
757837135
758115562
759481523
757763880
756463381
755613251
758041031
757956065
759415518
756403658
765279849
764351230
765484066
764265760
764379524
764192223
752540611
755311964
753597661
752810782
747972763
754712558
753775424
752120766
750126570
754084083
754790682
749654208
747735670
751506754
747807172
747893614
752894370
753678831
752746327
752590627
742940325
745964053
744375038
742158897
743990173
745093173
743227894
743984661
742629472
742856878
742225692
741499256
743344861
742509191
742761211
744338340
742339491
742675755
742414545
743404118
737492051
738748557
739230409
738624089
739565934
738695711
738579721
738528962
737281029
738790789
741342889
738938474
739378371
738826516
740298175
739493725
737430478
737353534
737201785
739437149
736772928
732974692
730729909
730591458
730843538
736836179
736895675
734776997
734682663
730398653
730511910
730343498
732478335
734886642
736969037
732892362
736729253
737145837
737038448
734620170
723445724
725091690
725214839
729180835
727130624
726286880
730262991
729036769
726217888
725704019
725582995
726333541
725648042
725518527
727315905
724403802
723556854
727236232
728877170
723574481
719429672
720601581
721828064
722850072
715759655
718569306
722712346
718509124
718661011
715695248
719171355
715894407
720713586
722947410
716865032
716985906
719507884
722758943
715598159
719280820
712992130
714047328
712899094
713552748
713643643
711793854
711728066
712343701
714014363
710341839
710171213
712237639
712296847
714156249
710821024
713292093
709918772
711649304
714199729
714190915
705945247
703891901
704276561
706971818
707093518
707001773
707160964
703495231
703334929
709132731
704126329
705860150
705000975
704190818
704332590
704411000
703618556
704376725
709800072
709080635
699192260
700370404
701532051
700548094
703269024
700482100
701333725
701187263
699411288
701245230
699320956
701127725
701457686
703014861
700133941
699348589
700001068
699141046
703096910
702970249
697316165
697184066
697153961
696716849
696548047
698676778
696765181
698625641
698355543
696677196
698711399
696607563
697239633
698095894
698567939
698263239
697875856
697451283
697365677
697752727
692234401
694002713
691659276
695151532
690642418
696323700
691825369
693026498
695851620
695775883
693986394
693101084
690867242
690768436
695047820
691495859
693859576
696481023
692131079
691328423
687725114
690361991
689286238
689424385
688396380
687246638
686963407
690493221
686940484
687049154
688227853
689352763
688305682
690296125
688540762
690512640
688494774
688265860
688344596
687615656
684606614
685801457
682305975
684497028
683431690
684691672
686914992
685885571
683698367
682175539
682374122
686450117
684565358
684819048
682299045
682245327
684459945
683582056
685370169
684746725
681101442
674381316
678828621
674972796
680620511
680543103
673975357
680674684
680302803
680148371
679908955
674178969
675922584
680238478
676861197
680366060
674477742
680046575
680475591
681028206
670485283
668512374
673771228
668456784
673261250
670001123
668585041
673630632
670373689
669950474
669870711
673483984
669947279
668665633
673684364
673287404
673861926
669312759
669901682
668358769
664514288
664313043
667179454
662669467
660955293
667322835
666948793
662435967
667017469
664400913
662807254
666354546
662358021
660867351
664224791
666296174
667112178
668218844
662514307
668290416
658811909
657454751
658794164
659149246
660571858
658915949
658456508
660784574
658836305
660538771
659101345
657406730
660733833
660610427
660497692
659669357
659060391
658997707
658952348
658875572
653835011
653912203
652832960
657371739
655815982
657267505
655778340
655730866
655848334
655362657
655596684
655317168
653496899
655673324
656197752
656095627
655893626
653557962
655560847
655430360
651655314
648275548
650062925
651073124
650033981
649526305
652731090
649589444
648214694
651748503
651205246
651148622
652631116
648248801
650001884
647301059
647242260
648031372
648099690
652567022
643405208
646623074
646506717
643472801
643438958
643112017
643359419
642576485
642499219
643013250
641780457
644692463
644475486
644066968
642876558
644589848
643289783
646659089
643187922
642945671
641639243
639952200
641737464
637736131
637375892
637610512
636253658
636188426
639415275
641706925
636159920
636083788
639620039
636904235
637541297
641664569
636223845
637020422
637259346
636288266
629071665
631110369
635302527
631230801
635182914
631152588
627452596
628511852
634358201
635042081
636015948
629302178
627486238
627518290
631261169
631194206
631292558
631686077
629141694
635948585
627099718
626659291
626628676
626867201
626023310
626128968
626937720
627193594
626740725
626062768
627414181
625428285
627351670
625210194
626102636
626170101
626991859
627295210
626558329
625320157
623563218
622959024
624286585
624521546
623525499
625126506
624538446
624413013
623001531
624599635
624498989
624457394
624570137
622920351
624975015
624215947
624476214
623436560
625047566
624357262
622749856
621920657
619316014
619795405
622018455
622857504
622646164
622093144
619555095
619659607
622489470
621984785
619364723
619231757
619716236
621961613
621774757
622805267
622406256
621876319
618093134
617906906
617246742
616436846
618161846
616297233
618258101
617799525
617561794
617465122
616490766
616140246
616066747
615950665
618033822
616359450
617650283
616222490
619132366
618198831
615593846
610468172
612029325
615541541
612002603
610617562
615383393
614443715
613829149
610419807
611092771
615765602
611973301
611444735
610597586
615675033
615861991
610571533
611343904
610518644
607294706
607223922
608219398
608056822
608842968
610273917
610331459
609654535
608635431
610382101
608719604
609780335
609934986
610052250
609568994
607187685
607087412
607059421
609518508
607359261
606806450
604389638
605980019
600002502
601362845
602921986
600063032
599462025
606909270
602960110
606118132
599261996
600012169
603013646
606723007
604479321
605377546
606632665
605888721
606038342
598628134
599182943
598840944
596861800
598774350
598180431
597635856
598694343
598737234
598851573
597525524
597432182
598896298
598140306
598100242
595989067
599069122
598686144
596093713
596048857
594486701
594590412
595141415
594675047
593704684
593206917
592708568
595295798
592714930
593588856
593039172
593233518
593510397
593065345
592984698
593627548
595369228
593650366
593554828
595435952
581502274
588911870
588336906
581174376
584763712
588710681
588281205
580664577
592695591
592609785
591033861
584834808
581563235
582697482
578208648
580022184
580098503
587434698
587301073
587212971
575950517
576653736
576681291
576868786
573225012
576026630
575480133
574733735
575361212
576622887
573291988
572949678
578150915
575856978
571716148
576767338
576702922
573159974
571664096
571513019
568740342
569836488
571359726
569806031
569351856
571424415
569976769
569079936
569868320
571482686
569915900
569898052
568493417
571390682
568990859
567482356
569950274
571336014
570026591
567382559
565987686
567226108
564346718
564305216
566137606
566086368
567320795
565922103
565889424
565945902
565870535
566116729
566007540
567182523
566814486
566185951
566039631
565965822
567273599
564696656
561310705
561235691
561166634
563971286
561457921
564068700
561277706
564285814
561186431
564114829
561251428
561137498
561378042
561210134
564245383
563881521
563805561
560904325
564019205
564214326
558356412
558445013
560260808
554481847
553372996
559375584
557572176
558781935
558735155
553935862
559714693
553424364
558297883
560004662
557802848
559976871
559631402
558774225
557524534
553988675
551344741
544564854
547036871
549174325
551766144
551186967
551257467
549241194
545913518
551819934
551322047
546835041
551299344
551224196
548634554
546935933
545802126
550443803
550715835
549335616
544119964
544374989
544464760
543468011
544248443
544419405
544502498
541424477
541508521
544176779
543652884
544326207
541172857
543728747
543534440
542790365
541470415
543608914
541536141
542842150
536773934
539267872
538480519
539980225
540227911
539177395
537679952
537650244
539888130
539789737
539135556
536717921
537538646
537475138
540045982
537421574
538422825
537310795
539231592
537250980
531650317
531615466
522678853
524083005
530340889
528481629
533485808
535171837
528917301
528421206
523968129
522749876
535097886
531556850
529002714
524219137
521896132
535241157
526723088
532204999
516545714
518065442
520721241
520938791
521809678
513896581
518163974
517967766
518007685
520825287
513977466
513551518
520785336
521757882
518113086
520644002
520905923
520871792
518101847
513610490
499001886
499052172
502199847
499024156
510673507
513447663
510207933
498980815
509988455
504484608
502331120
502174029
500850405
510798252
513480601
499122889
510077581
502451237
504544947
499019549
497786710
498802934
496541603
496964269
495895368
495761451
498910883
497742081
497696879
497608984
496850743
497664627
496691491
496611020
498267941
497569584
497540187
497501235
498186711
495838748
488655636
492078260
495646056
488716310
494728185
491984105
494661850
494575925
490910037
488751579
494882144
488594327
489225314
493782241
488786421
490854151
493882617
495706684
495524415
491006491
485267550
484508983
485335549
484455295
485053082
485799637
485550411
485414846
487725369
485002591
484404499
488550359
485202094
484368064
485725993
484589646
485858955
488488474
484529251
485467165
479164207
480197008
482558920
481667720
477175588
478496984
484303364
479087851
482086426
480162045
481746020
484087157
482208825
478537600
477115326
482629148
484232801
482315240
481801076
484165492
472758975
476848264
474360150
476781899
473627528
473693613
476416253
474292697
473482968
471425802
473421228
471527522
473570014
474440769
473678969
473774981
471706386
471370186
474526242
471487106
469360417
467172057
467288246
467226154
462319167
471053669
469382286
471195260
463448378
462284303
467131294
469316550
471291888
467077770
462258470
469284744
464009882
462363333
470707086
470660134
460781486
460822324
460589146
460740964
460700067
461221476
461962944
462149531
461128532
461037246
461067595
461179620
462201022
462094106
461094058
461268970
460979659
460954858
462019651
460660075
459407072
459798884
459845817
459680806
458050447
459652233
460476497
460404386
459764885
459730250
460546106
459705349
459628141
459480305
459352749
459596493
458121654
459525092
459282166
457415004
448281498
448249568
448008534
448140336
448574106
451288497
443261114
443196259
457266171
450827872
450065857
449850481
453277879
450131294
457335057
449787745
443153342
450212807
443092317
448653043
435364987
441681435
437022018
436134026
435291611
435209954
436035658
435792466
441633129
438042230
436951379
441201198
443042245
436006463
435146082
440950817
441284464
441233041
441731658
441149292
429126380
430449966
430598484
430492705
431103271
428451298
429050235
429862471
428292831
428545797
427648058
428999682
433645954
430370554
429901350
428139364
428049152
433708024
431741271
431186014
427439272
425349737
426356847
426088151
425991887
426900608
424334095
426993714
426161996
426034071
424868195
427500367
424144794
425167055
426285747
425049424
427597117
425919021
426936422
424070397
420700923
420672625
421780941
422881478
420805784
420456760
419834861
419392738
422548808
421686525
421613726
420384738
420034050
422970298
420734039
419974369
423183118
419904707
420112292
423057445
418999060
419228839
415126845
417923540
419067509
416503947
415179179
419297703
416542456
415155207
413990739
419246848
416591566
417698034
414076991
414038366
417566025
418010422
413930081
415123728
409172074
410822578
407112784
411991789
407007793
413446648
409080060
410872076
408289093
407060466
410089905
411590465
408352366
411658667
411258983
411923302
412050545
410833257
413895745
411293439
405370904
405155673
405044826
403283950
406522002
405413877
406995235
405031994
404029218
406952977
406914727
403903649
402948207
402915345
406925998
406972670
406139410
406892106
405209763
407005464
402873167
400685938
401765252
400013921
398856515
396421307
401073538
400977816
398815785
401687474
402839896
402774481
398852393
401161061
401018286
401216899
400721960
398048392
398883448
401817124
396308982
393556093
395397680
395475012
394654774
394343556
395593677
396226612
394317117
394290640
394265165
394102909
394015082
395428030
393432425
393418170
394620833
395332356
394226298
395543974
390915395
391153607
390385763
393136369
390328553
393158099
391031144
393179114
390976882
390238692
393207096
392342357
390468425
392212717
392992300
393033564
392408504
392362081
392244575
391069123
388939514
388127687
389911797
387957576
389005416
385745091
390076952
389857148
386924547
389634547
386830817
389991622
389593610
389681091
386673204
385801048
386786448
389744337
389555498
388026821
383935290
378118020
376760863
378315018
381207799
379048060
378942094
378542701
378472979
376707698
380159335
380247362
378360104
378432579
378613289
378997647
381257312
383990122
380277108
378703968
374304352
375071152
375838397
376591927
374862597
374420730
375417446
374359664
374688714
375492357
376660141
373664134
374792682
375456395
375910777
375629391
375666988
375117509
374748084
374623123
368749257
371313809
370121313
373383733
368368298
370684591
370656986
370057316
368806450
368166102
371253083
369302578
371422578
372585996
370164273
373436615
368094127
367166762
371354203
373138891
366986417
367108849
365029997
364207625
362388314
362021495
365412987
366295397
363929518
366934566
363328213
362688878
366977238
363266298
362652160
366321507
366732091
363970580
365447185
361990320
361912079
359117271
359050289
361823701
361198720
359087351
361054755
361115811
359028677
361272942
360401843
361836209
358989994
359699668
360368900
359057713
360573761
360344086
360515356
361947771
355551831
353153733
355633201
358062514
355609321
353303999
353130613
356610926
357134311
353108309
356555398
358979369
355580183
353177719
357073249
355518576
357762265
355669215
356792198
353266801
351978675
351105651
350873700
352409502
352286170
350794141
353059608
352216754
352041294
351952263
352342682
351035327
350924234
352626949
352494655
352156741
352551611
353083825
352082800
352229995
350468846
350010823
349020819
350284426
350451567
350068110
350036044
350205000
349083342
349049015
350128844
350362079
350738143
350109112
349166569
350243481
350154308
350396093
349117403
350536708
348989039
347895827
347745673
345705633
347649515
347673089
347950146
347612718
348918592
347832470
346842087
347926159
345615624
348937964
348968832
347722123
346555329
346636744
347990896
347758412
344372567
342735203
342951491
344235533
340911951
341586039
341721667
344265571
344566504
343029110
341574321
341544059
341118409
341026501
342974336
341070518
345266887
343010637
340969364
344590640
335298956
340866912
335797273
336965615
336425215
340468389
335745192
335696886
337105920
337013613
335214476
335134847
334521468
337149049
340411206
340440617
335974894
340394733
337060996
335057734
334113575
331921452
332099928
330665064
329274006
331759779
327532639
330732969
333228507
330774357
327437408
330887346
332033965
325051440
334450697
332073428
333188310
327491038
324543666
330844757
323928289
321961832
321924101
323882002
321819822
320494924
319845023
321893170
319448495
319870532
323917786
324128097
319821800
323350360
317809304
320814585
323281727
323954918
321795741
320485406
316431028
315050847
316271315
315590348
315105291
317581001
315633878
317758642
316375948
316473848
316129913
317627967
315696988
316591246
316494217
311468054
315137079
316541888
312881290
317687163
307665899
309852393
308084851
308244407
309796194
308057416
306624854
309731097
306243210
311210605
307601409
307105232
309230840
307139182
308454126
307569325
309199018
309631713
308297124
308086439
306073913
301896302
301197949
306038815
301859420
301786100
301604850
303843125
302974352
306102651
301946389
303025924
305012316
305041057
302763010
306089292
301207792
305743257
306056332
305007826
298769845
298409931
298292434
296829508
298746457
301062647
301151913
298352176
300486709
300533774
299799359
299877619
299806494
299848182
300588327
301107306
299783363
296912060
299823533
299920918
293254027
293230490
296293189
293196064
293805824
296219213
294481306
293965740
295656881
295276585
295664188
293126051
295347361
295296362
294547546
293862248
294510886
296800888
293155017
296129859
292000026
291973195
291458767
290812645
291041249
289896332
289938244
288524049
293105915
289990413
291936816
291424578
290917622
289582473
289604180
288488943
290956812
289656614
289625914
289557130
286487248
286157567
286247830
286289025
287279825
287284820
288464852
288439011
288001525
287327305
287941735
287312623
286598143
286412279
286207934
286150999
287345348
287377326
288412832
286543991
285320371
283913887
284185010
286042351
284224230
284144765
283980799
283929305
285282434
283859409
285996144
286025223
283954236
285311842
284133082
283830953
283808406
286087903
286116374
283890397
281851008
282753579
282179823
281658880
282740630
281989581
281961073
281729238
282241810
282715492
283038130
282113630
281677383
281788918
281823361
281765425
281708339
281888990
281641601
283009366
280617503
280597009
279548248
281175949
280519013
279508250
280922107
281055927
280895061
280278505
280358273
279484870
280644260
280805591
281117083
280848294
280400208
280434890
280985474
280319421
279414811
279383736
278144455
279190373
279358528
279226617
278254662
279469226
278318541
279397151
278183538
279158743
278359519
279144521
279261696
279303491
278210690
279308330
278273436
279447570
277261160
277149248
275821443
277355080
275843388
278080842
278141562
278034104
277448613
275226891
277307408
275598867
275248356
277236878
275784927
275542572
277392273
275378470
278114615
277190541
274616924
274238807
274556630
274318936
274119271
274063905
262428319
273921191
274198609
274151917
274662105
274646365
274535801
274601631
262390990
273995578
274901792
274578512
274363561
263996725
257993702
260609314
258142418
261248652
261736587
259234002
261190616
258092901
257926307
259156147
260967496
258783475
257869288
261801992
262311230
261759612
261065766
261221997
262288358
259186636
250051774
256116082
256148050
253580888
257165960
252920039
252887164
252947699
252513987
250099566
254460415
257131269
252316153
255729319
252853878
252541952
251304042
249996089
252477928
255647645
248163907
247888272
248294061
246928082
247641973
247210771
248709000
248634352
248573094
248542654
248657414
247181000
247026407
249949813
247603596
246885404
248256693
247130364
248206160
247532367
246297901
246816930
246170134
244683193
246355254
246854172
244751712
241011539
241810561
242555577
244715800
240947898
242574150
242600996
246247923
246980864
244619125
241781346
241160124
246176561
236319315
235241983
240135157
240908204
240932790
235202579
240111256
235222422
236770859
237997731
236298122
235309997
240084235
237940973
237660062
235258199
236758407
235287635
239414371
237685301
234495917
234082008
234700270
234219221
233970115
234490317
234045301
234743936
234224720
234233277
234200091
235156754
235182215
234004197
234204584
233861009
233770481
234539473
234214495
234209141
233764996
232141927
233758979
232394984
232473455
233261909
233762887
233210571
233177473
232519007
233300085
232180850
232126994
231905773
231862659
231812044
232157768
233768014
231798308
232422023
228326934
230113320
228574081
228483357
228458027
230751198
229828508
230680050
229788184
228328764
229845020
228316853
230720137
229805101
229864775
229771791
230120905
229869780
230645523
230510483
227651357
223841388
227860700
227538244
225265496
227633049
225261215
227963196
227816874
227150568
224389621
227589627
227519969
228294970
224359932
224372158
228262897
227558171
228281424
224413790
219032671
217477512
222844710
221154663
222857500
223618121
222894258
222874729
220913979
220870029
220957200
219093489
218228893
218272928
220877724
218736991
223679134
223630418
217491587
223648807
211838605
217457641
211854813
210401369
211923802
211898223
211479691
216900157
211962519
212948360
212654889
211867819
211967833
211941177
212674816
212625384
212640381
211442641
211882839
211404524
207721751
207413784
209631455
207475624
209836495
209489140
207768038
207792674
208604453
207378780
210371023
208578208
210354682
208633973
207487757
207446559
209533772
209513180
208848462
210275298
206347037
205870691
205838580
207065151
206264892
206289664
206962785
205901893
206995872
205558666
206919049
205939330
206322325
205500667
205530432
206905716
206981510
205475384
206663882
206613431
204723077
205451966
204321941
204056458
205150953
203514071
203272327
203230680
205420795
205031099
205400559
203562042
203479551
205178580
204399483
203188545
204356688
204744153
204620282
205108256
200813951
200411693
201556855
202240434
201541011
200771144
201633675
200461206
199421489
203091152
201990398
203150089
202021916
203119266
201577995
201217482
201232040
200790588
202219672
202222002
198227657
197719970
198330761
198355610
198517493
198570868
198537122
199118603
199077792
197824897
197793506
199045293
199399763
198258277
197765801
198555166
199148077
199342463
198294028
198497996
195092336
197077360
197476447
195695590
195471857
197007285
195708791
195364389
195398217
195329571
197043010
197706394
195085506
197700963
195444629
197061178
195727567
197453399
197030550
197424946
195054225
194162871
194095988
195064496
194478817
193938826
191354911
191085025
191056538
190641476
194794660
191005264
194453981
194196938
194087081
195037943
194798287
194128049
194109308
193977607
189999962
189733676
189012813
188347428
190604498
190618248
188763633
189996637
189774941
188594932
188315502
190628188
190012357
188652134
188626349
190024451
190103736
190049167
188859624
188680102
186504504
188232472
188157621
186568646
186172643
186113097
184866129
186508555
184604753
186582335
187842169
186094070
185604130
186463467
184577389
186131930
185308704
188009676
188195295
188265508
179845079
182624848
180097238
180477056
181801858
184115230
183009992
182680815
182185091
181865481
182993693
184524869
184496733
183054686
183062278
182721836
181837918
184556595
184284943
184527207
177253831
178273043
179441413
178828889
178448539
176981637
178419654
177036385
177012460
177983385
178748509
177922371
178394537
178771905
177901508
178760746
178363971
177939943
179430065
178801314
176261020
175569149
175757034
175246445
176680579
176320698
176273322
175694847
175640945
175614951
175551968
174965575
175537413
175162642
176374716
175527150
176338634
175147646
175604475
175195968
174945741
174576857
173878398
172800102
174882975
174925666
174364798
174309669
172987856
173913417
174008656
173024120
174898623
174438625
174408911
172952471
174203469
174859679
174867500
173838335
172658748
172762512
166271074
172676656
172140133
165291784
165225546
165246637
172304413
172104824
165210804
166227446
172060133
172630482
172175916
172689214
166321551
166124447
165147213
172644941
163054714
162901857
164576241
163130964
162493289
162291146
164506496
162525434
164106993
162822373
163062301
162786074
162558368
163183760
163199122
163149509
164693414
164146603
164541055
162862588
159691500
159314180
162267147
160584769
159625638
161548412
159334253
159578390
159860440
159663606
161503386
161337762
160554521
160616065
159275625
159745318
159989443
160759469
160402833
159816932
158010416
158787287
157300501
158238523
157963251
158183160
158776418
158909156
158882065
158293681
158757825
158851262
158181166
157328711
157976174
158080115
157613526
158103976
158052321
158934983
153700846
156839553
153188773
156795993
157275897
153455678
157193773
157170469
153143454
153093564
153056376
156791078
153397277
157145669
153208653
153441982
153121408
153077989
153742935
157127629
151326082
152626067
151722628
151162550
151765630
151842350
151708415
151210270
151051669
152520722
151279191
151710142
149914229
152570214
152656175
151686403
150775501
151731382
150847422
151805345
149204940
146786416
147794598
147801420
147290432
147115626
147131929
147102680
147094061
149092514
147372277
149172615
147314252
149854384
149069229
149265581
147478169
147419352
149871820
147777991
145827145
146067464
146393354
146739620
146705762
146015623
146432345
146574773
145954093
145891599
146675174
145858535
145766038
145308228
145108319
144394075
146455802
146378802
145921922
145350134
143632545
144003113
143188396
142789051
143165710
142866127
142953461
142826429
144207083
144313576
143686582
143641779
144038729
143583888
143187211
143232066
144284344
144354516
143209196
143934663
142102268
141826954
142074292
142446746
142716230
142194613
141811870
141837643
141873235
142154090
142527238
142482580
142496274
142518942
141846988
142681962
142465024
142454418
142757296
142142734
141206496
141135677
141149729
141460443
141325654
141784568
141293563
141732833
141724553
141755085
141255195
141186108
141744230
141773943
141758481
141172408
141407624
141428709
141362928
141798416
139035659
140826170
139028971
138809063
138656230
138429879
140663245
138781872
140858503
140626033
141116191
138739814
138942263
140504887
138863528
138713813
138986217
140833315
140786177
140718848
138346532
134680707
136209956
134557331
136395603
138380142
136306279
136258997
134634356
136231816
136324183
134582543
138265618
138215350
138155923
136355563
134525610
136288151
138300749
136195312
131367082
134489954
134396788
131301179
130358325
130460412
134400512
131237645
131218423
131352162
131144990
134439142
131106082
131312805
130506860
130376556
130397319
130479239
131331151
131282106
129665761
128809069
129648034
129702483
129633948
128603999
128709376
128577521
128846806
129588941
129615099
129486811
128824105
129564473
128762016
128752965
129577909
128869372
128729943
129628839
127697545
127423893
128309200
125769302
127700478
127485412
127390345
127250323
127856111
126775463
127730387
125856562
125824404
125798072
127352903
126755430
128395963
126737217
127305017
128337941
124863102
124882898
124053021
125343322
124011435
125595188
124000970
125443307
125652397
124023749
124368925
125713507
124037395
125761159
124442213
124000317
125659498
125744051
125642230
124420940
121784839
122275011
121925313
121719590
121297461
123335741
120843057
123844100
122291295
123912911
123112423
122251961
121663282
121627783
121349167
123368150
121335371
123884029
120891992
120930866
118618015
118899325
118576657
119727223
119900206
119344504
119822920
118971656
119131568
119370965
120189753
119303878
120342645
120240574
119769027
120301763
119862408
120314786
120279534
118939762
117860417
117801262
117827738
116830655
116521627
116542581
117777533
117253253
116572486
117842419
117477989
117747954
117407021
117882974
117521781
117437449
116702614
116670728
117691094
117904235
116225490
116481359
116197962
114762517
115089058
114586276
115003874
114231320
114204778
114559971
115233728
116498575
116164869
115037061
115729679
114720559
115170213
114298590
115203889
114264856
114027764
114158155
113554636
113548913
113467172
112971605
113048819
113753892
113514124
114154283
113415137
113741176
113882929
114085726
113578861
113014769
113994497
113857873
113472593
112996146
112133703
112804647
112787863
111685948
111791235
112755954
112101957
111746775
112150700
112223877
112161934
112173930
112502720
112585765
112630053
111838845
112207942
112248587
112177492
112086406
110211474
111368962
111422734
110912052
110875610
110246886
110504726
111385865
111341901
110841114
110178586
110491089
110715613
110704039
110988418
110301894
110278422
110758550
110520332
111322980
108429686
107837842
108398324
108910549
108720875
108395627
109733607
109967711
109562962
108697511
108381010
108355033
109800970
109691325
109591027
109872713
107777788
109912114
108441516
110143676
107610114
107580902
107525416
107423027
106810017
107674098
107500216
107471110
107449978
107360447
106730026
106733466
107398191
106775609
107528874
106841387
107640062
107401041
107760117
106706821
106664835
105934769
105144667
105346702
105221267
105169432
106679128
106694959
106654417
106102968
106079680
105976094
105953708
105231617
105922836
105157723
105378268
105211977
105999735
105194216
104885364
104506265
104904381
104378522
104502627
103708330
104483998
103742748
103766422
104579601
103802524
103626269
104599881
104476286
103537725
102906052
104458875
103660625
104375758
104537692
102617063
102053908
102871537
102761221
102077229
102000661
101975150
102724726
102834395
102016001
102632797
102655790
102701660
102682056
102373827
102783424
102347028
101951994
102744584
102634945
101315622
101260528
101921720
101415554
101279966
101900388
101846959
101443941
101351395
101436327
101246755
101333683
101479521
101888325
101404866
101370738
101823881
101303483
101381189
101269483
100581347
100181007
100696669
100546868
100101233
100724517
100744679
100573587
100170287
101233653
100708628
100516996
100131877
100712322
100698430
100682477
100791180
100154518
100118379
100767708
99963959
99896946
100060551
100070143
99917870
99488867
99502402
99877644
99474728
99977149
100024769
99990905
99954433
100008911
99987732
99463322
100080100
100047072
99940041
100037464
98621811
98713687
99272603
99347162
99315036
99183146
98682740
97930828
97909533
98393255
98427938
99220919
99450837
98661321
98638726
98609858
99329942
99248345
98738586
97942175
96973745
97079352
97009335
97772709
96953360
96930855
96917304
97887286
97106816
97727700
97794629
97025606
97743561
97846949
97810593
97047469
96993930
97828900
97606082
96903257
96837298
96338314
96254750
96341887
96213300
96860521
96313282
96177112
96093269
96354635
96300425
96878110
96275167
96888319
96843455
96813587
96160662
96114649
96197286
96241160
95015534
95745605
95629298
96034652
95707498
95058432
95512848
95071792
95451182
95650243
95776488
95667328
95107698
95046408
95088738
95591475
95731462
95642098
95504593
95615702
95007045
94910947
94865962
94397646
94306599
94230522
94297353
94353066
94319751
94946565
94959455
94416881
94379304
94934609
94361922
95003147
94344131
94332630
94269680
94249151
94144179
94158381
93610767
94048079
94034039
93560320
93541997
93994371
93640713
93471196
93425220
93665700
93655071
93579912
93497456
93625459
93588817
93670010
94215479
94184180
93316620
92910466
92897080
92830370
92767243
93387544
93357410
92879920
93299013
92785620
92860738
92938608
92930000
92849869
93349629
93343677
92693773
92661352
92742704
92871418
92594472
91881099
92201954
91583157
91991619
92194003
92244904
92218202
91908469
92122271
91868646
92628363
92146708
92113734
91927899
91608706
92233964
91598838
92607663
92167346
90966638
90887572
90899958
90781009
91220019
91524420
90795925
90942990
91197415
91544080
91126701
91148826
90924938
90811008
90910437
91511690
91174940
91558339
90912836
90849121
89761034
90216177
90738646
90269822
90717658
90257234
89779277
90207038
89858246
89743557
90246174
89839245
89576396
90182024
90231574
89881696
90165155
90027880
90008426
89809415
89518191
88657474
89356428
88977503
89449178
88296576
89434319
89495603
88956709
88173423
89548287
88829505
89381280
88970737
88285733
89303200
88947106
88187231
88845221
89408844
87550214
87311152
87132350
87366484
87272136
87481443
87982235
87421196
87600930
87533337
87503309
87520861
87583348
87464246
87612758
87516867
87336315
87440344
87579078
88137992
86294306
86268571
86924725
86908208
86809501
86703811
86673040
86318260
86306237
86893842
86593105
86868886
86783090
86278659
86820780
86835955
86760253
86617156
86644453
86881341
86149379
86254658
86234606
85560220
85541823
85579044
86125984
85527249
86058009
85627264
86242981
85601853
85370074
86225071
85360756
85346547
85634710
86034243
85837040
85612613
84736058
85238043
84758717
85124734
85336106
84797038
84686054
84710465
84364585
85203779
85266296
84830211
85151455
84505111
84439060
84782174
85176762
84500423
84467059
84396590
83576459
83533424
83416361
83997756
83966849
83557293
83784855
83887426
83638468
83504874
83486328
83450523
83399538
83673882
83943060
83607501
83507824
82824124
83918496
83433707
82786493
82587754
82656026
82604828
82465373
82629956
82644661
82220103
82526110
82667471
82723123
82155476
82144621
82749355
82513113
82499463
82269428
82682475
82699423
82572739
81160206
81074399
81136189
81064556
81086399
81873036
81788305
80859657
81860711
80887652
81795913
81107958
81779788
81118854
81413420
80907016
81385971
81359136
81803970
81890596
80154666
80540324
79736513
80495808
80511825
80027017
79658421
80553167
80578851
79956018
79685940
79926813
80503484
79968725
80016308
79983115
79732836
79720405
79998859
80564290
79508546
79188627
79111764
77823554
77986285
78824601
79201074
79418317
79609875
77844371
77797181
77835024
78755870
79412825
78054251
79089143
78855977
78026079
79481588
77812975
77672498
77781805
77395035
77518247
77363430
77482304
77352486
77405451
77570355
77490171
77417766
77543697
77385068
77346462
77594298
77449908
77381788
77335810
77633830
77436873
77238487
76923992
76857250
76859132
76844206
76878045
76874942
76860475
76835531
76392531
76953902
76883828
76365250
76352145
76828113
76361703
76346010
76374562
77220452
76942732
76007090
75847176
76332203
76307236
75460336
75858564
75904112
75876595
75956426
76323094
75837880
75933538
75920245
75524448
75827059
75867112
75487821
76024172
75413387
75801172
75388822
75179717
75281211
75321231
74687615
75399916
75367433
75253348
75215884
75189221
74698245
74744390
74670746
75201933
75286862
75348749
75297242
74651878
74723457
75336284
74078993
74112461
74563417
74086279
74182353
74610421
74038373
74581375
74025960
74205091
74619364
74064029
74543824
74632366
74236014
74167589
74594645
74528630
74053181
74191832
73143427
72828621
72743854
73163423
73681786
73254941
73569599
72814203
73879274
73257905
72787520
72777415
73586161
73290643
73151562
73849427
72771779
73679930
73235999
72798397
72337813
72680684
72320101
72358594
72191613
72186110
71617555
71578217
71644707
72375705
72735609
72721289
71723520
71690579
71615491
72172676
71757883
72199713
71666115
72223703
69712281
70787740
70612831
70865094
70812383
70797814
70646858
69723866
70123617
71495793
69734085
70678083
70135453
70108795
71445659
70847105
69701831
69745673
70826513
70576295
69667577
69544997
69260242
69196840
69243672
69173453
69617208
69693129
69629856
69607012
69159787
69659102
69225088
69490462
69252650
69141144
69579594
69133526
69653491
69216274
68725710
68567597
68277545
68716632
69060802
68287425
68707542
68503360
68286286
68532780
68598353
68271714
69080310
69123358
68266208
69043923
68700322
68256332
68735425
69099539
67653046
66701101
68222625
67459769
68091322
68249562
68055338
67590055
68138509
67631905
68161468
67032910
68020607
67054321
68186251
68210541
67962084
67431686
67095842
67077207
66234133
66535221
66215081
66669691
66682068
66601798
66693278
66686147
66656944
66512854
66678260
66267011
66259666
66666168
66242824
66621705
66640869
66516063
66199908
66250008
63897356
64275104
65753345
63704443
66004376
66043359
65861496
65854305
66075570
66008818
65831716
65756250
65773264
66065137
65726304
64947293
65838811
64965075
64918619
64900652
62782475
62699812
63572970
62554994
62962306
63522627
62814757
62981050
62835894
63535596
62717792
62545359
62651168
63519435
62765967
62672139
62377956
63677467
62582033
62968973
61984174
61591959
61647612
61688047
61971911
61584881
61659986
61337279
61259689
61231107
61635515
62108271
62134947
62128973
62119329
61309916
61286419
61624372
61195241
61676732
61124133
61136331
60694980
60587894
60374642
60353071
59910595
59896953
60061202
60074950
60042386
61080023
60419696
59921265
60402215
59881575
61105338
60563003
60383055
61157734
59019816
59388245
59800121
58984998
59833272
58966877
59848225
59031511
58950332
59047068
59440748
59406544
59068043
59457194
59059027
59859650
59420525
59375898
59534894
59818629
58441765
58392732
58539599
58501366
58456794
58333365
58303616
58619708
58525034
58608764
58417635
58566486
58318443
58413230
58905716
58350022
58213566
58880614
58476480
58922388
57943161
57554074
57193090
58186565
57517768
58180038
58206265
57615537
57722174
57858375
57593665
57201255
58196377
58159309
57881643
57577778
57852986
57223287
57210775
57184171
56943040
56675145
57004958
56685474
57074861
56525852
56924345
56488622
56894500
56716827
56661983
56986496
57059670
57151400
57124120
57020352
56965139
56723895
57107582
56693021
55560763
55254862
55023843
54811255
55636915
56202651
56225927
56214663
56433943
56452604
55296722
55282876
56166437
55635209
55585288
55258701
56002621
55621740
56380076
56028376
54598243
53922166
53901747
54002750
54384596
54027654
54442215
54406766
54376593
54573329
54054503
53989307
53910865
54390056
54013908
54414185
54425454
54792065
54434734
54773103
53426223
53400598
53160415
53139425
53129359
53486300
53408045
53845491
53889636
53875598
53865972
53473518
53106825
53116416
53041983
53857447
53171759
53155152
53488227
53466420
52387138
52677962
51696228
51639731
52380233
52349308
52016161
51709071
51675078
52357781
51647419
52360166
52370242
53035912
52368456
51726408
52687306
52745183
51993560
51654738
51606713
51126599
51395403
51111619
51229964
50846837
51627698
51617490
50862044
51119605
50873084
50880905
51439972
50852925
50841041
51505790
51220636
51324104
51101715
51417610
50356894
50528240
50348493
50280651
50612526
50133928
50547094
50627056
50601663
50340919
50541327
50536080
50368666
50527486
50831134
50636418
50827251
50618194
50797423
50594114
49954001
50068252
49977923
49752061
49971169
49945454
50080002
50037356
49769271
49964601
50062588
50053803
49761743
50105319
49743537
50117981
50030698
50089045
49985894
50045390
49723728
49734584
49113420
49728419
21783073
21768953
21756871
21760378
21772198
49090671
21557798
49103766
21779504
49460573
21563549
21754369
21750074
49085771
21714373
49724616
21309732
21295267
21439415
21463524
21444638
21460535
21452946
21410680
21447081
21257207
21413496
21285844
21449125
21306070
21292219
21300015
21170452
21457000
21317728
21314038
21006527
20786163
21159939
20979503
20781001
20743820
20956240
21144584
20997911
20774075
21166652
21154834
21132729
20654902
20949602
20662106
21002640
20983951
20757880
21149354
