1192070967
1194245590
1192387310
1191941385
1195873123
1192477689
1192831479
1192241837
1188685415
1193073767
1192996448
1194367184
1192913176
1192605804
1196284960
1196830939
1194526920
1193182006
1192708888
1193126027
1177900403
1180983527
1184934702
1187840461
1179155986
1179081816
1178899842
1181132417
1188234966
1178219135
1177999899
1188046383
1178743616
1179016389
1187720398
1188578121
1188363742
1177185639
1188480525
1178156804
1176091396
1169440065
1166547239
1166398015
1166286704
1164941116
1169580233
1169173222
1169004283
1177159114
1164852819
1177062641
1176221401
1172185270
1176498803
1171797778
1171704650
1166698372
1176366922
1171976726
1157631394
1153332883
1155972051
1158583509
1155868215
1155407044
1155052722
1159512920
1164331722
1158717314
1157562662
1153119229
1155760191
1155319963
1153223519
1156197338
1164578169
1164130570
1157685473
1156094017
1150971957
1150828974
1152747229
1150154495
1150255886
1148409324
1152783962
1150679455
1150296266
1149948086
1150621654
1150338860
1148573581
1150105944
1150467708
1149758481
1147939545
1148504668
1150217749
1150411388
1145410931
1142960717
1141338077
1142683249
1144906602
1141233814
1141405199
1145208591
1145545183
1143066327
1141443817
1143155020
1141278613
1142604201
1143201609
1145294808
1145135801
1145026263
1142853925
1145488897
1140698515
1138192233
1137863041
1137561292
1140361529
1140484267
1140236283
1140901126
1137688587
1141174617
1141054689
1140998563
1140800782
1140058075
1140563232
1139954663
1138301802
1141117319
1138058934
1138415647
1133179277
1133277909
1136675794
1137079962
1133690924
1133441785
1133616407
1137202396
1133746809
1133047922
1133371613
1133513005
1137431465
1136796242
1133786441
1133578077
1132944125
1137293467
1133649936
1133861215
1130516645
1129429171
1130383568
1129732806
1130859704
1132833401
1130127290
1129509027
1132097005
1132609812
1130929300
1130056346
1129620022
1130745448
1130632515
1129963960
1129842113
1129354469
1130239718
1132016437
1128834004
1128865378
1120978179
1120790968
1119138156
1118508502
1120686903
1123407517
1123286337
1123586359
1128792734
1129255867
1121086697
1128738452
1123474263
1120578039
1123661798
1128920083
1120907249
1120449909
1113793512
1112948061
1117423483
1113686799
1113222987
1115958234
1118407673
1116076356
1117085924
1113334236
1117158415
1112003929
1111961744
1112739682
1115755629
1112831358
1111913902
1113069867
1115641506
1118153669
1103886888
1111662797
1109129930
1111506128
1111023524
1111427015
1111833415
1111704569
1108874274
1105787480
1109466612
1109007146
1109199166
1110907188
1111876159
1111593382
1111306811
1105673234
1111191249
1109341903
1101586579
1097005347
1096361838
1102951450
1101796194
1103759760
1099490416
1099709752
1099275342
1096858693
1095534002
1103659216
1099129096
1094792304
1101333749
1101094144
1101834402
1095479129
1101203783
1101806597
1090753293
1090622811
1090149258
1090009117
1086810502
1094689178
1088385850
1086969253
1086904442
1088169596
1093520520
1090163738
1089931685
1088699448
1088077315
1086747124
1087853862
1090157623
1086652817
1093404371
1082793967
1082878928
1083349751
1085496209
1082690858
1083888797
1085419475
1081875890
1083404882
1083641057
1086557255
1085741062
1085600297
1086293003
1083778331
1083474344
1082534952
1084156211
1084263110
1085902397
1076322499
1076397480
1077953915
1075731356
1075639333
1076233867
1081779848
1078361589
1075559624
1079789735
1075046956
1075923776
1078139767
1078267183
1075800411
1076097883
1079865539
1079991246
1078208612
1078078417
1068979589
1069175136
1062145616
1062053147
1074982748
1063470776
1069082901
1067963286
1066546100
1063652447
1069252436
1063570767
1072223703
1063425327
1063349328
1067989062
1069347498
1068904913
1063278616
1066448018
1054796740
1056328389
1057027746
1056402217
1056495687
1058362531
1057019232
1054835493
1056980617
1054756207
1057326609
1054893237
1056161490
1059247080
1059855853
1057246026
1054663189
1057192722
1060003681
1054709866
1051721426
1053994749
1052297616
1052011681
1051568981
1054601234
1054532324
1054317052
1052358382
1051836281
1052084885
1054361160
1054121824
1054062627
1052136210
1051634099
1054559048
1054200808
1051507623
1054629294
1043252469
1045651612
1045972440
1050929713
1045413389
1051419691
1045521615
1043126339
1045928418
1045739592
1043197186
1045136425
1051091628
1049804536
1045252193
1043302392
1051358913
1043051679
1045845687
1051182224
1038098397
1042688620
1040545152
1040193231
1040038516
1042548498
1037933578
1037909323
1039389389
1037809957
1039109896
1039561951
1039255311
1040629352
1042955088
1038044317
1042833640
1040360341
1040460790
1037715400
1033444313
1036143478
1037382701
1034087190
1033583901
1035099688
1033307566
1032211159
1032455282
1037492091
1035256101
1032384324
1035498037
1034182581
1032305928
1036032079
1035945761
1035840087
1036103352
1035384377
1031310678
1016710428
1024149170
1024063352
1023971503
1016775287
1007966069
1004560679
1004435037
1004485989
1013106518
1013002629
1013188296
1004617214
1014216698
1031546387
1014118250
1017365122
1031697111
1005575252
999544183
997158101
1001328363
1004299164
1001389260
1000154132
997796766
1000037946
999767088
1002245601
997665483
999928608
999353609
1002329739
997901825
997555810
1002104228
1002401371
999624798
1001620998
996464757
988456365
996445644
995155677
996518486
992244109
995251417
992067092
988015624
992007000
986410102
988327817
994324813
988830281
986169555
995324128
992167403
991042793
987930483
986117174
981341230
977298664
977183647
985919084
981450326
981191072
979930266
979425796
985876893
981294264
975522042
983543328
984116422
984011757
981521222
981242384
977331720
981135934
986102976
979350189
970905743
974527417
973569003
971148864
971682312
970768458
975483985
975175387
973606292
971257140
973667537
971051794
975222481
971708598
970930586
971604265
971424026
973391952
971467824
971340708
969379000
967828829
966741716
966486571
969328471
962771448
968015204
962836783
969136157
966589542
966816641
968201222
969296347
964409862
970654357
962727370
966795295
965543215
962809716
970434827
950334276
952539771
952648348
948758096
951156030
961923100
962357881
962005338
950599783
950475108
948783416
962105596
952410263
952281973
950551567
950262116
952311651
962621045
961843315
952577899
944208164
948477542
947360635
946763385
944462013
948665948
944898157
948555707
948313794
944577832
944379486
948732039
948413502
946555717
948227312
948176971
944361175
946620071
944868157
944731946
942252104
939705100
938913997
939185133
937988571
942858439
942950106
941313076
940009247
942992943
941082718
939948025
937930239
939811766
943734096
941227562
939041425
942101928
942468249
941969023
934646943
937873931
937300967
937770062
935490443
936656948
935568259
935173261
937460921
937157322
937545264
936873328
935338212
934753426
936757306
935848307
935269897
935094306
937059327
935465493
933968866
933870828
931914187
930777656
932993333
932909196
932854159
933810549
933744837
932013043
933143799
931834722
931491628
931630951
930703721
933653885
931966183
931731805
930170338
933926619
927918590
927602811
927188358
928054338
930124253
928710382
929838913
927342224
928891076
929741692
927795626
927948781
930086375
928806526
927494251
927744553
928636626
929927744
927858074
928009495
925213467
925349261
924566043
925068326
927016587
924348065
924030339
924839057
925477340
924428716
924280936
926902009
924197057
924524950
923882878
924697989
924949741
925329048
924546902
925301217
919854894
919531051
922658648
919648297
922306466
919715481
917895723
919410821
923762492
919571907
922766531
922892342
920073510
920005179
919785758
922468249
919952030
922554767
922831694
918124494
917706705
913563203
909825153
909541469
913337948
917792723
913626736
910432063
913761499
909489949
909866351
917839954
917372801
917495717
917619431
909751798
909366536
907123273
913453566
909913548
903032490
906476509
906596924
902125005
905563530
905519969
905288895
905257164
902747816
907009274
906762454
902237579
905186221
905096758
906850704
907072059
906943403
902968768
906681395
902887414
900701967
892674555
888020123
887724094
887502399
887349651
887217324
887420579
887998447
901201410
887892026
888126536
887629199
887145941
887322869
901162482
888069057
887768667
887072202
887968784
886834464
885048553
881455673
887018934
886851118
881296342
876929648
876864847
885374539
883974996
885272767
885179959
885120617
881362565
886912274
883904385
886957936
881238598
880635381
884972221
876661818
871360045
872154400
876512866
867912684
873468457
873391279
875955921
868011423
872051917
873351590
873314124
873508214
867836657
876809766
873528443
859264116
868064575
867733440
867656849
852560670
853594516
858130358
858027799
852589216
854533379
853897271
854485355
856760168
856799702
854310195
853535937
854371008
852311517
854203576
854439422
854684373
854590917
854731515
854088607
844864861
843306538
850164798
845889877
844826208
843382953
845527086
850231061
850103221
844231040
843197673
842988665
842904674
844936404
843104185
843337043
844411490
843254188
843041256
843362677
839991910
839087921
837453718
840556897
837234334
836863976
840487337
842541907
838791804
842198386
838525593
837306817
837181222
837002028
837399207
837071937
842414659
840414364
837511783
838670003
836337050
825180820
821504262
831856549
826043757
825269342
826940523
836772211
836529284
836328041
836678922
836129654
836388464
830911336
833014360
822213877
835531836
830858278
831798681
836604229
817447932
811030323
821265464
810229865
808392316
814339352
811116511
809127474
821217685
808952265
817408683
819564464
813840502
821314193
816422744
813940198
821441976
819381050
811157592
809058890
796583265
808356452
796055949
807262686
796775748
796475238
800200177
796917034
800323579
806586436
807132986
805120816
800242922
797042700
807322373
796860314
807199369
800148449
795998324
796672032
785987850
778302598
778244469
781692405
785864602
783786090
781794987
783954063
777018469
783765295
785938744
795848621
785830962
778187514
795925590
795965125
778413026
778366760
785890045
778263826
770598092
776444608
770894604
774723505
770775349
776958854
776316890
776406778
772660895
772565036
774679364
776514433
776476698
776368948
770685621
770830271
770710919
770912429
772323657
772227492
769311184
768666581
770346782
768751547
768136097
770473758
768445871
768839580
769216275
770220040
769071916
768562494
768320695
768977306
767669767
769026737
768929319
769261990
769144934
768201422
767648419
767572289
767596589
767451729
767192650
765876986
767612778
767484269
767255212
767068911
766814844
765484066
765109135
766949996
767321627
767378041
765584336
765816652
767524015
765279849
757956065
760393771
759415518
758888307
757821733
759884272
764231543
765007262
760435453
758802528
762931550
763403280
759775566
758041031
763514558
758115562
759481523
762994838
763328942
758845257
755370497
747893614
752016700
750790962
751705511
750844012
756403658
751951569
750126570
756327023
745987860
750648241
751827169
747807172
749912017
747972763
756463381
757711004
747735670
752120766
738907889
745936678
739625925
739766076
742513811
739821445
739711577
745881315
739601176
745820096
739883006
745093173
739941481
739515080
739397708
739590366
740283687
739312031
739240055
738822401
730843538
736919932
730591458
734591511
738624089
734725853
734644727
730342662
730420560
736855237
737016124
736780387
734860982
730729909
732974692
738743081
738695711
737087589
732892362
736729253
730262991
729132604
725391548
725316223
721843324
725214839
725681150
725630852
725584093
725091690
723928044
723874766
722011063
721956893
728945376
728850828
722067062
723920067
724517028
728809879
721579797
719507884
721644544
715894407
717920218
716865032
718399643
719171355
720601581
718661011
718569306
718333177
719280820
718363231
719429672
718509124
721709842
721777906
716985906
720713586
714156249
712899094
713552748
713643643
712992130
715418009
714106045
715759655
715695248
712833455
715497453
715812778
714014363
714047328
715590258
713384491
712727609
714190915
713321322
714199729
704503472
710533101
706971818
706314616
710577969
707001773
710555640
705945247
705129523
710605479
705860150
709465119
709668489
707160964
704332590
705000975
704369316
704276561
704449451
707093518
691198005
703495231
703891901
703618556
700133941
697752727
691659276
700001068
701532051
691328423
691083572
691825369
703146811
693101084
704190818
691495859
704126329
697875856
693026498
692131079
690973870
689352763
689286238
688344596
689529417
687615656
688699670
688265860
690474624
689640344
689582914
690584873
690760597
687725114
688305682
689424385
689745966
688540762
688396380
688494774
682305975
685370169
685881916
684746725
684691672
682374122
684819048
685665724
684445233
683582056
682943167
683431690
685753535
685962975
683006471
682299045
684565358
684606614
684482537
683698367
680674684
679881755
680257296
679576582
680543103
682175539
680715516
680620511
680397955
682107442
679960525
680322702
680165670
681328553
679701750
680093078
682245327
680475591
682016364
679631387
675300197
676248033
675659263
678457727
676374166
676456331
675922584
679481005
676316638
678572238
675527577
675414293
678540670
678648011
679388565
678392177
676530425
675259404
676143394
675751836
673630632
673052215
675151721
673684364
672965417
673080677
674909464
675098272
673521777
673975357
673861926
674972796
673570781
675208381
673022307
673771228
672910825
674939052
673108520
675008205
668512374
667393883
668290416
667745490
669421203
668665633
667530874
669507574
672857881
668358769
668456784
667230253
667106100
669312759
669028478
668944498
667594274
669564919
670062588
668585041
664224791
666489859
666296174
662807254
664514288
666741988
662669467
662514307
666638760
662435967
666354546
664313043
662005058
666560581
666830541
667011729
666907332
665381706
664400913
662358021
660074638
661956696
661231858
660936457
661314554
660250094
659899938
661882125
660335180
659669357
661154830
659153113
660168158
660809356
660859015
661088531
661000664
660296246
660002939
659086135
657974475
657850610
657593243
657534351
658506447
658357643
658556560
658684146
658619086
657736329
658274844
658139920
657727739
657447688
658060460
658730600
656819396
658418456
657402731
658759855
655893626
655848334
655759277
652850023
652767363
654907593
653046018
656648797
656738055
653835011
656606763
654836106
652868338
652972225
654730949
655815982
656197752
654852164
653912203
656095627
652596055
645633044
648738119
652680423
651148622
647242260
646701676
645154475
649589444
651205246
651279509
649526305
651327201
648829489
646680594
646580320
646650143
647301059
646614640
651073124
645102869
642862900
642128742
644692463
644589848
644475486
645131069
644066968
643260182
643071926
642983175
643330202
642499219
642314549
642199454
642384047
642576485
643131255
643207154
645054973
637811182
637520635
639909120
638117636
638094194
638164555
638024256
637965275
637907033
637862157
637988203
637740050
639952200
637683390
639246952
635302527
638171103
637678395
639564356
638062900
622130199
623879108
624007976
635182914
622287269
635042081
622690552
622192809
622087312
630913340
622805267
626245518
628587565
622857504
623952065
630801805
622749856
622447620
622624899
622364315
617597379
619846620
621872393
617423055
617657833
617509085
621908439
617942358
619581185
618166543
619659607
617366602
617793980
616531569
618258307
616483094
617246742
619716236
619790051
617868412
615964360
615383393
611444735
616331157
611813291
616204483
611881026
616390061
615804652
613829149
616066747
616446222
611751998
615680454
614443715
616258918
615752118
616137783
615583494
615541541
607732584
610052250
608635431
606038342
609654535
611343904
606118132
609934986
605888721
605662691
610154134
607679595
610286678
611181173
608842968
608719604
609780335
607775754
605980019
610263782
595321070
594580925
596207638
603013646
601593173
595715962
595788018
593233518
593147052
601538489
594646443
604526980
593028226
601496686
593085163
595870816
595453178
593206917
595972948
592974926
578179958
584763712
592903760
584036875
583978324
580683405
580098503
578166089
578156814
584834808
581563235
578199017
581502274
580751430
580635069
579109321
578146845
580022184
578239320
584097666
574246284
572221011
571101582
573159974
571716148
576211386
573225012
576026630
574153694
570909183
575856978
572148985
570989505
577588209
578126279
572299505
577637472
575950517
573291988
571664096
566474820
569836488
569771107
569740792
565778148
569806031
565720806
565816381
569079936
566949854
570766779
570854463
570357156
568990859
567791458
566917275
569868320
566357625
566814486
566867790
565549965
565636069
564114829
563318212
563224564
563722950
563472312
564696656
564068700
563971286
563881521
564914269
565678962
564764844
564827895
563805561
564019205
563634818
563576848
563387493
560311534
560993492
561515551
563149908
559535986
561310705
559375584
559040994
561384885
558356412
561040179
560200919
559470928
561457921
561341854
560904325
560260808
559087945
560367181
561664064
553353957
553245831
557094986
558063280
557802848
557019613
556980683
551819934
557866073
557627633
551648686
551574773
553440640
551766144
558164701
558297883
558246368
557902082
557722031
557130999
547664275
550073699
549174325
548446111
546527906
548385041
547036871
549241194
546478410
550443803
550127841
549335616
547626353
546835041
551493106
550262305
551534018
550095106
550389404
548322719
545847292
544290422
546009549
544047498
543652884
545938825
543728747
545788551
544216119
543608914
543468011
543534440
544408415
545713237
544127744
545890535
545120998
544467875
546442218
544345950
538351512
543322303
538666936
540045982
539099576
535657068
541867958
541311076
539980225
538558628
535962694
536039875
538509564
535937235
535915418
539888130
535744544
535241157
538625879
538434538
535097886
527975791
524219137
533612121
527129035
527227760
522749876
527925270
522678853
532215388
528917301
527184913
528509735
528427841
519045173
529002714
528532609
525662232
527261795
535171837
517635217
518966126
518816813
518737226
517999983
517534861
517480402
517118712
517025485
515629855
517935149
517849091
515666555
518669256
518895941
518044292
516908957
518094430
516545714
517584929
513551518
509027888
511408768
509238045
513896581
513610490
508890168
514073508
513988740
509190337
509088963
510798252
510673507
514985474
508974233
513677340
510897687
509128765
511318126
509304624
506927873
508761160
508572446
506974843
508051150
507203389
507096072
508725712
508629453
507244264
508829125
507897877
508790450
508026572
507975488
507224778
507037502
507176363
506899457
508660422
504544947
506267375
503320471
505818944
505711145
505857031
506804696
505916304
506838684
506775433
506743084
506345514
506193063
505607937
503079408
503006227
506533104
506868106
504484608
506690883
502841306
502553332
499809718
498112099
496634108
496483215
495260640
499618463
499743249
502768576
502491126
499692943
502912205
499342394
499259952
499297020
496707096
496567653
502643323
502451237
493214440
493874097
493609104
495085361
491972827
493823294
493280781
495017453
493404250
491830126
492047782
495182962
493708311
492115457
493502888
493940953
494818913
494722897
493132397
491901795
488576342
487455332
491031138
487727179
489770222
490038312
490007098
489899496
491725054
489181360
491585617
487945456
491491497
489962274
488008724
489228907
488532879
489839123
488076387
488624510
487318849
486584848
487156900
487361525
487060152
486727887
487405235
486787886
486635108
487104575
487009918
487239577
487383594
487450898
487276287
486832487
486989806
487430847
487337190
487204701
485761154
485091801
486349743
485414846
486380637
485832381
485550411
485647428
485267550
485045677
486530996
485868190
486439773
485693150
485335549
486480378
485202094
484988689
485467165
484917052
479746539
479602771
482383930
480412217
482612709
482442385
482146184
481999942
481248232
482676740
479661675
482549502
482715607
481917534
482209710
481304305
480760761
482295323
482086426
480745733
478362163
478537600
475863798
479508125
476015354
477055353
476848264
477115326
478287789
477175588
476999177
477267593
475975440
478496984
479160153
478423847
476781899
476916818
475925431
475910808
474404135
475019599
475651753
472748484
475200328
473482968
475728072
474583926
474484686
474302759
474244500
474094010
472790893
474524838
474342329
471414301
475211600
474182422
475299890
475794110
471102833
470908951
470028161
469806330
469856440
471232940
471346216
471286209
471158469
470917363
470864904
471224932
471025890
470769763
470929869
470707086
470088955
470804074
469699997
469756768
467288246
467226154
466972177
466910141
466962609
467447959
467172057
469585867
467528116
467368047
468847507
469648520
469534552
466998285
466867917
467131294
467038182
468769041
467077770
466933742
463448378
465716464
463514128
462992668
466061253
465995934
463082448
465675381
462943127
465769321
465442717
465597293
465822073
465529193
463341729
463163417
463403213
463504865
463255644
465470632
460491942
462054389
462869998
461703880
460660075
460546106
461467667
461329982
462771223
460589146
460442816
461605077
462723987
461541665
461767936
461391821
460177229
461962944
460132999
462019651
459282166
457138274
457954421
460017194
458017089
459581141
457360624
457388836
459976575
458081026
458584292
459344575
460036580
457246197
460008264
457278078
459525092
458677625
458629907
457198961
456260241
456170364
456457801
455844478
455748840
452976127
452909748
456266919
455934167
453228254
453096011
453166647
456255221
456100813
456011879
453034878
455543694
455687676
455597945
453295741
449664660
449601684
451555802
452853339
451465100
449814535
452779897
452452606
452702127
451333969
451150493
449748752
448722550
451243021
452561172
452798254
452500078
452623013
450827872
450779296
447815232
447996361
446539521
445777056
446335908
446599528
445312714
448674187
448078842
446689069
446414844
445624892
445526203
446836649
447945420
446930681
445717644
446473222
445586042
445258158
445230730
441233041
440950817
441976657
441149292
443153342
440742523
445150554
441773464
440538335
443261114
441141843
441284464
443042245
441899444
443092317
440891163
440695845
441201198
443196259
440139345
437107182
438244875
437968742
437445895
438025956
438109365
438042230
437308317
440187952
437173174
436951379
435991288
436845160
437513477
438171603
439955477
437022018
440044979
436705894
435105698
429381496
435224343
435364987
432137124
430392055
435291611
432320893
430482746
433213205
430430734
430364287
430598484
435011361
429118244
434959693
434876503
435792466
429162880
429050235
426538303
421780941
426379781
421613726
420384738
426115180
425067250
428010382
421686525
428204665
426469960
424753364
424868195
420456760
426641203
424425831
428999682
426017934
424628041
426067758
411458518
408352366
418707658
414015315
408289093
407060466
416503947
420165937
411658667
414171414
411508474
416542456
417842732
411590465
418614136
417757603
411406163
418671815
416591566
407112784
400050659
398852393
401216899
401018286
396308982
398987292
400013921
401252694
398856515
398816971
403418217
406139410
402442159
400986010
398048392
396350989
398941345
398883448
401039806
396421307
396207584
396124894
389911797
392212717
392528796
396189400
396050973
392606223
390667886
390620066
390577694
390474848
390355644
390141024
390417564
389899272
390076952
389991622
392244575
390644669
388026821
387023889
389068929
388447642
389005416
386830817
386786448
386673204
387192025
386442776
388939514
386924547
388127687
387957576
388376605
388366396
389840814
388247836
387279607
387121443
385531099
382047763
385603526
385243374
386268983
382940632
381283821
381978777
385574038
385265346
383546142
383596693
383540337
381939031
386138289
382998816
385499765
386071992
383478291
381292681
380940184
380432932
380374297
380146458
380413418
380304727
380767419
380247362
380859327
380816415
380354747
381243087
380185534
381015267
380277108
381069742
380391958
380091291
380733019
380419274
378472979
378703968
380038890
379245626
378965323
377770125
379087933
378542701
379270207
377853814
378360104
378432579
377823782
379198556
378889709
379017223
378613289
378315018
379219504
378276736
377082740
376836893
377606371
377515728
376285805
376939685
376775609
376222947
376165482
377572017
376097846
377227959
377273172
377035504
377385990
376348208
377147900
376975718
376716296
377328299
375666988
375456395
375515859
374792682
373519000
376032067
375910777
375967147
376045909
375838397
375492357
374748084
374688714
374445338
373420698
374862597
375629391
374385781
373664134
373593108
372331615
370883707
372071958
373189081
372416546
371441248
373281823
371303520
371398404
371535241
373138891
372120772
370970118
373310874
373102464
373357898
372655387
372602634
373075841
372524053
369345168
368472932
367727363
367004756
370627499
366867411
366038754
366935691
369596912
369452273
366822877
369513364
367300457
368806450
368749257
369657972
366710175
366744676
367828802
367879047
364724176
364969847
365711915
365973170
363769275
365646498
363814953
364902832
365894081
365524099
365495020
365580214
365305335
364841554
365758220
363731363
364932213
365280896
363846405
364771943
363013436
360314977
359712492
363054321
363037377
362374368
362249095
363596847
363690517
360295362
361198720
363098109
362448412
363328213
363266298
363073557
362305805
359544030
363649359
361272942
358297385
359037976
357109822
355982592
359071034
356037384
355576270
357187743
358507070
358372466
356932512
358186978
359409427
357057248
359477790
358418519
358093205
358052749
356250299
356096913
354260852
355496571
355482910
354235601
353278188
355387105
354605946
354195178
355544237
355562645
355518576
355400585
354551001
353315096
354215836
355506451
355453651
355434579
355418374
354280722
352927646
351601092
352898325
353153733
352992225
352959527
352761573
352264760
353123391
351542258
351481273
352978633
353234850
351412770
351447143
353020324
353015307
351517438
353206029
352870913
346555329
349166569
348809061
348759652
347373269
348722616
347312763
350835771
347424871
351381498
348792361
347067039
351301284
349117403
348673505
347470199
347309112
347261527
347026090
346527493
346407732
345463626
345255135
344396353
344357314
344382524
346478897
345429996
345162696
344734101
345298569
345133050
345408459
345342765
345384110
346500916
345761770
346451344
346078774
345211241
342648520
343010637
342898631
343197372
343029110
342974336
342404942
342951491
342850362
343237502
342313951
343290565
343152640
342730158
342787467
342598768
343125800
342918394
343094976
342822028
341586039
341497224
341623307
340376501
340394733
340335436
340805193
340468389
341574321
342161752
341602764
340875039
340411206
342231569
341643922
340360112
341462342
340440617
341544059
340759153
338585709
338091840
337631131
338698620
337677360
339550136
339789779
340274535
338127671
337736872
338026256
339995391
340103047
340062461
338646951
340198416
340308840
339732830
339884424
339680437
335724140
335349737
335302574
335106646
335805195
335624162
335537855
335398833
335180635
336583992
335153443
336872393
335470594
336917984
335238586
336822734
337210179
336628340
336530453
335882138
332937252
334521468
334221025
333855518
334632279
332983694
333055361
334287019
333119806
334347157
334016972
333948843
334450697
333918431
334670630
333219756
333163122
332626824
334097858
334582325
332370511
331821878
331365911
331240707
331198598
330649426
331283022
330557149
332294368
331401439
330502177
332403071
332332527
331322393
331921452
331503127
330433192
331461671
331360103
330379320
329144401
329480493
329783076
330279891
328684913
330304791
329665347
329536450
328532913
328752483
328498848
329718616
329750643
329804116
328735331
328655203
329603579
329818491
328617857
328716737
327232154
327554256
327567029
327371076
325912726
325720933
325700096
328048916
328113091
327505340
328283554
328005591
327408496
328208579
327297178
325792574
327446411
325637881
327161301
325972709
323991511
323067211
324083405
322653289
322710729
324018128
323962090
322670529
322444806
322605984
324131292
322391205
325092291
324050152
324194865
323244955
322640298
324274885
321999146
322488018
320540150
320463674
320966783
320505735
320103821
317804482
321967381
321008985
320655437
317847394
321893170
317698399
320944138
321924101
317353892
317319810
321960100
321313591
320664687
320586107
317283797
316374949
316345075
316293482
316093161
315809945
316728059
316840176
316802482
316137603
316919478
316415230
316060508
316502678
316173834
315831154
316648413
316889567
316589963
317256682
315530052
315436307
314515316
315105291
315260038
315137079
314402461
315729611
315638635
315207782
314333572
315590348
315363134
314470142
315780683
315320553
314676443
315683562
314654137
314597555
309495646
313927410
313376805
314012637
309555865
311258347
309867829
314238130
313909094
311346487
309697714
313958743
314288073
314005112
312963039
309745006
309956075
309625461
314046067
313329797
307118297
309421713
308691529
308805099
308856463
308524620
308728504
308972737
308770048
308134595
308459574
307191925
308911408
307408192
309294827
306670202
308954099
308068782
308097180
307329463
306073445
305787324
305751001
306197838
305444114
305332214
305404428
306267753
306098686
306538369
306357488
305713629
305667390
306582231
306120069
305629308
306477894
306615052
306416725
306160131
303681848
303408490
303593487
305204913
303628784
305241515
303528640
303488581
303568943
303854829
303659456
303931458
305286436
303651300
303809099
303740243
303713950
303610874
303471108
303775362
302025935
303076692
302082869
301207792
301890890
302729857
301758463
301819947
301894810
301197949
303356290
300880254
302667548
301689095
300853834
301957386
301137067
303155727
302608708
300837416
299540568
300301265
300461409
300078904
299684444
300750361
299577612
299654494
300809522
300559397
300442967
300129228
299626718
300779568
300515667
300344762
300183110
300035564
299606765
299673135
298532001
298204778
298394383
298137173
299229155
299056770
298256794
297499135
299182597
298306146
297566897
297549523
299013689
298549738
299353752
298490239
298591188
298458098
299453395
299491533
296081771
296023089
297439080
297236072
296342864
296445604
296829508
296301078
296129859
296862105
297293597
296980954
297386872
296912060
296499281
296948609
296885297
296221781
297344342
296382281
295016956
295760454
294388214
295782845
294322927
294971908
295185729
295846398
295931698
294345790
295719903
294302235
295692578
294358312
295807463
294400675
295892521
295130823
295743168
295971471
294263014
292804990
292463454
292744996
294077637
292870930
294083781
293230490
293178572
294010207
292299082
292148377
292079785
292138388
293346156
294217826
294155229
293309685
293965740
292401516
291537976
292073254
289963776
289796102
289513882
292008003
291095014
290951612
290112414
291434197
290306996
290019991
292030395
291036386
289925894
289878847
291391770
290989072
291499732
291362023
288667420
288624649
288719687
289004578
289363870
289497134
288763563
289238003
288287341
289037617
289331401
289483806
288948487
289458891
289437867
289119259
289273144
288565970
289408355
289185934
286935373
287033669
288077676
288198176
288253941
286603585
287153938
286709772
287169733
286415132
287076202
286540689
286482810
286622786
287126148
286773567
288205647
288160694
286448459
288240257
285828826
285546566
285097793
285783241
285206770
285163063
284819164
284851133
285633245
285468582
285220526
286334512
286370173
285266481
285129769
284757889
285352874
285691005
285393426
284868987
283591231
283362327
284563333
283636168
284442302
284186499
284414537
284097893
283680300
284141931
283541797
284049769
284013298
283423016
283484811
284640125
284719318
284675204
284490093
283980372
283229893
283035068
282160786
283305609
283179514
283128144
283076555
282326266
282403931
282847974
282069082
282868384
282946362
282983392
282224357
282093519
282512209
282891542
282483701
282454113
277661169
279064730
281866396
278940402
281961073
278687872
278805423
280597009
280649914
278636689
280536124
280619470
281989581
280576888
280556834
281924205
278999558
278868940
278742998
278598402
276827990
277374789
276677615
275940604
277328282
276521352
276660478
276876608
276392261
277539411
276855003
276785092
276752553
276557921
277609779
276458846
276613859
277425696
276910917
277498519
275410892
275720630
275591250
275177199
275456146
275841989
275680197
275230412
275506666
275325602
275792648
275905936
275888940
275812921
275864836
275765080
275646090
275542572
275125674
275740673
274132195
274566071
274212343
274060242
273854231
273081469
274384956
275024483
273814510
274591723
273977885
274436270
274430065
274530163
274490598
274380806
273136184
275084662
273190614
273925450
272607112
273036957
272921747
270610644
269628053
272734740
272528802
272456992
269452783
272565680
272987924
272783353
272661632
272490955
269564694
269519307
269397768
270473706
270535674
272850920
269083990
267565495
267512051
269062619
267428210
267376292
267266389
267208274
269028669
269311998
268953675
267465788
269210833
269261618
267325922
269155841
269023794
268207134
268982192
269118436
266616854
266037135
266594419
266544681
266269166
266098062
266399520
266731167
266208323
267166724
266685360
266652590
266642405
266716494
266346076
266149422
266063345
266700485
265962014
266744202
265127034
264874389
263759308
198253822
236823442
264920482
265926988
265422890
265234281
265897380
265466412
264973319
263781318
265025755
264857824
236845582
265335643
265175001
265070115
265280922
196640872
195875351
196078482
195918630
196689541
196552116
196159412
196132351
198171553
196104438
196041708
196608155
195957702
195923837
195849834
196576127
196651655
195996195
198203793
196512699
194579528
194559293
193971720
193820276
195564834
193713386
195818710
194046737
195544265
195467739
193999458
193739295
194524886
195512099
193937544
193902431
195436729
195483568
193861004
195583456
192259658
192082935
192057290
169957676
169887055
192422580
192934251
192390490
169848768
192353532
192141124
192040664
170010989
192923885
192025158
192885749
192314235
192288539
192117485
169930576
169421868
169147272
169276595
169109806
169813718
169476297
169205976
169178157
169020547
169379583
169237073
169085662
169051048
169820948
169784406
168998809
169321172
168988981
169447865
169512708
167581191
166993366
166956058
167188864
164579468
167534505
167454959
167042243
167222957
167510199
168968324
166879160
168958870
166932133
167088576
166841491
167143558
164777580
167479724
164506700
30940245
30961887
30902463
120426309
83455620
83495088
30949484
8069469
8065663
8062732
8157760
120448610
84412153
8159052
84480415
1750600
4232858
83471264
84443953
83463890
48515
115487
64211
48617
40563
185843
37287
48585
40450
40426
40370
48438
37461
184840
128614
64303
37546
37414
104274
64365
37246
33898
31225
28225
25682
31146
28279
34970
33806
25599
25520
24998
35771
25879
25581
33122
33043
28148
31267
25747
