1192817604
1192736611
1192663683
1192564363
1192437018
1192296145
1192203802
1192061848
1191941385
1191712500
1191659010
1191609387
1191524275
1191474347
1191415052
1191365118
1188796350
1188754377
1188660810
1188608118
1188548173
1188457930
1188308690
1188175376
1187958537
1187837083
1187691429
1186937566
1186654402
1185544975
1185458543
1184934702
1184370619
1183266675
1183108707
1183024196
1182868405
1182772659
1182648645
1181828976
1181722406
1181035540
1180915572
1179632548
1179584540
1177960856
1177863502
1177796149
1177742191
1177638756
1177590801
1177545041
1177426147
1176593639
1176484762
1176395835
1176255586
1176131480
1176017632
1175923177
1175858582
1175768550
1175718161
1175660258
1175598710
1175515206
1175462901
1170617015
1170545067
1170465204
1170398158
1170303907
1170179403
1167420780
1167261698
1167155786
1166398015
1166239300
1166174112
1164630304
1164533754
1164457382
1164312694
1164255065
1161456729
1161391645
1159898227
1159691339
1159634648
1159592644
1159543434
1159507376
1157630110
1157587303
1157547578
1157494143
1157451532
1157419887
1157384149
1157324863
1157236331
1157168491
1157098495
1155803954
1155737174
1155646832
1155532949
1155465213
1155367004
1155299788
1155251787
1155212562
1155158233
1155100494
1155034791
1153342705
1153223519
1153071769
1152748275
1152673739
1150838627
1150739131
1150636846
1150579997
1150507592
1150455611
1150407373
1150342829
1150300446
1150253832
1150105083
1150020907
1149332036
1149172184
1149006581
1148869529
1148749760
1148635845
1148532208
1148446143
1148348959
1148274909
1148230840
1148170872
1148106653
1148043761
1148002172
1147968149
1147914585
1147880215
1147828326
1147771835
1147690057
1147602884
1147549707
1147471124
1145603224
1145554866
1145496127
1145461559
1145395875
1145294808
1145197983
1145119771
1145045511
1144956074
1144804863
1144638075
1144469092
1144371195
1142664025
1142454914
1142333928
1142260679
1142211990
1142079368
1141956763
1141877466
1141730308
1141044248
1140984718
1140910175
1140833985
1140758365
1140673346
1140562108
1140484267
1140364087
1140252233
1136365230
1136307410
1136250976
1136209167
1136172228
1136116586
1136062350
1133415901
1133338277
1133263642
1133134024
1132986948
1132854055
1132691231
1132574025
1131098220
1131018189
1130962816
1130887502
1130753875
1130657213
1130561951
1130378221
1130248594
1130133065
1129974212
1128608506
1128530282
1128386098
1128297769
1128178404
1128056809
1127927858
1127785201
1125927082
1125826718
1125670942
1125537937
1124033606
1123978778
1123919298
1123845006
1123781821
1123679495
1123199445
1121222016
1121156588
1121074311
1120950773
1120844746
1120729739
1120530435
1120246727
1120082690
1119948459
1119788104
1119645545
1119538978
1118508502
1118407673
1118309396
1118165588
1118001517
1117745465
1116193030
1116141861
1116090029
1116031326
1115958508
1115832848
1115707836
1115572406
1115422412
1115305377
1113749968
1113458801
1113346718
1113069867
1112346635
1111320750
1111206709
1111036634
1109640101
1109539065
1109385812
1098355746
1097695160
1097614706
1097501399
1095534002
1095479129
1093520520
1093404371
1087763611
1085604004
1085530421
1085447413
1085371998
1085329110
1085259636
1081197749
1079680634
1077894544
1077464089
1077363790
1077326676
1071925085
1070339190
1070226467
1070142613
1069890217
1069848208
1069815239
1068316703
1068255958
1067989062
1067963286
1067900658
1067877411
1067819330
1066140905
1066103287
1066066218
1063942821
1063905678
1063862764
1063570767
1061613379
1061528755
1061373884
1059473595
1059367435
1059319021
1058734563
1058642222
1058473748
1056893036
1056739635
1056703916
1056644700
1056545550
1056460191
1056328389
1056261007
1055488257
1054496262
1054444217
1054401688
1054374173
1054239959
1054175419
1054096731
1053890437
1050079340
1049958809
1049879733
1049773740
1049641722
1049418706
1049334695
1049196879
1049042322
1048905532
1045936482
1045857536
1045791548
1045678897
1045593411
1045463060
1045252193
1045105905
1043298026
1043210113
1043108087
1042999429
1042855089
1042579038
1042456779
1042166768
1040574226
1040500922
1040351446
1040179869
1040057493
1039225911
1037670605
1037522424
1037422040
1036161011
1035490456
1035384377
1035256101
1035170201
1033875809
1033444313
1033360443
1031319979
1016876743
1016795155
1016701988
1016635905
1016577995
1013188296
1008615903
1008520219
1008440143
1007232806
1007127848
1002977360
1002245601
1000855229
999767088
999624798
992298252
992200242
992154413
992090601
991980173
991915213
991790737
991726988
990804710
990681413
990588915
989994809
988038862
986156349
986112945
986070267
986020615
985287820
985179305
985053006
981574116
981485778
981342597
981279118
980484299
980182209
979388478
979326754
979290304
979234709
978918908
977629118
977586607
977508988
977444291
977410040
977363463
977325120
975561335
975501668
975473573
973709949
973661869
973395555
973350448
971604265
971527243
971403981
971322329
971193549
971099386
970960439
970818315
970683860
970559645
970459457
970305524
969099855
967435170
967359879
967214895
967143153
967029333
966953021
966909947
966754685
965004741
964484438
964385262
963100780
962836783
962809716
962771448
962727370
962621045
962539889
962439614
962141303
961965417
961163379
960970248
960095792
959082085
959016651
958333459
958196103
952358898
950520736
950457811
950375529
949713611
947344522
946763385
946620071
946555717
943734096
943648216
942940576
