1161932495
1162851794
1164281138
1164197470
1163992515
1164077890
1195473970
1162739359
1162117752
1162008327
1160750576
1164772363
1190155165
1195430130
1193076681
1193000992
1182611290
1164965200
1162481238
1162366683
1160646345
1153600312
1159891245
1140933174
1155457164
1160460803
1158061495
1156022630
1146243629
1155380647
1159942114
1153757016
1157977733
1143273664
1158125408
1160302139
1153072392
1153262403
1157825336
1155864449
1124440812
1138518623
1140839143
1124244043
1138593723
1122462952
1121454912
1119753514
1119599063
1121536620
1138412401
1122279304
1124319996
1121775725
1119477981
1121900823
1121654895
1122118382
1121387243
1119204512
1092184470
1093775101
1093555145
1095418891
1116583358
1093727986
1095729104
1095639115
1092233441
1118829800
1095789069
1113950661
1093678677
1113698546
1118968744
1113885911
1095570007
1093475890
1083636019
1111452893
1005933859
1044595130
1001699616
1045185787
1044823333
1044651372
1001576422
1044929008
1005817915
1042208514
1041927019
1005687528
1044325548
1045107209
1044996454
1042365068
1044541381
1044731543
1042531731
1042081576
988993201
992303717
1001469068
990611269
999423863
987198255
992629797
999565743
992515146
986775118
988379914
959795157
958228814
996750638
958119161
959639742
986370262
996686358
988470293
959703723
949822461
919526792
929105285
938244728
900216061
949639608
949395934
938320612
898889859
900145865
934664221
949525721
936934044
949305512
951275917
951156030
951023541
949997380
936757321
934531683
890892603
891447493
896493387
898565247
889661117
890966329
898708117
889838939
896802253
893414979
891604751
891094254
891702207
896650524
893290344
893639250
889533407
889022557
893509034
893897536
872483085
871019998
870914690
870704045
888886153
872559751
887050337
872364157
871086594
886839413
870828345
869458925
869366723
886934660
855577451
859635306
857402087
857269829
857195540
887267822
842414659
846176893
844367469
829623307
849517865
842541907
840233003
837799831
853696272
840786357
841081813
840946184
840149655
840035913
837771261
829527928
847853824
829462073
854024303
845931757
768999679
768809344
823939420
775979885
776170591
772349523
770838732
770632334
769290012
770919457
769106392
823622294
771032063
769433230
776068193
825920725
825814838
823815439
823536941
771196094
731131160
737681936
753972043
724873636
767300227
767671293
737434901
739568621
726706056
739468006
757612160
757911460
767504026
753891929
767419503
737567592
730966570
726810779
757733266
739366167
717356245
721045822
715245507
716865032
716985906
719507884
723308485
724753100
723405636
717136367
718854049
717569116
715551639
715464229
715350428
719429672
720963932
717452605
719289822
717221899
715045296
713689926
711764151
708174124
708110545
705480284
709606102
709499723
714979634
707305266
711652560
711309448
708003365
707721087
707209375
713794270
713303051
711411119
713558549
707811575
705148817
701237406
700170208
699746467
686575409
704986001
703402694
705305101
701296535
699844264
701887280
703746120
703477571
697813652
703857356
700081123
697656064
701395746
701977834
686488803
677937147
656418833
681134989
681050538
678073287
685314413
675934083
675811355
658045544
656259765
654624020
683698367
681242203
683431690
685140476
683582056
685185721
676155501
657881876
654479566
630130527
644155110
637080906
644666000
639115263
632071635
637181136
632251106
630278999
644239445
645849955
645735442
639249733
631957091
632169065
639371514
633216679
644586383
633304168
632362662
623841242
625579757
615984644
619555888
617353412
624041431
617280324
616090051
622406978
619483718
614345257
623947792
625432054
622485347
615641227
623680538
625665423
622315378
617797727
615554159
609831177
603556393
597675608
608330080
597852922
610182855
597302259
614166318
609933898
607969375
595825128
608094046
603312476
608250956
614252171
608445859
608050358
610063296
603468460
597481954
592515529
594141377
584423422
589923042
584529109
592453022
589748168
590047660
581707394
595591074
595460139
593879238
592612976
574002014
581828793
589809330
593812109
595716701
584386320
592693586
573351778
560688635
557971687
546927502
550753117
550594143
549589409
566705739
566619402
560779816
573117274
573450558
552058282
549527097
558056835
549430954
573248183
573070430
550603650
546861965
545356606
542310303
543996692
540942949
540891244
546648717
543968691
543179209
543045699
540783307
545259705
543129101
541018871
545590005
543620163
543790338
543219791
546764566
545422050
545526335
533859216
538225202
537027265
533789275
527540415
527428181
524338294
522233095
536855284
522111842
526152768
526069599
539747240
539677412
524512457
467247818
536946123
539828307
537110737
538148951
461711511
464625835
455785423
452373959
452875258
452440086
454523152
444741963
463084634
464512811
455885965
454610647
463009466
452963562
461765703
454492868
467201615
463172960
452366016
453866198
442161002
438233470
442060840
443347954
438196989
441753060
441634905
443024626
442989319
438160462
443270970
438099569
437259619
444547010
437183605
438180582
444679444
444588197
441888543
437100110
418846987
403715212
416612624
416682550
403616161
434952912
436970750
419046718
435309338
426291830
435387888
403631902
416766451
434880104
403542790
426566119
426440146
418942888
436862093
433661325
365818001
362132401
352270980
362172795
363417304
334150806
401388092
399190081
363339894
388724172
365768574
334127351
399084373
399172542
398032721
364570469
364474164
363360323
401313955
365876831
269739993
270016993
319975099
328067251
269981681
319013262
330356018
271008789
269777362
320060299
268963993
268881455
269952489
330302005
270942504
328129171
328108603
327192346
320039600
270979841
263433706
263659844
266832024
266675550
262341896
250832077
250755652
263559744
266691076
262604402
263677108
262520933
262632112
266642819
263395326
263593584
262504787
262367754
264470591
264431672
248795504
242906297
248035815
242948492
241697879
241750983
249761996
248687818
245413525
247990153
242541782
248741309
249813799
242570878
241035275
245319689
245380407
248078190
242996722
242622099
236974064
233133280
233100154
236883085
231615501
240932116
235360426
234656635
240136233
239282165
239612759
236769712
231508617
230890219
234622237
231419780
235405620
236931894
236830176
231459693
227736704
230795672
230792958
228433099
226860521
225437519
230827179
230711471
230037451
230071665
226981756
226833779
228479920
225378484
224644563
225481076
227797195
227024248
230676373
229958482
221597278
220100913
214313605
213739062
209827876
222910284
218523241
214279321
210610170
222894640
221569584
220079401
218473923
220029810
213687854
210572712
209787755
220965725
224593077
213771371
203064070
202444520
208825903
209727522
198813698
208959848
207913521
202276838
203851558
208742409
208870805
203773349
207992400
203184005
208786362
203794168
202949535
203820462
209688844
203756357
190839117
182310686
190802343
193606210
192866354
198764158
193630834
192860941
190152790
182557904
192825822
198583292
198716624
192899437
198688640
192868898
193086330
193841605
182506504
193774867
166015673
172031422
165331210
160681720
181723440
182218145
180903662
165474313
165387850
161753084
160737476
175074752
163997432
182260571
178123115
164624550
164021812
161703243
161527949
161580595
119872807
118948903
150823810
151894058
150800847
142649613
142589433
151848419
150927300
150276199
142620767
150882892
150178068
119823705
159767131
159872059
151142902
151194100
119922175
142697445
117437158
105738856
108874810
117483335
108764998
106475574
108816087
111562574
111109810
118912277
108195104
118869784
118273694
118341603
111143159
110761789
117378871
106800389
106497531
106011993
103078472
103974818
105247167
105156070
104420526
105291208
105703019
105679250
102471522
105227045
102402843
104394267
105268819
103254387
103208391
104436035
105649340
104382242
105378763
104855413
102239468
101450030
102199460
100348417
100124603
102380573
100855275
101111631
100830170
101002568
100972786
100499807
100428295
101081732
101036313
100377944
100309628
100459390
100892801
100757570
96632163
99420065
99050520
96719415
96599182
96564455
98298185
99097556
99164203
99202108
99126390
99036066
98252794
97929386
97097992
96249146
98994274
98108370
98201788
97966464
94779768
94586190
94217075
95451439
95525088
94662620
95973852
96136315
95362490
94253361
96128819
96232416
96186555
96158881
95505412
95295728
95231261
94623929
94700705
95260748
93287099
92630768
89739476
90115583
93944115
86763597
89139570
88450866
92556606
93234530
88413374
88380972
93326330
92598778
94196337
93359253
92666200
90096312
89732915
89709726
86666480
85251345
85136312
83750591
83560023
86628497
85131042
85080953
85102388
85041758
84189350
83634596
85215534
86588341
86546781
85025885
85051490
84252014
85285722
84142745
81629022
81586417
81256663
80951372
82959742
82135248
81529822
82244299
82265470
81933784
81601692
81566090
81547374
83435185
83504578
80927210
82737429
81228127
81615346
80971879
80236629
80596085
80650562
80208160
80805528
80180785
80124501
80592082
80100470
80696825
80060574
80773519
80718492
80359143
80829260
80616336
80340170
80853727
79674475
80156277
79468403
73036282
73643595
73708801
73662414
75215351
73650653
73256422
73635354
75233593
73736106
73265708
73626087
79509534
72885628
72870040
73018121
79620219
72914572
73721870
67482433
67066950
69076057
68603476
67028247
72779924
72625628
67462315
72850780
68783241
69079258
67556550
69041292
68141773
68174525
68624110
68441111
68980527
67512694
68950053
66923452
65222968
64559299
64578420
63134108
67002656
64184284
66380919
64118375
66539297
65554321
66828028
63073520
64597946
65251584
66890842
66808663
66939897
65535318
66560747
62832129
62233316
62597434
61698330
62788912
61333558
63053119
62294802
61892082
62135379
61347357
62997843
62622099
63027168
62208499
62394473
62146236
61942748
62339217
61874644
60315756
60653475
60299907
60282870
60255408
60191589
60162744
60838908
60177594
60699778
61056072
60269342
60209706
60148592
60632331
61137773
61126550
61140524
60670257
61328319
59595972
59705390
59764867
59820509
59628516
59617725
59850126
59805143
59747407
59653219
60133470
59731285
59605496
60121226
59790233
59586471
59837633
59717984
59865975
60108567
59238794
59207066
59277042
59545464
59452611
59538501
59532073
59297013
59516622
59578730
59553391
59561638
59369708
59311260
59194423
59568826
59323399
59337360
59525302
59350094
58436534
58746219
58463861
58461552
58874242
58805567
58735343
58954819
58939136
58892723
58725550
58569104
58586605
58920040
58553068
58508979
58479321
58717357
58823622
58907526
58386711
57853282
57829358
57417808
57903441
58421029
58347434
57555227
57376302
57791314
57325311
58374267
58023871
57534127
57511824
57939568
57815132
57125291
58359049
57773102
56543821
57022456
56452729
57038447
57057899
56416066
57002327
56846376
56471904
56362941
56612437
56579335
56559492
56983866
56498441
56437212
56597778
56526435
57110105
56377584
56136659
55865069
56024758
55964653
55833132
56287567
56119904
56149126
55844972
56102408
56252803
56350286
55820445
56269398
55901609
55947348
55999441
56106090
55983450
56158445
53724589
55084949
54162399
55032127
55417246
55809633
54492978
54526940
54067640
55127541
55486111
55201637
55053078
54188835
53771843
53641581
54510452
55167624
55438366
55153366
53309619
53195882
52902633
52886169
51607896
51596223
52151154
51591878
53136814
53329385
52123205
53151566
50459936
50446834
50355688
52258389
53298799
52950973
52234456
53609860
49802824
49863029
49779592
49769479
49630133
48914281
49917569
49271385
48470161
49292586
49875201
49762973
49939431
49616682
49240190
48303426
49846574
48291786
48892819
49257447
47718395
47753112
47443321
47423382
48025940
47977733
47974815
48263772
47962190
47686861
47027574
48214694
47055462
48244390
47470313
47457078
47702635
47773833
47786506
47988005
45581435
46257320
45966559
46608923
46631160
45897014
45860021
45563670
46227691
45885429
45846513
46555909
46133028
45716078
46268200
45703116
45570523
46243617
46586366
45558122
44399730
44118168
44107947
43971933
44128083
44649901
44526405
45448017
45154699
45138357
44507723
44459059
44495089
44431521
45123579
44521075
45328854
45026562
44472097
44429044
43117965
42850184
43408981
42832970
42817630
43644949
43196484
42876993
42293439
43723814
43415756
43181214
42712258
43958300
43514654
43155812
42864873
43604935
43943395
43170745
42011657
42026558
40663878
40474279
42035409
40817213
41646914
41635242
40653529
40650960
40637914
41996124
42274652
40841649
42285826
41641533
41661582
42260576
42139183
42252861
39541680
39212026
40384482
39942654
39220048
40075293
39731629
40439774
39722780
39569942
40413322
40424842
39923083
39907576
39555831
40082366
39548690
40372449
40449240
40459463
37047833
38525764
38216095
38310196
36276759
37037383
38318843
38701374
37359433
38690364
37278080
38702171
36287292
38299862
38550376
38277354
38541481
38207397
38289193
38195589
35875540
35887932
36054225
35869530
34497797
34151055
34126171
34119576
34491774
34503832
35847903
35896531
36088259
36081873
36062297
36115306
34139068
34112034
36110427
35836890
33854215
33541215
33505249
33336361
33865130
33811743
33561378
33586104
33350860
32834164
33326668
33855946
33863887
33612944
33577062
33569771
33526172
33492610
33486394
33796000
32443870
32434419
32670559
32686087
32157183
32133297
32391775
32672218
32403520
32352219
32146188
32377663
32603528
32428975
32627141
32617046
32666812
32166528
32669015
32361177
31848784
31639390
31467082
31816994
31661181
31924897
31443610
31432608
31419338
32103132
32100064
32115157
31892988
31826572
31672639
31411477
32123461
31408934
31915857
31415553
31026125
31193906
31002577
30975784
31015223
31265396
31176539
31003022
30960085
31256621
31168683
30951563
30986444
31249251
31152278
30966400
31388630
31398870
31221687
31149722
30938124
30047039
30678419
30533934
30054765
30765343
30934318
30940265
30946725
30942371
30950722
30935791
30788099
30681119
30044180
30949515
30776261
30730327
30719188
30493059
29572426
30019519
29953734
29843050
29833322
29995471
30004266
29545183
29780934
29535877
29583255
29988656
29857292
29961483
29788985
30036773
29640990
29595289
29540837
29797795
28041593
27900524
29074067
28937006
29329850
28923533
28049492
28093447
28880594
28499991
28868299
28003433
27889545
29320533
28889588
28227295
28010468
28870306
28470631
29417881
26692517
27268220
27710075
26438379
27448806
26429009
26700581
27701929
26684648
26617846
27851617
26624819
27883384
27438939
27396832
26586708
27184914
27612822
27692285
26420347
25261135
25648976
25641512
25832277
25282915
25770098
25267558
25658516
25976646
25630451
25608916
25598639
25480476
25970409
25586749
25473931
25276123
25251510
25665653
25486485
25043357
25028528
24868702
24550042
24932101
25083098
24908659
24859970
24730002
25037198
25088185
25115015
24922344
24720766
24939064
25109057
25035131
25098497
24916149
25122356
24287392
24303368
24152872
23783174
23501147
24329839
24534235
24310579
24522031
24541493
24504656
24158668
24084104
23768777
23382930
24092545
23369322
24147093
24514343
24103162
23190348
23165523
23131202
23074264
22968627
22753273
22740186
22763146
23319829
22767980
23358048
23180976
22937079
22785839
23136425
22603208
22613654
23351557
23150661
23307733
22036308
22053373
22525401
22441374
21893474
21819504
22087587
22328912
22532850
21908119
22204163
22408929
22079167
22045078
22029820
22020384
21902417
21722518
22245435
22070170
21062892
21704511
21661535
21558512
21415307
21348035
21545536
21103653
21719006
21551334
21253683
21711507
21572234
21097704
21110918
21088143
21077385
21565032
21422526
21532751
20929818
20443366
20608601
21019224
20502066
20908059
21037581
21031632
20888644
20895874
20775094
20769932
21025609
20575906
21051925
20935817
20600406
20287810
20916708
20942391
19898892
19614997
19905033
20280996
20268920
19609486
20245294
19980620
19922085
19932459
20250922
19889757
19771786
19915802
19927325
20276508
19779309
20261011
19757936
19762731
19180115
19078726
18671782
19464056
19083127
19102378
18678787
18536418
19604482
19168496
19453664
19312881
18688062
19467892
19472497
19095393
19086204
19320487
19545428
19304848
16820603
16899711
16890835
16894388
17972991
18526368
18515063
17548667
17373475
18114915
16891924
16828488
17965666
17980196
17541805
18516784
18103108
18110272
17378407
17309302
16462381
16613113
16470637
16436349
16607367
16221118
16247409
16211647
16559285
16441280
16430321
16448129
16200924
16600248
16658379
16242497
16236978
16710848
16477733
16197169
16187910
15938739
15350300
15958329
16120000
16194912
15501338
16113851
15473642
15465641
15936144
15493218
15945339
15770163
15947302
15367215
16076972
15963922
15951414
15455226
15340120
15171827
15024089
15340486
15070003
15030439
15222251
15045529
15325054
15323699
15339388
15340235
15038153
15192935
15332107
15011533
15327568
15078644
15322575
15064368
14820370
14642136
14458408
14997265
14640905
14843424
14660531
14513649
14685239
14499869
14809236
14488042
14814959
14698322
14861415
14727977
15004704
14649391
14639544
14827555
14072911
14321022
14326912
14059948
14369163
14314098
14234023
14227521
13908561
13881841
14360989
13902951
14349597
14065498
14006580
13886062
14051463
14046086
14206420
13890677
13568134
13664192
13559682
13804320
13537243
13713871
13376557
13675619
13701428
13689631
13870327
13861943
13548711
13366067
13468631
13349779
13851748
13532021
13859116
13732010
12907761
12896023
13188812
13050920
12749952
13164312
12746090
13320483
13176283
12903628
13193754
13201987
13270148
13342246
13119623
12842068
12832942
12827366
12763014
13330272
12088360
12003137
12323245
12721925
12714742
12377595
12341415
11862663
11857286
11844234
12730017
12124756
12081598
11993183
12013545
11850999
12360255
12350234
11940299
12099445
11568162
11779847
11830951
11339734
11338840
11235637
11417141
11340014
11784474
11715533
11572179
11710924
11563275
11513566
11719557
11409956
11578994
11348711
11340723
11244130
11172780
11030572
11207278
10926156
10946580
10911943
11220404
11228383
11206955
11167242
11166791
11211324
10950674
11025511
10916276
11220010
10958470
10940726
10931501
11221016
10688073
9772166
10681127
9775964
9766705
10803610
9787875
9780172
9784440
9688539
10672382
10905566
10901383
10798921
9793238
10811832
9796201
10907918
10821514
10676137
9265766
9254202
9655660
9272803
9272620
9253041
9679011
9272905
9272712
9265632
9272995
9274089
9669431
9674386
9273109
9272491
9267388
9266077
9265838
9265367
9229603
8221811
8659297
9251728
9229950
9025990
9230026
9230075
9229245
9229053
9245985
9228426
9036285
9022779
9235082
9230144
9228229
9033072
9023947
9228706
7959827
7973795
7722713
8192936
7721063
7658841
7667683
7849967
7741879
7652664
8186642
8190825
7649782
7964635
7721277
7871566
7867774
7969198
7725294
8183421
7519479
7242319
7096274
7094257
7242246
7516417
7643882
7646905
7105534
7094296
7122808
7110497
7107754
7100803
7536182
7531899
7103279
7645345
7438870
7115949
7022399
7016192
7027279
6961791
6953517
6952712
6947417
6965658
7040942
6973048
7053495
7031150
6950816
6970468
7033086
7023969
7050600
6954360
7035952
7047591
6732491
6819344
6808972
6807675
6881111
6736974
6715428
6831375
6808602
6728887
6724875
6943828
6823884
6873791
6816146
6808113
6807403
6877375
6719735
6713174
6568400
6551997
6642603
6704340
6651812
6547619
6712397
6564028
6582873
6549450
6560666
6565839
6707437
6635710
6575823
6570917
6711813
6566226
6554571
6647521
6427757
6391342
6429089
6508126
6421000
6432162
6499549
6437886
6445585
6510981
6544073
6514032
6484971
6543161
6428469
6540862
6539264
6434700
6440796
6418961
6379441
6360828
6301124
6283047
6387961
6307723
6285826
6377114
6364162
6354867
6319813
6315595
6312439
6297974
6358214
6353346
6368309
6371694
6305185
6382755
6143055
6149720
6135076
6217674
6130211
6076440
6072662
6071317
6085384
6123805
6132915
6203980
6088275
6071975
6127880
6130375
6083189
6073575
6131057
6211698
6012500
6056040
5980596
6063094
5917535
5881638
5877376
6067726
6015143
6009218
5931386
5945947
5935059
5939827
5983541
5942608
6053256
5949500
5920011
5986394
5503467
5590111
5501353
5499635
5460847
5494229
5457780
5780863
5620975
5596251
5453958
5445699
5861575
5866214
5491339
5871868
5856729
5523216
5604212
5635050
5383618
5438464
5364677
5363172
5306660
5392648
5373701
5312847
5365935
5401782
5390262
5387269
5369064
5310275
5335130
5332030
5371117
5397625
5441817
5427657
5043092
5187530
5026058
5086999
5023690
5159192
5089076
5237100
5090894
5084825
5040396
5155309
5157105
5118897
5094319
5236046
5116454
5240926
4992855
5031046
4986159
4755352
4732931
4756461
4736522
4984952
4904189
4814445
4989151
4738612
4730464
4825566
4758482
4688789
4686065
4680870
4762043
4683382
4978544
4827804
4609366
4602922
4591859
4652624
4655081
4469456
4678139
4621603
4595374
4671520
4586868
4531248
4593780
4472400
4662383
4624915
4664752
4666528
4604608
4584946
4411703
4409001
4338391
4280600
4256417
4336707
4405763
4321428
4465858
4407974
4341376
4327570
4251946
4236390
4333732
4241762
4360809
4324228
4319019
4238671
4232323
4068202
4073932
4126926
4064963
4054007
4183040
4141055
4126426
4230484
4187093
4157210
4088127
4081461
4055567
4150618
4084826
4061843
4224718
4160198
3969163
4023541
4013945
3998255
4020461
3996427
4003041
3961252
4026058
3898899
3972651
3901421
4004864
3964400
3888971
3977154
3974869
3958197
3944628
4031410
3660064
3702336
3749604
3813188
3808678
3736893
3682909
3887645
3738857
3800669
3807299
3677360
3761243
3805151
3755942
3699434
3810828
3674478
3668057
3816369
3593762
3523091
3588896
3635838
3602115
3537272
3587124
3532446
3591167
3640774
3581643
3574267
3544006
3539033
3587671
3547543
3654249
3525114
3587594
3651534
3479859
3487552
3520760
3234911
3152898
3366063
3212769
3180122
3146371
3223150
3482586
3481056
3230601
3360815
3362600
3217753
3140879
3360156
3150936
3214918
3104523
3103294
3046961
3093149
3096898
3091332
3102758
3096326
3076369
3052013
3100709
3101586
3049251
3046087
3103912
3095634
3045660
3105446
3076173
3055463
2942839
3038229
2746693
3041759
2743085
3045017
3043551
2980854
2749062
2996214
3027105
2769415
2994268
2744857
2945599
2816308
2777522
3041514
3002818
3042262
2735527
2632512
2629055
2594799
2702016
2628918
2742604
2733257
2635761
2737358
2591822
2691988
2631294
2728211
2597078
2694033
2630479
2653689
2593647
2633704
2475212
2586654
2580343
2583382
2481873
2472181
2479763
2419181
2578119
2535983
2391843
2389007
2482117
2473108
2483713
2582131
2584839
2579320
2420187
2385039
2115985
2371754
1980926
2179218
1968616
2026696
2050715
1965899
2113731
2368247
1978926
1975769
2383469
1973027
1974033
2057492
1971527
1963918
2176252
2374276
1912978
1927765
1906926
1951112
1876345
1861018
1954904
1903297
1955953
1902682
1870341
1858956
1878748
1908352
1874023
1905991
1929193
1857994
1813146
1883166
1801097
1741657
1798636
1798290
1807855
1810240
1801616
1804038
1801710
1739837
1807227
1795395
1793864
1804505
1801790
1798546
1793696
1793546
1793483
1806023
1639163
1734254
1647584
1648166
1676303
1732264
1732433
1699568
1678010
1676784
1673167
1645701
1684216
1642825
1674027
1696412
1732724
1687130
1644794
1693442
1591758
1636839
1630359
1626744
1623957
1588668
1624246
1601506
1632288
1624940
1624575
1634526
1624507
1623814
1632812
1599341
1625815
1590529
1604522
1602254
1554479
1531519
1582678
1550532
1441776
1587215
1545565
1490820
1502307
1535838
1546182
1444594
1436082
1440492
1494078
1548862
1534312
1497585
1584176
1546819
1202250
1370969
1329522
1201733
1367966
1364627
1281442
1282475
1211007
1380893
1196139
1175135
1377666
1331613
1206900
1370655
1428106
1291772
1371469
1295780
1099331
1146218
1140554
1150390
1173195
1139631
1090687
1109035
1107209
1101227
1098099
1096459
1141662
1092540
1156653
1104974
1089996
1152655
1154688
1143383
1087884
202715
202285
198770
198922
1032386
199644
191157
1022329
1042948
209557
1030477
198478
1028710
1050097
1024269
209119
1083224
1086640
1041174
130948
131403
127446
127750
185607
130733
184637
141632
185163
141475
141861
131598
131513
130841
129983
185269
137952
131699
141420
127594
88658
82544
88792
88610
89494
117422
88688
126510
88676
88948
89603
77419
89113
116992
88619
126661
117227
126789
126299
112947
75217
74032
73546
73698
73863
73791
75605
75721
73247
75852
75451
75945
73963
73461
73990
75368
73970
75315
75828
73326
73233
66909
73200
72786
66883
64145
66720
68855
63932
71064
73112
70974
70749
66794
64365
64089
64009
64254
71164
64303
63849
61021
58795
58517
61238
61576
61525
61122
60945
63793
63772
59656
59437
58914
58854
58959
63827
59593
59565
63794
