1193792193
1193529362
1167015394
1196149818
1169488128
1167746234
1164436817
1193964121
1167145191
1169173222
1194147413
1169004283
1193677920
1196414905
1167639377
1167803714
1159494852
1164552955
1169812026
1164303737
1155371796
1155133074
1159446445
1155315846
1156616488
1155187590
1156972139
1155037686
1159395176
1152617281
1153795442
1152550997
1152282174
1159331941
1156731461
1152499357
1153915079
1159263495
1156480874
1153655041
1143253787
1142038981
1147867376
1140330626
1150196945
1147764851
1152183077
1147914833
1149517643
1141937154
1141870769
1140452458
1149407090
1150138821
1147829526
1149620932
1142123633
1143303891
1142236609
1140543307
1137613140
1137466954
1135557100
1137746393
1135429896
1135819980
1135120632
1128821813
1128737627
1135292622
1139028554
1139252892
1137348696
1139098866
1138968172
1135755795
1137052159
1140205728
1135674372
1137183763
1115843963
1117325036
1122239170
1122187045
1116397741
1121928520
1121857025
1124355760
1124394565
1116439141
1122119764
1115480741
1124435876
1116564416
1122056736
1117591334
1116493377
1117463616
1122290813
1115606480
1113917019
1105057012
1104948612
1113763348
1113329131
1112838648
1104760577
1102872591
1102815966
1112606246
1102759107
1102573187
1104374586
1112729298
1112213709
1102695933
1102726936
1102633362
1104526111
1112170759
1092166977
1068026508
1092453109
1092268857
1089106237
1084762774
1083125610
1083180434
1092387832
1084894353
1089867216
1092332152
1083215762
1092203146
1089965073
1082592628
1068815590
1067987260
1092123822
1084657194
1038278520
1029525695
1029641373
1042893534
1033074251
1049452989
1041157061
1042703753
1049885743
1051892150
1038397599
1037401780
1041219382
1067943077
1038328782
1052106884
1044625872
1032960716
1052021035
1049986441
1006428889
1001923961
1000191154
1006990988
1029013418
1006357635
1013907740
1000026645
1001771359
1016117763
1010766419
1007038780
1010880836
1010639684
1016150742
1013856559
1016699744
1010496015
1006948307
1017997626
997700106
987713629
990541331
991590430
989476588
997829095
989215651
991301334
994504700
994267040
988920442
991539527
994330318
990836021
997528105
990411529
991444156
991024920
990685140
989324226
979949207
981118546
987446341
978618049
976271268
975092041
976430154
974234093
974413722
974346606
974164004
973912953
987317691
972057858
978131642
982487922
980080186
980555072
981172491
981038021
968782642
962625102
962066218
964633199
950302838
971843939
971772408
966231110
949987621
971878158
964066797
950033080
962778222
964565731
971933291
962729059
971805976
971978093
968927214
968617513
946585023
938991548
938873131
937117940
937024627
936895238
936868488
936853861
936825836
946750409
936734353
936590634
936432745
936389669
940813012
937154024
946813049
946788607
936252202
937066385
931228112
924798050
932367035
934694062
931632136
931084040
923571401
934280211
923435196
932440514
925010694
934607288
931475649
931351569
934173492
922828973
934790367
925247137
932299782
924685577
916021145
912178662
917887188
921079733
915705772
922604160
916114015
911855476
922704188
909823674
909643485
912056397
909986796
909947724
909783994
918292401
909886421
910017203
909684894
918270899
905395248
907423043
906664902
905365389
906538190
909504996
908785240
908665640
907088466
908549112
909155180
907322751
907461783
909024942
907275991
907217518
909319488
907163272
908504091
907375470
903263061
905310256
903494084
904346437
903409993
902817942
902575818
903142544
903086379
900984381
903218562
904721461
903437859
905264054
904244364
902449287
902373971
905064545
900873297
902986152
899433540
899471071
893553591
900360449
899248821
894127161
899302420
899451704
891430458
888942839
899508544
899387117
894330769
893934338
891872666
900490745
889188120
899521811
893724814
899486633
881164232
881103422
878571679
878246492
885815765
888070096
887669478
885738832
878448263
878183996
884844884
887567453
884776531
880945749
881035750
888647368
887442266
884808848
878349784
887973391
870710983
877672692
877576348
874944500
875879763
873971284
873757458
867938727
875027966
869508123
878069644
877966296
870605618
867815943
866226246
875170653
875699110
869419118
875119806
873807203
866185702
866130741
862062327
864154801
865863204
862004005
863781667
864048560
861972717
863706767
865734183
861583391
864198327
863966765
864101474
864011270
864133457
863501951
863923512
862041682
850515917
850465174
850306915
850379952
850732718
859729321
859349922
860053213
857492900
860180922
859126033
861453247
850762347
850699391
860153722
860121537
857402984
850584228
850533469
859259459
849778393
850026116
839510183
849860283
848819051
837604526
850228027
839398311
839480574
849608265
839279947
848872911
848906365
848966606
848942013
837566956
849663364
839346904
850120775
839454486
829432794
833819952
831963691
829528399
829117938
829056987
833846838
834906518
828981908
829235505
832023051
833886788
829346784
835675787
837515478
835021043
832059018
828929354
831885120
837538888
823276158
827871888
820068654
819966974
827974384
819880735
822978520
823452573
820219858
823502348
823147945
826279531
821061006
826863562
823090648
820999280
823358664
823227425
823043986
820142121
816496133
813077400
819211783
816707194
776279238
813293080
816575934
776341481
819285058
813247735
816631674
813342363
819246710
819161483
772432494
785389859
813130232
813204017
785453168
785298771
768999679
767386648
767192650
771086362
768904872
764040265
770923178
769387354
772338691
767701332
767553808
770826349
770545864
767481166
769229353
766171960
766130280
762099657
762265541
771242116
747045248
750936018
754910578
756688276
750707531
758370789
748080585
751078240
750666333
755795694
762010262
755736727
756719088
751107508
751003043
748188154
747103092
753086852
751148446
758203162
737927528
739949463
737730475
739478650
739558954
739682788
739384286
737643236
738953806
737059071
735370592
739891610
743199426
739036834
737123571
735970272
742722727
741792419
738020850
739989229
732827862
708398480
728868272
731390439
733045074
734015890
733924147
731643585
712496548
731497922
734104568
733335964
712398118
712445909
735300193
732927580
735216713
730794006
708495245
708415833
704574043
697055843
697031576
693734786
704626736
706788951
706263218
706726098
702215679
702784763
702651792
696967372
708369455
706343843
704668455
702559658
703872308
702325332
697118340
706193846
688946317
688644526
691898300
692145951
692330661
692012941
688816514
687404453
691144418
687514266
687209617
689791870
687675918
686887658
691266698
692219453
691391941
693565403
686807418
686720008
679958141
671885986
669781788
674669114
680624329
683020222
683133026
672966161
686635219
685518360
682931152
668749351
681765618
683203546
685716076
680058738
671447194
680521206
683267766
680566258
668597554
664056555
664400355
668101142
664131138
668649483
664011296
663959144
667765006
667543397
668679696
667807513
667435677
664093540
664508785
667689789
664221236
664172252
663985869
667624600
663025721
662300946
663914830
662167933
663586641
663510457
663170507
662975219
662268635
662235056
661058935
663738629
662083685
662195333
659204253
662140179
663652249
660966732
663266858
663371548
656344540
655848565
655011671
654642244
656043103
656905981
656818339
655985114
656107191
655698158
655226059
654770108
656172093
658552768
655902814
655761815
657455857
655163036
657577945
658597785
651539069
651210710
651438668
651270185
651078909
653640658
649800652
649966680
649940963
649928780
654507252
653227367
649834520
652684388
652992527
653669763
651341565
653745517
653694588
653189286
647083745
644882127
648005989
647746541
646693673
646650992
649765242
649710169
649630833
646231314
646671434
646146732
648076528
646331452
647116673
646624836
647827195
648119829
644960012
644745895
639452583
643236753
640273013
640812931
639843222
644148944
640712107
637981821
638053557
643352512
641506319
641147732
644227351
639372245
639875689
638084862
643286768
644078191
640576027
641297016
636272748
636323381
635670860
636294476
637878135
633786569
633152124
633730478
634951555
633941301
634890705
633876638
633420476
637930847
636206140
635585237
636249410
635423789
635254901
633330362
630190261
632207715
632672428
629307986
631762830
632823305
630337612
630567352
630379723
631811720
632840023
630249038
632370963
632614434
632298213
631877897
630652361
630474579
630417533
632544060
628949206
625602734
625684870
625790802
628790383
626730805
629013480
629256780
628887457
627093650
625970093
625953758
625900459
625498908
628667765
625924235
629208166
625993242
626918453
625757747
625329156
623239891
622691036
624886577
625201738
622957329
623662704
625416162
623557980
623495297
623263128
622931723
623299973
622897891
623211711
624372446
624408152
623612180
625141210
625020955
612998665
621119416
615876787
613444712
617582191
614561530
622620781
620997849
614410383
613377902
613262965
615476383
614053512
616024431
617246742
613320799
613426779
613053280
614301209
613149649
610609824
611804398
612669456
612597541
610667706
612112451
611936738
612767558
610711261
612945269
612856090
611992197
612021534
611720889
611877061
612479416
612067822
610681912
612090816
610627705
610447143
609095133
609232102
609195352
609789475
609175989
609152679
609293268
610263617
609256797
609215188
608853217
610510725
608748647
608911508
609052573
608646871
609994170
609910363
610550812
607518764
602583830
608300732
607595554
608539214
607571513
602516164
605623600
608420025
607552790
605955835
602614268
603792357
607458088
604017897
603996389
607502784
607533107
606020505
605591860
602456620
602483672
601945300
601180333
601028596
599318614
601204722
602498479
599620767
599472634
602327412
602272216
599680090
599188585
602395877
601236377
599732001
599100202
601865735
601801912
591052868
591663567
592897716
599012091
598888242
590694845
598960106
598744783
591554213
598161144
598800563
598068217
597930832
596723038
595398381
591761177
598840478
593037785
592444428
596755887
589233266
589632247
589610225
588083718
587595292
589922146
589062857
588054431
588031043
587801352
589258823
587662944
590087424
589993223
589166275
590146878
589114307
589657659
587976829
588843394
587527385
582311257
580625235
579325501
584015812
576794967
583654256
580429746
583845655
576763131
580546718
579177256
587439034
583080815
582364192
580483807
578043118
583924864
583783006
585153804
576672400
574678054
574606041
576649227
576392516
573103128
573050971
574686214
576588490
574526017
562284954
576460776
562330232
559555648
576723472
576350049
576696540
576616103
573006737
559573652
558445836
557176362
557120909
556078900
555890593
555826373
558537834
558201028
557317407
558575668
556059416
557249297
558080330
556017101
556096183
555815461
558295667
555756888
558750810
557034762
551773181
551237187
554163912
554400484
554302401
550763444
554347653
555270287
554427267
551853905
551146240
550836613
555588133
551200568
552822968
555350925
551732345
551190216
550964932
552797212
550411992
548557697
549729229
548502448
549893725
549102007
550629958
550319545
549043684
550463682
550301515
549616889
550354032
550224031
549553824
550263643
550191933
548960989
549152303
550704624
546493890
547942857
548081863
547898704
545733349
542162913
541998975
545836792
548011804
547747622
545885194
542286889
547212421
542233838
548432512
542131647
547782020
545682310
547849598
547134989
541859710
540906973
539844053
540612834
540714622
540085709
539900500
541060306
540752471
541955488
541418723
540192913
541918251
541448297
540147013
540970857
540664459
540044630
540843000
539736397
537826137
537980237
537856018
539560914
537942115
537499968
536083286
539688641
537890374
538795371
537840824
537531076
537870061
536142990
536028045
538749356
537879354
538015316
538674319
539616868
535925302
532084790
530364431
530400011
530451098
531468628
527989963
531385083
529548608
530317911
529793236
532028424
532056569
529698566
532179186
532131223
530518272
530267363
531995408
527944660
525468572
525409599
525384241
526686581
526646728
527643797
527795040
527525795
525452171
527857866
525900489
527886443
526424377
525977765
527724549
527586237
525483681
525251440
525931827
525301073
518012620
524539073
518036224
525137936
523157644
523237417
524632593
519681456
518057235
523350309
518103362
523399913
523283428
518148299
523081201
524767048
519687896
523394199
519345880
523319106
513718229
512775667
515335547
517539596
512625175
517986241
517922153
512502617
515275149
512706009
515737314
517868995
515547019
517965094
517838865
515664437
514534798
515408395
512679699
513763172
506018072
508088793
506474324
510189827
508041888
501881407
507282164
510550103
507131579
501949090
506790232
510377499
507301858
510211849
507321780
501798746
512441286
510472769
506269025
501868907
501692405
500284218
499326215
498947993
501567004
501463186
499269423
501728275
501305686
500109730
499308206
498662518
499204971
501667658
500348566
500321919
498737365
499237655
499180050
501379661
497262876
498489111
495811977
497632131
495717807
495750309
495782208
497537342
497578320
497613190
495835172
498404355
497553425
498345234
497403812
497364649
497474251
498593622
497447777
497323881
494022808
495687021
493500050
492328481
495202424
494103189
494130517
495595862
494059900
492325723
492303617
495365696
493421297
492375513
495642863
493822175
492369568
495112617
493296345
492366864
484666963
484780829
484480271
490105901
490058589
484664588
484671815
484593592
487413508
484786595
490171054
484714839
484861489
490318457
484706578
487436704
492276760
487416583
484794427
484620710
482803858
482762248
482297922
482092783
481887584
481406366
482726139
484372190
484302869
482651967
484386506
481441372
482159001
481368232
484376850
482832752
482685116
481919482
483620167
484438915
480111189
481285451
480628929
481189867
480049417
481367046
481136714
480986244
480906776
481194347
480735750
481130755
480679316
480151864
481328527
480846088
480135532
480083242
481070012
480779777
477529735
478362547
478836383
479843029
478792103
478775917
478819796
477547925
478716871
478595661
479775267
479624396
478466832
477501126
477476478
478538343
478661007
478749515
478419739
479692719
475803414
475465395
475367584
473921254
472788363
477446724
477284249
477383110
477235966
472854544
474012340
477360828
477317613
474368818
477369957
475760161
477420195
473808879
472678066
475880380
469172528
469239986
470401419
469154818
469754480
469812570
470416736
470447066
469211501
469136601
468701576
470334452
468622005
468567821
470470252
471224415
469199953
469192766
471560023
470372999
467752961
467528968
463602632
467937264
467865952
466987029
466764713
463564534
468507745
463499090
467015117
467251190
463626819
467096400
466761179
468475183
467132367
467177410
467907026
467824165
462899353
461533062
461471773
460712696
462124882
463457350
460764373
463285421
463165944
461625493
463061547
462945964
462954670
463387294
462059045
463234501
463111402
463328936
463005735
462819615
459786396
458168572
459850515
457822237
458010889
459762876
458354701
460655739
457871126
459720846
459640446
459878268
458215699
457744115
458251049
459616980
459743934
459822355
458056060
458303856
456760256
457681924
456556418
453212053
453017216
456794111
452948696
451599155
457606720
456715070
454975931
451656428
453154823
456648726
456569941
456606375
453084245
456512900
457547873
456270143
439763485
441068848
440742917
441850201
439950996
439818015
450128103
442817226
442845617
440695733
439653617
450176246
439590097
439699260
451472839
442870107
451534695
441801513
440018226
439874408
436204146
436077361
439106410
439131086
438296476
436140475
436294192
436023625
438986870
437578490
438148774
439148285
438179738
437528445
436266476
436228865
438348207
439175246
438283830
436314035
430927317
434736390
434673282
431150611
430942610
435985869
435929058
429625547
429424556
431176660
432723186
432787889
435873376
434781725
432743559
429747320
431112531
429681603
434709007
431009448
425483921
425429288
425388630
428736662
426983268
427332014
427015012
425270052
428443356
426127426
429343744
428277951
428191058
425367073
429277718
427279806
429405668
426859991
426787326
426227230
418231763
420455680
420514112
425027594
421414079
424919469
425121158
425188259
418263589
419576038
419526587
421136461
421090374
417057007
421348341
421274898
419551921
421228625
421457357
421381346
414186377
416972601
409768045
414357880
408839630
408801184
413393755
409813613
408663762
408672075
414436907
409889773
413468155
409845654
408666087
414284787
417053279
409916717
408869081
416410316
405383412
403455071
403098077
405320803
403065447
404832490
403021501
404918131
404619865
403635251
408655787
404551639
404511616
403718995
405244270
404759489
404668234
403440746
408636943
403544814
397226492
392006913
391875889
390705916
398586072
395746005
391792704
398463920
397116985
395809310
395560785
390681654
393199243
398529596
397041739
395700456
393062355
392026740
396837635
390652787
387381106
388693538
390614680
388408679
387455369
388989505
388834881
388850237
389945597
390133567
390428801
389062632
390313555
388600807
388459221
389988464
390039160
387271874
386547505
390222236
381675560
383492685
381934264
381714613
382634020
381309457
382508763
381745847
381719268
382440856
382672098
383722339
383538044
383746609
382662500
382610883
381872336
381840563
386418643
381778321
380331315
380364875
380118318
379226050
380224185
379648970
381248551
379250352
379600438
380326728
380178965
380065963
379673818
379146888
379109590
378851680
380071641
381204647
380164692
379195312
376462486
373391557
378571476
377803816
377724015
375769789
378576427
376425190
375696113
375117823
373452826
373395872
373877073
376349520
377788964
376487122
374943827
376397630
378560400
374892485
373063948
372616171
370879528
372743787
371606617
371563220
373356412
373123680
373036705
372787331
371500501
371737244
373264444
372675820
370847771
373158860
371598803
373210597
370525280
371415949
370130125
368632922
370316930
368976932
368903556
368950276
368946222
369107820
369064973
369091300
368570879
368294682
370192154
370262450
368453037
368402639
370493563
368337313
367716959
368511561
367607723
364974496
367665491
366391310
366015671
365827376
364913967
366945206
364828065
366368155
365944001
366349234
366030024
367643097
364759490
366162689
365840692
367699478
366109471
366406267
362088995
363755095
364413689
364614724
363868952
362124003
364367131
362795499
362872213
363714387
364517435
363971385
363948584
363796003
363908204
364452886
362715233
362836385
362672671
362177022
359377908
361031587
360241105
361136181
358892791
358800395
360350488
361731880
360298891
361604235
360323087
360294345
360377159
361632732
360267054
358941006
360214911
358867055
362034759
361901563
358628019
356342784
355276695
357651126
358389312
357663665
356198699
356382631
357272623
358748895
356509495
357708087
356246238
358502453
357219231
355228309
357682698
356288774
358682021
356150859
352731534
355123922
353805307
353335595
354993804
353972606
353246206
353282097
352807549
352858788
354855676
352916974
352891432
355041624
354919431
353892875
352661817
355167970
352654495
352872191
349804537
349279442
351617718
349347659
348705839
351551752
349705691
351622736
349233868
352594789
351488843
351568311
349419495
351455201
351530779
351417894
349308455
351596224
351442693
348640372
346888711
347027253
347329682
348565633
347034483
347200731
346992539
347324747
346952389
347140506
346922860
346851040
348078790
347075421
344131123
348204835
346776324
347985425
347266521
348031774
340056630
341127762
340384575
341580252
340210848
340149626
339215716
343991635
339258432
344021308
341039560
341566746
340419335
342557527
344083276
340398336
342623939
339296285
340980808
343973096
334565907
337513939
332940147
339167133
337516312
339126612
337851058
339173935
335885711
337794900
337611098
337669705
337402369
337766931
337564068
334490865
335923761
337395002
333021778
337463642
331038894
331421262
330516049
331467070
330567286
330991829
331902850
332696384
332558754
331371626
330447342
330391575
331064050
332760311
331006429
331070195
332622589
331945647
331545526
331023999
329611100
329575057
323911071
330091155
323932873
330230682
330271584
328419310
327662004
330329881
330158203
328471351
323493858
327592893
330201212
323964456
327637085
327612152
330116109
327555915
323110735
322305277
322076448
321545940
323308465
323178043
323406991
322654603
322043726
321548423
323357389
320575667
322610975
321463697
323455251
321393517
320531944
320472352
323061771
323246244
319950683
319996916
319874275
317926668
320303832
319655692
319331017
317867975
319840043
319619203
319493308
319341443
319351973
319598171
319689016
317998678
319906677
319672794
319923682
319640195
305850590
304854900
304834222
305836066
304680670
305892153
317714278
304785174
304751957
307881800
305905553
304800076
317792736
307850645
307884283
305877143
304630107
305917481
304872481
307863682
302258833
299032316
302285609
301915714
299631903
299604781
302175080
298934220
298885510
302202630
298851377
302352333
299662190
301880079
303150046
303205803
302227853
299641707
298972372
302318836
289459288
289477174
287268970
297644269
294706944
294613525
287295115
288205503
297628791
288189800
288118066
289495112
287314170
296574786
296602257
287227709
298303671
288123982
297596155
287251771
287170778
284115447
271145478
276889175
281462469
287205677
281449498
280236784
283896732
271102834
279580150
280218965
283942281
282911975
284000091
276861944
271123757
276842719
280169536
283980177
265778979
263615039
266691076
263632423
271008789
269927795
271076032
264336354
270979841
269910097
268847227
266675550
268806477
266642819
264386517
270942504
263532024
268825557
263481245
271088718
262559167
256259238
260506740
256305718
257270699
256303658
262495365
256234967
262467064
263346183
263297825
262279207
257246796
262584768
256284663
257177896
257277012
262324734
257182723
256211799
255203300
255157354
255028676
256167195
255966980
254680354
255172131
255888874
255806523
255123620
255186893
255140144
254725828
256042333
256192586
255933073
255090427
255188955
255855830
255061737
253100739
254119032
253043912
253886539
251934426
251425503
250046750
253841787
254128110
253083695
252017313
250019270
253069189
252045939
253119822
254144262
252126259
253670057
252628734
251977022
244393820
241392006
240762282
247225140
248027596
244390621
247888895
247951515
241384552
241557435
242821375
240720294
249979285
247902933
248091159
247171556
242849543
248129025
247267441
247186361
238508539
240531961
240491999
237961164
240130347
238002495
238539551
237856842
240060412
238587828
240043594
238807725
240076293
238710679
238663160
237899050
240099030
238864450
238759728
238611209
236202193
237737641
236853554
233361985
236141671
236383768
237148702
237209116
237196477
237805864
236170621
234007894
236348438
233960252
237760027
236287630
236437943
236241622
234046554
237103968
228292183
229241832
228601948
228479920
228534305
233280586
227894416
233318932
233331046
232435899
228433099
232533786
231772240
232495352
231743199
231583857
229218510
228643427
231561024
229279225
224232050
227549836
225776115
224276443
225696539
224114651
227664402
224181864
224862304
226147563
227684722
224260766
224891319
227853720
225767729
226115185
224920511
227783492
225724675
224294934
220663853
218636297
218733579
218438517
223198492
223169173
224077587
220727042
218496648
218413959
218468240
224025205
218542106
223232303
218694757
223127187
221218881
221262749
220771823
221248930
216809765
217161166
216898293
215797413
217793577
216927155
218060901
217888188
215856473
215840345
217337016
216209276
216871568
215823671
217843960
217305581
216613333
216590273
216839903
217129298
215739793
214895577
215709979
215359896
214602290
214777049
215295826
215235523
214634442
215626729
214921354
215250052
214805340
214744364
215523429
214849959
214865949
214583041
215673011
215326594
213628837
213596179
214376507
213521505
214550608
212935118
213258879
214428230
214515927
214493140
213562067
213666395
212947787
214461653
213710203
214402306
213220909
214580024
213924152
213866319
212362183
212871018
212867846
212325595
212406435
212122215
212088308
211399896
211332979
211191717
211379867
212468681
212906207
212832456
212283670
211295949
211233511
212799822
211275341
212439630
210907181
210193809
210876191
210038938
209867577
210704194
209957227
210590227
210145453
209817205
210539095
210161953
211170743
210746881
210010547
210564858
209916952
210183215
210927051
210845477
208848304
208905266
209634362
209676786
209794334
208617235
207434476
208811088
208178145
209736545
209706603
208353431
208655401
208303921
208772734
208690099
209761135
209637958
208745606
208049648
205147000
202693032
206712251
206787800
205844637
205105921
200664305
207402705
207347989
207416087
206758066
207422309
206511218
200509092
204372142
205114516
201917677
203139686
200252926
200637874
195223641
195245199
195169842
196464890
200166804
196480013
195192654
198849862
200229177
200203917
198816511
195876417
200148545
196424362
199771898
195889245
195276697
196443262
195310338
196434573
194258683
192512940
192673786
192455893
195094722
194060940
195138625
194547726
193906759
192656135
192635758
194234512
194607376
194282994
194581859
192607110
194109804
193892083
195120209
195159579
191403261
191527580
191449144
192198360
191559125
191422465
191501663
192403985
191044162
191671560
192348716
191387343
191021515
191596987
192383407
190344479
191680165
191628761
191472071
191357680
189272651
189854596
189566106
189890620
189592158
190155805
189670569
189225969
189536755
189906597
189629979
190302373
189245406
189508758
189480866
189829004
189256836
190246550
189190769
190185300
188445178
187915499
188417641
187943382
188473396
187849177
187613226
188487183
187587604
187984344
188053064
189063816
187879479
188999957
189034375
188886282
188460120
188075407
187823178
189161253
186458164
187335774
186667530
186717888
187396859
186397165
186416907
187307145
187531907
187345556
186691921
187555273
186981826
187016719
186589731
186369627
186331070
186636662
186499527
186560206
185203366
185117715
186014312
184594495
184811223
184579685
185176586
184668410
186272932
186011399
186008095
184768872
184706587
184642667
186300426
186243314
185158328
184622430
185216301
184737493
184272991
182550849
182748691
182269698
184350359
184157087
184327740
184527975
184560280
184232342
182717635
184310949
184124598
182676229
182603092
184542725
184210198
182621742
184185327
182239104
179047278
180327989
179004235
180000873
178480618
181342586
179085825
179886833
181653484
179112952
179851223
179984498
179148375
181713732
179183845
180265626
179958471
181621275
180645047
180300846
172492475
177756512
173425879
175675034
173734172
173386086
178430425
178257509
175670869
177717444
173403008
174096274
174114599
174796309
174099961
178398387
178304078
173417130
173814652
174085356
172399254
171214991
170947732
172441613
172305118
172257959
172343052
170990298
170985689
172057659
171371036
170958892
172188040
172034619
171178462
170970619
171236269
172122849
171394538
171338655
169922284
168883793
170723366
169890539
168871053
166488764
170039832
166470190
170107965
170223604
170924566
170673409
170238862
170012229
169999734
169990918
170663571
170066211
169962545
170006195
166014669
165506755
165427739
166077214
166045864
164934969
165391566
166335957
165259264
164879268
165465967
164931584
164907562
165244166
165424285
164846264
166286505
166261722
165986827
165384385
164387509
163748938
164048229
164405933
164105493
164751074
163736620
163971519
163726065
163942663
163925225
164412849
164716872
164755836
164186982
164026498
164139435
163722863
163703515
164806509
153983969
153786460
153940607
152842256
152744772
163382926
152540482
163317451
152614948
152803616
153827230
153904351
152574892
153908335
153763084
153879351
153803467
153962879
153852577
163347431
151515536
152233610
151574014
151528414
152395643
151558086
152361796
151348087
151229882
151587068
152431493
151481876
151187232
151544629
151498872
152374483
152513698
152215877
152247165
152466991
150216818
150283149
151078873
150261332
150144977
150391870
149993273
150117781
150955020
150062966
151001860
150177050
149965731
150897046
149939590
150427312
150323737
150090083
151030300
150918340
149255742
148781614
149411118
149455074
148662879
148618009
149219993
149338174
149294811
148004728
149376582
148157932
148581618
147971704
148535237
147939945
148696234
149231768
149192185
149183985
146325156
147894973
146243068
147918656
146350831
146059780
146306817
146342741
147014853
146313740
145565683
146293530
147863868
145577755
146263585
146137259
146334321
145552592
146295109
146277225
144449744
144660076
144333964
144502541
145450491
144554031
145498799
144486261
144645743
145429369
144574199
145535297
145405310
144418724
145515907
145471124
144599586
144633193
144368255
144622853
143719040
143454445
143043718
143024274
143566340
143417832
143029838
144305361
143731816
143075047
144149582
143064659
143055870
144105022
144092550
143020209
144177331
144255747
144219538
143757582
141014564
141489892
142019200
141445208
141035024
141028978
143002898
140891023
142159476
141383771
142688260
140975166
142055210
140858284
140838125
141338716
141304288
142967844
140994748
141052591
140616017
139299502
140637676
139315180
140578353
140181870
139281870
140678936
140773791
139239452
138936497
138979507
140142765
139262433
140165533
138892964
140116379
140089552
140192171
139046045
137375603
138407778
135768482
136506186
136731889
135678446
137340862
138499495
136808559
138475498
136570787
136537997
138442234
136423083
138367632
136771588
137458965
138312901
136471566
137289453
135651645
133765959
133535428
134177991
135585823
135545701
134101343
135522548
133614497
134149031
134194163
133650139
133572268
133459575
135581211
134072879
134122821
133719622
133498263
135616593
131269963
130332575
132566948
132528476
130869184
130827374
131216198
132669374
131825949
131076435
131668500
131251085
130305090
132742097
131230573
131267238
130366651
132488081
132629782
130117753
129276153
128163605
129193891
128623938
128271101
128115427
128032707
129468458
127976711
127446899
128583891
128528827
127380209
130067296
128230111
128277963
128018982
128075723
127335245
127124997
121790144
122689447
121829051
122656524
126091131
124403084
122776738
122230089
122730519
122131013
126268702
126027602
124629183
124541261
124593145
123045204
121714857
121356860
121869293
121916317
120888704
121177280
120106737
121300262
121344000
121321197
121224512
120909328
120846311
121052385
121138200
120143084
121282259
120061141
120968987
121356860
121099967
121004833
120999495
120005828
119815514
119264746
119177565
119484242
118591338
119466718
119934965
119409982
119900488
119455592
118619927
118599760
119230193
119426696
118621559
119401710
119022251
119844834
118980896
119441155
116965266
116303555
117480278
116130044
118524287
116286622
116211661
116974635
116740531
116697040
116329770
116264068
117406944
117437984
118544999
116246842
116177088
118571327
116096944
117509749
115236105
115896137
116026329
115193567
115253074
115143718
114852926
115863335
115977059
116067531
115198407
114267642
115107182
114769015
115149906
114182218
114151994
114008377
115936836
114813185
113771400
112897327
112884381
112816268
112767695
113953873
112853237
113807651
113929272
113880463
113469446
113402831
112839421
112729141
113830535
112787706
112745929
113859631
113786822
112869833
111194043
111176789
112031368
111206287
111111038
111084172
110808371
110764608
110730875
111639268
111981993
112705406
112017325
111153632
111131682
111161369
110888965
110912594
111964073
110841974
109340502
109278678
110668454
110621426
109835580
110330626
109894008
109326325
110282810
110307850
110198218
109968449
109802633
109301321
109938478
109772360
110693206
110596124
110648177
109744488
104973816
108616830
108560824
109214447
108753433
108125497
107502715
107810047
105456076
107849148
108846107
108794632
109241997
108873436
108155577
106814844
106497675
104931828
108531521
105487821
103459840
104797596
103366417
104769345
104916298
104888309
103667491
103880690
103419474
103951391
104817695
103670649
103907329
104113022
104149178
103931792
103695733
103391764
104847455
104738604
103321854
103265498
102438938
102262856
103015031
102476291
103084033
103203021
103052768
101493170
102513499
102545603
102238877
102206264
103166263
103229879
102559921
103294423
101652022
103122418
100231354
100189172
100168611
101469998
101120392
100981410
100958966
100920587
101448931
100898810
101015324
100497659
100203780
100249320
100421057
101069478
100470497
101410515
101400403
101434255
99667834
100114200
99612224
99218511
100103577
98948380
98910883
99636898
100152023
98833648
99156184
98764115
99685143
99036184
100091270
99006123
99196486
99585430
98788950
100131711
97836621
97731642
97754500
98274044
96716819
97817705
97717013
96511140
96744881
98732796
98759952
97855940
97778322
98665211
98704755
98212921
98183372
98637593
98681761
97797479
96253287
95584372
95607011
95526249
96480365
96462148
96276932
96231110
96124652
96214885
95543595
96172394
95597983
95574825
96153983
96261191
96241160
96193771
96271813
95563206
95305445
95479579
95292201
95179102
95365625
95248022
95272799
95425364
95450825
95196089
95108223
95333973
95402922
95093713
95081751
95506595
95163590
95065429
95232872
95385723
94252174
94905608
94889402
94928760
94307553
94939503
94952348
94873981
94319735
94564755
94297679
94275587
94587808
94265885
94963397
94914485
94531593
94285584
94903852
94228628
93581706
93609548
94077134
94015948
93451219
93540029
94024589
94154339
94205822
93427749
94165301
93568464
93492013
93386671
94186352
93524270
93594780
93583105
93554639
93473666
92811970
92868655
92740826
92881922
92709986
92770096
92649184
92823698
92870062
92800713
92676091
93355482
92871686
92836606
92688278
92629306
92892089
93326530
92855012
93230814
92146825
92245788
92228263
92106712
92170128
92012527
92067464
92196592
91988936
91549597
92214373
91561635
92201485
92259164
92197821
92128141
92582025
92238071
92041665
91960799
91379006
91306390
91276877
91228476
91500150
91281189
91482502
91196293
91159252
91133492
91116080
91112209
90877665
91461436
90862758
90890976
91533495
91519525
91427837
91406314
90657207
90541973
90501416
90830326
90841080
90782041
90577206
89657244
90595665
90727986
90697441
89670898
90809133
90523713
90852785
90757183
90264379
90286709
90275380
90623953
87308874
88921798
89642646
88991827
89626951
88952729
88968144
89582891
88575450
88940683
89441331
89603334
88890079
88931207
88686414
88909870
88615545
88713544
88980968
89003837
86835154
85587229
86862938
86847442
84012830
85578287
85568113
84088935
87271783
84837936
87249033
84136609
83963276
85592837
83272843
85602619
84774983
84816319
84122684
84038966
83222796
80367141
81683230
80336319
82446270
83109915
81697364
81605784
83136359
82364244
80975844
80945438
82407673
80309252
80855727
81640063
83152289
83166153
83178495
81559420
76992609
79142078
76876519
79121724
76924997
78162363
77607568
76938434
76915504
76885367
78217567
76904138
80269298
77678380
76869392
76954181
76969564
78263111
79840528
76891137
75164494
75208791
75863645
75568900
75329095
75376648
76035039
75357766
75621954
75148443
75197737
75311242
75410553
75280695
75177736
76635926
75855225
75848844
75338068
75296927
74777513
75103677
74728397
74476543
73900975
74847626
73989224
74707356
74868302
74745109
75129656
74451680
74411582
74675542
74663967
74724622
74828558
74382733
74011429
74796093
72983068
73064544
72923088
73864647
73840897
73612850
73602642
72903680
73572710
73630855
73806163
73099734
73622360
73481341
73538257
73508497
73587508
73120352
73822264
73043271
68705309
66788029
65546239
66820694
67436516
67395012
68699021
72729732
70110972
72722084
67043849
68382590
72713899
68277253
72707059
72693513
65563391
66844090
68463865
67012659
65531179
64950822
64870970
65301929
65519000
65117879
64990352
64980936
64962236
64937403
64411507
65512934
64835897
65323042
64395158
65106128
64427305
65004739
64895455
64969104
62673781
63071019
63093768
63152519
63168933
63186173
63082609
63058743
62790239
63034326
63050332
62716675
63835124
63133781
62731541
62806603
63222939
62759571
62819848
63854572
62546282
62605614
62531884
61920270
62656627
62376230
61862852
61845764
62572118
62621882
62591867
62637165
62523182
61468761
62578215
61932253
62558623
62393461
62548127
61504382
59360018
59257273
61379315
59248974
60870811
60896790
61422397
59282247
60838305
61398618
60949497
60936671
60920143
60364019
60324184
59301940
61306922
59259662
60344276
60915051
56607665
56425063
56186199
56169847
56625151
56643929
56546393
56179565
56151667
56444986
56428001
56161081
56480686
59001277
56588196
59013197
56461486
56529119
56465762
59027511
55995137
55467858
55661010
55493156
56141986
56059303
55960804
56106676
55976814
55632482
56128517
55513425
56120949
56012597
56027670
55926103
56076404
55645732
56093069
55942360
55276036
55437586
55407852
54334182
55451584
55384734
55247243
55232415
55169316
54763343
54306328
55188621
55376834
54737247
55142266
54350552
55396839
55105431
55261639
55422820
52975802
53232289
53745978
53336723
53212919
52993287
53350285
53723251
53376249
53259874
53800114
53280026
52908335
52968154
53362698
52932671
54283513
52621606
53849726
53294885
52554238
52317428
52607185
52570894
51510633
52309460
51316035
50945547
52332489
52326117
50965591
51527019
52301018
51953632
52290533
51936921
50929718
52504702
51299783
51917320
50217759
49917441
50728799
50225904
49940294
49865529
49841059
50248890
49897572
49878503
50639880
50206670
50200470
49955064
50652030
50252468
50257077
50718287
49855704
49829591
49561986
49548061
49790349
49377619
49806007
49672626
49360858
49341275
49797254
49657314
49350113
49364796
49583731
49371089
49574563
49816867
49683840
49532908
49376056
49338084
49017876
49198730
49003864
48614883
48386349
49328934
48594464
48361484
48343111
49012360
49253851
49319497
48637776
49284341
48354854
49216867
49272595
49186350
49304552
49200639
47794577
48279948
46570399
48297448
47755675
48263620
48031767
47783196
47711038
47242974
47803650
48332464
47773346
47694546
46650061
46587537
48320820
47655875
48308253
47673840
45858144
45986463
45827116
45993809
46441510
46553333
45850064
46495517
46531438
46149831
45832721
45868027
45819589
45840784
45911210
45978892
46292867
46302059
46510852
46163595
45061863
44875805
44868940
45308941
44894863
44861198
45714424
44900673
45334795
45813329
45322061
44907149
44885512
45303347
45668084
45657490
45319513
45073336
45046037
45039614
44541405
43716904
43684252
43663193
44556907
43981996
44853629
43652167
43688339
44531495
43958790
44695537
43671267
43992478
44564669
43706683
44567744
44555862
44679810
44707151
43174661
43110744
43517149
42939553
42955947
42949926
43209740
43488845
43062686
43497154
42927824
42954318
42923624
42943040
43640672
43631314
43131584
43077515
43253389
43392948
41510328
42394363
42550724
41493951
41347624
42482594
42270998
42519160
42160019
41797472
42255070
42384915
41479687
41952434
42910775
42412871
42222484
41729250
41788360
42422609
40939810
41209620
41180089
41170697
41027053
41250812
41227052
41324942
41236726
40894772
40850435
41189684
41341194
40841557
41202544
40877075
40858445
41333261
41318022
40868839
40322128
40654365
40567167
40377794
40351048
40834244
40623954
40321204
40639479
40669388
40731647
40559187
40340294
40629416
40598832
40610080
40368964
40587407
40329661
40574732
40203628
40156508
40122885
39617105
39585846
40212102
40175927
39631494
40316652
39636494
39600265
39568346
40051631
39593047
39807816
40057437
40183227
39608056
40320351
40068004
39177481
39561877
39158218
39475299
39382118
39545530
39437299
39185775
39448872
39464608
39367634
39206308
39168353
39145694
39393581
39105326
39423087
39196574
39357800
39551762
38988385
38966349
39081716
39052144
38973666
38958229
39092866
38597522
39034714
38477611
38624339
39022897
38608919
38631406
38603625
38951680
38616142
39061008
38942132
38485589
38426758
38455663
38281510
38165813
38464613
38358213
38325293
38345249
38412449
38352029
38309729
38119259
38124771
38292818
38448848
38439312
38422175
38268849
38434448
38159330
36112211
38110404
35869197
35901467
35847903
38114686
36107610
36079393
36272031
37320788
35896379
36043767
37146623
36843344
36054734
34612399
36279635
35864209
36084100
35836890
33388115
33424418
34573129
33402135
34076972
33356635
33334657
34603921
34598236
34585642
33408482
33426664
33395912
33911596
33373256
33324244
33382193
33439927
33418347
33586957
32912335
32970148
32951612
33162685
33097000
33304909
33308525
33185439
32942818
33159722
33190085
33087791
32930601
33288478
33106142
33177141
32921643
32965320
32975621
32981222
32587747
32334724
32856941
32843768
32597766
32306393
32610881
32643841
32391448
32380828
32867455
32421884
32407138
32367675
32349554
32626820
32298765
32883715
32682821
32672276
31758395
31539506
32072198
31514267
31692862
32107779
32090384
31735669
31645210
32129423
31677849
31765360
32098050
31761376
31656831
32119907
31509446
31670976
31530234
31524575
31494679
31447846
31296041
31288877
31305466
31487574
31420108
31300240
31318715
31284041
31276104
31268195
31460183
31453907
31429525
31501856
31412817
31310622
31304646
31476279
31032614
31018738
30999971
31180210
30977684
31167808
31189262
31203269
30965634
31166013
31241060
31054713
31223106
31059027
31231612
31066573
31049578
31265774
31062534
31253343
30564198
30500790
30586066
30681793
30533132
30576735
30493241
30947291
30551313
30508459
30730245
30716180
30542997
30558524
30522879
30592741
30571070
30745867
30764349
30783652
30470883
30297969
30204955
30431184
29944916
29877367
29882314
30309327
30482139
30323881
30161760
30197886
30153544
30173095
29871671
30442160
30188704
29889879
30329668
30317172
29810203
29021046
29860817
29684097
29028120
29843163
29047311
29846863
29823163
29040057
29676162
29670461
29034590
29866048
29366736
29014415
29665643
29815740
29659858
29424759
28503305
28995875
28783131
28772951
28484793
28507497
28759865
28746227
29000925
28384901
28618423
28753834
28251938
28987128
28667118
29005615
28610122
28768120
28494920
28284145
27868645
27843257
28212667
27833652
28221752
27899357
27891749
28073391
28215105
27929147
28245160
28097019
28232837
27933628
27938132
27914511
28230375
28086279
27922981
27860196
27700829
27452399
27471646
27404823
27355235
27435262
27665672
27429807
27334323
27693832
27350041
27344206
27458910
27683754
27825165
27419107
27443352
27329219
27412569
27338313
26658780
27318609
26893835
26918943
26913109
27213338
26678906
26875130
26815346
26976748
26668994
27312564
26969843
27324442
26804789
26908087
26901904
26688398
26674453
26883155
26443315
25984610
26623423
25558718
25626184
26437227
25970652
26476253
26001844
25826824
25609735
26483405
26447309
26649858
26389824
25590280
25838936
26466600
26455811
25816055
25449321
24962612
24932667
24945967
24968520
24880687
25215227
24872241
24895823
25256017
24888440
24941111
24950399
25264621
24915832
25208076
24956471
25066420
24905947
25222386
24681412
24571258
24577080
24692555
24718550
24660464
24744402
24674089
24761199
24738109
24757599
24731731
24668463
24566220
24766961
24751051
24697676
24706988
24685270
24722999
24342852
24557602
24494431
24364911
24542480
24320239
24316026
24282888
24298948
24277769
24192950
24373584
24550403
24360703
24336597
24353583
24349249
24328787
24286855
24187256
23509868
24177707
24171179
24138747
23811022
23804018
23395858
23738567
23797900
24147793
23816176
23779690
23501929
23495466
24181182
24106719
23360488
23787634
23705252
23697688
22787435
22946133
22797922
23344592
22817427
23173510
22809355
22815337
22804748
23072442
22538247
22685509
22390790
22890655
22793238
22618858
22614157
22608179
22813250
23080906
22260195
22000103
21989423
21905222
22367912
21910105
21985003
22378500
22349700
22280806
22360575
22004215
21914764
21994277
22273415
22355902
22268266
22372686
22068035
22385799
21850910
21659836
21884976
21804467
21683477
21664678
21837106
21829714
21799301
21842739
21818645
21892491
21878783
21702726
21689549
21675351
21669971
21651399
21823567
21861143
21520015
21515921
21507442
21575312
21500759
20684522
21496157
20406139
21540172
21440945
21527115
21490533
21562877
21444825
20690902
21568170
21486347
21570184
21646316
21533346
19714442
19436358
19483495
19493191
20065438
19913841
20398959
19705831
19700503
19920521
19643457
19925911
19554653
19490333
20193628
19486870
19426252
19878036
20391752
19908711
18738917
18904438
19381478
19412030
18828932
18821194
18838125
18734544
18845002
18730781
19197687
18747365
19195144
19150047
18742041
18867010
18751485
18981682
18900728
18850254
18564507
18636664
18535250
18518763
18513987
18338878
18727549
18650167
18355350
18644184
18558029
18656862
18528870
18548604
18455256
18560945
18553791
18542010
18671581
18663479
17066628
16813444
17087856
16829672
16758494
17384416
17084805
17612591
18334782
17608549
17081677
17062482
17091203
16751779
17074150
17070806
16754714
17381341
16809217
17632016
16571788
16709693
16439635
16328702
16233322
16606348
16618444
16326126
16611195
16458405
16541188
16339114
16352977
16237599
16349932
16453979
16614046
16346063
16600965
16589461
15951436
16078484
16119228
15894508
16084915
15898894
15887090
15781412
15768578
16099239
15943829
15969291
16089253
15906323
15963478
16214751
16066688
15758146
15754093
15666490
15616372
15648466
15661415
15521386
15475392
15594189
15604504
15455778
15359702
15350201
15621797
15609721
15602006
15448257
15631182
15474942
15492685
15515526
15486534
15365057
15085875
15330868
15250274
15224825
15232855
15207478
15191214
15322918
15248193
15214291
15182898
15162408
15175699
15156459
15243777
15335326
15253465
15090697
15246971
15199931
14939483
14896345
14866769
15054592
14911947
15066854
15057341
14923932
14880247
15043356
14949272
15080666
14945200
14903343
15035244
14934710
14918722
15073874
14890995
14927603
14824136
14858830
14831636
14844509
14513820
14553473
14522202
14683959
14728485
14695148
14538407
14708392
14547097
14807143
14803456
14819102
14672195
14815089
14839665
14733872
14250046
14231770
14376810
14274239
14227877
14283208
14279638
14216928
14352161
14360354
14491418
14255817
14246060
14350057
14237345
14355893
14497741
14241124
14368543
14252307
14020302
14118410
14099511
14073784
14094390
14089017
14009928
14194169
14115321
14105416
14082631
14066559
14188614
14046772
14025344
14111258
14108401
14014824
14200716
14051947
13593070
13887575
13862660
13871932
13732820
13796169
13891812
13750826
13791979
13589583
13726736
13787634
13856758
13597209
13745096
13877912
13755537
13601965
13904104
13783720
13586781
13563606
13514655
13326451
13299056
13293936
13503209
13331459
13578217
13584040
13553789
13573105
13369218
13568333
13548810
13489981
13539235
13305561
13559261
13529047
13058468
13080542
13161586
13068783
13254252
13043496
13077935
13074368
13245304
13287704
13283645
13165418
13084208
13060308
13250197
13258269
13062046
13072278
13053682
13049197
12792447
12886899
12992265
12910710
12776924
12985895
12921904
12876007
12830210
12799028
12895369
12918394
12787558
12782944
12914355
12902094
13017970
12801874
13035636
12980905
12597119
12746834
12718118
12604332
12728949
12736254
12536461
12441099
12530367
12706153
12742292
12446245
12772290
12547246
12751762
12711139
12594465
12767472
12759836
12723998
12236220
12145985
12343082
12363647
12336437
12405647
12435215
12374258
12431129
12350255
12415020
12227442
12439610
12231344
12172217
12162439
12385512
12154279
12243340
12425548
11725088
11557366
11682227
11582399
11573837
11548446
11538558
11445199
12133813
11696842
11570350
11957033
12138092
11707295
11966840
11999611
11713942
11989957
11976839
11719343
11213930
11225835
11433608
11258121
11441269
11282282
11121099
11303207
11264091
11424735
11294723
11285652
11414725
11109035
11125370
11436167
11113871
11297928
11290285
11208379
10805425
11102847
11087749
11062065
10951121
11097149
10799178
10792419
11081196
10935804
11059593
11069085
10946698
10931523
11101630
10812450
10801439
11076610
10918152
11092092
10587771
10678681
10709386
10584226
10713012
10318956
10597247
10561342
10323668
10682399
10675190
10716390
10555289
10574117
10593054
10685708
10566212
10327717
10543730
10449068
10149759
10309358
9920619
10022980
10297167
10146137
10076959
10041030
10029407
10021888
10037040
10282030
9947980
10032970
10303696
10025876
9941536
10314273
10065891
9915114
9709063
9906310
9809033
9830131
9903361
9820331
9705050
9684221
9674158
9671034
9667940
9715873
9909982
9826244
9804548
9900089
9807689
9691567
9711887
9687547
9657648
9665696
9458807
9653272
9572377
9404576
9583951
9413933
9661684
9409732
9435190
9602907
9578477
9612871
9599088
9591447
9540311
9428221
9440094
9558400
9269795
9252789
9229475
9396304
9157707
9149670
9224549
9243399
9397530
9240563
9233718
9285554
9246780
9300618
9258925
9401044
9270248
9397678
9236734
9249333
8941925
9066949
8983432
8970524
8838774
8989064
8946333
8962944
9110661
9047293
9055543
8986249
8849601
9098506
9074727
8845268
8959765
9133798
9140307
8951760
8823015
8634874
8638281
8730600
8741134
8832594
8748590
8654718
8629193
8718974
8736286
8724982
8646425
8643030
8659757
8651665
8594455
8584065
8826984
8571396
8432593
8461793
8449230
8362879
8270926
8264362
8374638
8267441
8276119
8366450
8266329
8471335
8273331
8445578
8438657
8371468
8566899
8467126
8456626
8260299
8042995
8237149
8021169
8235198
8125689
8045554
8055842
8066589
8142709
8130846
8129453
8059638
8050114
8047523
8146475
8255740
8225773
8136891
8062520
8039129
8001518
8019525
7863600
7935840
7999229
8008085
7940874
7891990
7845892
7953328
7868517
7864810
8010707
8004630
7996148
8017199
7859014
7950622
7993162
7945888
7547343
7555234
7608869
7776670
7669378
7650862
7538157
7557771
7841690
7650270
7680937
7654263
7652445
7529946
7674722
7559430
7552632
7672662
7766761
7542340
7503488
7434783
7506675
7505128
7479608
7424872
7421695
7502472
7473546
7431458
7432970
7452969
7501195
7437033
7461225
7456611
7481761
7470353
7477266
7465867
7316271
7277208
7402865
7303038
7418766
7389605
7399033
7416220
7325960
7323359
7256096
7406453
7299950
7393391
7236851
7320754
7238359
7251563
7410449
7413585
7139879
7057528
7210559
7116454
7213351
7203585
7196738
7193779
7136517
7052585
7049695
7132654
7216221
7067545
7046547
7207105
7112926
7128441
7063824
7059667
6989203
6915557
6925678
6973271
6958148
6972944
7029962
6982296
6980779
6973526
6971502
7026688
7023848
6923548
6920468
6985954
6917943
6991922
6955530
6921576
6844776
6840365
6892760
6880038
6838208
6805885
6842683
6902296
6898354
6886586
6874952
6809819
6877761
6904794
6813931
6828594
6794635
6802956
6872621
6799413
6650268
6569033
6644702
6744611
6726313
6572109
6558465
6793295
6707527
6748345
6710279
6658516
6655848
6581864
6663277
6578739
6575030
6560098
6640348
6584468
6443972
6550803
6552546
6527472
6452129
6554767
6534278
6556438
6515010
6453800
6448815
6523750
6510082
6454674
6549347
6532473
6530780
6518237
6513587
6521867
6418861
6327829
6322087
6341805
6422745
6425007
6388520
6436927
6379055
6325409
6434302
6430719
6429464
6427084
6343372
6423310
6419992
6383793
6417236
6334600
6305633
6297850
6231041
6215435
6179286
6218928
6169958
6158008
6234478
6177329
6171183
6265078
6172858
6156136
6242371
6263485
6258833
6260918
6300261
6212459
6086748
6011915
6145762
6036498
6021391
6034156
6135441
6154966
6144303
6093577
6024550
6132318
6146167
6091797
6138135
6074779
6016867
6145524
6095894
6148397
5881021
5961499
5993634
5888223
5991878
5963187
6005992
5940636
5935136
5965247
5886033
5936946
5883822
5873475
5950634
5945484
5942173
5823923
5957308
5868249
5806339
5710201
5706520
5802884
5817189
5728520
5820649
5746851
5652097
5755562
5802163
5752869
5699911
5740559
5810770
5795567
5790432
5744435
5730275
5750358
5389849
5465379
5613079
5609941
5402811
5396651
5615499
5386286
5381341
5379602
5383620
5450448
5540803
5399740
5502276
5504729
5623955
5385953
5466495
5520261
5352542
5324639
5375771
5328694
5349883
5321894
5322920
5319265
5316533
5277105
5338181
5264087
5272040
5342705
5269169
5346239
5335928
5374216
5370644
5332059
5159808
5054322
5160626
5192715
5255778
5133008
5158122
5094208
5162320
5130475
5183042
5252305
5107847
5125397
5121946
5117015
5115093
5113496
5244998
5089252
5043496
4985555
4959970
4965566
4924109
5046303
4978099
4991957
4980676
4982904
4918422
4975107
4961688
4963645
4913147
4986330
4922346
5025755
4989018
5050599
4898938
4872255
4861385
4872716
4865010
4849562
4904858
4793997
4844400
4790712
4872882
4868255
4873761
4904153
4877337
4875330
4896637
4909140
4873224
4841805
4702554
4783183
4763313
4697868
4693072
4760437
4785669
4684587
4771929
4681808
4777323
4628205
4608504
4690201
4695205
4767306
4696052
4630979
4775106
4700654
4506048
4606444
4559836
4500174
4423248
4487353
4504476
4502057
4497493
4495397
4425761
4428891
4484957
4424592
4549465
4602719
4604870
4480157
4432175
4596610
4339772
4375345
4272120
4367885
4357634
4373379
4337318
4287582
4346123
4260793
4371327
4290927
4297676
4268493
4361448
4342583
4364564
4299352
4282069
4377276
4161708
4257013
4210078
4216384
4253358
4206208
4190556
4184019
4179607
4172555
4175226
4096634
4168127
4193889
4250453
4164734
4099939
4089907
4198294
4213290
3973337
3989043
3970065
4074592
4061923
4037952
4071651
4034739
4069161
3985615
3991691
3983540
4089148
3981299
4020806
4025154
4063833
4023317
3977980
4066899
3859776
3853959
3934848
3927278
3962827
3937044
3935657
3939349
3933538
3930832
3961201
3901440
3925275
3966331
3856373
3928635
3964046
3922094
3906612
3899784
3848384
3780255
3766540
3778410
3777839
3767738
3760975
3828582
3768353
3757580
3755705
3841203
3835767
3822512
3824958
3833865
3844902
3759434
3760499
3758284
3607242
3606200
3603765
3743716
3745296
3696778
3687976
3737965
3735727
3691999
3662862
3699850
3688357
3660430
3695499
3754979
3739461
3741531
3689574
3688122
3524828
3542892
3586443
3590829
3560479
3568160
3561914
3556725
3546150
3588626
3549784
3589627
3584461
3566863
3593492
3565386
3591565
3497606
3552737
3563560
3407190
3426446
3394082
3370589
3365816
3391466
3333186
3410125
3411069
3480710
3388584
3368835
3409114
3392903
3447698
3479856
3372183
3329945
3449623
3482237
3310538
3313626
3326699
3279080
3274891
3246023
3243103
3289246
3316147
3277368
3231722
3322965
3322049
3318502
3247473
3239758
3281389
3320811
3250502
3236557
3137246
3124386
3121344
3228155
3141265
3151866
3144591
3123273
3148249
3112303
3139773
3125531
3146187
3153622
3157593
3223818
3160028
3114404
3154629
3142840
3062205
3011269
3104433
3059012
2995435
3068340
3100288
3067122
3064867
3013238
3096159
3009717
2999707
2991338
3002256
3005400
2994583
2996845
3109708
3107437
2917590
2912525
2984890
2986324
2948693
2965972
2955107
2988746
2914873
2990375
2893260
2867200
2950736
2956490
2909172
2897221
2987218
2954318
2890861
2894416
2865006
2862468
2856427
2849614
2808050
2836302
2859737
2838189
2794002
2804729
2852354
2789812
2844687
2799522
2787007
2841241
2801979
2800634
2797029
2795004
2751344
2759187
2711589
2719502
2705381
2763884
2709315
2694355
2717285
2762450
2713150
2755817
2668523
2696471
2761246
2746888
2783663
2702145
2663203
2699158
2656819
2637509
2661674
2604447
2638881
2603258
2555034
2646841
2609693
2520849
2659414
2635642
2649086
2606171
2643519
2640736
2613805
2550918
2552557
2652708
2464964
2461197
2499945
2445194
2497558
2502805
2447345
2494519
2506498
2462993
2441340
2454569
2453062
2439181
2443759
2466476
2517972
2512202
2515524
2448876
2399079
2395941
2392487
2347593
2339734
2412640
2337081
2408522
2338739
2331036
2326022
2338820
2411097
2390518
2320830
2343270
2328906
2434425
2402050
2409794
2226050
2302154
2291513
2273828
2223577
2323743
2297747
2285240
2271152
2231497
2282191
2294142
2226894
2322221
2301017
2221496
2228807
2304048
2320675
2288211
2178832
2162415
2191760
2212544
2218624
2186338
2184010
2167895
2171968
2194847
2166163
2163684
2210373
2215178
2190559
2189639
2188156
2181482
2170081
2219999
1951216
2044637
2042151
2034326
1955232
2123790
2042497
2040620
2118214
1987256
2120563
2042294
2030856
2028029
2160389
2042749
1953233
2037129
1957179
2059650
1868681
1930139
1875719
1845542
1843130
1871320
1770872
1885360
1923077
1921888
1841027
1880005
1950507
1950220
1949880
1934725
1933746
1919776
1872763
1883096
1593401
1755325
1706006
1571421
1563914
1601752
1768229
1568215
1708023
1758418
1703781
1711026
1703099
1653268
1603957
1649389
1769579
1695653
1693209
1591853
1493900
1488257
1357441
1491438
1497830
1302734
1485706
1291724
1510271
1259971
1348864
1297083
1559992
1506129
1362194
1359802
1501711
1350856
1306078
1359108
1008631
981180
1014170
995428
971373
1190440
1029092
1010673
1211608
1018223
1020278
1016711
1193219
1000003
1027572
969566
1184110
1021584
1030234
1004778
843885
867462
833003
879560
856528
834431
830868
869170
840698
859276
845457
863156
871346
860881
837773
857932
825084
865467
873928
875212
668318
763007
778196
701140
700008
704798
787888
784843
783577
768147
703469
726253
774429
699584
765338
771866
702108
780853
778989
725088
666868
577256
534482
519257
559991
495164
573576
565044
491244
458485
561194
457477
665671
523339
609449
459026
579139
493755
532471
562792
439887
402392
401821
441449
411492
453554
420803
449334
442253
410810
423082
443726
450838
441144
455128
439217
422541
412153
403117
421971
392377
368191
364744
400691
398491
394605
390050
399868
401615
395738
372057
396925
397882
388535
399608
375435
374389
370457
387502
366931
321347
357793
295984
356726
290246
293976
362488
355557
264786
263533
295205
287389
292474
332996
325937
291212
264225
360167
359456
334888
235492
232879
238040
235121
234488
252816
246578
235024
252320
261944
232327
232265
262628
261181
233981
250882
263268
251657
250208
237089
160127
159687
215791
189340
142290
184530
229851
216460
209467
220645
221424
187581
220141
217518
188672
186447
163458
189969
162787
217082
110026
109123
116475
109057
113548
109217
123594
113727
110198
109947
113663
115966
124781
115288
109000
129712
115396
115785
113446
110086
102156
105617
105123
99792
108449
105497
103489
102895
103729
102495
108882
108789
103585
103513
100889
100802
106350
108559
106512
103383
73404
73579
93993
93927
76119
72860
94068
82388
71869
93836
71543
82556
76218
82424
71563
93909
73342
73474
91499
73563
52193
54995
52334
52065
52133
51909
52213
71450
61290
51786
52098
52227
71314
51971
71229
52280
51857
52006
52302
71169
42344
40505
40488
40586
49811
38626
51742
38519
40155
51685
51630
38542
38481
37915
40531
37016
41527
38801
51720
38587
31786
31960
31275
35445
31232
35306
35891
35373
31858
33026
34263
33175
33146
32991
35408
31853
33276
35611
33044
31885
