1124573958
1127558713
1105787480
1196887533
1110716988
1127937448
1124896882
1127717613
1122763137
1197302214
1122589530
1125175817
1195873123
1110592176
1105907299
1196271183
1122922416
1127327194
1105673234
1103465196
1007969988
1103250639
1094693583
1016456404
1026135961
1026247840
1024149170
1023971503
1099079776
1016518132
1096956858
1024063352
1029133692
1099199297
1097069258
1029006718
1103363114
1094808475
1029295039
1016403523
978684240
970164525
974164285
996765166
994300146
994423853
963508156
1007603770
974052913
970393051
978544523
1007754908
996948364
967714917
963591166
978379721
978209368
978113465
959798197
997110082
936190138
921073836
934280211
956061110
953512517
958031091
938340111
936088110
934173492
947654888
959579369
957915295
938252027
958172065
959666895
953369336
941020348
940848931
936138006
921179288
911188199
915105298
903944467
904510393
902227149
912888995
915700318
901685170
905954762
901737694
915362717
912840578
903836537
916821344
915178751
904173222
901842662
916754369
915598721
908547449
888529429
899789532
877737102
898003244
899845225
897865695
888861007
888797469
889005511
886966279
878157122
877855683
885411824
875477630
875010635
877645112
875371735
875581184
874938010
878039253
867089075
789645621
873318300
789518247
871736963
783801256
859302929
870188231
864970098
873387333
808112163
871849195
789453600
808151430
870143708
862995162
862891474
789590883
783746701
871798819
771093543
776475724
771004390
775979885
770956861
776170591
772874503
769381711
776341481
772820666
772338691
776436526
783470838
770857357
776068193
776401962
776279238
769348520
783330532
783390334
732564888
732717684
739229116
735558675
735412640
735226069
769292746
767200720
767497059
731249232
767633099
767722637
767376726
735654351
731081872
731329535
769061465
739132619
768809344
735119349
721475487
730339087
730751636
728549399
728435092
730909816
723440009
723344957
728669374
728907641
726585153
724885365
720535694
729102104
721314371
730212705
730263082
729188062
726676490
724798532
713411965
679793052
679677669
701652254
699603623
679048040
649079486
648955123
677108184
649189981
678968541
677412309
677850823
703366961
677287905
718476067
676984178
661046789
656127973
648806370
597675608
454287166
597852922
455785423
646198156
452875258
631635954
646057512
454182614
641961229
455885965
457422315
452963562
452690270
457448371
645909657
641914656
631684922
457348107
452608254
408935135
430608774
408985661
441616443
435110887
443549956
441530181
438307204
443490230
441525773
441579909
435299593
435214506
430667161
408980277
438419587
438352874
443657489
430606024
408957315
402355472
390566670
391747685
400089596
390618480
394708736
400050414
404857465
400213080
391810441
390654823
402314578
400277237
400118947
394740836
390629605
392322310
391691059
392274127
392803131
390026017
384402630
384175326
383251622
384493686
384386700
385234511
390122701
389896228
384216533
384304013
390553564
389954624
388454168
388356409
383310272
390508499
385906610
390422796
385949072
381007238
379711126
382845624
381712772
381161122
382877231
381111481
380093599
379574034
378808993
381788467
379541151
381066289
380609506
383023422
378764483
382269126
382914355
383093202
381684859
376228977
377076608
374466005
374437789
372020352
370205833
378674616
371928095
375549491
372107558
375545336
371958357
375829440
369823536
375482656
374514658
374565885
376176609
376845866
376799708
369453724
368643130
368569906
365498928
368834191
364245146
363731723
369541016
364864977
368778353
364912246
363574968
365018854
363048775
368722025
368113721
364972182
365563840
363673385
369718980
360984691
356754065
356095454
355980126
362939872
356343885
359661927
362987169
356384185
357207659
362917255
359758516
357260177
362964090
356867883
356026330
360898207
356308924
355704331
356816000
353204942
353174012
353739506
353605286
354405766
354804230
354976756
354436244
354896477
353619013
354565680
353246515
355656498
355044771
355102264
354490575
353812632
353130271
353694048
353094950
352432434
348733136
353025100
349136807
353045827
351509897
348703584
348427834
351213439
353004114
351458777
351371237
350549287
351324676
349184797
351978945
351426514
348646332
352063575
348494767
344893668
348314045
345848590
344207571
348101545
345812130
346238617
345780814
348261187
348055432
346817633
348382298
346861727
346646739
346684167
346191607
346126281
346314444
344842599
344696555
344121440
342644482
342385406
342328874
340661228
342695204
340315975
341931379
341866593
344177260
340365755
342735591
342192147
340293660
340344754
342002049
343509458
342116675
340731763
340695454
338586145
337964731
339157823
340244950
339019472
339071697
338007032
339629721
338915275
339602671
339570425
338788801
338861084
338526966
340208296
339687208
339541329
338494251
338993909
340143512
335753461
331756240
335336206
331860427
335341141
337443427
334102398
337471655
337389129
335692102
337355636
335412170
334961775
333825754
335802560
337420498
337356243
331801402
335847917
334253046
325184538
325043674
324093061
330109969
330371647
326551076
325265341
330049822
331226444
330438413
325100638
323137997
331421900
331479781
325147741
323875592
323855381
330020410
331138321
325323322
316666789
317457951
316597666
321957318
316544082
314616227
316267950
317546615
317656513
320827073
316736056
320819949
317405352
316467035
316166118
322907615
321894998
316224474
322892798
317598655
314578021
313471034
313409805
313277283
312106727
312057525
312417259
314037648
312466894
313994442
314469802
312188728
312003818
314142080
314064997
312856256
313096353
313354076
312360120
313000425
308655956
307453255
306743534
311153903
311896736
310739575
308832237
308737429
307522424
306646612
307385979
306613920
306461739
308791590
309476284
311095456
306682004
308305906
307284771
307579909
304442449
305605187
304720757
303966707
306417543
305255344
304021529
304330350
305559919
303400186
305666446
303312332
304672086
305498000
303178271
305287170
305092474
306347801
305217754
304784550
301729863
301806240
301517745
302450479
300097595
299875265
301630945
299839224
299971524
302355134
300143183
302505488
300580803
302390666
300200782
302638732
302333178
299387923
302557000
303153650
290289252
290108738
290084455
292091774
291261869
291193210
291358370
291002871
290968456
290163549
291684920
291573492
291074948
290330790
291123531
290227480
295498856
298820138
291619484
291303511
287711440
288223382
289415286
289148187
289002939
287668234
287618463
289231012
287918798
286731413
287722493
288165593
289069818
289221053
289445348
288217388
288919968
287793543
288264627
287848277
284518322
286533003
285173173
286225318
285108512
286333796
286664209
285706995
286117580
285760450
285043200
286275266
286074849
286388430
285652644
285551889
285073337
285596876
286605457
285138878
266744516
270016993
264406768
263580374
268806477
269981681
275851123
284462770
268847227
268825557
264453915
263554917
283544913
263648410
269952489
269828278
269004111
263673866
269879845
266726957
262341896
255372863
254607854
262509769
254613358
256064116
262575056
254493320
254558498
263462906
256814134
253952287
256717551
263387356
262596112
262367754
260326122
262483445
256755327
256491474
249207565
244808737
250152258
245300201
248210670
244830946
253877756
245900036
245878329
250753378
247808134
245263158
245393688
245141008
250811910
253912376
244778842
246452504
245199675
245089077
235483963
234804767
241853588
235531866
241808390
240395567
240871502
239739720
233026824
236116428
240283299
234572515
241882542
235580561
234770665
239467936
234723899
236050178
236083862
233854342
231581300
232533786
231657024
228482238
228672021
228532041
230037451
230071665
232435899
232495352
228353894
230778884
229860183
228566623
231700636
228394832
230938047
229958482
228660672
228315250
227684722
227664402
227304856
227561547
227260805
226981756
223181470
226341634
228296035
228058386
227129242
227024248
226243252
224562038
228273730
228006449
222596411
222633666
226193318
226204341
218295863
208893386
212084206
209182458
208966165
210323273
208845505
209466850
209007528
213099734
222437585
210395020
210343730
210424576
212128890
221003300
209053535
209112362
213057050
220064556
207080617
208201982
207453373
206666034
206602272
206383222
208806541
208148715
208236137
207725168
206671103
206243473
207874228
205921671
207013157
206267059
206594193
207041177
207304423
207264570
205394856
205009696
204154108
204069915
205156875
200797630
199567462
201741970
200821325
200167260
205110849
205870158
199482783
200273119
201690991
205048824
205411070
204968704
200319562
204904354
198772037
195919640
198813698
196122381
195992324
196610678
198872563
196818868
198109269
197877671
196758469
196852409
196522998
198047460
197975626
196087684
195809503
196905124
196880069
195967519
195372873
194698777
195236077
194471722
195457341
195423459
192964217
192547726
195726655
194781860
194729274
192880762
192505168
192439104
192855818
195243874
193366694
193335207
192911991
195199796
191814991
191516488
192041702
190779046
189788977
191453775
192359937
190437536
190964185
191479648
189866057
191735664
190926933
190743547
189749091
191356781
191772767
192389163
191853651
190147606
189151427
187487150
187366080
187218848
188598190
185331427
184524869
184510918
189124528
187438571
187294616
185464594
187866285
189353705
187081540
187027805
187781766
189091395
186777797
184877051
178994325
179131891
179745500
179052842
179021885
181207321
181186653
179180255
178494328
179437588
179223907
178418398
184243357
184210497
178953852
179247232
178381296
179279619
178452603
179782169
173271930
174748977
177198306
177600783
177562591
177514905
174320942
173341001
178343776
175318810
174787257
175282019
176768624
175887964
174774262
176819089
175948984
178128144
173311110
175350071
172045420
171962725
172231295
172083426
171837270
171566399
171493581
172721303
173236210
172285619
171521030
172019756
172917360
172321096
172395430
172861606
172203137
171457351
173101931
173107417
171373720
170486580
169932676
169977479
169771806
169716754
170457136
169371401
169310768
168999199
171428786
169344496
170838599
171335267
170415931
170009491
169750878
168287283
171302319
169797709
165218735
166372281
165315552
167482237
165668850
164560898
166195057
166311872
165865392
165008956
164967388
165170973
165641734
166236362
165284946
164688771
166352710
166263117
165266504
165382355
163513343
161102978
161008857
164280537
164541732
163554560
164489016
164260314
163044239
162488226
163360281
163086621
161718755
161046297
160438856
161750667
164238736
164303584
164332713
163943739
158893336
157628824
158379352
157577192
158940994
157707085
157387716
157530181
159701331
158410972
157391572
158245954
157482657
158283314
157744123
157775648
158558021
158580310
158911050
157434766
156859551
155821392
155903016
155939170
155563174
155508187
155985810
155014357
156931601
156785078
154963111
156822623
156726287
156394104
155655731
155771956
155409455
156383301
156350785
156020755
153507576
153339259
153544328
152391903
153567492
153378635
153862075
154910488
153081510
153067829
154006916
152802788
153599642
152733239
154003604
153064092
152773534
154043621
153831409
152737338
151614048
150961250
151459340
151566527
151600251
151588624
151983357
151626799
152071049
151640185
151510310
151463922
151480064
151522645
150864869
151579663
152105255
150826995
152123133
151453728
149489911
150713455
150701249
149186658
150798901
150631472
150724219
150603497
150559852
150538341
150450660
148712698
148675786
150686451
150481988
148944045
148870144
150743470
150513052
150764349
146726527
146231800
148384655
146250758
147892561
147247286
147905775
148265059
147867314
147872976
146707567
148357281
148297701
147936351
148370538
147181263
147965792
147405282
148108406
147204359
145727747
145650059
146102972
145757107
146061566
145647367
146192187
145625693
145612883
145391337
145972215
145430899
145341148
145678049
146016176
145310511
145282563
145702550
145922838
145888559
142990888
142432763
142953578
143699275
144206200
143665514
142396319
142385150
144166277
143561211
142410723
142449964
143027262
143011563
144276642
143737624
143046501
143629147
143592954
143515657
141447560
142255602
141619596
141398042
142219908
142061965
142364420
141505585
142313371
142019786
142181934
141422050
142150044
142104293
141976607
141582677
141481240
141335118
141381675
141561320
140516772
141302219
139312509
140693763
141279347
139852156
140624413
140687416
140816430
140732693
141247886
140358238
139797820
140786177
140650144
140389945
140553342
140849202
140591496
140888073
123929506
131261775
124491575
139293663
139230373
124446305
130592659
124405233
139257545
139195366
133768345
130622141
124319033
123906130
123873678
123839818
123792639
123748751
139275580
131234955
122947755
122694826
123543889
123058003
123702506
123667241
122138971
122069101
121987298
122771848
122120633
121941089
123582914
123537507
123629758
122865626
122801685
122739043
122184910
123088892
119086668
119138536
120588560
119317428
119374017
119239179
119915687
120010382
119343925
119188306
120540128
120065268
121826514
121771230
119026057
121887930
120682444
119286058
118972398
120644782
118528167
113401334
101593357
101619651
101496481
118615672
118491594
114000306
112450655
118908583
100334512
100364394
118547974
101671459
118453128
118592786
118406886
100651821
118363211
118941834
98781589
96654316
98752266
95543808
99485261
95559807
98728245
99509633
98702896
95591043
96744460
95607014
98889835
96684051
98857633
95500570
95527129
95573779
96775502
96712460
90492748
91200883
87377249
87408801
91641128
93123048
91155527
90462564
89036247
87349179
95472509
92480444
92447061
91665643
89065646
87321450
91114831
91288228
87439670
87564620
87058677
86435731
87283273
87106479
86746237
86588584
87029023
86458007
86309347
86341163
86297054
87060292
86580665
86322239
86290255
87250209
86777363
86433748
86412059
87081363
86026401
86276331
84722836
79745316
82311967
78107719
77443567
84682379
79717793
85530152
83786763
81499725
78122366
78086059
81464816
85507375
86012557
77455763
84595468
84651076
76855176
75352720
75288468
75851637
75862875
75302827
77428103
75382697
75434368
76437473
75404669
76013288
76454916
76416332
76610217
75842817
75277031
76866410
75318416
76428757
74849161
74794865
74187182
74175608
74650300
74080440
74662485
74314030
74622338
74763594
74612200
74817606
74633809
74778431
74694456
74295355
74277056
75263747
74673230
74071262
73721740
73416939
68510339
73715446
73748291
73609035
73390410
73150754
73139052
68544929
73370998
73735791
73642001
73087686
73707654
73440870
73103610
73075033
73118635
73692294
68257657
66591099
67034608
66971319
66656124
68249029
66824099
66631815
66950318
66643690
67113166
66616649
67091759
68241128
66806066
67075790
66990489
66913947
67050574
66927559
65878230
65670682
66199433
66208064
65868059
65495192
66566347
65511969
65375429
65363278
66156691
65349869
65896915
65909085
66121628
66184525
65859640
65887780
65496641
65877399
64970138
64846887
64895904
65126786
64418416
64945348
65329069
65179415
65137438
64622869
65203194
64928297
64861867
65155078
65254228
65233563
64957788
64913200
65277298
65300058
63526682
64373506
64387697
63933350
64354075
63798664
63197661
63124631
63233236
63921163
64403894
63901026
63828956
64330930
63540073
63514064
63860272
63217714
63144513
63882267
62299733
62241176
62770116
63064615
62272750
62642003
63102058
62956909
62958026
62317208
62690014
62355475
62790773
62251446
62102634
62721276
62371880
63049034
62747867
62947148
61528666
61500611
61896023
61777016
61539203
61920883
62095448
61879403
61844903
61564711
61819319
61513716
61468640
61460162
61908873
61556449
61550215
61441157
61860223
61797571
60867152
60838386
61323267
61247534
61299525
60909157
60880930
60764238
60933380
60742214
60893791
61279275
61200629
60975249
60967555
60944433
61425908
61223845
60920918
60853397
59913837
59886012
59837916
60390465
60333198
59362126
60271627
60678625
60150217
59904739
60562495
60348298
59896706
59867156
60384801
60715632
59931379
59942620
60367203
59924974
58884110
58773653
57801176
58888938
57476535
58803790
57246678
57023900
56930046
56844266
58164917
57009116
56985558
56966231
56948675
57039797
57809624
58051996
59331609
58045483
56342610
56072737
56330044
56832194
55335986
56809911
56821064
56317754
56559492
56113814
56290104
55847442
55901609
56372765
56356394
56519380
56054883
56302684
56093513
55865069
52728675
55138303
52436780
52883487
52767343
55055751
55105216
55160448
52815684
52596194
54970991
55084395
54958505
52739774
52722627
55032872
52611252
55325569
54948714
52843458
52005693
52251999
51993411
52218630
52221246
52191066
52391591
51638836
52380899
51880894
51618514
51647943
51900486
51577138
51999495
52409578
52020236
52246125
51583601
52271890
51228232
51400381
51147588
51140273
51119517
51110814
50524790
50414691
51218756
50349850
50208225
50192561
50640224
51127689
50396734
51210953
50688616
50179627
50650669
50668068
49882296
49911002
49611610
49593282
49860549
49866542
49938309
48912030
49828598
49946670
49884957
49848412
49812152
49624830
50075542
49899041
49800954
50111181
49924682
49790531
36276467
48642784
48831430
48623598
44101843
37369391
44095541
36107873
48843293
48813581
36284486
37136779
48878678
48859858
37307486
44110281
48900228
48855801
48801500
44089136
34249024
34256209
34758518
35887932
36104288
34166610
35869197
35864209
36092372
35896531
35840244
36049774
34749068
36086786
34170895
34160392
34532835
34523363
36058739
35832848
33589946
33728057
33974686
33875574
33811743
33380675
34063457
33892267
33705444
33626187
34073515
33568444
33740777
33644567
34086344
33713365
33637134
33363201
33883058
33796000
32903947
32627526
32088575
32082552
32925671
32640813
32536982
32912523
32090319
32655471
32079847
33315872
33328679
32538601
32926988
33106752
33121119
33337664
33136298
33351501
31466927
31640609
31646682
31911041
31626171
31886933
31874652
31899275
31952418
31597707
31475400
31841645
31633300
31940745
31828895
31655898
31682056
31929038
31851051
31478635
30980822
31440505
31133167
31458316
31520848
31486814
31513122
31193044
31504778
31168683
30994440
30945535
31152278
31379601
31411417
31376575
31241173
31204524
31495893
31227247
30454377
30198558
30118608
30124449
30715576
30107454
30905205
30937097
30098176
30923667
30688972
30130275
30446870
30502951
30111389
30088054
30136436
30914502
30741607
30750028
29896034
29568167
29815740
29810203
29927443
29753377
29745737
29560898
29922270
29909786
29548981
29905065
29438960
29916792
30081871
30063177
29823163
29733800
29900845
30076394
28916400
29340069
29375839
28720360
28538626
28529306
28700020
28880594
28868299
29364063
28515034
28497787
29302924
28900927
28888573
29116622
28843678
28545040
28507646
28711577
28107813
28103965
28353083
28326144
28321173
28302702
28356908
28331951
28487589
28454236
28205118
28469992
28118035
28478581
28461187
28348630
28310349
28295802
28224874
28131181
27476893
28094418
27494388
27762791
27755978
27468845
27460879
27524380
27322293
27864540
27486481
27541553
27071200
27531173
27734623
27434200
27535999
28065885
27553607
27548479
27038061
26483491
27047484
26508150
26935650
26525317
27054936
26918700
26819809
27065580
26695126
26650442
26912988
26906573
26829838
26704138
26530241
26501079
26686916
26475413
26415524
26334750
26280618
26029231
26040902
26325958
26016350
25658516
26355919
25983628
25654147
26330634
26300062
25671308
26291415
26350450
26359537
25766040
26323393
25665653
24582438
25137514
25469503
24609865
25028528
24931522
24831650
25618119
25456403
25131840
25124500
25069914
24803581
24939064
25475941
24650104
24636656
24916149
24621128
24925096
23900632
23982339
23876978
24564717
23798440
24570703
24562727
24557580
24352087
23908767
24234865
24201167
23791963
24246598
23967161
24240389
24550568
23976170
23883207
24544149
23190348
23183940
21427296
23592785
23363354
23584293
23335832
23145917
23045385
23198259
23545310
23603887
23786281
23722802
23393617
23403181
23370910
23379960
23396269
23346028
20786390
20155016
20790629
20415981
20278876
20301923
20794931
21423242
20435499
20408629
20148046
20288444
20134214
21343151
20401212
20144325
20295782
20426028
20422584
21415206
20062910
20044805
20109555
19945281
20055403
20082988
19951466
19964835
20117411
20077844
20126778
20096143
20070427
20065855
19903030
19945965
20121474
19954975
20034775
20090069
19636341
19873002
19733786
19589275
19603594
19893466
19883775
19723742
19859366
19644082
19824773
19596628
19774008
19624703
19740349
19630459
19617736
19829436
19609549
19639725
19465086
19478553
19399329
19392045
19450015
19426378
19306082
19474164
19481481
19579998
19582204
19457583
19441949
19467892
19320998
19572753
19588563
19434812
19587333
19407750
19293885
19051707
19195912
19199616
19059277
19171605
19277001
19207673
19203360
19185904
19164234
19055149
19290425
19043430
19253009
19180857
19298844
19266829
19047743
19248953
18841178
18868823
18809364
18828030
19033091
18884621
18847526
19029461
18833455
18892365
19004273
18861962
18817620
18748491
18875177
18994877
18752262
18904890
18855509
18744243
18735405
18312366
18306955
18130141
18709022
18609895
18741093
18606066
18696382
18133004
18126510
18716214
18730444
18724289
18702900
18689614
18639227
18725059
18614395
18317079
15947351
15934437
16040701
16038681
15955510
17110521
16053731
18125584
15966815
17748250
16034883
17079470
15923611
15982809
17106137
15962476
17084367
15973498
15978816
16043542
15911101
15843509
15839056
15835285
15806634
15823064
15786429
15775521
15818264
15812231
15761953
15751515
15629684
15888564
15794417
15742259
15917381
15829359
15745587
15899895
15452239
15578043
15355891
12194954
15599904
15443027
15572957
15473642
15618516
15623637
15569427
12249170
12239769
15012781
15007687
15607934
15002523
15025019
15588504
12255653
12039176
12183399
11955415
11983054
11951502
11962680
12018109
11882608
11989103
12172774
11916207
11876859
12189572
11971663
11947347
12026667
11919627
11911418
11997808
11869455
11705821
11640903
11708590
11653449
11684394
11647359
11700790
11837250
11735966
11695780
11668501
11636040
11742293
11689077
11631563
11712368
11550338
11731635
11632911
11720482
11388606
11368735
11393082
11363631
11376076
11351575
11324289
11496844
11507603
11515820
11356750
11329006
11150342
11501773
11511631
11499386
11379888
11348696
11540908
11509691
11080606
10926156
10911943
11114820
11064582
10805707
11137135
11070022
10971416
10964408
10959772
11133424
10931501
10916276
10905566
11122343
11127485
11077360
10907918
10811832
10543933
10681127
10796031
10662685
10605117
10566400
10547272
10672382
10801924
10608328
10600568
10582422
10540028
10657955
10571370
10651345
10667104
10676137
10653182
10576687
10447662
10408112
10414358
10305629
10362615
10452359
10323561
10456891
10462972
10440339
10349770
10341774
10428284
10312112
10314870
10420128
10536138
10357809
10319906
10433509
