1198241341
1197302214
1124573958
1122763137
1198946766
1105907299
1196887533
1127558713
1196271183
1199345160
1195873123
1124896882
1127937448
1127717613
1127327194
1125175817
1110592176
1122589530
1122922416
1110716988
1026135961
1094808475
1103465196
1099079776
1029133692
1026247840
1103105011
1103161407
1099199297
1103250639
1103106886
1094693583
1103363114
1096956858
1029006718
1029295039
1024149170
1105787480
1097069258
1105673234
1023971503
994300146
1016518132
1016456404
978113465
996948364
975681172
1016403523
1007969988
978684240
975749971
1024063352
1007754908
978544523
997110082
996765166
994423853
978379721
1007603770
978209368
941020348
967714917
959579369
940848931
958031091
974164285
959798197
958172065
959666895
938340111
938252027
974052913
970164525
957915295
963591166
970393051
956061110
953512517
953369336
963508156
921179288
916754369
934280211
905954762
936190138
904510393
915105298
912888995
936088110
908547449
934173492
916821344
915178751
915700318
912840578
911188199
936138006
921073836
915598721
915362717
904173222
888529429
901737694
897865695
903836537
903944467
902227149
901685170
886966279
888797469
899845225
889005511
888861007
885411824
899789532
878039253
877855683
878157122
901842662
898003244
808151430
870143708
864970098
871798819
873387333
862995162
875371735
870188231
871849195
877737102
859302929
862891474
877645112
875581184
875477630
874938010
873318300
875010635
871736963
867089075
789645621
772874503
783801256
776436526
783390334
772820666
775979885
783470838
789590883
776401962
776341481
783330532
776475724
789518247
789453600
776279238
776170591
776068193
808112163
783746701
769381711
772338691
767497059
768809344
770956861
771004390
739132619
767722637
770857357
769348520
769061465
767633099
735654351
735558675
767200720
739229116
767376726
771093543
769292746
735412640
728435092
732564888
730909816
731081872
728907641
728669374
732717684
730339087
728549399
729102104
731249232
726676490
730751636
726585153
731329535
730263082
735226069
735119349
730212705
729188062
693082584
683416616
723344957
703366961
723440009
721314371
721475487
701652254
724885365
693202860
684696735
690649834
690526694
718476067
684633872
699603623
693327618
724798532
713411965
720535694
679048040
646057512
682954787
676984178
683195737
678968541
679677669
654287601
648955123
648806370
679793052
646198156
677287905
649079486
654219312
656127973
649189981
677108184
677850823
677412309
631684922
628255517
628164705
617111186
641914656
630499656
623344463
618921381
617497443
630027362
617586529
617033475
645909657
641961229
631635954
630254953
623281070
618824494
609414824
617178257
567752531
572161224
587183825
608560121
585126874
570261841
570125532
571960491
561433768
608407483
568811638
594141377
571995168
567631004
587053959
563172205
570199410
572064941
568758565
585027160
455885965
455785423
454182614
452963562
550753117
555208460
560398914
542209492
558954258
457348107
542487791
542390297
542129803
454287166
557962785
548092068
457448371
555351180
457422315
542292679
438419587
443220699
441530181
452690270
443108867
443549956
438352874
441616443
435214506
443657489
438307204
443171680
441579909
452608254
441525773
435110887
452875258
435299593
430667161
443490230
408985661
430608774
429486584
426024364
408980277
423960929
421847249
408957315
424159678
425905326
421743331
430606024
429414318
429311144
425966510
428966531
421919334
424039225
421739062
408935135
383093202
400277237
392322310
402314578
383023422
378067952
377998323
400050414
394740836
392274127
388356409
394708736
400118947
377423079
400089596
404857465
400213080
402355472
378029457
388454168
371958357
375310756
376845866
376228977
375482656
375356097
374437789
372020352
375549491
371076725
376799708
374514658
376176609
374466005
371928095
371156512
374565885
377347634
375829440
375545336
369453724
369541016
363585395
368572299
362964090
368624540
370951655
362987169
362939872
362443090
365563840
364976698
363719963
370987853
371021257
365498928
363760791
363627422
363672206
362392800
355704331
359996613
359718717
362346188
356755390
359846186
355656498
361463586
361550354
359797676
360061243
360984691
361394983
357277502
361511696
356778094
360898207
359353426
356816000
357217185
351254484
348733136
353174012
353045827
351324676
351371237
349184797
349136807
352063575
354436244
351426514
354405766
353204942
349917574
349874488
351978945
354490575
353004114
353246515
353025100
348703584
348543562
348382298
348427632
345397111
348261187
346817633
345296725
345243414
346684167
346646739
347623138
345365655
348596715
345147529
348646332
348314045
347647828
347582127
346861727
345087526
344959992
340230869
342192147
339570425
341423423
342785428
341376364
339510546
339207747
342116675
342691762
341445183
342827047
345038571
343509458
341474251
339541329
339602671
340273107
338972236
339081950
337471655
338108076
339166547
338897991
337138116
337397406
336971450
336803315
338874789
336924761
338069558
338526966
338142922
337057009
337099040
339029061
337421352
338494251
336354449
335949553
336402721
336542921
336751988
336486071
335336206
335918484
334348509
335412170
335341141
334450949
336587247
334555690
334294644
334505279
336622228
334602737
334214840
335839147
331421900
325197552
325323322
321957318
333240876
331479781
319410271
321894998
334102398
333158073
333031810
319349652
319248673
325265341
333202795
331220838
323878499
323859258
331194918
319298732
318942655
318891100
317423963
317759397
318144346
317712290
318069627
317806049
317652284
317554250
316880513
316910312
318831295
317866745
318016654
317464023
317934476
316842129
318182156
317500270
313396293
314264725
316761017
315285151
314537633
316515404
316552950
315248432
313329864
314568771
312546920
316281209
313050334
315196201
316678099
314212742
313462000
315135734
315356213
313109307
310653729
310129818
309460504
310690405
312003818
312454526
310029185
311095456
312500795
310093649
310000299
309955333
312489328
312106727
309994368
312057525
311891145
311153903
310180857
311347641
307453255
306651289
306175912
305559919
308774795
305605187
305666446
305481026
307284771
307086114
305255344
306691776
306114217
305287170
306461739
306592615
306347801
306144344
308740701
306417543
303895798
305217754
301776464
301684077
303379675
303153650
303178271
304641444
302606565
302522232
302476391
301718355
302996185
304442449
304330350
304575289
302484126
303334157
304511423
303081218
299892119
301604783
300200782
300143183
299454640
301107305
299275768
295116291
295180317
299321443
295044910
299408068
299234928
300097595
301274391
299266310
301179226
301203548
299971524
295252553
293747172
294734024
293858010
294603979
293796324
294971321
292702797
294891754
293494364
292562018
294656615
294931902
293957452
293914707
293281669
293430288
292630401
294694038
293344069
294574486
291261869
291358370
290163549
290752895
292321033
290227480
292199951
289824401
292091774
292504886
290108738
292421417
290732672
289802443
289942242
292282468
290011829
291193210
291303511
289759368
288853789
288691241
283002790
289157499
282966263
283053770
282902599
281936197
288594271
289110919
286731413
283045348
289566599
289002939
288448493
289681242
288645064
289069818
289717195
288919968
280923169
281737536
280783071
279531453
281686567
281656450
281809267
281659669
280749363
280970455
281771041
279618363
281844470
279590392
279655566
281884097
279562244
281712929
281912849
281634125
270016993
277342914
264406768
275520066
269828278
268806477
269004111
269952489
268847227
268825557
266744516
269879845
266726957
269981681
275563834
264520024
263673866
263648410
277309357
264453915
263580374
263554917
256770939
263387356
261619540
262509769
262367754
255997879
261652275
263462906
254613358
256489579
262575056
256064116
262483445
262596112
255797682
261642433
256717484
262341896
254493320
254558498
245900036
241808390
247005338
253589555
249207565
248185018
241853588
245878329
244614202
248171004
244698413
254607854
244662800
254553774
246901894
245089077
244554948
241882542
240871502
235483963
240395567
232495352
234723899
233026824
231700636
231657024
239467936
240283299
235580561
234770665
235531866
236083862
234804767
236116428
232533786
232435899
239739720
236050178
231557411
229853431
210343730
212084206
230778884
228394832
229958482
226981756
228315250
228353894
227024248
227664402
220064556
227684722
230071665
228566623
212128890
228532041
230037451
226204341
207029965
206383222
206252122
205886536
207270563
208101795
208028109
208091676
209007528
208563548
206228085
207721594
207354653
210323273
208201982
207314456
207051361
206642283
206602272
208148715
204968704
204057459
199482783
201690991
200797630
200167260
204867223
205078800
204154108
200273119
199560962
200821325
204880075
205009696
205048824
200319562
201741970
204914148
204096855
199358784
196412658
195199796
195236077
195992324
197877671
198109269
196522998
194781860
198047460
196122381
197975626
198872563
195967519
194471722
195243874
195919640
195809503
198772037
194729274
198813698
192439104
192880762
192855818
191829549
193111722
192389163
192505168
192041702
191356781
192911991
191775401
192547726
192961512
193335207
191479648
190964185
191747304
190926933
192359937
193366694
189746479
184934551
187014287
185331427
190779046
187866285
190429847
189866057
187781766
187307403
184513771
187379853
190147606
190357582
185464594
190418113
189353705
184877051
190743547
190388732
179857376
179757962
179435303
178418398
179183519
181186680
179199864
181234432
179543576
179178584
179132619
178977833
178494328
178381296
184325362
184294344
184256524
180218441
178452603
179231323
176775640
175350071
173300064
176783972
175318810
173244514
177620387
177578222
175887964
175270455
177652102
178343776
175948984
177509185
175282019
178124068
173638650
173341001
172397306
172265450
171995472
171493581
170166530
170398722
172204242
171962725
170838599
170477456
171299324
172019756
171373720
171457351
170503619
171350469
170439012
171428786
170457136
170381910
171837270
171521030
166344417
169750878
169974541
170001711
169797709
169383020
169716754
167477384
170118729
166370473
170081519
169453621
169093220
169361486
168988289
169425879
170044321
169771806
168285637
169334311
90390642
89171535
89160170
148675786
105485554
91641128
92480444
155563174
155508187
90462564
91155527
91665643
91114831
91200883
100026686
92447061
90492748
100023724
93123048
91288228
87063865
87669307
87045010
86533198
86412059
86026401
88450866
87016362
89065646
87262301
87918175
87030730
86435731
86433748
87238201
89036247
87685586
88428159
87296340
87094247
86012557
84682379
81591274
81572314
81532486
81466871
82247971
81396832
81553474
81133938
78122366
81442478
78159635
78107719
84722836
84614745
81490496
84593343
82296411
84651076
76578765
77410920
76610217
76855176
77443567
76832171
76454916
77428103
77455763
76825225
76487650
76437473
76434353
76428757
77421521
78086059
76866410
77911581
76840655
77669097
75434368
75866807
75382697
75352720
75855357
75781757
75792213
76416332
75404669
75318416
76013288
75799957
76352558
75790566
75837241
75302827
75288468
75846390
75812483
75822966
74673230
74764694
75256321
74622338
74272395
75271190
74309412
75234924
74662485
74650300
75277031
74780820
74804516
75260552
74633809
74613034
75212290
74694456
75226957
75202063
73122367
74186348
73692821
73630837
73642370
74080440
73139052
73150754
73624470
74261953
74244333
74172667
74171176
73700090
67084731
74231385
67066950
73746041
73616463
67051661
66620745
66913947
66090145
66199433
66208064
66875090
66950318
66184525
66106304
67034608
66131348
66580375
66971319
66598128
66649369
66894592
66156691
66927559
66634713
66990489
65300328
65141257
65716530
65494937
66065060
65493754
65315293
65703607
65185826
65246681
65200912
65728448
65154189
65680379
65285856
65261940
65347150
65514198
65225081
65333180
64822903
64622869
64928103
64374573
64288485
64252153
64596049
64961806
64861867
64339648
63538851
64390049
65128402
63485670
64947559
64846887
64316423
63517511
64358436
65111589
62788451
62371880
63226316
63122365
63204644
63078213
63052900
63137372
62717462
62813309
63066932
62957921
62739119
63185959
62658353
62764748
63241303
62643856
63164918
62697537
61299706
61870561
61849667
61769260
59341267
62272750
60270001
61820516
60348298
61655110
62317208
62355475
61790176
61751229
61448506
62299733
61653586
60365018
60324495
59545464
56746721
57851529
56739594
58773653
56356394
56263664
56342610
56290104
57765770
56317754
57475067
56372765
56821064
56302684
56757913
56265078
56832194
58803790
56543712
56330044
56072737
56245693
56222016
56030903
55847442
55833132
56254818
56093513
55983710
55820445
55798028
56113814
55901609
56256313
56054883
55800427
55818024
55865069
56013634
56230334
52380899
52737631
52731112
54952727
55032872
52718571
52409578
52843458
54967089
52391591
55325569
52815684
52709086
52372323
52020236
55335986
52725154
52373538
55055751
55097673
51583601
51993411
51561480
51218756
51569568
51228232
51986460
51618514
51400381
50688616
50633907
51968737
51973297
51647943
51638836
52005693
51602939
51577138
51999495
51210953
50181731
50207000
50612527
49935144
50193243
49772848
49790531
49946824
50070859
50419675
49596046
50055363
50620599
48903112
48889525
50111181
49961205
49800954
50062861
50049817
36092372
35869197
36276467
48813581
36104288
36107873
36086786
48868187
45827854
37369391
37307486
36058739
36284486
35896531
48642784
48623598
37136779
48758511
35887932
36049774
33909552
34291726
34653019
33639577
34063457
35840244
33811743
34525260
34422355
34086344
34266382
34755856
34073515
34167611
33918013
33632256
33796000
35864209
34417668
35832848
33617295
33315872
33380689
33567776
33346895
33070167
32965179
33329393
33121119
33494695
33365697
33357189
33486638
33106752
33577320
32903947
32960771
33136298
33057598
32969001
32723260
32943719
32912523
32719150
32708454
32924419
32838284
32816311
32686208
32826544
32732509
32627526
32601827
32640813
32655471
32698267
32673351
32933768
32577827
32591119
32488716
32450087
32079847
32082552
32418800
32412055
32470553
32492777
32205338
32182420
32569153
32128066
32187116
32090319
32363433
32227116
32479389
32429754
32088575
32462826
31874652
31899275
31675320
31655898
31682056
31841645
31851051
31929038
31671463
31828895
31646682
31727149
31633300
31631082
31886933
31627290
31597707
31640609
31872318
31911041
31204524
31411417
31262400
31168683
31379601
31458316
31193044
31139485
31114789
31021975
31252869
31475400
31440505
31519302
31502239
31152278
31466927
31376575
31492324
31478635
30746727
30667033
30881180
30980822
30694214
30967449
30683910
30764818
30994440
30897724
30716167
30905158
30799596
30924989
30937097
30780238
30945535
30675550
30889343
30915063
29810203
29730754
30159976
29562937
29115078
29511306
29745737
29300466
30181869
29737807
30171238
29375839
29340069
29305902
30399279
29823163
30388697
29753377
29815740
29364063
28880594
28916400
28838300
28461187
28367984
28730080
28720360
28454236
29064893
28395275
28711577
28381784
28435082
28832266
28888573
28375418
28406613
28700020
28371456
28386194
28224874
27847517
28193425
27968221
27994018
28006888
28187859
27956571
27979469
28181155
28013948
27864540
28001293
27856143
27986579
28176970
28065885
28200785
28171904
27973507
27619018
27611734
27553985
27641537
27775196
27831875
27782760
27650072
27792375
27581890
27823438
27805602
27778345
27799848
27787269
27771308
27626806
27574973
27569504
27560778
27409319
27345090
27349163
27387959
27157479
27337216
27368387
27149869
27548355
27377648
27135925
27361958
27152161
27128346
27534751
27119213
27399178
27543174
27162466
27531173
26932984
26925381
26829838
26758177
26819809
26920710
26773913
26558863
26763227
26580156
26572044
26769240
26564711
26541964
26977397
26791790
26749177
26551886
26783753
26754548
26340508
26355919
26300062
26364117
26510428
26475413
26518602
26325958
26350911
26525317
26483491
26359272
26531160
26345115
26291415
26281964
26502672
26334750
26323393
26315765
26052169
25909341
26117408
26104033
26040902
26123358
26029231
26135609
26148596
26112715
26129474
25923451
26098314
26091732
26143064
26062436
26271983
26016350
25917114
25933935
25882474
25888885
25701818
25713503
25665653
25902409
25832277
25684440
25677623
25842014
25897290
25823463
25720567
25658516
25608916
25695936
25787222
25725170
25671308
25654147
25456403
24992132
25584355
25496056
25486485
25469503
25122356
24995878
25491696
25251510
25005906
25443180
25000238
25577825
24987104
25572596
25098929
25450433
25598639
25475941
24780619
24922344
24962265
24952222
24769857
24957180
24980328
24932101
24915956
24796757
24803581
24754675
24790091
24972083
24774498
24907975
24967161
24760579
24939064
24784374
24365833
24720733
24592359
24564717
24570703
24707348
24735895
24582438
24369327
24676926
24596631
24605911
24726758
24598246
24374268
24377208
24713311
24352087
24615367
24562727
24179150
23999227
23945332
24193983
24189233
24113312
24106554
24197232
24092193
24005007
24101155
23986800
24016181
24009140
24019860
24200040
24292052
24026540
24182270
24313035
23409484
23382930
23937542
23436263
23442192
23421443
23722802
23510558
23502312
23427259
23390893
23369322
23404115
23926822
23923221
23358336
23397355
23352756
23798440
23430432
22993017
23027081
23122905
23183940
22961040
23190348
22979545
22969415
23036242
23198259
22985663
23005212
23112836
22998087
23339695
23132082
23115355
22973864
23043041
22937079
22660211
22806251
22801133
22825443
22927499
21918320
22922160
22756868
22646033
22811759
22650365
22830525
22641905
22637803
22507690
21931929
21922859
21915441
21882502
21874005
20778345
21632462
21551334
21606588
21617769
21567919
21621612
21572459
21577907
21561496
21611275
21626683
21590688
21588454
21539602
21423242
21396781
21340252
21391997
21595069
20446541
20466539
20589732
20743635
20457046
20606991
20452186
20422160
20495644
20486441
20478331
20471851
20462182
20748626
20490910
20482015
20474911
20583340
20596063
20428205
20126778
20402267
20301923
20286110
20148046
20222011
20412936
20313523
20292521
20279214
20144325
20396050
20134214
20248566
20410858
20155016
20121474
20117411
20309443
20234856
20082437
20052685
19971708
20040653
20024332
20071406
20034871
20018299
20045892
20090069
20109555
20059186
19998465
19968536
20075817
20065915
20008942
20013456
20029044
20096143
19733786
19883775
19740349
19691051
19606908
19723742
19594964
19578005
19962219
19569845
19965152
19955385
19873002
19903030
19615448
19958878
19893466
19612449
19588471
19599970
19245965
19534633
19171605
19381926
19392045
19399329
19266829
19180857
19164234
19407750
19298844
19292500
19442534
19277001
19306082
19286176
19253900
19130205
19549473
19458596
19047743
18786469
18775227
19101624
18848469
18700616
19004273
18857792
18814729
18807458
18866010
18828030
19029461
18822711
18781687
18994877
19043430
19033091
18708082
18833455
18600990
18448849
18609895
18453335
18524700
18443224
18693593
18639227
18614395
18475800
18505619
18515237
18482362
18330990
18606066
18204918
18310900
18495540
18490017
18487348
16994761
16109933
17084367
16225835
16230860
16177774
16116029
18026014
16043542
16038681
17110521
16987727
16805934
17106137
16950895
16040701
16053731
16108969
17079470
18146279
15786429
15745587
16025871
15899895
15947351
15903772
15934437
16028987
15888564
15629684
16034883
15911101
15917381
15775521
15761953
15923611
15955510
15779493
15751515
15730617
15578043
15572957
15025019
15012781
15623637
15007687
14976832
15565061
15588504
15599904
15607934
15618516
15569427
15452239
14983569
15443027
15473642
15002523
14980575
14987368
14311664
12239769
12249170
12194954
14297375
12074357
14965083
14329509
12172774
12183399
14972715
14615994
14497938
12068842
14502619
12231718
12255653
12982442
14968684
12189572
11882608
12063857
11840442
11647359
11945498
11735966
12002583
12039176
11731635
12026667
11947347
11910284
11951502
11833675
11742293
11636040
11653449
12018109
11715474
11640903
11363631
11501773
11515820
11481797
11496844
11400906
11632911
11376076
11368735
11519292
11631563
11499386
11550338
11511631
11388107
11356750
11545055
11485269
11396256
11543261
11194270
11070700
11080606
11351575
10931501
11237744
10911943
11024080
10919732
11046436
11348696
10916276
11208157
11202929
10907918
11215311
10926156
11338308
11243904
11077360
10420128
10801924
10403416
10323561
10428284
10314870
10501390
10362448
10312112
10305629
10408112
10319906
10781216
10905566
10805707
10796031
10811832
10776913
10452359
10398988
10148953
10084714
9972950
10202756
10014722
10086563
10214046
10021113
10207152
10079474
9920089
10186949
10299160
9923710
10163218
10152987
10157172
10196730
10090750
9914457
9458972
9155588
9268592
9258182
9251439
9319475
9784637
9264103
9246171
9169007
9144517
9393060
9432543
9466233
9743522
9388119
9792955
9311963
9472733
9788627
