1168109383
1168084798
1168010485
1138527085
1135431923
1135325641
1134050330
1133969320
1133876601
1126418116
1123644795
1123562667
1123456659
1123370431
1123281923
1087265705
1084988071
1084944112
1084875707
1084833123
1083332074
1083275127
1083220732
1080986720
1080852253
1061222693
1057127176
1056704438
1056597293
1054501407
1052731517
1052691629
1052645278
1052108860
1048293259
1048258247
1048142044
1048106455
1047971027
1047566642
1045944768
1045892584
1043857635
1043734632
1043620436
1043567320
1043514047
1043282899
1043225070
1043125507
1042723944
1042619938
1042489626
1042285964
1041142823
1041073780
1040652483
1040434221
1040404911
1038612060
1038363548
1038316354
1038112772
1038063482
1037625002
1036122072
1033857337
1032766597
1032708606
1032682886
1018334607
1014029931
1013960917
1009217908
1009068086
1008646514
1008572191
1008487492
1008332400
1008231806
1008130672
1007223504
1006928722
1006889078
1006863238
1006764568
1006694990
1005142256
1005121249
1005073450
1005005327
1004745603
1004609289
1004560709
1004501951
1004419995
1004342228
1004288642
1004166910
1003167196
1003104601
998263388
993676122
992015953
991965792
991920602
991755963
991669072
988084052
988037955
987975228
985892638
985848758
984222191
984156851
979544539
979476449
977671950
977572407
977511406
977473617
977273574
977259461
977238753
936023501
918400942
916551629
916489093
916435926
916396870
914739693
914259879
912850723
910497627
910394487
910316359
908038268
907959776
907286028
905390566
905313169
905291787
905044125
903417329
901812978
901748250
899914706
899853143
899776763
899749565
897869006
895472782
895390860
892850912
892617745
888056980
888028516
884795552
884755165
884699917
884668042
884153889
884069475
882673235
881826083
880348917
880214127
880113058
880050447
877643683
877573001
875102202
875059880
874398950
874357893
874298195
874231074
873298478
873241635
872693546
872644600
872569799
869591389
866095631
853108948
853040471
852679751
850226536
848367823
846545154
845577871
845537065
845281838
845226157
844950124
844863428
844724376
843694914
843643393
843571884
843463425
841462077
813325737
813278522
811742498
811680370
811622705
811583529
811465544
811418755
809506387
809452375
809215088
809142756
807595601
807525235
807489976
807425944
806945776
806056793
797777673
797715428
797681442
793912939
793728920
793673216
793615831
793572201
793495512
793350656
793257251
790077100
785460286
783717073
783651716
783638548
783598573
783543709
781569903
781253783
779505356
778301768
778227052
778158153
777997198
777929086
777839655
777692076
776103138
776040038
773190896
773116157
773102421
773086620
773075670
773061052
773044955
773028668
772916945
772883147
772841506
772799120
772769770
772670438
772538553
770777421
770717031
765751338
760545731
760503184
760455113
760348324
760296052
759890091
758560983
758531112
758484831
756392892
756245646
752746249
752684983
752629946
752551949
750573400
749372605
749323936
747676261
747629837
747586157
746806211
745406526
745361540
745167465
745087885
745020597
743720476
743697116
743052192
742978133
741979620
741954560
741936652
741908388
741743726
741433547
741374678
741223304
740038776
740011544
739862909
739793035
738443184
738197652
738096068
738025259
737745338
734492772
734470102
734409222
733744703
733662108
733549257
731963744
731924013
731433468
730072096
730025512
729897423
729801199
729697454
729612061
729366102
729158920
729046454
727941396
727895503
727596581
725725550
725472217
725394791
725361971
725240287
725181105
725119629
724277451
724241748
724203557
724164367
723872535
723759052
723557146
723498255
720013181
718032449
717918762
716477242
716434555
716403486
716134552
716056062
715747623
714614064
714582954
714392422
714338045
713698137
712622218
712452708
712418263
712268116
711918440
711853661
711765174
710772814
710743034
710714523
710567650
710489726
710356370
710084950
704669851
704621560
704590778
700706022
700655149
700613095
700534397
700467739
699094734
698804009
698777144
698357235
697125885
697058837
696856330
696840150
696734713
695136901
689915751
688258621
688225011
687583400
686150782
686135508
686101879
686060807
686009357
685958469
684446314
684303551
684278565
684238076
684193991
684151249
683940161
683857510
682484189
682266697
682177302
681092005
681020562
680961154
680628698
680568945
678319060
678225956
678121091
677046672
676639501
676591986
676432520
676335445
676249288
675174092
674609239
674543238
673054922
671667321
671409675
670051134
670022040
669980745
669964167
669938182
668434960
668221363
668036715
668003899
667963797
667764313
667684969
666547537
666470738
666386778
665572764
665490498
665409528
662245473
662179268
662158241
662125573
662096463
662024145
660372217
660300443
660253229
660104796
659998208
659882007
659174537
659127219
657448423
657405429
657363446
657312158
657272083
657232955
657199176
657174212
656755571
655959488
655929836
655761414
655736770
655615945
655590964
655549427
655526940
653919436
653808860
653736581
651943307
646593746
646545490
643810878
642223792
642143016
639873110
639480333
638457022
