1200700809
1138527085
1193629250
1168010485
1141197159
1198289951
1197086100
1168084798
1198213531
1193354982
1200606096
1193510043
1168109383
1198104102
1194789625
1200793043
1198039073
1193403117
1200915849
1154642701
1135325641
1133969320
1123644795
1123562667
1123456659
1123281923
1135431923
1109857693
1098018789
1095998903
1095894976
1095816283
1133876601
1126418116
1123370431
1094036863
1134050330
1109912572
1096098645
1098086163
1072279672
1071770873
1080852253
1093737303
1084833123
1083220732
1080986720
1071640318
1069840012
1084875707
1087265705
1071518993
1084988071
1069773054
1089585857
1093847902
1084944112
1083332074
1083275127
1089628102
1061657302
1056886443
1068054352
1061810817
1057127176
1068164979
1059199089
1056597293
1067836563
1056790855
1056704438
1054501407
1052731517
1061869025
1061758297
1056759978
1061222693
1059264163
1054451465
1056977048
1052691629
1052645278
1052473596
1052425075
1052108860
1048258247
1051872591
1048198993
1047971027
1047566642
1046103216
1045944768
1043857635
1045892584
1052542284
1051933000
1048293259
1048142044
1048106455
1047946775
1043514047
1040874125
1041142823
1043620436
1040404911
1042619938
1040932494
1040434221
1043567320
1040652483
1042723944
1040185900
1040066936
1043282899
1041073780
1042285964
1043225070
1043125507
1042489626
1043734632
1038316354
1038612060
1033857337
1035815438
1037984863
1036335537
1037909711
1036389895
1036446283
1038233447
1032766597
1032682886
1038112772
1038363548
1036122072
1037625002
1035697410
1032708606
1032584118
1038063482
1030455245
1025732397
1025778721
1030555787
1028167235
1013718167
1032462763
1025846745
1023653248
1021774495
1030818688
1028004750
1032546072
1021812545
1018334607
1023731363
1014029931
1013676169
1032425936
1013960917
1008231806
1006928722
1006863238
1008646514
1008332400
1008461961
1009068086
1008572191
1009217908
1010945995
1008487492
1006889078
1006694990
1005142256
1007223504
1005121249
1011186546
1011256302
1006764568
1008130672
995747867
1004609289
1004419995
1003167196
1005073450
1004560709
1004288642
1002886974
998501069
1005005327
1004342228
998102881
998263388
1003104601
1004745603
1004166910
1000623638
993676122
1004501951
995815950
979544539
988022950
988037955
985848758
992015953
981239861
991965792
991669072
988084052
991755963
991920602
987975228
984156851
985892638
983631126
984222191
979476449
979265517
977671950
977572407
962519276
975378207
977259461
975333957
975305958
977473617
964832115
977238753
963022934
942669707
940665455
977273574
940596998
976860273
938018138
963069618
940560702
942533357
977511406
938066135
916489093
916435926
920354269
920186911
920115629
928221402
918400942
916551629
928098329
916396870
934227014
936023501
934064667
934274372
928176842
916156863
937946239
934032287
920489421
920427576
916096788
914359096
911948420
912371329
912409449
910497627
912541083
914330755
910058091
909310836
912474629
914739693
914259879
910394487
910316359
912850723
912590288
912068308
910022334
912500071
907791807
909112358
907701225
907959776
908038268
903138232
901748250
901375802
905291787
905313169
907566973
903190487
903322500
907618979
901812978
903417329
905390566
907286028
905044125
903362837
897569201
897395273
897329559
896877339
899776763
899749565
895022293
897078127
899507823
895130002
897631784
895390860
899853143
899914706
897518826
897194387
897869006
896777113
899599289
895472782
884755165
889892724
892617745
888353159
886357301
884668042
890231216
890184050
888028516
884531514
884301399
890270956
888056980
886152892
890324161
884699917
884480165
884795552
888316718
892850912
882242238
882258580
880113058
879697631
880348917
880050447
882329607
882317692
882315370
882673235
879732156
882335913
882303967
877573001
884069475
884153889
880214127
877643683
882239607
881826083
873241635
872644600
872693546
873100524
872976068
871455375
873298478
874357893
872569799
873137271
869841160
872932824
877201854
871483901
871410550
875102202
874231074
875059880
874398950
874298195
850845119
864102289
864135355
850808628
852413484
852348693
852679751
852487300
852182536
858269495
852280373
853040471
866095631
867836392
850586244
850526003
850226536
853108948
867731039
869591389
843694914
845524848
843643393
845281838
844950124
844724376
844863428
843463425
841462077
841349581
843571884
845226157
841525604
848367823
846545154
836728032
836592562
845577871
845537065
841417616
815486141
811680370
809142756
811465544
807425944
813325737
809506387
811583529
807525235
811418755
807348915
813278522
815440495
811742498
809215088
832993495
809452375
811622705
807595601
807489976
793257251
797715428
807259104
783651716
807176757
797777673
793350656
783638548
790077100
806945776
797681442
793912939
793728920
793572201
785460286
793615831
783717073
793495512
806056793
793673216
781569903
779505356
773075670
773116157
778301768
776040038
776103138
773102421
777692076
773061052
777839655
777997198
777929086
781253783
783598573
778227052
773190896
773086620
783543709
778158153
770717031
765751338
760545731
760503184
760455113
760348324
772799120
772670438
772769770
773028668
772841506
773044955
758699901
772883147
772538553
759890091
772916945
770777421
760296052
758763218
756392892
751320145
752684983
752746249
755036456
755112428
752551949
756773784
758560983
758531112
756814090
752629946
749323936
750573400
756245646
758484831
758639823
755072849
749372605
751266713
743794578
745361540
741979620
743757113
743052192
747629837
742978133
747586157
745167465
745087885
745694844
745638514
745020597
743862457
741954560
747676261
745406526
746806211
743720476
743697116
738282334
741374678
738311387
741908388
738096068
738025259
739793035
740135410
741743726
740096031
737745338
741223304
740038776
738443184
738197652
736328534
741936652
740011544
739862909
741433547
734279630
736183440
733662108
734321140
732128573
734492772
734028330
732042001
732010613
731433468
734470102
734174127
731924013
736017181
733549257
731963744
733744703
734409222
734240189
734108662
729897423
729158920
727941396
727596581
730072096
729366102
729975109
729046454
725912503
725841179
727646513
729697454
725472217
729612061
727895503
727780795
725725550
729801199
727823044
730025512
725119629
720278662
723759052
725394791
725181105
724122053
724017869
723799874
724241748
725361971
723557146
720013181
723872535
723498255
724277451
725240287
724203557
720234347
724164367
718334069
716477242
716056062
714338045
712534313
716434555
712613462
712498227
712452708
716134552
717918762
716403486
714582954
718032449
718288259
715747623
718224735
714614064
712622218
714392422
713698137
710714523
706402155
710743034
710084950
706715139
706463372
712418263
711853661
711765174
704669851
710772814
712268116
710567650
710489726
705971911
710356370
710699732
706288742
706540279
711918440
698804009
698932826
704508365
702627631
700467739
704553302
704411132
700706022
704461179
700783974
698777144
700823774
700655149
700534397
702607900
704590778
704621560
700762194
700613095
699094734
692445091
696840150
689960415
697058837
689915751
686150782
690008114
688258621
692516355
697125885
696734713
698357235
688225011
696856330
687583400
698731100
695136901
694906368
698669058
696884861
686101879
686060807
684446314
684193991
683940161
686135508
682573641
686009357
682484189
681092005
682266697
684151249
685958469
682177302
684238076
683857510
684303551
681020562
684278565
682601834
676591986
674893430
675174092
674609239
677046672
676745118
676249288
680628698
678225956
678319060
676335445
676432520
678121091
674543238
680741317
680961154
676639501
680712333
676779780
680568945
668036715
666386778
668434960
666547537
670022040
666470738
667963797
673054922
671667321
671572621
669938182
667764313
668003899
671550129
669980745
671409675
670051134
669964167
668221363
667684969
662125573
660300443
665490498
659174537
660104796
660253229
659127219
658647820
662096463
658527044
662245473
659882007
662158241
662179268
665409528
662024145
659998208
665572764
660372217
658704672
657272083
657174212
656641101
655736770
655959488
657363446
658298194
657045063
657405429
656881036
657199176
657232955
655929836
656755571
658410102
655761414
655615945
657098467
657448423
657312158
653226856
653377414
643485461
646593746
655549427
655526940
653919436
653301200
643585426
653808860
646545490
643542965
643621220
655360180
655308040
653736581
651943307
655590964
648529764
643810878
642223792
639873110
639623280
638112174
638074940
636627449
639694906
641771161
639480333
637556140
642143016
638415817
638141086
638063199
637668832
643437896
638457022
637378103
637768270
637452408
631404680
634528400
634629492
634440125
629628529
631446489
629386523
636554953
634655043
631233495
629690645
631477082
631283033
631260036
631320296
634496249
631494835
634573670
630952709
629779192
629117142
627314298
624728777
624854135
629352297
627724859
629014166
627273216
624768457
626158344
627188478
629329627
627796490
626222924
624747366
626190061
626264921
624803418
629294245
627680422
624510243
624437327
624562549
624401831
624584248
624541725
623067055
623051517
621777671
622857376
621894241
621656446
624516118
623253103
624725047
624468509
623284529
621686384
623222279
624488212
618659434
618843086
620103194
620412133
616933019
621130859
620454549
620308869
618703025
616887215
621404786
617002306
616818070
616754915
620357985
616799988
620121756
620322533
620076617
618774549
616603935
614847766
613777334
615236088
616504673
614908259
613744186
614963184
613708847
613466043
615243096
616637368
613495637
613396542
613425745
616396535
615014726
616456642
615276521
615292797
610794400
610868620
605244007
612080811
613025166
613185766
613133807
604037822
610828479
605613802
604108273
612280182
611789698
612328367
604080424
612229899
612109221
604051100
612143574
605360829
602782684
600815497
598503932
599492041
602761613
599996456
598440668
598426228
599977657
599797549
602806977
598406676
599386218
600883570
599818489
599436102
602741069
600749954
599943462
598540958
598386657
595151608
594836675
596839836
595194654
593604019
598010131
593633396
592699033
595107714
597961478
593623574
593532747
593370225
592788249
593316856
593569541
593347094
594776605
598358200
588726172
591390600
590315711
589271708
588949102
588853645
590266052
588801819
591962758
590600035
590211540
590137664
589230400
592024317
592051918
590621954
590552831
587944439
591467510
588654341
585343905
587811873
585198265
584111454
583801148
587920549
587899207
582396799
582364270
585992297
583859169
585440831
585783353
584021428
583509530
583330181
584152363
583412381
582414460
582284978
580501185
578370749
578319390
578099367
581669191
581579162
581968138
580759983
579402378
578069444
578077470
580549429
581738200
579677981
578419205
581493351
579726326
580724198
581913092
581838989
576557413
574827290
574788646
572741156
571435455
571199890
571163832
571090118
572917615
571132595
571041744
576431582
574398893
574490812
572875174
575634297
572799434
575616521
576515251
575523514
568736684
568514536
567081898
570009305
570035939
566070023
568687627
567179826
568823223
568769831
569696724
568569726
568413802
568560508
566034810
569986386
565927321
567037304
565956301
570064281
564507545
564752791
564090368
562714215
563969948
563721958
563868742
562969108
564647573
564174348
564565196
562906207
562602393
565745680
565895551
563805658
562863239
565912170
563927443
563544688
561229356
559990346
560975035
558996883
558887556
558921256
559046403
561178523
560164137
561409669
561068379
558876932
558724701
562559868
561201885
561154302
560923835
559844833
561091096
561375165
554667555
555861045
556110730
554631452
557392854
557497047
556142963
556203339
557600825
556367755
557470027
557310387
557413197
556325321
556087012
554765596
557650794
557345772
556235961
554706043
552962489
553077800
551541502
553200440
553337143
553131365
551441308
554028175
553004455
551518422
554481965
554395320
554186924
552806167
551412163
554251760
554440404
552839676
552734752
554465830
548667098
547659787
548958926
548878328
548636306
550284561
548922393
550255890
547353328
547321856
550185092
547334263
550075960
550212374
549492691
550099017
548680344
551377670
551355276
550128444
545783413
541763073
543227963
542623141
546251994
544715612
544661568
546299344
543124179
546097105
546274817
546121854
546149958
542768228
541725251
544764929
542814999
544685409
543172006
545878280
538533444
541483074
541418141
540308803
541694217
541498871
541386205
540340753
538882608
537918167
537839875
541273648
541480807
541452586
537947867
538855139
539209955
537885410
537787518
539244238
535128505
535017949
537675593
536635083
536034883
536562239
536380222
535049203
537692018
537642399
537609140
536503900
537352426
536357647
535981531
535186361
536404494
537487476
536528004
536592105
531925856
531494104
530336087
531966357
533270213
533235893
534624304
532774190
530298159
532002225
534462058
532816240
531200533
533356166
532719802
531815599
534390746
533390889
532976178
532663814
527194745
528137508
530092355
528197604
527076931
529909415
527203275
527153708
530040439
526535381
528566677
528482963
529447002
529350767
527050743
526886329
530254339
528526942
527106056
529871227
524719964
525398782
525675661
525046349
525531934
525588161
525567383
525717461
525638681
526513986
525272408
525106351
525615465
525363833
525757556
524669122
524844647
525313248
523636714
525491857
519766605
523460706
521237681
520617428
522876690
521348284
521278076
520965676
520698671
520495556
522954839
523058349
521394742
523433412
521001854
519721288
519686121
522712758
520714889
522598074
515797585
517368931
515709861
517468823
516311760
518352304
515634027
518112701
516249531
519661108
518300290
516089827
518043404
516064489
515835254
515869645
515490301
516361529
518316723
516200089
515423604
512948105
512752159
513311546
514680905
514725596
514554449
514536493
513168599
513130078
512904935
512670319
513142736
512859526
512792729
514705544
514579050
514029710
515450755
513287492
509435112
510812476
509174577
510722406
509091025
512559554
511622146
508496616
509507903
508440149
511647716
511149056
511298835
511222348
510613461
510528978
512624260
509320586
509270199
509033846
501228014
502983907
506098090
503092841
508178399
500609861
500559450
506341972
501344726
508246032
507413926
501201295
508380889
501490163
502850628
508131215
506751758
508096004
508327554
507441073
499057908
499039289
500089351
499044199
500423848
500225288
499867377
500383706
500179027
500282034
499129746
500510696
499081094
499214053
498911382
499166540
499810252
500533820
500444837
500124305
498762031
498421555
498608754
497502259
497313770
496606705
498185267
498811985
497573085
497604450
498867722
497711446
497532771
497754238
497747809
498508946
497426131
498246367
497388817
497459756
494590092
496280018
496236620
495782769
495505364
495609935
495800589
496502152
495748327
496428605
494640586
496350595
495827141
495435370
495741681
495659819
496174552
495815758
495697546
495555921
493000129
491014119
492851523
493214488
492964284
491045795
494380086
493117786
492904019
492785004
492037359
493911823
492254523
494311487
494316512
493100546
494526943
493279106
494461528
492183534
490082160
490120674
490114929
490929804
490784407
489660111
490792929
489576446
490663061
490239769
489903676
490575812
490855935
489028843
490335943
489060943
490723478
489950581
489999081
490730346
487600083
488426787
487592838
488494876
488741484
488673832
488291486
488341662
488533984
488972105
488985687
488524647
488222256
488705738
488416548
488178399
488932375
488929579
488484554
488667303
486142622
486173772
486978513
487049355
486207835
486074044
487105319
485712029
487476673
487550705
486092035
486054966
487034066
486033782
485560649
486030738
486094346
486182495
487547132
487555793
482798591
484703965
484517372
482768925
484750013
483514694
484496342
485292131
484581293
482938337
484630111
482806510
484659142
485181881
483066873
485202025
481771142
485217343
484466992
484444963
480358828
481645498
481558643
481337724
480220877
480190329
480131065
481476825
481487083
481681226
480171184
481248442
480205673
481202351
481311238
480150413
480154448
481512202
481422727
481385397
478811643
477630924
477674037
477810340
478842236
478940209
478663382
477777420
477748550
478977673
478707814
478588294
478968209
479001007
478908796
478597069
477716126
478871752
478972529
478628115
477461890
476306274
477447304
476251700
476335448
477439317
477381140
477435466
477314558
476203124
477175545
476339496
477412982
476232155
476384229
476126641
476165684
477607548
476108413
476078190
473354122
473265570
475980620
474688083
474841993
475586250
475600402
474718984
474880821
474645167
476032015
474551488
473320298
475708760
473293289
475859244
474597342
475667238
474892654
474661993
470522871
471957614
470591591
473230579
472103834
471865210
471672487
472039959
470639436
471900176
472073709
472173589
470684896
472875144
471599471
471923144
470616648
472005060
471629563
470434695
470333004
469378309
468083117
466809732
470297689
466774853
468115278
469286183
466838647
466864324
465429636
469352868
469136155
469109469
465487199
469014797
469322475
469084478
468167833
466750816
464029738
463584040
463538243
463840762
463733668
464843587
463729866
463657152
465210886
465289238
463885950
463806326
464104276
463966077
463925589
463693374
464893732
463613739
465033473
465235576
462196306
461098162
462076861
462037738
462222565
462276160
462253717
460991659
460907626
461070184
460969467
462190164
463351360
463504821
462475127
462516525
462381530
462113444
463429459
463411556
459855226
459827113
458501858
459352808
459879672
458448049
458525040
458477102
458428781
459723483
459672138
459754875
459617141
459404206
458393383
458590030
460882725
460731879
459642234
458643576
456491423
455540861
456985741
455320568
457113479
455454396
455279644
456860291
458287575
457059070
456902731
457035138
457144976
457077017
455486925
455290722
457976152
456818012
455225377
456841110
453463262
453115972
455112902
453495565
453007687
451743983
453524822
450570552
453701458
453744612
450602137
451709628
453775232
454856530
453265780
452965493
451789407
451961847
452171144
453812127
447735612
447581493
449047211
448948507
450551998
447546628
447607583
448987998
447638778
450496723
449021573
447753060
450393494
449183220
447794055
450529816
450449433
447680109
450406501
447498498
446334851
443101674
444583319
442805103
444138229
443010212
444211301
442892321
441515793
443137238
442834017
442885557
442923088
441466375
441433484
446408965
444613773
443179883
444074804
446370451
439331906
439138570
440314074
441207986
440509722
441378408
440501061
440468789
440214752
439013382
438992279
439147643
439164560
441048320
441167900
441107217
441080089
440420481
440348264
439383453
432928242
435785698
436239058
432866262
438927502
438960213
433056442
437818726
438733891
436364181
436310065
434533869
438852349
433100429
437474634
438808911
436334166
436278700
435838083
434576170
427481188
427510879
430032768
427593422
432533128
429240881
431968361
431900686
429139036
427547053
428716076
428532689
432583541
429306501
429183561
428806403
428764490
432808278
428674533
431337756
425716750
420126658
426995914
427098408
426803946
425770518
426880566
421843470
426955411
427041229
420875051
420240967
425801598
425840650
420770577
425582819
425684730
421915145
421117176
427440662
418312441
418212192
420009867
419355809
418337412
419775110
419896643
419742823
419722812
419947429
419809867
418571702
419660810
418375299
417396347
418599398
418286276
418246297
417366805
418354847
415953824
413991109
416072040
416123900
416152778
417301618
416340632
416313396
416285109
415992799
415742454
417323446
416262471
416244509
415210566
416106305
417346639
416040519
415786676
415108969
412479377
412192941
413557151
413913294
412099351
413769619
412063093
412162483
413427098
411211242
413814402
413887773
411128073
413949623
413853475
413788777
412410030
411164962
412132497
411189955
408924919
409909231
409776036
408981480
408809130
408834289
408619817
407986718
408032460
408801222
409824462
409550124
409019223
408864553
409889362
411108753
409005385
408576445
408771313
408010521
401281207
401937167
403059683
402012032
401228191
403035620
407614588
407532124
403247010
401853211
403092433
401316475
407902582
403107250
407859194
403214313
403174722
401195791
401995435
401961004
399939483
401083700
399897273
399873540
401113559
399805168
399789297
400008569
399915602
399771241
401022135
399533016
399962506
400036043
401148240
401061697
399847889
400919661
400976025
401001063
395761923
397351499
394155457
393142958
399490952
398354518
394318421
394283066
393117727
393345839
393231126
393400354
392910366
394345015
397399979
398778639
392817554
394215039
392832469
393077917
390605444
392160225
391673833
392028174
392111568
390265757
387655845
392081839
387628632
387680768
392134866
387761441
390845288
390873316
387790415
392754484
392806790
392188111
387733577
391615603
384062839
387599486
383814267
385647751
383841045
383722132
385795449
385758573
385582879
385432131
385921567
385608952
383953518
385872859
385832555
383870246
383757964
383785919
384014494
385723007
382659233
382703285
382251783
383690053
383401364
383712818
382582774
382463698
382432258
382556922
381616311
381569516
383455990
382721166
382393548
381590269
382632034
382206781
382678241
382351844
381344689
381142439
380504899
380461648
381079046
380478465
381187449
381490475
381526573
381062611
380331971
381421944
381538030
379947901
380437263
379983777
381375720
381291364
381515919
381120823
379356318
379324627
377707570
379134610
379376902
377329490
377767364
377451991
376569184
377379098
376539116
378701661
379075055
378851018
378788080
378110707
376586037
376624592
377577949
377510673
375138066
373502589
375280150
376335816
376214987
373979713
373610429
373434782
376156002
376490611
374724687
375253630
375220540
375114972
375136810
376116532
376510776
376033235
374649884
375917378
372901882
371509510
372623714
372921295
372699318
372521574
373390597
372865566
372863755
372803911
372782723
372478889
372305352
371746175
371729432
372368848
371310084
372740207
372579607
371658769
366481942
370538604
371234393
369949747
370604991
366510429
366298377
371184497
369892296
370561608
368443462
366532221
368675255
370023315
367059303
370540913
367291864
370557667
370580787
366334337
364174041
364966607
365355531
365434764
365411210
365329360
365135764
364975616
363102970
363129421
365942415
364159369
364181118
364014774
364714409
365378114
364906555
366265169
364675974
364221133
361667580
361706556
360449542
360195733
360523309
362906250
361954027
361719243
360287388
360665518
361907001
363066391
360223474
362872321
361636881
360261313
361689311
363036721
361979852
361941363
358374630
359004617
358995821
358964166
360186134
358915306
357826151
357749438
358520558
357649084
359040672
358935911
360086514
357772461
359017169
359970722
358448467
360191458
358993035
360135332
356428549
357514167
355564398
355469087
356382084
355494170
355449688
355249296
356300674
356260332
355165689
357594420
357562466
356416496
357597139
357552583
355217672
355558423
355530121
357621297
354250391
353008394
354170661
353868586
354024332
353951796
353087456
354381885
354437104
354004924
353057196
354359750
354192327
353062478
352991362
353035224
354209853
354303294
354231931
354404082
350609711
352939476
349283823
349815658
350092235
349958242
349644511
352973578
350821244
349987568
349897226
350067329
350941871
352976430
351427428
352960423
352927323
349573818
350877915
350040971
348798593
348858108
348869852
348693101
348972132
348730564
348957410
348640787
347790906
347954436
348942142
348774535
347871472
347902231
347806898
347825475
348594164
348833177
347931156
347850167
346588132
346502519
347552344
346525527
346279292
345700443
345539882
347646550
346429319
347686016
345644513
346592916
345651649
345585755
345515249
346584474
346553543
346354519
345623161
345677310
344713572
341808355
345463788
344587571
345501669
344626359
344620216
343051461
343096225
345486933
341768977
344828249
344778642
344724210
344677671
341745686
341813881
345440648
343028035
345405855
340461029
340304466
341719388
341410522
341702859
341708451
341382163
340326866
341602172
341585946
341689815
341566509
341517191
341478187
340368249
340351077
341331621
340398791
341538389
340381900
337946001
339212307
338201410
339976809
339174102
338216741
337311627
338240668
337330362
339913463
337260480
339426981
338258721
339242966
337928254
337370876
337293684
337349422
337281361
338260817
335985945
337152659
337200936
336946728
336189252
336142134
336887272
336060720
336123962
336104689
336083188
337173825
336840884
335116921
337188997
336780870
335021548
336986044
336016829
335043356
334939946
334784472
333369445
333524738
332961454
333668394
333469775
334822527
334974707
334452344
334819488
333579554
334917195
333635648
333502388
334665376
334795705
332990535
333555716
333344296
329916284
329899539
332346610
331996550
330906964
332307152
332073974
330137372
330160193
329934514
330877974
330186050
332380286
332243481
330079895
332054364
330099373
332909144
330133097
329954775
327752953
326237472
326510707
327429212
326504728
326379992
326285258
327704573
327686373
326558234
326437285
327727507
326314855
327361896
329026019
326409752
328952300
328926327
326461456
326548141
324922128
324726444
325951967
325256261
324860212
326203075
324617209
326151101
324897833
325986601
324602940
325191616
325044701
324519551
326071414
325160548
326089974
325224088
325099275
325070557
322762240
323755208
323830398
323737522
323442515
321604578
324312958
323852908
322766392
323770811
324409392
323721740
321633386
321787439
323718141
321583447
323373717
321505734
323786204
321612581
317280944
321317695
320670948
319674504
318166519
318093640
317234005
318522515
321413716
318514091
318484273
318508412
317203072
319602600
320605780
321348058
319658679
321371870
318536703
321460228
315773217
317064388
317128908
315937485
316974580
316614510
314866640
317003910
315730172
315911359
317107454
316511153
315869644
315896121
315722584
317077331
314837521
314881792
314742258
316422563
312725941
313679416
314696987
313806930
313793020
314453238
314719141
313630711
314692086
314487550
313851598
313776939
313733157
313610606
313789995
312701001
314653195
313832175
313748729
313810457
311507617
310182676
308969718
310603607
310317354
308950099
310247222
310053888
309052480
310304922
311553105
311628963
311339699
308893705
310343695
309036329
309019080
312561482
309005097
312611746
307948311
307406513
307316498
306800796
307510762
307485181
308860380
307840741
307904234
307858065
306754301
307973031
307928361
307387157
306779045
308691305
308050200
306783246
307897752
306805158
305823325
306736290
305859829
305758129
304879886
304369462
306718174
304837041
303678043
303659314
303637640
303625468
305788783
304856575
304895572
304338692
305842457
304285397
304813713
304785325
303582317
303522914
302494150
303477738
302470908
302402999
302439968
303529602
302364054
302327051
302179565
302289804
303600535
303203469
302234169
302427372
302206247
302157020
302558209
303290251
301922709
301864119
301023631
300761058
300787482
300958135
302102102
300914100
300739678
300757369
300834692
300919844
302066982
300823286
300797911
300701915
302132733
301087405
300780909
301057631
296525806
294341887
299612964
299559624
298592811
299596191
297551150
296611518
295251278
294187637
298742969
296580725
298564560
296722702
298738169
296558625
299617528
298719692
297677432
297634285
292828631
292635761
291961371
291765301
293123239
294132845
293011764
291929596
291788842
293310558
293154171
291895183
292792129
292644245
293217997
293190179
293981712
293271004
293030038
293338044
289196705
290743964
291445364
290527474
289395734
289301126
289340743
290541391
291701205
290609468
288128269
291731363
289425128
289107820
288060159
290667049
290650680
290574355
290501188
289606814
281491723
286080837
284499525
284558722
279394351
287973244
281524797
286997356
285862516
287302421
287320395
286955225
286916093
286137748
286846026
287936959
286106174
284382469
279366968
279095906
276946886
279092423
275474037
277151971
274538805
275521921
275391937
275438314
275295371
278070099
277798370
274508791
279059048
278045173
277842417
275516664
274534321
278351739
275345616
277771461
269964241
270815074
268996366
270156024
270114105
271970340
270075887
270046804
269732062
272246766
274445362
270874561
268876908
272231515
274478512
273435562
270761479
270710536
269694730
271333622
267765201
266797926
268631235
265679174
267456279
266395873
265623360
267297863
265656556
267407902
265687375
267515215
268577910
267486606
267344908
264568213
267778446
266459274
264592692
267553033
260507036
257325121
257274907
257226275
259305455
263247418
257381509
261525037
259549792
264563773
259314940
258410404
259472556
261060755
258422477
259509268
259529668
258389296
261527675
261115512
254048991
256224485
254220300
256101833
255267184
256062148
254198249
256351950
255227002
254090137
256439933
256166947
256058972
256248955
254026626
256485960
256448844
256136640
254178607
256375278
253095372
248430144
253136368
253017733
248403136
251162700
250689373
252939136
250227077
253150518
253117708
253099574
252998271
251070860
250694853
253093392
251128289
253119349
251149383
248359173
244085455
246572235
244798865
246514114
246492175
247974437
244103158
243041849
245776524
244056530
245751445
246578812
247384966
244906726
244142849
246502774
247489131
244842134
243216912
247396191
243072248
242410291
243007595
241598242
242301381
242528899
242548658
241606955
242585346
242618211
242564939
242159918
242532901
241643422
242378099
241684718
241658333
243110951
242189573
241627889
241519084
240817526
240586218
239977243
241454049
240709235
240785839
239973599
240852245
240689475
239964193
239914868
239942903
240841185
241441495
240723279
241550764
239798700
241492759
240599310
238361708
238384408
238413014
238254215
239176067
236853238
238397262
236912271
239153047
239107476
238972939
239158478
239148918
238212981
236832254
238373984
239172996
238940829
238395528
239133249
236633948
235945159
234886481
235016934
235132844
236326988
235134910
236477043
235163018
236595313
235969696
235992316
235168285
235148604
234809573
234476985
234325980
235128401
236615132
235048402
233669906
233541181
232895218
233648140
233429598
232906238
233687367
233629458
232931490
233513838
233483071
234232478
233700431
232951179
232917519
234147977
234289388
234302863
232963350
234256125
232016624
232067078
232754491
232087416
232106555
232669700
231370593
232051330
231798525
231825025
232802817
231727178
232732701
231889939
231749154
232571716
232700870
232877361
232831955
231853917
229684681
230533685
230106960
230414889
230304084
230180053
229075869
230443535
230569533
230441801
229658347
229643204
229079456
229744399
230337361
231302924
230555534
230281940
230524102
230139298
228809079
228721477
228268068
228257298
228240776
228157634
229035726
228140193
228835334
229053769
228918758
228940769
228178783
229022895
228230513
228197002
229056173
228117644
228212246
228768173
227183522
227447904
227406945
225165639
225149180
225113941
227113404
228083685
228089598
227952076
227338945
228047028
225794487
225056764
228074716
225131272
226642968
226662427
227426695
225439556
223474353
224070595
224380437
225020767
224843930
224174617
224260719
224359125
224215074
223639370
223518698
224407514
223574415
223496655
223863337
223449169
224389922
224326694
224987801
224348382
222791140
222492064
222131833
222011717
221746968
222723168
223326795
221694684
222033679
223300586
222053549
222049607
222804749
222631746
223377272
222101858
221962627
222118173
222695991
222672824
221227054
220580749
221091870
221041745
221251077
221409217
221390262
221358700
220596374
220505238
220492374
220457019
221373107
220609901
220548075
220535587
220557988
220516553
221300261
220628318
219560033
220434612
219732658
219446225
219361487
219812678
218919960
218951258
218806943
218856857
218782339
218921632
219632648
219380593
218832670
220386285
219743033
219755234
219775903
219800065
217873226
217364058
218259044
217957138
218227877
218115837
218596507
217904645
218669822
218642820
217908605
217489228
218072342
217320934
217348394
217463520
217449127
218673869
218245732
218702746
217290183
216672663
216599152
215625554
216402894
217294929
216338345
216658895
216493737
217253726
216580170
215609914
215471874
216524676
216634827
216622742
216558658
216368905
215558632
215516207
213358129
213150090
212621928
213226795
213406244
214247517
214150456
214044319
214261021
212605349
212576379
215024985
213120486
215001778
213377088
213201681
214070668
213394029
214170078
214134792
211465921
212308945
212523467
212241790
211689063
212315357
211704925
212556174
212482714
211765789
211634386
211433329
212516721
212210170
211735892
212504543
212172449
211514162
212286433
211534366
209142699
210931137
210232564
209111982
210217592
208519512
210875037
209911152
208627799
210055681
210248248
211032063
211020331
210902870
208459165
211008614
209869100
211045926
210206167
209188581
206810011
207652444
208429593
207583513
207602790
208156046
206848806
208389433
206823853
208159884
208093818
208106549
207660339
207597899
206615510
208213099
206551959
206859642
206837433
207601206
205322082
205704636
206518372
206542520
206468458
206074281
206033175
206125252
205991653
206023328
205342633
206056778
206139381
205749783
206502181
205355149
205364790
205332370
205835213
205801645
203815561
204352058
204375417
204303736
204219113
204570357
204594085
205297310
205263430
204166900
203803105
203790278
204403034
204558591
204604596
204541961
204338579
205281583
203827914
204524718
202871546
202062165
202642056
202970566
203063974
201857389
203745671
203084770
202631512
202590549
202533216
202193240
203775805
202084774
201901289
203391344
202853378
202510380
202111976
201801168
200592601
199943001
200657649
200454119
200672187
200620941
200346189
201348529
201760860
201201301
200424859
200641268
201363757
201115133
201419713
201258007
201162436
200377327
201229387
199955748
197351326
198444129
198163769
199259227
197696780
197528534
199239728
197389545
198428105
199194505
198403618
197641869
199275523
198130064
199324186
199285938
197729080
197310033
197625451
199910481
195648542
196648790
196306339
196334754
196004895
196850836
196745551
196316893
196618939
195995189
195950529
195658228
196732060
197282357
196694416
195624483
195998425
196321013
196821951
196346754
194990278
194316336
194981198
194154168
195359844
194044844
194318809
195402778
195321165
194324679
193649690
195023156
194109580
195014095
195615791
194377234
194000006
195601960
195430711
195000990
191919671
192704410
191953120
193597658
193439795
193223092
193584873
191688458
191279126
191267972
192503733
192697058
192419095
192365121
192791580
193573954
193627402
193610502
191655557
192775485
191025697
189308597
190986537
190920947
190272435
189919838
190909845
189661169
189614223
189699017
191253652
190318144
189907058
189890931
190530889
189277586
190950125
191240180
189751750
189294152
187557848
187685953
189262597
187376170
187518552
187341035
187316356
187698310
186555802
186400320
186429634
188556483
189164777
187716510
186489041
188572067
186520722
187257706
186461385
187743237
186367985
184979474
185927964
185900160
185841297
185324152
185275527
185260309
185202482
185123956
185081548
185149155
184956772
185174376
185800290
186018829
185188847
185156837
184890904
185295775
184800413
184183803
183680650
183768916
184451669
184221077
184092460
183655588
184363443
184373802
184418505
184381571
184119840
184853017
184457421
183736850
184143396
183750176
183683007
184428181
182988468
181360304
182942707
182919002
182731521
183522871
182914497
183406826
182875702
183003186
181735709
183633362
183475958
182820814
183021653
183442217
182972701
181341665
183040267
182897770
179985338
181061636
180072617
181321050
180461198
180707278
180718568
180499883
180364063
180037304
180542774
180009731
180034890
181302174
180996937
181281790
180695099
180575253
180036246
180399660
179148721
175886272
175510608
179294269
179958098
176910069
175500234
175765994
179749066
175451085
175431253
179782886
179924761
179314208
179889656
179275214
178460954
179103515
177854252
176932132
175223966
174118097
174785075
173948572
174766826
174829845
174578331
173992605
174126735
174795924
173962531
175166773
174620210
174460155
175120417
174138168
174072026
173906129
174040039
173831949
173403848
172622733
172122849
173793852
172587462
172188040
172441613
172257959
173249134
172309983
173419927
173382552
172372091
172492475
173322234
172090489
171778333
173289194
171766170
172605017
170949121
171675055
171566707
171296982
171374296
170970887
170839939
170874896
171756461
171702587
170916435
170894519
171539042
171076321
170961873
171724540
170933210
170725723
171086227
170685620
169692674
169485426
170272417
169650364
169639840
169708226
170325916
169659910
169632436
169570945
169554485
169510811
170078047
170335459
170158834
169721069
170278004
169618013
170129759
169531835
168688973
169210856
169399623
169359710
168279055
168947768
168927384
169179276
168655251
167980951
168834148
168932991
168299502
169388792
168734619
168289244
168944982
168266910
168026191
168757918
165634978
165716196
165797024
165601511
166315751
166987668
166354660
167187951
165517272
165821165
165163356
166901857
165530281
165140054
165806908
166952545
165784907
167084951
166531637
165662040
163682483
163661906
164186642
163771446
164911868
164479462
163783987
164969027
164458712
164449369
164154560
164954498
163724842
165079188
164469671
164875550
164351678
164232368
163792867
165099399
162774171
162226716
161960099
162976699
162892720
163132252
162956223
162243339
162165594
162809074
163149461
163641603
163169107
161786137
162920479
161859253
162206365
162193254
163184625
161822069
161021107
160319056
161305397
161261435
160391283
161713356
161207493
161755121
160993111
160854199
160333784
161296124
161058554
160408307
160365311
160806644
161320024
161111637
160918979
161272811
158743038
160229143
160300975
160211509
160302833
159145100
159487578
158760423
160187729
158769989
159522010
159096926
160273837
159015531
159551136
159411494
159534401
159171048
159501021
159056776
157578427
157665564
158296460
157527362
156996319
156715841
157944785
158735030
156743373
157732042
157620207
158534443
157445438
157932108
158572689
158434348
158400261
158612080
158333458
157698769
155640653
155540614
155142223
155066954
155608967
155416988
155865927
155830044
155678187
155129459
156634351
155915465
156657658
155592215
156452744
155505218
156406390
155445011
155099823
154931699
154345208
154431455
154689556
153353360
153793140
154897300
154338981
153762592
153777039
153294124
154359513
154778020
153727829
154665727
154831139
154749175
153821889
153740770
153321653
154720962
152931510
151796379
151711661
151720996
152967920
152889744
151658973
153174701
153117989
152918545
153234529
153274399
153107663
152960295
151769853
152982282
152952510
153199595
152494372
153143591
150703335
149856048
149821065
151630158
151599830
151642982
151614304
151592337
150665622
149997223
150057460
150033854
149837252
150984145
150767585
150683882
150809675
151581513
150829583
150787325
148307702
149109874
149048849
149810877
149032212
149206571
149095477
148387241
149175826
148952893
149764993
148290781
149156848
149127333
149080863
149751564
149775016
149067623
148274851
149790797
148085098
147659395
147575089
148049337
147646956
147687777
147654080
148139244
147674214
147635340
147622898
148250235
147599800
147008055
146965710
147686166
146999952
146980590
148228592
147715748
146268378
146911488
146445018
146928602
146415814
146426017
146888836
146943797
146286624
146182280
146058081
146396180
145628842
145584886
146155129
145598535
146344606
145613133
145538304
146949418
144614919
144100834
143162006
143190394
143138198
145226574
144705015
143809218
143077719
144597473
145123830
145163304
143148563
144667342
144676579
143125287
144692764
143215891
144061467
143177857
141740809
141721546
141555980
141772750
141705375
141762146
141389315
142811480
141691868
141736139
142834979
142450290
142313682
142951257
141596710
142983323
142802647
142463071
141798434
141787726
140473005
139865130
141333687
140159918
140175506
141289689
140995985
141041650
140979189
140129141
140105818
139919462
141359140
140955853
140569365
140185566
140091144
140535998
141031314
140505145
139365033
139248176
139241923
138688686
138805389
139276600
139316272
138700212
138798647
139857308
138769059
138738329
139389823
139834552
139222678
138647958
139253599
139302382
138714981
138745959
138555343
138404958
137561907
137735663
137510773
137553386
137791203
138465778
138435596
138638746
137718028
137749257
138361643
137776698
137765333
138566711
137653051
137632884
138533785
138511524
136210186
137427932
136938858
135977586
135247804
134983992
136170432
136056507
135214720
136027738
137468126
135285419
136134976
135234350
136040039
135155570
136957815
137392237
136189091
135269180
134330572
133259212
134155738
134147257
134302441
134285770
133851845
134175717
133765376
133231673
134265590
134038568
133707671
133808008
134007139
134198540
133966316
134352569
134127648
133739958
131117378
133087572
132669456
131994372
132101795
131703043
132095455
131644912
132082679
131325539
131304230
131292215
131275460
131209936
133035811
131752518
132602921
132546443
132018515
131260339
131098441
131061556
130166045
130007719
130490596
130476402
129826441
130881334
130445778
129868817
129524855
130891687
130458187
131052385
130323465
130081669
130125349
129967323
130341807
129998612
126501211
129276221
128280797
129184931
127629730
126589165
126552426
127133062
129425596
127249180
127481743
129236576
127660207
127603187
129383857
126399902
128330178
129331225
127090833
127300808
123428541
124109079
125329314
123242433
126057184
124071389
125652377
125368187
124025923
123759906
124022856
124040518
125582230
125631218
123417774
124791347
125284976
124307577
123515309
124124496
121995531
121233119
122325729
121374999
122522603
121297054
122345312
122056606
123137473
122505984
121340415
121176704
123205724
121277329
121359294
122201948
123218036
121328134
120998853
121142074
119482335
120371746
120322060
120310158
120800252
120419406
120270474
120953075
120245526
120405537
120903546
120295799
119520084
119506408
119609787
119671354
119628782
120387178
119485676
119702515
118662282
119418498
118283870
118038777
118240031
118202715
119406364
119384769
119471443
118317880
119452802
118652447
118066044
118355412
119403542
118673741
118896543
118871671
118742243
119428476
118023043
117367471
117245003
117175149
117190769
117987266
117224800
117207004
117881780
117980062
117959506
117868265
117336931
118005973
117158704
117036854
117009738
117303836
117900179
117266546
114534918
114452511
116967477
116406989
114667053
114603747
114479510
116930799
115903681
114500848
116278544
116374164
115949261
114435030
114515871
116906189
115865682
116400577
114711586
115985571
112713187
112365929
114024758
113669737
113924335
113517765
113767779
113957141
113829043
114067573
112973280
113641582
113791641
113994053
113426637
113653972
113484761
113899103
113804013
113628408
112022042
110340056
110325813
112239550
110472996
110383549
112332100
112138148
110196696
110449017
109402271
110491239
112139667
110124683
111149433
110485376
111126981
112277489
111258849
112122302
107432662
109132830
108598131
108152791
107481661
108475509
108278080
108197475
107415692
107395824
107278162
107206006
108696933
109253017
108648800
109327981
106580728
107525450
108374048
107501044
106367933
103920348
104357082
105678660
104379688
104398506
104882506
104415779
106280924
105121481
105794839
105640581
105145408
105132185
105880514
104222241
106564513
105166122
104953615
105108149
101863224
101337071
102704951
101894267
102709452
101851699
103511394
101695281
101350316
101848063
102555935
102631708
103330568
102364923
101959694
102330962
101770000
103223239
102729192
101961982
99863923
100411247
99148755
99332033
100039742
99911107
100585529
99344022
100460837
100529540
101263064
100568254
100053559
101197376
99974245
99959741
100382021
99801527
100361553
99353896
98117515
96924288
98478093
98917349
99110727
98811213
98510559
97613839
98351925
98873897
98304337
97679234
97594827
98154419
97501561
98080290
97016418
99044660
98491329
98526153
95984225
96654041
96611164
95992803
96223319
95633205
95955116
95597283
96117803
96845688
95679240
96030909
96200597
96676463
95670137
95658123
95627364
95580936
96186208
95645743
95031976
94587040
95129703
94509930
94654113
95431504
94695069
95551878
94624176
95099101
95045314
94456539
94436934
95519286
94482637
95537787
95566924
95391674
94731363
94661835
93297108
92286943
93804312
94421023
93955549
93774966
92206294
92114215
92666182
92747167
92596092
92562390
93932115
92298479
92193606
91719761
93985132
91748439
93365681
93827644
90325468
90246950
91607728
90258724
91302862
90909573
90965975
90347482
91345790
91694810
90366112
90883966
90931768
90387595
90242251
91210227
90887708
91610136
90539502
90922545
90119195
89976993
90051353
89819154
89795352
89853816
89401453
89831800
89332116
89363530
90000896
89872191
90083820
90100152
90230746
89894040
89310052
89284333
89941706
90219542
88265240
88222208
88654454
88315089
89191386
88951496
88236086
88927943
89211428
89144852
88938101
89120524
88280090
88720157
88611898
88773510
88302947
88250125
88815139
88744420
87764858
86999832
87528451
87049970
86858641
87672133
87751190
87030428
87612412
87591495
86833338
87625489
88197872
87604259
86870098
87689002
87736405
86986036
86845629
86364007
86199533
85627538
85789191
85760551
85601353
85824917
85696964
85645021
86213665
85591931
85539384
85554694
85637975
85704781
86330471
85175267
85615996
85570406
85164365
86255466
84141072
84102918
84090940
83701901
84229820
83686492
84351981
84131657
83630442
85009582
84940022
84080768
85151942
84918392
84123649
84366260
85139839
84539612
84115535
84245480
83547784
82785420
83333836
82806559
83350830
82773786
83355963
82850856
83561828
82763948
83326147
83385979
83369563
83533993
82867762
82891439
83316770
83430531
82830016
82754265
81781795
82284652
82543775
81763809
82532799
82490383
81772157
82353582
82267219
82250042
82557023
82308894
82742075
82732661
82682458
82675493
82528270
82388569
82499697
81792345
80922793
81689270
80440399
81512270
81662346
80450078
80523934
80974315
81754431
80936822
80403793
81672991
81713418
80424478
81654627
80463324
81680889
81703231
80362953
81722058
