1180808793
1180695828
1180588498
1180451815
1180339646
1161023463
1160908937
1160757529
1148354576
1148287415
1148205994
1147895097
1147852250
1123844474
1123761370
1123713957
1123657688
1123574518
1123488823
1123379170
1123275521
1118651424
1118610427
1116196448
1116128208
1116029004
1115909215
1115824059
1115749848
1115676068
1115551326
1111969403
1111933596
1111805068
1111730544
1111638503
1111559263
1111489463
1111397219
1105334703
1105005464
1104912629
1104840587
1104754035
1104670209
1102498130
1102390693
1102322165
1102220687
1102084749
1101950517
1100118417
1100020569
1099864953
1099770276
1099639825
1099541098
1099419391
1097840160
1097770680
1097698257
1097628696
1097546605
1097450973
1096705667
1096637154
1096587128
1096490175
1096412325
1096328245
1096218684
1086764609
1086427405
1019059973
1018966996
1018846150
1018733472
1008698863
1008675468
1008611732
1008316856
1007869526
1007771977
1007539481
1005878298
1005691549
1005587598
1001710340
1001634701
1001540194
946373121
946310288
932794754
914085713
914021587
913931435
913257714
913161560
902192705
902116605
883355770
883255771
883149809
883086892
882984214
877001413
875769272
875701960
873852443
873766180
873699097
873639882
872813103
872721368
872320824
872245293
872148727
861919456
861692743
861635971
861209116
861105779
861001784
860935311
860045862
855628585
853507023
853410797
853334515
849785043
849681777
849611268
849559863
849477003
848056391
847997417
847940038
847882851
847805221
847728885
847689004
846134799
846050061
845984968
845919843
845844186
845801557
843138283
842373043
842311034
842214640
842161729
836712373
836652427
836603948
836484068
836416044
831904041
831794937
831727234
831626711
831542577
831480424
830993787
830936468
830908520
830809088
829373993
829299176
829234272
829145842
829056987
828983888
828310979
828258290
828219660
827367211
827267824
827197068
827099684
822115851
822056005
821955932
821291758
821193853
821130385
821079804
819484897
819378155
818274603
818205359
815870981
815789823
815710620
815683805
813944302
812276215
810128600
765584336
765484066
764248239
764226041
763561751
762492156
762467002
762425774
762401725
762355873
762296549
762240951
762184693
762135122
762067959
761995834
755656984
755592546
750111746
750025567
749842235
746956872
746894367
745321098
744699336
744604872
744532752
744396519
744338502
744287428
743356869
743296018
743211637
742746379
733998233
733713492
733661984
728822616
728717895
728626650
728551426
728465743
726665699
726565664
726502535
726424786
725765345
725502280
725442004
725364192
725266054
724945402
724892714
724779236
724655754
724586220
723639228
723580124
722883495
722811475
719066111
715870137
715833765
715737861
715653574
715539413
715464116
715386070
714957604
714912076
714420013
714367044
714339056
714291346
714254787
714222897
713341023
713199742
709480505
709414001
709335613
709272217
707873543
707728679
705697845
705425906
705014135
699825477
698320757
677278880
677204333
676612010
675952820
674031928
673949086
672243585
672164886
672113480
672040807
671381341
671344584
671288588
671238166
670597295
670517218
663711620
663637664
663564047
663490178
663379694
663297991
661173405
661097897
661045539
660987019
660251203
659697101
659610947
659484051
659415416
659345585
658707639
658678084
657745812
657117890
656430804
656304146
656162449
655447066
655410362
655383008
654274631
649814152
649514584
649456952
647524849
647442324
646323321
646218734
646142997
645196056
645174526
645137955
642297669
637020612
636893871
636827145
635972938
631677937
631630865
629211416
629176153
626888812
626793772
626705084
622417093
622321496
611610594
611561915
611486029
610551481
610484490
610443081
606802518
605444364
605392125
605336873
605260470
605191320
605120333
605045153
604944260
603109246
602444547
601916051
601812951
599739916
599706341
599672034
599215116
599155708
599030047
598950599
598348637
598319623
598292340
598253964
596536087
593554425
593541779
593509354
593479751
593426554
593408493
593372080
593352688
585135146
585071459
579076110
578715169
572294529
572195031
571465959
571441208
571414289
571380669
571362181
571291512
571255516
569503564
568261999
568219595
568139007
562365143
562318121
561893276
561805263
561760283
561454269
561426483
561401527
561371301
561346152
560111141
560082825
560021931
559993260
559969383
555401226
555384392
555353636
555266146
554098939
554024267
553930180
552554354
552486000
552419242
552322391
552259710
549893725
548004403
547950682
547807988
547403217
547371678
544191333
544022862
543885893
542813576
542765653
542625582
542529480
542472392
542394935
542346222
542269842
542212138
542183503
542156898
539700887
539669561
539633501
539565148
539499963
538373181
538321220
538254912
538211167
538161562
533954715
533837938
533753337
533689358
533077024
533030505
531726442
531699938
531476450
528248521
525399130
525387442
525374376
525362024
525347171
523297904
523277269
523229004
523209824
523197242
523161694
521175715
521071378
521010564
520888531
520778111
520567323
520491382
520305181
517141356
515116011
513982632
