1191541123
1193220831
1192247729
1198023192
1195489764
1192055593
1191679408
1198064509
1191933477
1195423763
1197969758
1195367269
1193130009
1193471655
1191593217
1193168470
1197933000
1192144654
1195541177
1193269061
1189722986
1191484983
1189864106
1189196782
1188159892
1190432978
1188299868
1191391460
1191246241
1191295399
1191217438
1189133050
1188067324
1189938206
1189083426
1191438267
1190168019
1190342527
1189793975
1190067076
1180266349
1187758953
1182444286
1182313690
1180157846
1183409029
1187624900
1182701519
1182580354
1187487701
1178560788
1183173054
1183286845
1183482381
1182836575
1180361268
1178704221
1180471188
1187896786
1182245553
1167155512
1172017596
1169146850
1178399276
1169053166
1171893093
1171661108
1176065148
1168971123
1167019791
1176649485
1175989741
1176411216
1169242532
1171764859
1169384539
1176163072
1176549029
1172118840
1176282311
1166505508
1166946611
1166602175
1166735885
1165138863
1162648801
1154191917
1165011018
1153970363
1166849322
1164646480
1165343116
1162504605
1154121901
1162844115
1164528170
1164457552
1162387032
1165260470
1166417689
1151638992
1146527612
1146788639
1150774786
1151028762
1146945344
1146655078
1146317408
1151467314
1150626415
1141989358
1140149954
1139747355
1140028565
1146412899
1151224385
1142121953
1139896779
1152988716
1151342852
1124114051
1139348858
1137414436
1137044540
1136907103
1139653184
1136704686
1123993619
1136802799
1136486431
1137295038
1136644792
1139424399
1124245431
1124180891
1136549700
1139536137
1124042755
1137164582
1120328398
1110432518
1114930563
1120179506
1119827137
1112409729
1112332963
1115201557
1110493663
1112214041
1119712080
1117366420
1115001550
1112271890
1112133476
1117102102
1119973538
1115081703
1117559335
1117237644
1112480611
1097157447
1105238327
1110130266
1105298806
1099052666
1096949254
1098917699
1101748801
1110068889
1110267278
1101875498
1110030619
1105195025
1110375514
1101625232
1105358559
1101458858
1097296394
1097019663
1110191934
1096771915
1094928259
1094829481
1092745736
1092877872
1092684441
1090733244
1095025889
1095163778
1091169159
1090928740
1086209779
1086058758
1086314118
1096860958
1096693495
1090582933
1094722709
1086454499
1091043081
1081887569
1079894670
1082325153
1049368475
1049280152
1082219531
1078403651
1078194244
1081991976
1077869542
1080274603
1078048974
1080155290
1049465377
1049154998
1080008538
1077952425
1049063454
1082099085
1078545761
1039428007
1046788250
1048967409
1037252546
1037464562
1046996605
1047669896
1046898327
1047276346
1039265553
1037133470
1047842358
1039998755
1047115332
1039799790
1047402622
1047767838
1047527910
1039624150
1037346594
1029816165
1029938028
1029584584
1037016576
1030267402
1030396578
1027973247
1035551433
1035392113
1030150870
1035664067
1035162299
1030360190
1035258717
1030045336
1029701676
1029452507
1029325222
1036934923
1035102560
1027621364
1026765569
1024247938
1027364854
1024547818
1024438017
1027252149
1027755118
1023014800
1027355114
1027012420
1027889053
1024835231
1024823746
1027487038
1024645885
1022868455
1027130333
1024314821
1026874862
1017213325
1022454703
1017110751
1022194358
1020928558
1020779480
1019513865
1017325104
1019129161
1022641442
1021378370
1020531913
1022757089
1020611852
1021042321
1022524011
1019244394
1022129706
1022361069
1019016332
1008123824
1016785309
1007521123
1008238984
1012623811
1007627002
1013059015
1012904694
1012771616
1008433002
1016715256
1008339342
1007976511
1016925554
1012477594
1012263470
1007764616
1008552455
1007855122
1010827449
1004182480
1003601642
999480724
995414164
1005746135
994979954
1004053669
1005908510
1003823001
999619740
1003918733
1004321947
999328236
994833837
1006063841
1003479521
1005534472
1003728259
999771528
1005658250
991077144
990840835
991361090
988987846
992619478
989107053
987384956
994675786
993013134
992893935
991182340
994539443
991271816
989282567
989195148
987227539
992471365
992765939
990961140
987489446
985241459
984954016
980507231
979866485
980140963
982602421
982454330
980412072
979313038
980269197
979388478
987108647
986984076
986894364
982739967
979979960
976413797
979515975
985109674
979442618
975861529
972813874
974520495
972931765
972602482
974180793
976268974
975948134
976061544
970741289
974368614
972705159
972375284
973010530
972491124
974238063
970610076
970516123
970418184
976170882
968533715
968917946
969996261
968677440
968091051
970189692
968797870
969028210
968377094
967957455
969886366
967650911
964423155
969121132
964314797
970085575
967818323
969196499
968237031
970321852
963997795
960271882
964099275
964211673
961938662
963878645
963792351
964295322
963040101
963141125
962415913
962190951
962299120
962102278
961790631
960516249
963683955
960384232
962017481
963084946
951178404
950334613
951590446
949935346
951086937
951006329
954210338
956104718
953877212
956311649
951723436
954034681
953722805
953582396
951457176
951378531
951289800
950216078
960178446
956206029
946150930
944033803
944122962
942681586
942559859
949617026
945812056
949499542
946018566
943778460
949511150
943533521
942795378
945715670
943451054
945899221
943680150
943932850
949801498
944374998
935125471
941941708
930993095
935609650
929290196
929161816
935483894
929533986
931246046
935219185
942343572
942244266
942109714
935356399
931579036
931346712
931446182
929433107
931121060
942466972
915794362
926661207
918779429
924010325
923263698
915645029
922398293
923348193
918861227
926529661
924224468
928878620
929003312
922203920
918972900
915924777
922004015
915845695
923805958
926404430
908664775
912870005
908508332
913017740
903007840
901382122
915437740
902615899
912776568
902531179
915521943
913772873
901340047
913671633
902741087
913852682
912945815
902942344
902860713
908288938
899390509
899073235
898997676
900602193
899148496
901299897
901259906
900873878
900287024
900929698
900985612
900487906
901175521
899315715
899260122
898897185
900751171
901134128
901078336
900411402
898291957
898787982
898571451
896400801
898648913
897381881
896535141
897329173
897477191
898465832
896820557
896629503
897143243
897213662
897276781
897430195
897021922
896895632
898400711
896706435
894593813
894132928
891456768
894490479
894344268
893918231
893101403
891803703
891349125
891121595
896307034
892017971
894772502
894676217
891237325
891917905
891613429
894805503
893778615
892116200
889045247
889413819
889277581
890005481
888805593
889924130
889639061
890776872
890908212
890865816
890058941
889545700
888750722
889787423
889863836
891023387
888889556
889146297
888972207
889742093
881492402
885658987
886095325
887928668
885851614
887698628
885749443
888056161
887865995
887628801
887967567
885558713
887751264
887427384
885970202
881319535
888005311
887805874
887515446
886043584
879308563
880899217
878425316
875953417
879224172
876409191
879001133
878578330
879086886
878270605
881165115
879393478
876563357
876134926
876227561
878689552
881017976
878849234
876320806
875827810
874382616
871148727
873775787
874311259
872823505
872770805
871240827
873702230
873981441
874189022
873651828
872478576
874296348
874107853
872417513
874595804
874453881
873871535
872682602
872615848
869219671
870894766
868967712
869140275
869051243
870772091
870559922
869506474
870681673
870964426
869439451
869283325
869369734
869618762
870408685
871077885
869578113
867761793
870476508
870359452
866068504
866145810
865468369
867647293
865714344
866098367
865376007
867543477
865640573
865000986
865910541
865862842
863933104
865199246
865994138
865799974
864035700
863970626
865919156
867369564
862067309
861824208
863593485
863298909
863453052
863805684
863230706
862206054
862149992
862999410
861768711
862030224
861906481
863884106
862111692
861961897
863719480
863662218
863111890
862121215
861171417
861574475
860173146
859780477
859621777
860967585
859543567
861076255
860207555
859972302
859897600
861377637
860128995
860083709
860036074
861659254
859707325
861714098
861472869
861290914
858213392
859134876
857541005
859432087
859050376
858265471
857322751
858315725
858961448
858011373
857176887
858152182
859239371
857269019
857683635
857433810
859331090
858093898
857784847
857913210
853838449
854224366
856067726
855654258
854094001
855050450
855218483
853623601
855916022
855277922
856120298
855975489
855749640
855563689
853723164
855843904
853971644
857104738
853908317
855129457
853256480
852247062
852477852
853459329
852042514
853374182
852288452
851879698
851695769
852381719
853319090
851952929
852171774
853216796
853549975
851785726
850738478
852422897
850703762
850681527
850637088
847746757
850308294
850399449
849595860
850454229
848252608
850528876
850026287
849708143
850215120
848191623
850577083
850333819
850494098
849792414
849967113
849899804
847887276
850094676
838634142
840623597
838359851
842674633
838738678
840704031
840864423
838538003
838438520
840531031
842493250
840432678
841061409
840787321
842579356
840941691
847680743
838830146
836808354
842423749
832967808
831416146
836653146
834881392
834798937
834967418
833130057
829608104
832905220
829398016
835084383
833423227
833065405
833318512
831508375
829299948
829215366
833208779
836588310
829498144
823844386
820403154
820367800
823927989
820050434
823628372
827683981
825515145
823557377
823490829
825430256
823437871
820226137
825611207
823717667
820144700
827602348
819966408
825448989
820299239
816569643
814636992
819872147
816406612
818004056
816492537
816339427
818187478
810750826
818061429
819803326
818117649
816290110
816227847
816163416
814791003
814560177
814487292
814408975
814717897
810143626
810225121
810591799
810093190
809999863
808765802
808404927
810483285
810737443
810041511
809929101
809796885
810606975
808865275
808682429
808595818
810301973
809869600
808470639
810389960
804949550
802968086
804848257
803049160
808079641
808235250
803145953
807946087
804642110
806364926
808004830
808140048
806310119
805207144
802865821
806063672
804738359
805134361
802696038
806159284
800241502
802200916
800686033
802496648
800480531
800161413
800996700
758018532
802152218
800373119
802558650
802398958
802313827
802266438
800303930
766130280
801196688
800890886
800762563
800574659
757486536
756290417
756028620
756141162
755869825
757735928
757844772
757395011
754320393
754230014
754159298
755783870
756226563
756365777
757938037
757624681
756069891
755725564
757580893
754399342
752323618
751570064
750804569
750753965
750575058
750490238
752077604
750958370
751517131
751629218
750662330
753923315
754010903
752004808
752224977
751449296
752527899
751691962
750859384
752433188
744857687
750422035
750175053
743046605
742948795
748713125
748964179
750343988
744438771
744383949
748631169
744790511
748784012
748867442
744506883
750078236
750010653
749942421
750254160
744684843
740945098
741287037
740795658
739046020
738881583
742742784
742608408
738760788
739248428
741192447
742664464
742842535
741100494
740881052
739167746
739418058
739326582
738966706
737740534
741018691
721082144
719461624
719389194
733588712
733657086
733702676
737660698
733401390
736252269
736201424
721498812
721255656
721371609
721155479
719534550
737057678
721434310
721599951
719185118
733517945
713540968
713449380
715661894
715738140
715201572
715586326
717257791
715440550
717119628
716989805
713852551
713759221
717187496
713697210
713344722
715499606
717363371
715362396
717449575
717536793
711691054
701844832
713274900
700254735
709454837
709664848
709565039
709799953
709360834
701723658
703747667
711321794
711582453
703649289
700481397
709851354
700592572
711439582
700368750
700555197
697690104
696276662
696497130
698586976
699875002
698367063
700105818
698681911
696141561
698636211
698136279
697801187
699967747
697625223
697999597
697886807
698234683
700179790
696386988
698500318
691598732
694363247
693849037
694216224
693607941
691698487
694514553
693962176
695948847
693759305
692080379
695873166
696038848
695776683
694026896
694422393
691951183
694125389
693480219
691795935
689416094
688940722
689314041
689257123
687451334
687258203
686968711
687152909
689726966
689180851
687072624
687531601
687616795
689055879
689499098
686885924
689617792
687239671
691477460
687362340
683420487
685495633
685846621
685584928
685415378
685203977
685140266
683778247
669329981
683679960
683493923
686786610
685747176
671091271
685655189
683869010
683584612
683322479
685067473
685323682
668775353
667379084
669187987
665059539
664958950
662960695
667282898
663091035
663294286
664825679
663483423
663573509
669265107
665467227
665375099
665288484
667168603
665199051
663405270
663194458
661267906
661603746
660009670
659635731
659928770
661179532
661335013
661068881
658266991
658346794
659426107
661444321
662850654
659829024
659756421
661120302
661677605
659529283
662758319
661506739
657946971
656670978
656334663
657853173
654410687
654814313
654544584
654338251
654920924
658162476
656243288
656570931
656526920
656411046
654712180
657759548
654617248
652824011
652761803
658032486
650607903
652256664
649577913
649330270
652664983
650883932
652364209
649452575
652411485
648685584
650813170
648618632
652595880
650748544
648574446
649520216
652500407
650962528
650677741
650465719
632164050
647869939
630367101
631985851
630109734
647372647
632256642
632073554
630776736
630684705
630540985
630449002
632310731
630644876
630190763
630288132
631922687
629947326
647819211
647245967
626836107
625278587
625542870
625192226
624030605
623981816
628435180
625451519
624845942
626742700
625033977
627097269
624813356
625360875
623870161
624987243
628348864
626938594
625102150
627024020
623787783
623656886
611403319
607764102
610979269
611565289
611500362
612855193
612940448
611348744
610877635
610842047
623715891
610916878
607817071
605305725
611281422
611206505
611169903
613019662
603170284
603107926
602929795
605227462
602873292
604471124
604325180
604755037
605034471
603301551
604364232
602981471
604646042
604936672
605110864
603373457
604424788
605173295
604822218
603234426
601796403
601727437
600635986
600516714
600217313
600116461
601861576
601528997
601439902
600161928
600070458
600030656
601588571
599537209
600575341
601432847
601545388
601472726
600709400
601932465
598676793
596110328
599386785
597147862
599458578
598761035
598603422
596953030
598638325
599095852
598723786
597003654
599197207
597090336
599255950
598085746
599102523
598802966
598026417
599321171
595339694
595614359
595390838
591270642
595759503
595937091
593929513
591499872
591409733
595237536
595838486
596017160
595439680
595299062
595201110
595670264
591352454
595168231
593996756
591587741
578684371
578819896
578541641
578754899
578480871
589840824
578416694
581208352
590171413
578943872
589976590
590052686
578622806
581219770
578336311
590210381
581166535
578882659
589918842
591209600
575399260
575495025
576279153
576927207
576118081
576846863
574298105
576338310
576377063
575160990
575289852
575656748
576937990
575580907
575233468
575931129
575768439
575844545
576007364
577004160
574122786
571520618
573275974
571547862
573427188
573735505
571609770
573166143
571638913
573877299
573989950
573216044
568032868
573818772
568280961
573334376
573491933
574049640
573631722
571678156
565190030
564619944
563703778
563591141
567933920
564687108
564813404
563789918
563875081
565404935
565248905
563934001
565108710
567869644
564009880
565329653
562997737
566191954
564741632
565038852
560706781
558884851
555693463
558996351
558150730
562351801
559673746
559467178
559550175
556282940
555902644
555755435
555839072
557673012
562414366
560992907
559610945
561999368
560900130
557625023
553065555
552500268
552351353
552547704
551520014
550962140
550868001
551654105
550759277
552600711
551596966
555640474
552096301
555319016
552024756
552280898
552187639
550271742
555523581
554697642
544878766
545757053
547002215
545239083
544910705
546965055
546272334
545621780
545042548
543883289
544970446
550168625
550159500
545541505
550202754
545107330
544828604
543640212
545346040
545673678
541664763
540804791
540380832
540585561
540417821
540662725
540495716
541903686
543532538
543234730
541023105
540914950
543593395
540711351
541631359
541071759
543285608
540854161
540524055
540450889
539443487
538346564
539783765
538420327
539147562
539076463
539619987
540335732
539229795
540307705
539175938
540354153
539202664
539045464
539319062
539116562
539543419
538487478
539261524
539842582
536995769
537837702
536731161
537805460
537126610
536891086
538167030
537869773
538007701
536951617
537772623
536699179
536843764
538259410
537702894
537070138
537171853
537898724
538269697
537963220
536600013
536141396
536318953
536196865
534721390
536233479
534782984
533587867
536274112
536638251
533664402
535014404
534972785
534758807
533848994
533783021
534818331
534922055
536577516
536542969
533418044
532720480
533468792
533364347
531995313
533327598
532448407
531942457
532664777
532253439
531967267
532493705
531200226
532571923
531300715
532320152
532018780
533526537
532218585
532077422
527812813
530044961
531099907
528595795
529071621
528988047
530094972
528529788
528485483
527750199
529212401
529989197
528874503
527651328
528638409
530014216
529138797
530140160
530913042
527705058
526351252
526055803
522602097
522223242
522319608
527539856
522080898
526169358
521957573
526260780
527592546
525990431
522473367
525876680
521861446
527454588
525924772
521976540
522382132
526111190
516152401
512863751
511772949
513263361
511164609
511822981
509534471
516503635
516330506
509423016
521768812
512932606
516559423
516269669
511878148
508425200
513285505
516209627
511734630
512968846
501758225
507442363
507004152
501862826
506370591
503998297
501696471
507097496
499067859
506626455
506913591
499321353
507478860
504840770
499036741
508307966
504445960
506813633
501947935
499359673
493016599
492893240
492852621
493186784
483226436
481647677
496446485
480487706
492926199
480654217
493077773
492791523
483279299
480442750
480559916
494487784
480717061
480355401
480608949
480399917
476734372
479135055
474899651
476669525
475024536
477819401
476568811
476823575
476627150
478124493
478163498
478072043
476894611
480325710
479172883
478218590
477751047
474853620
477701907
474943359
474290671
474354300
472642255
474229085
473365570
473757673
473687831
473903794
472919033
472837806
473825663
473835873
472872386
474085847
473316392
473412466
472832658
472716587
473980226
473632468
471017049
470677112
471299387
470605701
469855430
471388182
471381943
472478283
471230906
469504272
470940939
470874055
470714508
471106610
470935914
470639776
470567733
470762508
469545020
471158323
467854077
467875133
467752078
469428058
468211057
468176240
469397599
469355595
467804038
468243768
468648113
468578028
468440281
468387410
469376705
468150349
468507150
468122928
467847270
469466084
463400627
463256335
463029209
463457057
462789169
462408661
462303581
462275877
462323007
462432708
462902477
463188995
462396298
462358483
463111382
467724110
462975138
463331988
462842075
467688676
459220101
458673968
460336981
458684893
462086859
461969308
460680593
460193064
459161626
460255679
459295554
459082231
462122756
458599022
459423186
461910361
458568216
458629027
462031721
459348543
458529138
458390625
457895854
457626238
457406342
456631860
458412525
458437378
456684814
456731606
457827218
457748875
456471817
458496800
457241719
457686362
457541862
458475714
457467932
456672677
456102709
456048300
454496547
454810746
454584829
454907946
455891067
454398509
456425364
454179048
455973563
454756837
454687990
455824097
454258493
454338707
456309078
456363433
456196823
454120756
453529618
452763538
453503165
452030647
453270442
452877424
453005900
452946718
454075068
453326461
453373263
453084634
452600844
452062073
451983273
453408699
453135567
452681372
453453471
453195670
451791227
451391748
451241412
451523905
451956170
451730301
451661168
451462950
451902462
451843481
451250673
451329005
451200753
451171968
451594418
451973909
451186838
451155640
451107381
451966958
450761464
450326072
450030526
449874936
449891336
449752338
449808106
450906922
450769677
450106929
449650893
450724420
449601814
450252717
449945173
450161250
451034023
450813186
450853741
450958860
448779807
448637462
449388972
449312078
448794663
447503288
447444225
448765523
448321500
448264354
447542574
449276324
448214959
447453364
448505612
449356149
448572796
448455338
448384283
448445121
447108694
446945144
447338016
447022928
447125253
447101093
446778405
445534134
445572997
445369256
446683764
445291649
447306036
446851359
446524591
446577873
445516454
447389160
445447651
447260387
442761063
445066928
443858963
442717991
443802532
442580194
444937624
442840703
445137676
444243879
444379216
444292643
442672845
445210216
444861346
445220828
444191426
442807602
442622620
444345156
442254045
442010008
441810278
441757189
441369173
441134958
442322079
441285039
442484083
442178888
441920158
441329478
442392060
441230260
441981859
441297642
441183232
442384609
442501663
442099439
439007620
440124612
439531278
441085854
439864067
440921047
439484758
440045226
439974992
440201446
438804861
438974110
438849974
440295330
438916958
439829091
441054477
439711292
439050856
440997629
437225206
437536092
438500254
438042230
438621878
438141013
437598513
437130501
438352644
438069477
437657735
438758386
438683145
437581255
438575680
438288464
437629166
437432278
437493133
438438954
435905202
435401399
435208678
435124407
435057641
435810063
437056989
435722470
436757281
436679322
436656938
436960013
436178818
436869635
436134026
435503080
435614269
436083210
436021668
435296004
432821917
434365428
434315371
433947439
433751710
432846911
433533908
434260912
432644715
434047999
432544554
434206718
432752257
433654833
432471697
433834416
432590890
432335002
434103192
432710385
430851026
430784549
430665612
432151148
430555896
432212684
431021917
432274790
431245047
431198859
432087621
431985228
431744541
431072493
430495991
430910048
431792095
431298152
431874510
431138205
428798132
429930474
429836650
428698733
429888573
429437751
429786827
428762369
429682265
429646918
429535803
428671367
429599180
429117726
429224612
429386382
430436770
429734310
428732872
429310914
425976219
427613362
428119033
426092208
426512848
426137401
425967254
428055422
428288153
428217948
426026027
428596897
428352525
428007744
428643578
428479724
428545797
427698544
426402470
426304563
425298566
424155205
424785049
425002424
425423581
425165468
424910302
424025222
424263415
424348170
425231501
425618098
425581868
424546032
423962465
425030120
425366106
425534899
425479203
424680169
420970951
421071993
422305935
420808751
420204584
420092097
421954152
420292692
420464538
420370661
420912005
420726978
420030464
423868536
422514333
422407953
421157246
421772943
423774103
421872318
419390192
419089736
418974542
419458561
418872411
418821792
418632190
419017591
419121395
419434724
418671984
419506233
419479604
418586396
418552597
418916353
419183629
419219354
418706006
418762027
417660511
417460876
417614136
417995678
417426406
416883582
418094876
417753658
417490059
417700905
418049018
416932591
417878713
417809979
416973673
417530160
418153253
417564999
417399608
417936671
414028446
415844471
415879153
416460557
416809876
416597682
416371417
416342640
416321218
416396915
415686899
414014474
413966844
416552121
415754322
416424813
415637510
416816573
415573971
414079982
412570574
412383942
413205828
413149266
412931055
412697234
412597518
413284556
412888422
413931483
412426300
412460727
411813901
412650288
412523320
413343172
412489710
412841028
413064214
413006873
408035932
407094460
404528569
411630759
407490038
407063748
404435354
411688424
408122893
405150886
404345742
407529064
404380174
404569921
407018487
411766434
408092740
405092933
407431606
404485548
402563106
402797601
403728886
402801716
403835544
402703872
402628582
404324120
403671174
404214103
403783514
403617882
403544100
404275905
404254515
404235852
402281670
401550566
402738095
402664694
394772625
401476099
395304153
394732088
398072149
398157257
395316001
399077794
395258490
398965625
396287919
401348645
396202816
401299895
398003071
396140940
395173854
401416870
394842339
394777789
388807762
390654823
390422796
388720522
389167538
393657106
394687870
390553564
388901296
387546558
390566670
389224972
389298875
389334012
393610834
390618480
390629605
389050113
387183862
390508499
386936449
385957477
385762890
386862009
384519526
384428387
386468783
386011587
386699388
384987461
386091314
385905652
384865609
387031175
385805294
384816932
384684768
386330227
385135030
386559459
383569823
383903032
384261263
383756492
383809587
383974878
383678810
383509976
384053934
383939106
383839679
384127770
383448520
384013493
384113451
383870530
383781116
383641181
383388411
384154965
382856184
382213341
381528414
381473585
382027558
382219409
381958289
382960878
382318328
382103793
381426960
381543521
382830960
382152222
383319981
381510946
381496448
382885669
381451756
382914323
379481487
380201751
379553041
380241466
380676696
381082764
380593634
380271130
379920378
379517295
380609506
381134167
379457404
380566351
380720457
380088536
380306317
380148960
380642569
380341512
378960960
377764825
376798486
376740863
377938999
376852797
379368242
379048284
378275081
378798301
377797498
376709269
376663218
378329061
375416239
379003420
375005370
377912982
375949491
376631029
367871690
374843634
372414414
374795032
367842957
367784343
369950085
372355006
374951213
367917671
370036550
367996468
367986771
368415584
368488979
367755070
368558750
372284305
374913093
367980219
363760791
364680319
364972182
363672206
364786174
367344832
364912246
363719963
364602852
364864977
364741188
364484096
367391784
363627422
363382815
363293948
363585395
364554742
364036497
362908274
360109342
362179157
361227529
362889891
362861032
362556600
362373035
362223148
362621335
360880153
360721605
360541412
360061243
360607921
362435589
361896889
360995570
360909446
360664285
361318931
359801833
359981089
359350341
357919538
360041994
358164695
358756734
357965204
358669516
358597445
359933028
359868362
358835525
358727488
358117930
358723641
358792070
359728279
358237616
358062762
356773380
357346271
357512009
356308924
356265091
357295981
357075155
357125991
356928432
356714772
356967097
357243291
357111060
356812579
357891889
357421853
356770057
357172155
357470395
357010438
356177192
354976756
355702955
355667048
354888029
354745879
355629947
356104523
355799736
355163109
356013818
355585005
355044771
354814217
356061563
355102264
355847809
354710376
355907496
355967816
354644657
353444955
353124882
353317254
352432434
353615308
353550980
353502508
353693424
352368729
352228300
352491399
353739549
352555013
353287271
353151084
354584900
354533157
353386308
352176702
350841330
352039270
351087892
350997098
350375482
351179592
351983828
350638009
350433995
350318226
352090932
350700495
350472820
350910882
351275462
350549287
351190331
350773914
351924705
350931297
349665331
349592155
349927522
349158050
349123822
349093404
349795609
349050752
349737116
349221578
349843306
349480310
349278979
349524864
349532818
349884719
349334366
349274439
349401978
349067876
348027729
349024990
348427632
348067838
348523737
345680615
348478393
347249151
348106734
348314045
348177388
347995515
349001830
347961490
347344106
347337502
347286885
347183319
348256930
348377993
343683030
343599283
344626469
345578472
343400104
343283700
343243576
345086438
345023493
344838486
344762979
344888514
343525753
343919179
343817210
344722011
344953976
343329451
342445500
343765043
339976389
339558680
338915275
340128178
339927908
339733033
339788721
340079341
340035530
339019472
342363103
339687208
339602671
339521822
340834192
342253215
339850373
339629721
339488518
338993909
338654212
338443506
338609363
337486928
337684240
337519034
337915706
337951950
338416935
338796425
337608032
338714578
338861084
338094033
337622398
337743191
337572288
337807617
337848170
338026096
336803315
336622629
322080906
321158076
336865781
321332568
321075592
337445701
337365355
321214026
337384421
320973763
337416531
321018083
321372162
336914973
321291190
322021053
320937126
336751988
318891100
319866183
319935045
320101727
319248673
319829103
320324656
319410271
318942655
318737701
320164994
320252905
318704870
318822070
319349652
320225259
320031666
319298732
319893726
319973480
318593531
318016654
317759397
317712290
316880513
318618866
317934476
317260249
317866745
316873544
316803019
316756453
317294134
318640741
318547281
317652284
317373484
318672450
316910312
317806049
316554105
314492095
314568771
314431469
316676895
315520929
315638254
316624455
315456103
315248432
314537633
315285151
315356213
315135734
315037525
314701620
315196201
314680835
314658684
315593599
314201412
314375315
313979695
313269712
313192339
314315781
313329864
312957040
312934624
313078247
314082668
314257843
314125630
313952135
313927646
313123723
313021543
312979933
313462000
313396293
310739575
311440110
310690405
312377865
311804401
311462301
310513099
310792188
312451087
311823686
312206551
310614190
310571233
312273445
311533682
310649209
312544757
311395136
311335664
312498631
309332950
309222275
309188186
310476669
309286338
308623221
310455675
309850621
308631839
308492332
308385989
308673666
308567404
310375894
309439057
309776716
308455105
309481913
310406527
309388051
306838847
308240654
306663778
307549362
308345277
307288106
306861050
308174493
308140444
308272847
306820849
306695894
307207400
307415184
306778310
307474899
307273721
307512603
306803180
307365991
305873890
306614787
304231859
304641444
304575289
304330350
305878410
305726572
306560726
304442449
305831124
305559919
304511423
305304976
305671858
305881276
305781504
305605187
305256518
305846412
302917528
300366203
300430474
303314394
303081218
300490964
302851308
301410156
303256877
304160900
300320026
300200782
303196753
300276151
302793354
300536295
300231216
303150863
301348350
302996185
298352103
298472020
299160754
298414189
298519971
299321443
299454640
298571243
298294729
300143183
300097595
299045113
298246187
298111359
300020339
299275768
298197859
299408068
299100380
298544256
297153476
297314692
297474724
298051421
297409931
296375789
297542800
296420890
297967213
297113099
297934851
298005765
297445673
297892848
297512186
297059100
297591781
297574065
297016647
297251169
296105278
294971321
296253827
296060194
295928487
296324000
295180317
294694038
294656615
294603979
294891754
296203862
295959272
294734024
294931902
295252553
295116291
295044910
296018474
294796419
293957452
293914707
293554211
292562018
293796324
293688999
292702797
293858010
292282468
292630401
292821526
292321033
293747172
293625880
294173098
292777843
294132378
292421417
292248302
293633600
291580296
291261869
290282297
290227480
291002871
290920921
291303511
292199951
291193210
291488415
291531935
290346440
291661849
291624710
290853238
291358370
291074948
290968456
291429216
291123531
288645064
290011829
289157499
289942242
288573924
289110919
290163549
289802443
289069818
288919968
288782199
288734976
289717195
288853789
290108738
289002939
288594271
289681242
288536251
288691241
287034041
287793543
287961413
287722493
287716285
288151368
288051852
287711440
287668234
288087251
288190815
287848277
287565735
287910936
287618463
288229860
287529550
287426622
288003795
287475752
286969051
286225318
285551889
286533003
286386486
286605457
286202042
286275266
286117580
285596876
286860031
286910550
286152280
286794380
285652644
286664209
286443087
286333796
285470409
286731413
284115532
283474734
284210520
283377682
283423878
283332170
285344310
284397152
284157792
285229106
285410643
284512135
284562321
285298653
284671307
284518322
284274049
284610360
284334364
284462770
283203037
282088186
282387405
282902599
282186420
282867462
283045348
283262491
282966263
282551939
282435111
283116094
282827709
282317156
282802333
282511561
282240967
282470788
283053770
283002790
281809267
281884097
280742850
281844470
281173458
281712929
280970455
280783071
281936197
281737536
281771041
281218353
280871102
281912849
281253854
280828019
280923169
281087253
281038243
282016444
279923135
280661571
279590392
280630140
279976212
279467150
279761716
280046599
280599323
279696102
279727828
279820679
279618363
279562244
279531453
279501707
280697295
279871853
279655566
280083947
278579102
278481166
278437964
278544156
278370970
278335899
278296499
278685454
277572331
277484383
279443888
278399402
278797147
277427230
279422052
277696924
277641879
278746931
278639968
277370737
276451277
276180719
276001250
276381019
277015882
277260081
277299201
276274065
276322598
276048293
277041335
276237998
275974900
277152255
276132624
276081877
275941693
277211839
277131843
277098468
274985188
274869164
275131574
274792692
275908845
275290449
275876232
275247873
275823409
274821299
274188795
275200003
274125316
274033011
275363240
274923919
273970489
274954509
275854414
275058482
273609280
273752570
273715521
273638663
273003312
272953525
273878639
273575973
273839219
273789553
273697021
273937415
273551740
273529406
273662783
273054974
272895355
272808207
272678969
273635891
271249383
272312923
272510569
271483394
272344298
272392294
272637455
272519952
272371756
272281679
272593047
271419828
272463221
271384755
271342063
272428863
271295566
271551070
272627655
272564296
265818580
265411256
265611798
266534041
266499353
265797286
266573232
271222794
265781790
265725266
266582740
265847465
265572475
265535654
271185492
265903000
265643937
265482161
265875680
265757375
264834462
264716853
264637319
264782215
261521347
264677125
264548628
261559863
261541757
264657412
264580085
262234121
264607629
261648049
264740329
264695880
265380312
261673922
261618110
264808560
260275979
261244957
261393373
261304402
261204986
260490407
260425319
259502822
259479660
260558562
259533762
261161646
260467278
260449508
260348348
260233209
260534341
260394965
261346713
260519231
259266158
258839268
258308837
259406681
259122613
259420277
259016291
259348527
258947187
258372373
259313344
258269659
259438910
259390207
258898857
259063343
259170676
259225079
258217366
259455534
257955248
258174689
257176808
257317987
257351085
257397229
258066841
257902903
257423577
258113979
257286632
257042938
257208532
257134557
257786246
257942360
258141478
257244717
257372065
257088317
256129630
256096059
256006024
256934955
256929190
256161090
255925283
255971027
256821390
256248728
256191751
256269670
256043172
256225178
256981313
256759290
256292776
256867928
255871186
255795363
254926310
254017477
254839062
254995668
254795747
254723751
254661908
254558498
255698578
255096644
255748269
254613358
255041437
255168977
255660070
255120874
255146180
254881780
254607854
254493320
252775876
252885043
253022969
253725565
253912376
253877756
253670307
252836941
253986770
252745526
253620382
253492662
253767792
253441041
253529751
253589555
253047976
252973817
253952287
253818800
252475173
252672108
252713436
252580288
251971566
251805199
252431891
251229406
252342935
252389588
252027954
252411411
252000009
252540544
251932400
251215008
252506352
252375236
251858889
251756674
250055550
250007600
248922060
251154522
251200390
249754903
251184859
249533686
249481900
248552928
250136211
250717378
249567682
248524156
250192411
250099185
248996616
247335224
249603474
249508051
245300201
244854642
246479210
247005338
245263158
244830946
244698413
244662800
246901894
244541247
244778842
244508600
246504191
247259960
245433861
246452754
246849773
244808737
247300784
245393688
244067448
244573480
244099731
243756973
243981925
243922126
243703515
243615721
244415038
243803159
243771128
244023640
243877524
243838280
243763813
243732545
244623936
243655946
244480500
244442952
243276534
241419796
240390655
243105051
243246508
241351651
242290061
241270061
242263643
243054734
242861926
243194611
241306015
241233378
243559805
243529238
240470413
241185014
243153437
240424981
240206976
238156023
237772410
237348718
237805864
237375165
238094307
238046648
238223950
237319938
240177325
239412128
238261554
239395875
238142951
237414765
239565377
239518308
239458947
237760027
236247129
230850719
236880638
236798923
236396073
234878668
236198492
237287757
236812898
236751851
236768754
236456007
236422235
236732365
236284730
235688904
236907227
236862966
236833835
236161453
225222497
230634449
219742382
225196774
222967568
205358513
222596411
219778097
219760320
223683655
222379073
205921671
222633666
205207916
222437585
220883222
230815278
225171554
219802104
230667941
205009696
204705856
204602810
204723682
205078800
204656191
201471169
204275763
204644480
205048824
205162732
201485425
204336578
204586699
204626405
205133631
204679697
201504923
204372250
204576292
199846706
196852205
199867644
196869587
201212104
201265294
200684969
200202220
200654004
199092272
201327268
199129120
199038783
199909531
198981685
196758469
199135734
201239834
199807993
196822942
196674408
195809503
196122381
195547084
194859250
194830572
194487777
194460960
195526553
194698777
194729274
196087684
196164627
194448214
194781860
195463077
196714711
196718585
194541896
196638841
193308087
193214879
194416489
194137534
193244157
194014863
193129991
194405153
193427680
193158202
194054727
193090144
193569859
193335207
193967555
194104817
193557483
193366694
194438048
193220675
192595864
192661199
191925198
191898198
192970976
191955169
191772767
191814991
192181900
191479648
193024634
191280739
192547726
191297089
192663826
192505168
191942032
193059071
192629717
191973823
187549584
189865073
191270845
190509279
190479710
187589183
190533839
191027471
189846449
191255330
191155542
191125547
190984981
189825687
191193909
191092627
189788977
186625547
187307403
190435231
184269275
185844506
186445910
184099193
184210497
184294344
183980901
186484090
184325362
186542258
184913186
184879085
184947023
185892277
184008609
186417431
186587976
186487988
185928687
185804025
181056258
181797267
179819945
179757962
179713208
178891162
181702095
180145311
179543576
181919188
179615334
178452603
178413232
179650013
178494328
183947686
179682007
181014486
181761969
179515524
175016542
175318810
178128144
175087818
174950618
174934462
174997308
175165095
174915849
174903498
178384445
178165704
178081078
175066695
175126367
174964527
175229889
175282019
175203185
175350071
173341001
172397306
172265450
173206930
172019756
173272555
174363080
172204242
173811584
173160893
173638650
174481831
172884385
173244514
172840533
173300064
174349377
171995472
174406773
174268933
170691091
170776829
171962725
170853111
170400937
170457136
170556829
170055574
170381910
170081519
171139085
170627550
171645023
170657097
170486580
170416683
170118729
171115950
170821850
170716302
168967676
169718006
168563105
169211880
168687742
169936750
169292089
168977582
168775640
169696563
169492944
170033904
169177907
168573126
169734725
170000683
169458006
169090028
169977320
169139247
166858111
164799550
165705416
165634333
166813763
165698591
165673800
164838663
168349076
166825260
166257496
167153819
167141775
166372281
166201267
165724880
165238133
167911110
167109431
164870162
163997432
163647234
163503000
163163380
162837744
164629842
164591385
164332713
164021812
163876123
163135255
162789312
164238736
162862588
163541275
163619833
164280537
164260314
164303584
162751425
161887385
161109797
162308260
161823098
162488226
161932677
162702501
161154116
162336514
162643052
162368348
160190004
161853119
162284886
160654689
160196388
160911519
162060106
162666610
161120364
157766309
158825249
157740398
160133023
158790453
159064731
158968995
157303809
157222070
160156958
158805949
157998191
157208743
157187809
159020377
158929933
158871396
158015064
159968816
158848046
151718400
152528294
156941134
154976861
157171846
156904499
153047597
152304241
153725446
153113950
153110832
152291360
154937276
154451497
153710593
153032092
153052304
156864565
156851493
154472041
150873827
150970195
150916282
150175802
149943276
150794349
150701249
150171707
149981296
151130776
150764349
151583897
149919186
151621913
151572918
150724219
151089153
150713455
150046760
150743470
147763697
148358325
148372347
149092795
149819454
147740344
149066437
148385421
147751524
149243605
148402815
149883000
149792299
149082203
148345985
149800255
149842719
147767730
149216607
147748755
146418787
147698702
147022499
146403478
147359166
147034141
147052724
147707353
146389290
147180218
147680251
147690108
146275504
146376958
147160659
146379018
147727393
147032203
147093058
147208961
145288103
144416379
145584337
145657339
145598572
145794261
145355469
145200482
145145965
145710532
145615220
145272965
146248105
145230774
145096299
145679788
146183210
145324556
146223812
144471312
143476152
143841982
143868366
142735169
143978963
143500757
144046002
143952206
143448603
142859809
142798565
142762205
143561211
143925741
143891527
144389590
143864812
143592954
143889868
143854136
142726378
87246387
87360525
87446754
142213388
102456747
87397388
87363589
142149680
102514310
102495203
142244896
142702770
87287214
87204617
87106479
102408890
102384537
87461778
87424274
87060292
84682379
86458007
86588584
86528228
84651076
86412059
85867553
86030942
86580665
86433748
87036864
87081363
86435731
85983627
87058677
86340691
84722836
86494396
86003272
77476490
76532361
77443567
78139261
77493982
76605381
77925405
76855176
77428103
82867611
82839730
77911302
76567460
81464816
77455763
76592503
78099975
76866410
84595468
81499725
75404669
75799957
76434353
75352720
75811902
75790566
76428757
76477917
75851637
75842817
75792213
76454916
76507318
75862875
76416332
75382697
76437473
75434368
75830654
75818610
73623706
67545559
74186348
74241117
74228455
73633759
74172667
74622338
74662485
74673230
74780820
74694456
74650300
74633809
73732924
73720606
73645331
74804516
74764694
73703982
66208064
66824099
66875090
66971319
66620745
66649369
67051661
66598128
66580375
66927559
66199433
66913947
66990489
67034608
66856366
66950318
67066950
67084731
66894592
66634713
66090145
65877399
65868059
65900694
65300328
65859640
65514198
66106304
65375429
66131348
66065060
65315293
65329069
65493754
65349869
65285856
66156691
66184525
65494937
65265638
65185826
64861867
65128402
64895904
65246681
64374573
65154189
64358436
65111589
64913200
65200912
64928103
64390049
65141257
65225081
64961806
64622869
64947559
64418416
64403894
64339648
63078213
62739119
64240750
62764748
62717462
63517511
64316423
63204644
63066932
63241303
64288485
63185959
63164918
63226316
63052900
63538851
62956369
62813309
62788451
56821064
62299733
58712759
57246678
56832194
56757913
61299706
62697537
61820516
56809911
61769260
58803790
56746721
61849667
61870561
61751229
58773653
57851529
57476535
56844266
56731185
56727915
56342610
56356394
56317754
56519380
56290104
56256313
56245693
56372765
56739594
56726106
56302684
56113814
56330044
56254818
56543712
56263664
56265078
56093513
55105216
55865069
55335986
55325569
55084395
52843458
55313855
56072737
54967089
52815684
55008200
52731112
55833132
55032872
52725154
56054883
55847442
52737631
55055751
55901609
52691945
52409578
51228232
51647943
51999495
51986460
51618514
51583601
52709086
52436780
52718571
51400381
51638836
51993411
52020236
52005693
51577138
51569568
52391591
52699144
50207000
49596046
51218756
50624073
50111181
49922307
49800954
51147588
50632091
50181731
48912030
50349850
50688616
50419675
51210953
50646478
50193243
49935144
50668068
49790531
36100847
37546519
37107482
48801500
48642784
48623598
48900228
37557723
36078206
37369391
36070673
37103486
37113046
37568996
48813581
37320788
37384432
36258166
36105209
48878678
35811738
35865413
34086344
34063457
33763216
32934017
33067060
35885467
34073515
33088690
33067515
33076490
33064854
33102518
36028891
35857778
35879902
35819591
33111790
36036525
31411417
32862919
31425048
32838284
31466927
31458316
31392381
30699809
31439307
32903947
32875928
32826544
30719188
30686276
30730327
32942174
32928509
32912523
32816311
31478635
30659512
29717685
30675164
29345465
28994340
30519199
28984472
30505224
29623458
29354153
29387147
28914626
28888573
30655353
28901366
29161661
28952295
28960004
29629548
28971554
28521223
28757762
28512430
28191186
28670390
28662426
28631767
28738853
28748021
28652706
28528508
28255572
28233202
28730080
28642020
28267238
27793321
28502790
28187859
28766716
27438939
24718781
27710708
27038733
27012271
27284067
26627447
27717966
27396832
24707474
27266583
27789578
27024136
24702233
24648891
24904081
26230346
27448806
24714099
26237987
24624182
24227038
23949643
23776909
23768777
24504215
24419520
23876978
24237917
24425013
24491260
23918159
24303430
23927111
23908767
24230936
23900632
24292052
23941787
23781607
23756892
22536812
23739387
22690049
23568234
23682445
22681644
23676416
23670394
23459979
22542206
23263502
23267198
22676634
23576479
23665110
23688529
23748657
22710152
22699299
21480243
21459760
22510484
22504841
22514858
21475794
21491701
21467457
21464235
22433028
21538839
22425076
21470726
21348678
21785689
21661401
21343151
21484138
22417963
21793227
21166298
21188892
21093181
21332609
21313965
21306026
21203373
21171461
21212704
21245487
21207836
21161550
21317762
21005647
21174653
21310315
21158452
21016393
21239805
20998550
20337970
20349922
20482015
20496877
20493958
20478331
20431639
20396050
20334149
20565899
20487278
20558700
20390832
20364626
20345017
20356433
20411108
20418536
20474911
20424407
20165006
20276508
20259822
20243237
20173089
20268788
20157878
20151933
20128989
20052685
19995964
20136105
20001560
19988425
20145487
20141243
20250582
19993069
20043241
20122061
19968536
19958878
19971708
19952223
19810626
19975508
19962219
19850803
19807943
19982988
19841900
19815423
19822968
19978896
19803964
19797617
19801453
19965152
19955385
19838176
19727277
19664979
19637087
19719498
19671374
19687329
19655732
19518219
19748971
19712881
19681218
19648458
19645625
19753796
19676857
19652178
19659182
19641280
19583038
19634547
19375395
19302778
19451217
19239910
19368903
19411125
19174781
19234040
19244762
19223772
19506544
19220261
19249040
19405608
19381926
19513229
19445945
19385992
19371834
19279228
19083735
19089303
19168849
19094103
19151867
19074759
19068036
19017541
19162853
19059277
19051628
19055314
19065333
19024334
19029978
19119570
19157006
19011796
19071358
19061578
18858402
18851968
18979159
18955646
18952101
18904164
18865294
18897201
18972146
19001480
18995812
18873270
18966340
18961621
18991445
18992810
18985738
18905273
18892365
18884621
18639227
18806045
18833137
18725059
18704891
18690878
18626737
18840791
18730444
18561232
18735405
18544712
18632234
18541126
18620259
18554527
18712405
18815374
18718080
18697299
18316439
18535498
18224211
18475761
18527930
18456969
18322324
18307867
18284313
18280134
18193074
18311711
18468979
18196962
18179524
18202637
18176341
18461807
18453387
18127995
17756112
18109900
18041374
17801286
17768670
17745799
17613954
17609622
18114915
17782992
17774624
17799225
18046794
18121298
17601328
17967959
17761999
18032102
17791237
17779127
16623725
17487957
16481131
16439256
16571640
17446613
16607268
17594595
16544877
16423230
16590977
16478204
17597334
16602020
16617503
17438792
16430540
17474780
16594410
16613159
16321473
16306705
16364322
16301788
16468508
16295305
16358490
16353535
16312293
16473304
16453009
16342719
16334040
16459767
16476666
16447582
16368152
16328851
16338743
16292697
15598265
16172969
16175769
16162504
16238053
16101059
16106987
16227626
16216863
16203779
16200924
16194912
16170683
16168645
16197169
16220832
16166393
16241415
16211647
16187910
15194511
15549510
15556868
15448992
15173330
15582517
15564831
15560679
15552424
15551675
15466295
15420222
15417911
15270697
15267715
15344938
15463565
15455226
15587338
15336774
14981182
15005496
15163897
15014318
14985336
15024089
15007776
14995181
14977513
14976439
14971929
14968330
14885591
15158016
15132585
15003013
15145387
14990092
15128159
14967703
14814959
14843424
14878591
14820370
14698476
14626989
14809236
14614821
14827555
14797210
14600056
14608268
14877119
14801975
14692783
14793485
14706360
14620852
14870140
14714303
14503535
14432902
14449589
14428047
14589418
14359705
14333794
14440403
14593925
14350806
14327001
14512809
14474093
14417212
14467318
14446422
14457925
14307020
14317627
14343795
14289702
13799198
13804836
14272992
13824210
14287879
13880916
14293286
14194312
13817983
14133001
13814390
13809323
14130041
14136584
14298872
14198018
13890677
13886062
14276808
13628345
11527656
13138372
13793084
13633168
13644205
13133144
13738887
13161662
11516528
13151826
13707624
11521585
13622294
13638630
13618729
13731047
13726020
13717774
13689631
11326459
11511125
11341695
11170349
11191277
11382030
11491881
11377364
11365541
11208732
11203742
11196810
11192946
11362295
11495464
11175864
11371613
11330377
11213840
11336680
8653338
8904700
11165117
8656875
8563019
8043276
9019816
8670758
11158764
9132954
9022633
9031044
8034903
8789915
8031874
9027292
8677023
9016364
8793921
8787526
7664684
7935451
7655621
7948233
7842108
7657993
7571353
7852056
7505778
7652664
7503694
8030624
7844624
7569590
7940676
7937558
7848122
7943986
7649782
7572789
7470515
7447643
7288849
7456897
7425929
7342090
7346229
7429432
7450522
7454674
7477084
7427666
7502249
7435572
7434044
7431755
7424060
7343498
7474087
7462216
