1192247729
1192144654
1192055593
1191933477
1191679408
1191593217
1191541123
1191484983
1191438267
1191391460
1191295399
1191246241
1191217438
1190432978
1190342527
1190168019
1190067076
1189938206
1189864106
1189793975
1189722986
1189196782
1189133050
1189083426
1188299868
1188159892
1188067324
1187896786
1187758953
1187624900
1187487701
1183482381
1183409029
1183286845
1183173054
1182836575
1182701519
1182580354
1182444286
1182313690
1182245553
1180471188
1180361268
1180266349
1180157846
1178704221
1178560788
1178399276
1176649485
1176549029
1176411216
1176282311
1176163072
1176065148
1175989741
1172118840
1172017596
1171893093
1171764859
1171661108
1169384539
1169242532
1169146850
1169053166
1168971123
1167155512
1167019791
1166946611
1166849322
1166735885
1166602175
1166505508
1166417689
1165343116
1165260470
1165138863
1165011018
1164646480
1164528170
1164457552
1162844115
1162648801
1162504605
1162387032
1154191917
1154121901
1153970363
1152988716
1151638992
1151467314
1151342852
1151224385
1151028762
1150774786
1150626415
1146945344
1146788639
1146655078
1146527612
1146412899
1146317408
1142121953
1141989358
1140149954
1140028565
1139896779
1139747355
1139653184
1139536137
1139424399
1139348858
1137414436
1137295038
1137164582
1137044540
1136907103
1136802799
1136704686
1136644792
1136549700
1136486431
1124245431
1124180891
1124114051
1124042755
1123993619
1120328398
1120179506
1119973538
1119827137
1119712080
1117559335
1117366420
1117237644
1117102102
1115201557
1115081703
1115001550
1114930563
1112480611
1112409729
1112332963
1112271890
1112214041
1112133476
1110493663
1110432518
1110375514
1110267278
1110191934
1110130266
1110068889
1110030619
1105358559
1105298806
1105238327
1105195025
1101875498
1101748801
1101625232
1101458858
1099052666
1098917699
1097296394
1097157447
1097019663
1096949254
1096860958
1096771915
1096693495
1095163778
1095025889
1094928259
1094829481
1094722709
1092877872
1092745736
1092684441
1091169159
1091043081
1090928740
1090733244
1090582933
1086454499
1086314118
1086209779
1086058758
1082325153
1082219531
1082099085
1081991976
1081887569
1080274603
1080155290
1080008538
1079894670
1078545761
1078403651
1078194244
1078048974
1077952425
1077869542
1049465377
1049368475
1049280152
1049154998
1049063454
1048967409
1047842358
1047767838
1047669896
1047527910
1047402622
1047276346
1047115332
1046996605
1046898327
1046788250
1039998755
1039799790
1039624150
1039428007
1039265553
1037464562
1037346594
1037252546
1037133470
1037016576
1036934923
1035664067
1035551433
1035392113
1035258717
1035162299
1035102560
1030396578
1030360190
1030267402
1030150870
1030045336
1029938028
1029816165
1029701676
1029584584
1029452507
1029325222
1027973247
1027889053
1027755118
1027621364
1027487038
1027364854
1027252149
1027130333
1027012420
1026874862
1026765569
1024835231
1024645885
1024547818
1024438017
1024314821
1024247938
1023014800
1022868455
1022757089
1022641442
1022524011
1022454703
1022361069
1022194358
1022129706
1021378370
1021042321
1020928558
1020779480
1020611852
1020531913
1019513865
1019244394
1019129161
1019016332
1017325104
1017213325
1017110751
1016925554
1016785309
1016715256
1013059015
1012904694
1012771616
1012623811
1012477594
1012263470
1010827449
1008552455
1008433002
1008339342
1008238984
1008123824
1007976511
1007855122
1007764616
1007627002
1007521123
1006063841
1005908510
1005746135
1005658250
1005534472
1004321947
1004182480
1004053669
1003918733
1003823001
1003728259
1003601642
1003479521
999771528
999619740
999480724
999328236
995414164
994979954
994833837
994675786
994539443
993013134
992893935
992765939
992619478
992471365
991361090
991271816
991182340
991077144
990961140
990840835
989282567
989195148
989107053
988987846
987489446
987384956
987227539
987108647
986984076
986894364
985241459
985109674
984954016
982739967
982602421
982454330
980507231
980412072
980269197
980140963
979979960
979866485
979515975
979442618
979388478
979313038
976413797
976268974
976170882
976061544
975948134
975861529
974520495
974368614
974238063
974180793
973010530
972931765
972813874
972705159
972602482
972491124
972375284
970741289
970610076
970516123
970418184
970321852
970189692
970085575
969996261
969886366
969196499
969121132
969028210
968917946
968797870
968677440
968533715
968377094
968237031
968091051
967957455
967818323
967650911
964423155
964314797
964211673
964099275
963997795
963878645
963792351
963683955
963141125
963084946
963040101
962415913
962299120
962190951
962102278
962017481
961938662
961790631
960516249
960384232
960271882
960178446
956311649
956206029
956104718
954210338
954034681
953877212
953722805
953582396
951723436
951590446
951457176
951378531
951289800
951178404
951086937
951006329
950334613
950216078
949935346
949801498
949617026
949511150
946018566
945899221
945812056
945715670
944122962
944033803
943932850
943533521
943451054
942795378
942681586
942559859
942466972
942343572
942244266
942109714
941941708
935609650
935483894
935356399
935219185
935125471
931579036
931446182
931346712
931246046
931121060
930993095
929533986
929433107
929290196
929161816
929003312
928878620
923348193
923263698
922398293
922203920
922004015
915924777
915845695
915794362
915645029
915521943
915437740
913852682
913772873
913671633
913017740
912945815
912870005
912776568
903007840
