1197786486
1197683580
1198597368
1197744992
1189788366
1196510262
1191856858
1189877259
1194309756
1194177955
1191015355
1195394257
1189666701
1195485525
1196323999
1194069565
1191059047
1188934233
1188602678
1197598812
1182164652
1177182176
1183760485
1183684439
1183615344
1177247299
1186458531
1181402098
1186391212
1179130211
1182269275
1181462943
1181256598
1183533985
1180228199
1180015636
1179320981
1181331271
1180087097
1186308984
1173972276
1173859202
1173784166
1170528907
1172868117
1174084712
1177052353
1173029929
1175864901
1172966448
1170442476
1175080578
1176031039
1170237561
1170369011
1177114022
1175149124
1172782057
1167957444
1175925605
1161394668
1167895012
1167854742
1162173457
1167804940
1163421777
1161329449
1157317728
1162228459
1161429451
1165516579
1163492872
1164327490
1160245669
1165580549
1166556866
1166386559
1160146993
1164256371
1163371777
1152449405
1147728624
1155021004
1157176882
1152347875
1150912515
1149940827
1149865910
1147609603
1150014543
1146360312
1143185986
1143239888
1151008879
1146267071
1147520366
1143101039
1147674087
1154831710
1154685422
1138687529
1135907152
1127748009
1138533199
1140811302
1143018536
1141061645
1138443039
1133402082
1133296629
1126206161
1140992576
1136015793
1126100197
1138604206
1142925988
1140904034
1125986203
1133491189
1138360603
1116263236
1121182036
1123841918
1121074502
1111892550
1109574831
1107559249
1123792420
1123560047
1120971582
1121266011
1109629208
1116209072
1121335753
1121367970
1123658128
1111943251
1109691661
1112005798
1123727047
1107436430
1097871334
1107489893
1098758147
1107358662
1104714685
1101076048
1098848973
1105141873
1097931683
1102586505
1102512589
1101225849
1102622536
1105197561
1100147647
1100231697
1100084356
1107264210
1098002131
1091747874
1095898766
1089552160
1092570133
1089615723
1096602970
1096763548
1096677803
1093837275
1095854859
1091808982
1089489523
1093878774
1085590251
1095785997
1093695633
1085675191
1092762191
1092662274
1093784725
1065841774
1065692865
1062553052
1083687429
1061849932
1084883733
1065886846
1083614611
1082817684
1084914953
1082889394
1081725468
1081658502
1084791351
1065851493
1065778295
1065928909
1082732591
1084834511
1082937891
1054240116
1056616828
1059118517
1059418800
1053136295
1054368822
1059349466
1061783704
1059180765
1055090333
1055209554
1054318475
1056729950
1061635942
1059042714
1059284286
1056686988
1061711599
1059428957
1054248806
1025648955
1027118924
1025578296
1050833519
1028020781
1027247307
1052230539
1049986546
1048908144
1048828639
1052025614
1052275886
1052181283
1051227148
1048100594
1048046850
1047970605
1052090148
1050075496
1028100374
1018622935
1024225688
1021533395
1019692022
1025401425
1018538503
1025496423
1019621422
1024289293
1021587722
1018709987
1020571980
1017859507
1023400619
1021648837
1020480121
1023466918
1017913856
1020429669
1019747584
1004698617
1010898648
1012662509
1009741878
1008772944
1004681741
1007510548
1008711395
1006809970
1010818404
1013477818
1013618856
1006560201
1013672109
1013382300
1006775199
1013532689
1006686464
1011071149
1007584339
1003512275
989464720
989590568
1000548670
1003406230
1002589264
987728319
985664541
1004549570
1002689036
985797707
989641770
1000508502
987678367
985832390
1000440408
987627592
985748668
1004634858
1002645049
977162122
975881826
975963901
981164894
977888307
983461188
975243288
975125815
977791060
983367505
981093255
976079139
983273916
979719716
979810053
979667412
973418715
981025753
980961392
977105931
964600109
963484142
966725949
964703424
964544215
962839357
962804073
969013914
971542708
966786337
969199577
971489281
964663699
973352158
962729800
962622009
972274549
968926611
969100734
971410329
938003474
961704647
959278448
961644308
940427578
942919758
959243932
960891940
940463602
938048150
959161127
940258862
959078927
960990280
942850714
959203765
960842812
942776543
960923828
940355484
922914798
890069319
890115272
892292520
932011931
914241966
925643325
922981189
933974982
914182115
892197176
892137082
925579152
931944687
923037849
925507512
925415697
934008118
892303669
922809468
884271971
874627043
874688909
872897174
886216555
884301815
884873646
872979381
886103874
871376058
886162375
884912857
878212359
888051528
878064463
874515069
871405452
878131326
872939671
888015022
863862247
856432399
856370234
863915766
848721932
860084793
856326514
848665452
871257110
869769003
848775656
871333644
867418795
860041159
867182011
858198713
856485144
848816753
863966146
856242263
846914708
841329156
840269377
839513089
843336466
848604328
840354102
840070875
839483766
839435409
839279494
846911291
839348582
840185021
845115716
845063527
846957153
843256386
843308127
846861699
837501915
833748728
838825280
833887802
833803421
838210272
838360499
838617247
839202489
838927186
838287560
838539197
835566840
839112073
838729106
838416990
837469266
837414712
833864301
832070366
824502505
824560606
824404365
830176427
828396613
830212385
822440137
822481659
822549889
831964101
826484011
828318920
825226284
826412038
820819414
830130147
828217182
832013571
830274813
830247090
820752654
813182112
818863551
815252742
820611407
813388040
813092017
817207467
816944471
811266662
817044042
817159293
817106841
818938102
815325572
812485117
812396138
820703602
813429725
813342069
795637262
756513384
754844787
795684601
795715658
796266899
797628326
796193938
778291810
754742760
796463979
796406078
797733771
778255418
755556977
797683931
811133413
796328942
778328083
777831578
753785750
743501814
743454174
744386284
737992458
751141390
738729404
738122796
751069812
750158014
742466397
743579038
751107575
744312251
738965250
744239048
738891890
738069617
753724760
738807600
726375281
725818592
733927872
734101290
736113583
725772559
730701223
731935976
730614760
734017780
736035005
727580724
730524663
728253650
731974799
727641886
726441935
731847839
731797855
733807903
718063098
723009106
719355208
723865522
716941992
722925921
715118816
715058246
721923848
722044540
719178662
721999372
716780464
714167492
714956696
722087417
716864517
719266330
722858631
714213147
712228817
708347053
703321030
713181679
713050267
708236740
704364635
714105014
703222992
712295182
709218931
713103624
707284716
714001302
710396410
710336333
704406965
710440745
704312253
712345180
702520522
698725321
700622320
698594245
703166386
703140351
702480374
701452573
701357655
701276528
699503366
698660491
702437148
700673270
700548949
702401994
699454657
698527245
696738751
696686111
694742215
684244038
694596113
693498732
687915286
696617280
686073507
695708600
684180019
686133197
693397598
694828048
695646921
694693339
694527891
696561926
687960578
695545189
686036421
687844697
660232502
674613288
674452137
676518287
682422139
680418454
670712865
675762707
682361054
682460795
680560684
673692975
672377106
669505676
666963263
663936093
680515205
676451586
672317554
674547691
649788877
660163707
655342221
655248889
658488730
651378471
655183374
650426015
649737957
656921940
648732683
659261580
655991145
657795913
655932312
659318006
658556258
650514108
651433458
659193458
636053558
647081537
638612710
646541764
637986526
636863714
646589289
646009566
634908560
638679089
634991212
647166297
646120988
645040480
634333931
637941076
647119915
643207922
635831673
638782585
624402445
622886153
626525927
622960515
633337316
631829616
631153506
631771224
625914732
631048702
623021236
622989851
631096646
625887402
622936286
624370936
632720944
633290941
630992957
631705485
607212468
611919349
609101189
621391098
607280759
613278266
610374436
610524185
607324553
608952031
613324307
610474943
610425794
607161406
611984521
611951238
614895404
610485648
609018067
609063175
592573887
589258340
591035792
607083671
591226175
591154718
593830622
593265554
590547591
591957304
591917901
589182758
590643573
589229707
591283278
593337562
594793189
591095076
594743818
593234743
588444930
587711155
587770107
580837426
584083973
588328539
584135465
584099390
587635157
580874123
587813455
583421917
589115401
587108892
584142365
581854386
582383325
588386257
584187350
582424016
577204967
576341150
579968669
579285830
573970307
578055717
579324710
580038237
580806506
572892869
579922244
579353049
580762435
577995424
576465154
576401390
578033577
577120775
574094250
572857758
571802928
571280394
569793600
568951244
571950058
569824472
568884075
567081662
566420941
572825602
570837634
566362606
568930285
569001145
568399569
568435267
568444440
568360510
571868310
569841616
559919215
565772905
558630061
565733673
564082172
560411035
551245694
562528464
558673837
565672794
566316474
557404221
559840896
563528299
559875914
555944967
564135826
556014866
555891800
555974024
551218530
549903658
544379468
549928127
547376500
546619714
546568100
545973470
544466590
549878374
547357039
544539200
551171036
546528563
546003102
544502268
546077186
545690341
544420523
546049314
533072366
534652324
526779447
526739066
536301638
534700525
534533239
540114516
541926950
537515518
540172371
537557212
532993103
541992469
533037599
520142445
532958629
534742375
540153275
542059958
519494346
518041176
518813980
517883907
516655019
515783148
515262014
518879500
519470400
515859422
515920262
515893631
515823464
519424750
515756886
520049441
520000864
516729178
517999116
517951559
511195488
511077270
513555345
513072778
514473305
513600932
512964695
512286498
512371604
515191156
513109031
513000885
512865235
514495865
511257749
512922909
511013494
510368943
513030082
513656300
504902523
507835397
501942892
503626849
510275546
510136771
508686006
504641717
506734832
501629972
501668179
507898314
506493259
502003276
503763166
506383224
508737018
501772585
507170606
506998437
500378490
498900948
497275104
500925015
500981097
498936200
500398482
498170002
501230155
497361194
497293068
500312902
498307966
500349609
501363498
501163816
498365082
498099158
497230969
501298900
492143001
489373642
490237679
494940677
496818206
494871755
492237484
491320815
496747015
490307738
490176863
491398327
493009116
489311264
490120248
491456083
490278829
494991020
492921295
493071087
485743102
485807954
488764500
484442067
485228179
489245315
487244579
486521826
484434210
484363450
488112833
488682308
485933499
484405421
487289856
485862446
488047698
487323166
488710748
485903689
480995817
480029915
482707143
481233209
482810389
481930933
480062718
482756625
481312943
480648622
481872947
482008699
481154695
480555560
481352398
480729051
480626674
481188763
482778829
481283522
478748189
478077240
476021329
479309372
477431155
476562825
476527960
477359966
479244449
479187539
478632097
478719020
479998724
479966749
479303950
478130999
478012388
477395706
476614153
478683776
473063480
474454224
472252257
471593063
475362928
474549157
470992202
475956585
471036012
470317927
471624882
471662822
474408893
472212414
473904181
474502750
471668093
470278324
473843531
470243241
462241826
469668666
462159726
467146797
462084010
461529537
459554052
469159814
467183068
463561550
462123423
461591709
469633038
469578991
470207075
460169743
468519384
469105112
461648436
468577305
458964498
458896053
454862345
456724215
453392925
453352470
455043113
454941051
457522302
456682966
455087972
454079034
453478732
458061612
459494703
453441359
458168655
458101420
453303821
454994597
450345739
449055771
448954062
448981753
447515133
446768268
446842751
449695587
449020204
447558574
450970229
446022553
451890860
450372303
450293232
448317284
450224139
449808363
448382526
449753239
442117381
442050696
442692153
444399825
441263110
442623974
441206263
444467233
445977828
445927476
445844956
444318299
437640906
441298247
444245270
444441193
445781999
444365028
441338311
441147224
435975192
437522112
437566000
436092995
434310316
434424953
433585542
434501988
432665657
432025021
434362062
436971690
437607417
436201266
434465285
436911042
436147223
436040444
436859736
432744004
430579170
429928275
429825752
427153307
427091127
430653623
431930401
428641994
431208323
431260080
429402954
427687114
429891066
429342322
428610602
429963485
427760923
427038532
429283057
432002761
422480255
420570344
425377184
425547902
424503443
424599128
421146657
426975281
422563408
420994555
419507878
425508924
425441279
425578576
421206038
421083801
419480396
422395466
421272299
420461094
419451295
417674624
416695160
418916007
418335381
418223580
418867905
417737465
416625371
418306014
417143169
417087127
418965541
416577487
418363496
419419888
417818354
417209780
417179693
419379166
413623326
414856147
413615257
412258556
412222532
413583117
416100821
413650807
415986024
416128968
415505136
414964289
413682332
415453463
416038252
414259581
416064310
414995704
412232600
415559442
412192770
412160535
411593449
409886440
412114131
408887835
412074710
410456675
411468125
410388529
409921447
411524836
409821733
409786535
409740166
409734235
408868984
408844358
409860617
409917963
400834414
408273332
407816794
400807094
407333238
402347122
407346908
407788632
407714292
407213824
407280069
400772122
408351239
400248174
408792211
408813710
407755108
407832471
406619050
405159615
399711950
399024277
399754817
394925791
397830507
397061733
397977114
400188516
399162963
396965711
397602376
397024506
395020946
399734402
399097507
397899879
397125319
397650913
397092977
394879567
389100276
392681988
393594950
391547415
392537397
394321057
393637692
392688999
392351390
392599691
391996149
389201914
389728710
392502845
389147965
392022566
391412080
390678796
390655600
391481571
387352840
382624205
387393648
387512258
385373459
387432057
385326248
389057002
386366991
386245316
387570819
386428770
388513737
387313778
386302399
383106172
383050077
386086758
386119429
382611353
380863637
382046650
380454372
380406799
380386830
379809005
379884333
381069791
381520573
381494727
380426416
379920519
381576066
381922121
381551840
381971947
382103630
381480050
380889213
382188408
378655144
379218396
378884170
377955588
379304089
379154698
379114878
379400351
378814641
378727673
379326414
378935667
379372811
379073543
379351476
377985433
379188911
378556589
378501602
377909600
376525453
376489246
377468413
376338272
376444148
376373269
376468078
377883933
377289211
377764412
376410179
376301949
377581875
376211306
377352590
377860838
377719182
377796284
377224399
376553015
375228699
374470509
376172403
375271384
374575651
374523318
374000576
374477135
374661621
374022018
375836730
375762098
375196446
376204763
375697141
374040150
375248650
375669911
373404673
373471804
367522018
373221731
368855874
373291989
372381005
368907433
372859839
369638678
373334696
369007171
370233241
369489147
372873925
367592157
367565407
370381066
370293116
369447692
368956687
370331546
365193097
366213201
365160222
366329984
365128022
366778824
365099816
365614499
366838133
366793917
366307853
363930519
366276055
363969344
365664065
363919857
362887899
367487804
365950388
364006603
358725851
362866470
361656680
360790265
359307497
361519812
358680268
361554646
358813811
361513059
360917021
358777460
360032485
361607231
360076310
359981375
359385496
359317172
362826925
360851049
353314099
355330316
352930362
356848396
355296677
358097945
355260715
357608431
355699584
353350143
353266938
356416094
354036173
356451220
354089988
358041227
353929373
353992511
357978576
357586553
351479770
351339307
351282204
352817691
349921894
349214161
351431603
350662743
351383029
351516086
350605797
351200433
351427942
352915361
351547104
349269974
352891634
349256733
350543632
351483517
346579128
344699281
347554679
346504019
345876224
344247414
348065094
348032249
347601655
346541631
344157387
346968456
344639784
344226053
344189523
344118363
346920808
347677687
347639086
344747630
343839311
340271842
338565905
339641241
343477775
341510180
340747260
343434260
342890803
342036556
341969511
340313764
338160624
339241706
338575013
340786345
339688065
343559870
341540580
338606281
337139320
332528029
334697129
334659369
333780807
331996021
332033603
337166687
337105954
333824728
337189971
335941874
331956572
336462146
336020850
334580263
329801939
335217772
332477336
335981737
328668002
326817808
327990539
326050800
325310379
324748204
325353527
326753051
328591336
327568634
326173458
327524268
329677185
328709180
327563139
329105073
324791855
325417022
327953769
326112497
323708544
319524641
323657581
321592026
322634898
321571039
320550228
322546224
322606698
319918633
324063442
323682136
319585708
324040480
322985902
321495168
319949327
322558945
321929137
320920462
318798439
319442439
317510113
315784949
315149123
317451419
318363513
317019886
318828643
315129956
315666567
318252847
317033209
316184493
316232956
315751726
319487141
317442640
317056886
315701402
314200481
311581306
314692372
313534652
312575207
313011671
312981523
312014305
310806141
311984021
312509382
314641343
311610966
314028892
311945924
311544171
313616164
310910326
315098540
313569849
310084072
310240074
308977103
307635524
306744724
308168603
307179917
307133218
304019783
303964712
307707731
304772839
310207411
305797038
310135431
305834762
306720091
304840262
306758030
307085923
297906277
300808259
298942173
300003189
300033906
299547627
301381552
299970394
298495395
297953122
298433443
299487548
298912357
301258006
298556214
298583290
303911089
302818955
301331128
299606721
292902343
295861617
296919987
296906771
293514803
296573677
294278229
295902957
294246035
296546677
294833785
295431459
297622229
295383795
294018702
294783123
293481224
293424213
292962958
295469310
292148264
291579134
288740043
292245029
291006584
290488167
292205253
290571173
290535721
289331212
289854067
291701227
291647951
289814119
291741437
289394762
290957997
292844334
290439362
288706314
288144918
280772494
284194825
281373979
282482641
280821761
283031937
288110131
288661905
282590361
281895491
281498394
281463872
284136035
284105028
283083363
283013284
283663150
281951947
282518350
278147431
277945286
280341210
280422223
280294160
278117473
280391659
279171288
278599454
278125072
277862925
279717952
279665465
279106312
278502966
278092086
278014084
278037013
277974899
279040768
275742683
274235312
273597058
272432883
275530169
273466270
277386946
275648553
275684823
273630266
272480854
277189797
273435975
276737433
276914157
273664568
272169850
273111477
274284590
276862929
265140158
271988854
270796747
264107809
265196123
261827471
258686066
259738377
258738662
265132810
259342148
259309429
258289172
272141778
260795680
260772941
259787889
264047062
269542628
260836685
257267392
257622691
256049552
255490799
252016004
257672596
252415948
255521148
252054889
252433040
257228427
256583923
255090516
254000979
256620861
258259924
253381617
254993093
253007548
253425205
251086908
248267631
249200814
246818687
249615897
248698510
250983148
249245779
248990507
248616079
250529591
250557927
249653930
248926314
250949068
251113947
250224697
248651285
247285766
246795633
245624484
244353013
246498354
246467016
245168262
244051789
244838044
246000899
244103218
243564337
245965981
244086579
245218575
243246109
244890384
245653470
244801842
244853892
246434415
244774393
239030260
241455079
237830370
242742868
242706675
240974404
238597882
237451136
241927874
241416522
239396152
237833433
236949828
241009690
238574790
237802895
241901201
243270299
239357501
238255082
236106561
236924435
235294519
234331271
235768317
233590696
232301401
235706723
233050040
232686577
232272762
232735597
233072807
233881228
234594289
236606893
236625774
234315142
236507873
236537127
228831676
231200821
231954233
228028304
228062595
230643350
231986557
231909782
228778197
229914215
229884547
231479042
231520587
231164601
230673209
230363322
231069531
230369973
229144912
228392718
225740770
225670112
226545902
226050327
226879798
225289323
224873244
226573629
227644824
226506711
226609776
226908361
225636238
227345337
226460771
224915351
225605336
224869750
225772837
227672793
219517205
218354908
220408083
219555671
218755291
224827312
218367490
219620909
220377314
218801445
219912194
218105802
220332405
218868926
218842603
218348897
219131500
219100766
219937899
220370711
215809826
216830723
217620623
215702505
214871122
218098988
218077836
216590736
218047838
216055790
217309163
217597440
216818689
216089042
215751340
215673860
215265868
215233301
217572392
216866143
211952917
212787161
212404805
211585139
210439015
212482203
214001238
212763377
214352673
211205397
210404112
212368781
211986493
211697073
211171117
213575096
213549043
214402139
214074885
212442845
207809191
207026090
208640403
206747651
208245752
208737579
208338945
206768556
209505842
209113880
210121041
210005808
208703952
210157000
209298488
208282244
207851915
207068302
206257112
206281780
203966424
205247013
205551991
205266982
205142150
205979481
205953433
204777547
204414637
205215669
203921666
205195246
204747003
206011181
206031998
205526722
205515068
205159375
204493605
204372521
203686093
203111460
203087767
201332846
201279253
203350277
202804881
201307231
202762554
200847787
202078161
200844918
203674331
201353455
201613725
200867572
201579408
202040945
203139845
203646299
194247318
195813854
200550903
197838902
197088658
196890627
196863603
196439211
197870731
200172851
195796045
195147473
194835543
194481297
195825448
195781600
200146570
199930591
199447042
198265292
191191358
192138895
191441173
190460075
192131430
190756085
190486874
190105820
194162530
194198107
193753496
192663849
192622328
192596434
191856500
190429401
193761845
192648674
192939296
190719792
186996579
189179740
188460661
188725695
190077012
187875351
189119578
189151135
188339567
187840513
189896618
188690616
187534706
189237138
187813927
187572916
189234817
189428531
189813440
187598732
181508166
186192410
185095869
181988725
186648283
185129471
184624549
184390364
181301686
182011544
184293340
184600149
185892807
185444619
185915166
186683392
186229171
185476772
183930101
181951827
179538363
181263707
180612437
180578930
175339134
179499924
174961815
180188024
176003694
176038858
176059505
175655875
175637490
180836747
174348351
181257155
180870905
179891522
179520523
180855595
174324019
171957092
170927297
173378183
170908475
172427270
172470459
173604024
172503846
170885333
173318496
173345042
171655916
171611327
174297079
173291945
171572390
171135193
173627594
170228661
164584839
170184732
167598636
166748103
166356602
165047775
168787845
168124396
168070636
165940699
167189880
168747413
165665332
168103564
165701821
170208169
165961736
167202370
167243387
166777908
160282900
163687425
161551480
161993126
160628187
160228567
160197351
164307773
163675736
162909979
162887599
162939558
163182472
162411267
162097162
160261312
160301372
162042284
164332053
162072191
152424162
153518458
156941128
152913464
155927809
154594091
158136290
156913908
155444263
159719028
159419911
154559789
154294259
153138102
153115623
152430395
156392491
152396678
159434344
152857747
148253328
152210451
149222444
151452940
149604161
147857238
151416504
147613602
149697448
149185210
151709136
152176528
148936883
149718063
148960852
147828707
148910891
148978831
151389654
148504396
146501443
145427286
146948988
145835628
145459094
147162072
146219000
146159783
146468808
145371865
146247062
146918476
144588852
144518935
145797321
144559437
144061014
147184382
144897695
147574086
140430497
143742291
142551028
140909174
140461085
144023976
143695984
143246010
142574658
141628878
141233862
143270688
141200428
140959091
143298497
142597545
140950647
141651316
143707448
142973070
136004702
138981342
138756538
137650542
136766077
137622382
137129501
139188530
136291331
139539333
139151341
135496374
135930485
135475836
137590324
136321475
138411444
136466090
137975390
136032563
132355373
134144818
134117778
132051576
135137967
133413341
130367450
134020017
132343066
134101942
131942152
134533237
132371143
130626192
135168759
132910797
131496061
131197412
134057048
134545683
126533288
127566290
128600376
125068683
128656558
126950679
125515552
129795681
126911496
130317172
130348806
130284676
125856696
125591325
127612371
125076416
129496096
125883410
125035971
128946851
124748878
121608052
120588791
123056880
124225536
123910614
123418715
123094572
121120339
122176989
122554605
124197615
124655767
124705906
123935435
121923399
123103966
123381894
121168749
120551303
118077058
118572854
117718386
118517848
118100562
116508574
118489026
115627380
119691164
115189331
120225716
118590436
117337221
117304278
116997454
117704165
117030742
116924305
116534622
119325496
112216536
113811308
111114508
111417551
113608093
111913336
113048888
108621657
110301879
112676706
111948530
111971059
113832831
113067804
111134480
112734189
110600282
110593858
112705382
111432479
105280122
106496990
107228195
108615574
108190222
108246999
106483717
108280846
108237897
106006752
107197054
105707709
107605593
104312507
106767785
107277641
104553206
106522128
105036158
105008786
101472042
100843692
100812870
102576836
100164225
104305917
102544698
101769634
101802684
101827278
103768284
102455707
104277452
102515616
100549477
101186744
100581280
102057884
101489811
104244890
98467340
98757584
97633792
99235299
98427335
98464387
95789236
97949372
96808718
95766098
99516116
97137841
98469600
96194024
99198931
98340758
97922364
99189852
99923675
99892077
92153243
93068187
91715522
92762674
95143849
93502754
93935665
95541294
95112398
94486496
95480250
93772825
93445812
93966871
93251224
93056768
92125646
94458083
93413301
91740414
90151854
90759771
87044201
86115622
86781776
87757597
86190167
90786964
90806816
87422666
86084816
91477547
89282002
86202908
89115320
90170932
89856636
88207625
91450654
86775141
85582095
85566060
84842386
85489861
84089980
85107606
83296041
83277274
83265491
83315968
83254553
84067693
83245208
84099376
83287035
83306988
83328125
85479596
85501908
84817010
81622968
81573071
81584644
81650337
81925594
81593767
81608564
82518870
81937786
81559465
81546882
81211128
82767996
81532832
82484996
82506855
81911582
81642124
82497086
81632963
78027606
80633050
77247290
76725903
77753227
78422766
79116733
77483380
79782815
80042600
76930895
80422668
80405641
80997266
77265890
79754723
78395663
79098164
79070550
81022282
75695343
74063962
75927273
74051318
74042852
76412148
74774736
74532837
74213684
76425131
74011242
76236399
76249505
74226622
75579960
75389752
74757813
74560119
74544344
75716657
73747145
70683745
70245879
69586042
73571167
73559822
73285345
72091195
69572952
73759119
72065646
70040804
73077905
71692302
73300145
73091454
73106062
73119861
70059531
70962448
68655783
69285133
67645605
67693209
68671252
67855481
67587315
67619522
66806185
68679220
68825375
67117893
69277357
68372862
67664493
67292284
67127416
68388764
69107897
67311638
65384123
65095256
66376149
65935094
66192150
66618794
65513586
66361024
65526307
65791834
65371993
65204724
66211228
66646167
66634289
66224910
65803484
66234304
66790392
65942897
62839229
63280672
63006604
62413624
63873814
63515430
64642172
63270410
64917897
63288457
63859264
62402903
62997997
64091485
63016941
63291382
62563087
62423423
64899326
64068149
60055633
59900991
60575613
60047510
61991966
60592123
60400117
60391384
60065771
59616789
62133153
61966815
62391733
61951284
61670482
59919423
59911276
61979437
59628005
62145783
58325604
58989700
58540483
58299871
58142671
59170689
58128977
57646150
57319146
58570453
58312327
57656426
58744630
57634483
59606966
57111363
58595828
59416225
58726932
59185057
56124418
56333037
56801330
56579969
55273340
54994017
55816776
56813118
55252406
56345591
53874751
54323785
54290206
56657359
56321958
56455666
56828021
56139096
54029916
56667182
52310894
53826045
53010670
52988301
53864895
52998467
53543599
52849219
52514690
53231694
52637459
53371502
53126028
53383984
53842287
53022654
53528447
52496652
52301349
53852658
49966722
50891239
50624207
50501784
50124718
51925555
50391346
50530634
50338259
50787744
52151641
50694178
50253850
50515938
50066832
49789599
50801646
50806310
50260600
52291107
47120202
47043220
47600642
46703744
48977450
47788933
47799464
49676171
49313447
48675396
48084036
49295007
48486981
48963091
48102808
47101480
47088914
48686556
48775637
47110311
45984634
45303839
44902190
44869509
46091453
44856192
45742713
45827341
45568145
44891073
45374417
45364891
44846456
45715634
44882295
45726203
46690006
44909578
44555400
46673451
44252636
43762349
44027198
43542340
43620413
43530498
44243958
43361337
44546907
44501031
44012555
43914465
43857932
43769424
43627519
44364096
44358356
44020263
43751010
43533783
41572866
41653781
41338782
41890770
42254865
40862606
43165512
40749456
41252710
42125897
42275981
42036230
41418629
42570003
42375834
42017113
41660262
41330761
42582305
43159806
40236569
40221912
39998607
39973783
39303717
39480194
40395880
40569501
40632751
40482983
40230164
40738522
39829191
40577118
39199670
39742645
39492633
40075206
40322384
39751331
37982288
38346186
38692806
38099669
39164829
38591247
38334748
39154576
38701579
38864400
38852006
37834309
38599977
38884442
38076566
37826222
37930295
38436575
38996873
38183402
36814921
37730428
36658090
36732822
36921133
35942741
36402404
36299825
36827366
35853640
36305820
35935132
37156349
36567399
36315788
36157287
37423635
36574531
35844641
37805306
34722148
34135305
35102274
35344733
34246896
34237197
34040229
34391170
35606206
35364424
35798046
35594685
35194106
35708614
34487822
34851249
34379229
34714698
35357178
34953373
33860907
33170958
32942287
33397011
33977911
33387354
33849845
33477045
33725471
33867099
33257822
33174880
33027812
32949036
33160329
33987626
32943737
32799258
32700657
33885215
32306599
31486540
31499572
30893573
30807663
31506785
32470875
32054592
32317881
31815283
32448020
31134059
30785774
32213824
31583469
32123930
31126502
32462089
32556615
31960322
29775293
30547215
30294137
29945157
30073103
29751195
30527534
29665045
30773160
29855564
30516501
29993551
29863812
30054543
29744451
29643106
30159385
30553355
30281953
29844331
29007065
28995799
28777027
29212237
29232429
27303825
29446998
29533116
28973554
29430598
27308464
29242535
28755003
29114637
29224656
29438621
29019771
28981868
27179829
29156678
25652379
25861931
26818740
26272509
25374853
25478762
25663857
26490369
26888722
26295172
25471661
26571422
25295626
26881060
27096072
25871242
27088570
27078123
26699675
25487193
24527752
24545438
24348865
24753599
25055354
24537655
24421242
24063381
25114670
25286321
24762260
24162050
24240449
25017262
24934358
24940896
24152464
24828263
25120724
25108081
23182990
22858148
22970430
23979633
23791013
23971782
23986443
23405114
23268827
23397733
23411671
23683651
23801944
23600592
23263152
23521650
23608170
23188696
23472753
23392571
21268565
21735665
22166013
21422006
21909643
21562625
21985968
22608693
22439289
22171575
22559918
22074747
22800995
22081394
21902578
22281888
21806369
22445887
22513508
21480414
15232577
21120832
21217881
21186109
15511145
20951896
20780821
16125615
20847597
14087187
15374060
13925494
16255174
16250809
15505467
15227851
15502340
14562522
20609630
13752894
12902580
12897011
12871372
12603028
13747046
12607397
12910410
13216508
13209686
12960572
12671964
12612421
13368301
13568936
13046901
13199332
12988541
12593540
12585005
13055536
12555119
12404054
12397427
11653588
12006972
11829722
12017749
11773282
11629915
11851308
11629404
12411517
11632834
11867729
12023612
11828517
11827328
11648760
11647096
11829087
11259125
11391855
11441455
10702884
10956108
11429212
11092121
10958517
10750389
11105410
11100589
11571602
11628659
10949343
10752510
11267022
10711349
10707775
11434342
11422509
10468940
10542577
10523702
10696329
10601203
10595895
10540470
10533575
10527155
10642646
10589424
10678037
10479102
10475367
10675517
10583688
10641117
10556506
10561293
10531127
10338633
10447341
10214063
10129937
10131905
10081027
10076815
10053118
10206842
10343508
10217914
10222682
10202386
10335373
10054841
10130323
10154924
10085978
10072458
10349819
9972294
9894317
9933428
9902505
9807596
9807083
9902665
9966748
9904813
10015611
9846279
9891994
10009701
9841440
9813216
9900850
9897560
9954292
9903010
10051796
9713247
9735081
9721703
9704585
9698858
9707823
9792014
9792392
9782221
9778355
9697611
9725068
9793637
9781581
9711123
9701721
9783354
9695920
9700132
9741181
9680761
9681899
9332390
9392108
9694535
9695490
9429252
9684579
9676201
9665339
9463857
9619691
9327127
9678794
9473134
9685497
9662909
9663766
9623144
9613698
8951349
9084755
8973067
8730820
9196947
8851725
9185119
9191511
8793076
9320865
8856979
8966708
8725014
8660566
9077772
8608109
8738597
8964535
9081933
8612636
8384455
8228405
8458617
8332930
8236446
8155259
8451753
8279556
8320057
8327957
8323655
8336356
8331975
8464661
8283192
8276114
8603383
8226137
8150449
8147030
