1159769501
1159975332
1197071777
1162238134
1162149051
1198123073
1160646345
1159886762
1159722489
1164285711
1164734196
1164056772
1199165310
1164173977
1160750576
1198512202
1164911275
1196136700
1163980304
1196646719
1156294831
1153137218
1156484074
1155451606
1155373224
1158244095
1132337552
1115144354
1155880235
1153835011
1152942411
1157670106
1157749351
1153638685
1132639630
1158352274
1132502452
1156016228
1153045682
1152846208
789645621
1103886888
853862066
1115009682
1114907988
789590883
787737213
1105548024
1105471098
787871901
1110579923
1103659216
853982008
789518247
789453600
787943161
787900748
1112764497
787804519
1103759760
767526136
785785899
768978223
770995607
783390334
770858488
767481166
787345302
783470838
772436958
768924317
772526898
783330532
767671293
769348520
787453665
770777219
770569057
771189448
769219194
726237475
727045230
732748511
724764119
726800461
746922137
728117611
767296035
746821658
726937836
732939971
726284896
732605939
728019224
733002529
732564018
730421251
746692382
726391109
724891083
724386340
702458651
723135509
706633251
704668455
702215679
708058430
707945932
723060561
715347158
704574043
702013318
706572571
702723431
719073057
718476067
704062917
708159015
704626736
724320350
686756683
684929541
682954787
688792507
679452434
681360158
689207108
678511450
679191352
688905823
687046653
689061547
685031073
681268786
686910669
682883716
683087195
684844980
679296829
678236735
648667065
647509993
677382549
676984178
648955123
648806370
654479334
654634254
648587425
655852614
662935260
677245237
659296461
649079486
655921907
647608814
649189981
647757962
677536780
677933531
638973434
645681481
639094287
645463595
640540200
645344566
641914656
636466515
636412991
645536364
645605118
644145132
640423018
633049185
645406646
641961229
636380953
633096516
640231812
640284399
595825128
595351764
587183825
623227551
623344463
617373223
629832730
629927117
595716701
617273588
623677778
586614486
623724251
587053959
623281070
619232889
595270248
619375889
586688157
577471826
553755499
552354777
553456710
561433768
560309364
556820731
556368295
553527313
552136931
559025218
551831752
557866786
577345180
553707711
563307866
555076796
556900198
552251581
552114271
553875050
460987719
459580021
460928145
550374354
550412426
546521956
461059204
459529751
550498679
546567148
542487791
542390297
459543756
460816848
461034913
543551055
460888934
543457906
459545054
551751186
439607138
448227477
439537745
436866086
433454016
448046676
448145617
446613374
426566119
426440146
426291830
433363471
433303224
424706208
459489298
424580486
428966531
446529345
436791097
446462488
414571967
413369667
410028101
422525695
414993762
410005699
414569869
422691468
415022503
414690055
410069763
422724460
422437079
414832987
415023434
414620757
415012261
414893486
414953439
409975599
408307393
396085971
403383813
391218150
409241489
409080008
396138644
408238462
409280886
406147071
403426742
394920548
391283459
409347103
406039707
409007470
394859537
384556757
406206139
409039464
380506722
381899010
379423163
378067952
376845866
376528582
377998323
376590570
380535232
376556458
375840706
381967805
376520846
375356097
375304585
379401104
376799708
381970822
384447041
378029457
355820261
373125046
355900483
353045827
370646048
358166870
358091459
373162464
365708297
370791786
350517339
365658566
370748318
370685439
370614178
369654299
353004114
370688470
353025100
369719159
345557568
350458763
338494251
320260614
345707024
340816287
333764348
330312936
324144208
345532974
324221294
345784409
333712331
345745512
338526966
320213793
340903892
330357224
347072046
347009524
319975099
307453255
304325502
269739993
268775251
319035399
320060299
306197114
269777362
320039600
320190340
306273383
268737468
307384691
319012608
319122525
319032412
306225300
304261465
268963993
262445112
264368248
263532024
263633662
262580105
267750277
264322647
263481245
262276878
242749428
263615518
262303778
267795420
267725202
263300623
262561359
262475417
268683084
242843012
263344752
235531866
235483963
240018891
241072782
229286421
241977566
240044133
233923409
237005815
240283299
235580561
233887093
242027483
240343600
242706227
242658597
236961566
236116428
236083862
236050178
226229523
220079401
214498597
226189773
214537072
208620946
229147551
229181336
220100913
212939912
221535435
221656533
221509607
225196774
220029810
212894077
229245051
221705838
208591881
208577772
202997371
164683895
161640940
203064070
170512028
166074887
169883935
169820819
203756357
203773349
108180232
166034522
161589637
203287139
164643287
108114454
202406132
203794168
202242367
170576604
105306276
105485847
105267363
105242575
105535996
106174954
105445763
105750058
105734885
106221628
106923972
106131594
106846039
105713730
105356382
105404176
106886273
106980069
105774737
105330004
103685061
102717910
102220711
103641741
104748830
102765436
103680640
104791818
102740874
104652993
104656659
104599699
103715978
102817785
102784813
102185174
104689471
103660842
103651761
104825585
100727426
100687972
101564147
100767263
100739979
101528779
101364132
102025102
101598018
101414215
100700132
101990256
101476204
101393267
101377205
102150953
100784479
102011686
100751104
101437432
88492544
96608572
100664525
100640533
96842946
96577372
97776188
100675799
96862489
88535971
97216241
97257773
97286819
98593607
97219561
96789528
88431017
97794254
88624038
96808251
83729049
85729332
83541909
86427697
87877583
85704748
83976009
87846759
86411164
83837866
85095305
85837895
85072163
87092666
87699948
87795358
85874275
83589008
87726294
85754401
81920351
77650102
80816846
81374141
78612090
79450962
77635218
80799779
78831759
81210061
79483734
78878248
83032435
81922566
81903853
79523562
79487709
78854084
78715753
80239047
76535478
77579947
76056595
76517867
76032034
76054047
76016715
75625844
75965503
76444175
75606984
76874533
76470096
75586994
76492461
77471461
77121308
77569124
77601355
75992820
74428833
75039355
74716100
75390152
75411873
74459539
74867721
74696296
75325952
75447824
74289710
75347597
74845157
75474568
74773333
74267949
75070022
74975944
74819452
75011839
73732924
74186348
73857819
74231282
68769872
68777726
73382643
74175997
73774227
73444181
73423808
74265744
74161811
73707894
73763282
73806746
73720606
73328674
73348300
74248680
67763351
66807010
66469667
66721243
67798198
66822040
66754232
68318575
66856143
68017286
68541028
66737111
66842525
67988660
68514320
66760634
66727879
66525483
66768421
66745215
65536042
65261140
65569907
66027957
65916914
66004189
65222786
65300272
65543927
65970393
65895991
65281817
65235271
65502870
66382119
65957280
66043147
65559837
66309868
66370684
65062224
62267860
65113865
64184284
62053884
65082114
62136669
65200912
65180451
64118375
65121542
62069114
64693887
65158903
64725144
65075044
65092250
64663671
65133685
65154212
60112192
60130039
61138835
61247955
60148148
61611288
60704432
60477714
60090620
60031746
60059940
61593299
60074266
60023788
60011402
61229851
60001237
61041381
61602771
60493984
58803928
58539088
58754201
59118940
58562881
58775003
58101358
59108787
59576895
58499607
59132682
58717487
58479994
59144183
58379051
58792168
59566723
58457502
59555846
57977201
57232514
57886513
56415054
55758905
55512440
56260808
56250297
55745397
57459314
56327298
56243124
57356539
57342488
55765603
57422102
55738023
57947865
56308032
55774620
55751826
55348746
52420822
55377260
55462552
52399611
52151154
51731748
55365150
52843458
51788257
51754664
55020003
55488959
55054936
52382332
52781747
52815684
52378612
52123205
52773254
50319570
51718336
50603543
50586186
50321410
51647611
51349685
50643854
51602698
51618514
51633586
50329309
50312834
51335094
50359070
50609695
50599723
51277858
50867991
50593134
49449787
50038305
50060114
49788559
49756094
49780434
49616496
49459245
50067042
49530159
49767503
50045226
49775044
49565477
49886568
49461530
49546298
49433790
49509365
50054139
48890509
48477428
48766516
48483359
48471371
48216342
48244885
49176810
49075012
48908188
49255551
48756757
48748896
48465759
48457185
48262267
48584701
48228608
48446212
48512631
47608747
47755939
48175513
47589320
47662291
48182125
47617343
47888866
48069597
47650875
47598559
48207153
48174052
48188121
47789255
47779736
48197387
48190297
47766374
47799896
37107482
36258166
47395833
36028891
36078206
47472565
47415296
37568996
36100847
47431327
37546519
37557723
36070673
37369391
37103486
36105209
36036525
37113046
37384432
37320788
33102518
35857778
35885467
34063457
35879902
33111790
35865413
34658056
33067060
34086344
34073515
33067515
33763216
33076490
33144501
33088690
33064854
35811738
35819591
34648053
32654158
32912523
32638882
32875928
32838284
32885381
32928509
32816311
32826544
31458316
32950029
32625506
31466927
32903947
32862919
32934017
32859292
32942174
31439307
31478635
30444251
31411417
30636558
29988975
30633563
30659512
30730327
30505224
29717685
30719188
31409580
30655353
30699809
30686276
30675164
30645133
31425048
30432655
30519199
30654239
29343674
28900927
28651304
28641055
29388712
29398696
28736094
28883740
28924481
29619568
29208920
28747533
28972949
29165149
28524365
29336194
28963340
28945968
29198080
29380297
28195828
28103965
28479952
27717966
27915815
27710708
28187304
28233202
28499991
27438939
27413646
28455887
28267238
27448806
28465973
28255572
27791453
27284067
27394321
28445251
26052169
26751316
27038733
26695126
26621122
26656709
26407308
27024136
26399514
26274391
26237987
25860436
26631573
27266583
26031766
26230346
26069467
27012271
26704138
26005455
25834603
25827556
25811839
25476014
25703429
25645658
25583714
25573556
25709528
25739760
25854113
25729631
25676460
25661311
25669300
25695936
25681659
25733610
25653609
25592006
24879944
25422616
25223757
25109612
25099409
25233177
25218852
25443010
25115015
25240206
24891298
25410909
25427977
25263862
25435700
25271163
25212096
25470375
25104818
25190991
24648891
24511403
24693646
24500485
24707474
24232090
24237693
24252494
24421064
24302696
24134103
24702233
24624607
24872621
24293171
24415365
24224062
24483839
24830405
24521549
23919255
23582294
23559105
23768777
23923380
23937542
23898906
23550302
23910099
23672559
23951290
23721789
23570263
23750679
23735447
24114706
23929411
23712850
23877427
23683275
23165523
22781460
22724488
22763146
22704180
22891625
22873191
22676843
22687856
23459979
22740186
22862252
22569335
23150661
22880622
22731833
23267155
22684706
22769102
22753273
21640766
21988680
22433028
21731732
22419368
21738989
21820555
21719943
21502024
21668504
21971962
22173834
21687821
21725428
22427051
21874005
22386464
21715434
21827039
21695576
21496398
20560474
21489343
21470675
20426362
20497043
20493117
20351682
20483360
21372037
20338975
20250922
20392291
20267541
20261011
20421094
20360283
21338508
20414136
20346546
19995520
20171249
19999715
20041712
19975350
20184947
20072584
19913221
19919710
19983103
20159072
20058528
20245294
20177920
20165995
19988115
19850803
20053101
20047189
20067051
19383451
19519549
19838176
19380678
19668289
19677418
19374792
19689847
19513354
19307165
19829807
19841900
19674063
19369688
19756061
19683902
19299533
19820708
19592690
19824429
19242632
19277785
19001595
19068833
19061533
19073009
19247816
19102382
19025160
19086366
19162956
19233611
19092277
19098084
19154196
19019183
19109906
19065463
19239146
19009466
18706010
18871980
18843714
18888625
18697299
18904890
18756096
18996612
18850011
18751640
18740153
18901112
18857635
18893613
18840192
18744566
18987883
18863885
18832544
18713770
18544126
18537881
18557869
18319094
18464693
18562105
18690878
18565744
18530488
18193074
18476388
18457877
18522915
18204918
18177154
18642647
18199160
18471963
18224211
18321480
17967959
18038557
18110254
17490856
18116298
17785953
17769081
17749368
17800720
18044155
18032157
17790186
17765296
17780139
17753670
17745968
17481832
17794897
17774624
17960378
16430540
17471451
16422438
16571640
16481131
16478204
16744491
16590977
16544877
16610138
16439256
17446613
16423230
16581181
16600292
16616049
16606001
16555471
16622810
16594410
16342719
16334040
16418329
16368152
16312293
16328851
16364322
16321473
16358490
16315468
16461714
16304792
16338743
16476666
16459767
16453009
16473304
16353535
16468508
16447582
16296641
16301386
16170683
16238053
16187910
16175769
16197169
16166393
16220832
16227626
16194912
16203779
16292697
16172969
16168645
16216863
16241415
16200924
16112946
16211647
16109171
16102385
15551675
16110758
15499264
15556868
15552424
15587338
15487623
15493218
15569809
15614145
15582517
15573938
15481370
15598265
15549510
15608310
15505502
15466295
15163897
15158016
15344938
15173330
15439864
15133561
15455226
15336774
15123662
15330007
15463565
15194511
15433520
15138589
15444172
15145387
15130783
15126967
15274349
15448992
15024089
14878591
14820370
14851230
15003013
14843424
14981182
14977513
14990092
14976439
14985336
14995181
14877119
14814959
15014318
14885591
14827555
14864376
14870140
15007776
14359705
14621860
14438479
14803404
14350806
14698476
14692783
14714303
14443223
14628746
14457925
14467318
14512809
14503535
14474093
14343795
14333794
14809236
14706360
14449287
14024044
14190852
14289702
14132117
14192004
14327001
13886062
14298872
13890677
14287879
14017835
13880916
14194312
13863293
13858104
14198018
14307020
14136584
14317627
14293286
13854454
13640306
13638630
13628345
13824210
13707624
13644205
13808945
13817983
13326416
13738887
13731047
13847440
13717774
13689631
13633168
13726020
13842757
13814390
13692555
11521585
13321142
13138372
11533508
13133144
11491881
13141687
11511125
13317343
13270157
11516528
11495464
11487282
13263559
13151826
13262969
13140148
13274033
13161662
11527656
11158764
11362295
11377364
11213840
11341695
11371613
11365541
11336680
11203742
11196810
11192946
11208732
11175864
11326459
11170349
11165117
11382030
11330377
11191277
11324998
8563484
7848122
7657993
7948233
7943986
7664684
7844624
7940676
7925146
8656875
7842108
8647142
8677023
7941224
7852056
8653338
8670758
8647902
8563019
7937558
