853461475
852456894
853384617
853966794
853267379
1183641918
851397146
852519559
1183524731
1183818192
853786927
1183853307
1183765589
853907226
852573483
851787704
853548534
1183705296
853683172
852400894
850417174
850481509
848425214
846524201
848707132
848589475
850345060
846884599
848678921
850247841
846774312
848501827
846844031
851311421
850533287
851245831
850896019
851177464
850595676
850154181
841032378
841390346
841350416
841134720
843267031
846347977
840660938
840448829
840189681
840883468
840369647
839349585
840552625
840789912
846435279
841263408
841426420
840973050
839427512
839485978
838525851
838407475
837303400
835628108
838804170
837582112
838977713
838253159
839292561
839207152
837548373
838871069
839110383
837375917
837504719
835581113
838337953
837147763
837439585
838706183
830029919
835534102
829804215
829884265
830075191
833444642
832092413
829976771
830132806
833854574
833697228
833610981
832026820
835400931
835484069
833529554
833836038
831992231
831927657
833770277
826303805
828964654
829301744
826528987
825533110
825732858
825910432
829715583
829565607
828919793
826493995
826205093
829424408
826431427
826137606
826360792
826019987
829656478
825447591
829626698
822601323
822659793
824577058
817145867
818718733
820340735
824536369
824456987
818924806
822643902
818639553
820853301
824655300
824130150
819002632
824683760
824624272
818870522
820755201
818779282
814131691
811382188
815259005
815180870
811471830
815047948
814950607
816859106
815333036
813384771
816639906
816923666
814193806
813422927
816752883
817079828
815132225
811419906
809412051
813335306
803727831
803704580
803557559
803324719
800500648
807562450
798486418
805316302
803488356
803655331
801806194
807576706
805391649
799667866
797785638
805516492
801721501
799770940
799749054
797510680
788525430
791564519
791495646
795778198
788299834
789211762
788972755
788395882
797291479
797430508
793795622
789429464
789505334
788877015
797355581
795734107
789564090
789314592
796734429
784987332
663931790
783042225
781419692
781452550
781556694
763475457
664658814
782942696
664521848
784675650
664033234
663967363
784579802
663987908
762431092
784824842
781625376
762393611
664828561
664745618
660101289
662547554
659933527
662593212
662031523
662079877
663745668
660247852
662980908
663802216
660310750
660190144
662665865
660033387
663570344
663659414
662487267
662109986
662010740
663853811
657020886
656654660
655128026
658612844
658652136
658691441
656909536
656747112
656570925
658540348
656857978
655315885
655196168
653508956
655367961
658161214
656966139
654060973
658307984
653484723
650468367
651561078
652568607
653369464
651494915
651214801
652671352
650412259
653457748
652765190
651448957
651596343
651374331
653306559
652970958
652893921
652848628
651289615
651144504
653412718
649702156
638805902
649548443
649750821
638108576
638085476
649277411
638012823
638582094
649369517
649798787
649434987
638856161
638644044
649496745
639043562
649630033
638702889
638033640
638933750
636220300
635884204
635799115
635715928
637530003
636034901
636104592
635976161
637036453
637623331
637685681
636159473
636273755
636185571
637871692
637960376
637264072
637465389
637189529
637121669
634182658
632467753
630930853
633960272
632407575
634090345
634335895
634243213
632622257
635647667
632682225
632554311
631105194
631182090
634296273
632782717
631138674
630835241
631054774
631005154
628926306
630012041
630097140
630202422
628998728
625782250
629220337
629277887
630397500
625871343
625827133
630276206
628753083
628625973
627410420
629166135
628851362
629066103
630156302
627921431
586096367
625556286
624312523
624262610
623954463
624116641
586145637
624418375
586954941
625399589
586897622
624202771
586778060
625724071
624376680
625613934
625472455
586821712
624046577
587130749
584127470
585521675
585098543
585171580
584959355
583519756
586027404
585612084
585942673
585444866
584781355
584066904
584011411
584845533
585868308
584195564
584145519
584229269
585713242
585338277
580684768
581885189
582284402
582001365
580426424
580366297
579268259
580503274
581945801
579306761
580802364
582210271
582335788
580754413
582153398
583408176
580661106
580580839
579201865
582063825
576385766
577579812
576179914
576040205
578010857
577832224
576247929
578928672
577922261
577871627
577771548
576321067
579023726
579170150
579110935
578058754
577678965
576091081
577962301
576453710
575626373
575435310
575815899
574649089
574290318
574787933
574714260
575490874
573979996
574681379
575963703
575716437
575886399
574448798
574588039
574067729
574347277
574507178
574766849
574191127
572481012
571185115
573487567
573895408
572405635
572250506
572691104
572797091
572508188
571180301
571117561
573651547
573574682
573769504
572800354
572861490
572559647
572633889
572310331
572747486
568271491
568050792
571048332
569749401
569776883
569544861
569596047
570744379
568137882
568000458
568336826
569815126
570942611
570881581
568212559
569666140
569440189
568408838
569373193
569497232
566824692
565717858
566906202
567092534
566486942
566299131
565815536
565850543
567049773
565766264
565602845
566971002
565509186
566764911
565233819
566593734
567023316
565866790
565665822
566353554
560986726
559639080
565020820
559960702
559539415
559935272
565086231
564243118
564157921
559896155
559725388
559209132
565152807
564192524
564117884
559798804
559688008
559859365
560904907
560857260
558679407
557379170
557202720
557153229
558621627
558356062
558289228
558507248
558153517
557309548
558594954
558651936
559121366
558449457
558232024
558095665
557244877
558553276
558682636
557340753
554178598
557109033
555889451
555786553
554286598
555563198
555337544
555942379
555405902
555240192
553992525
555458465
553875390
555696856
554043401
554349977
555620254
554242936
555849164
549955483
549659653
549570819
548477918
549716888
549878187
549932676
549905925
549524287
549345521
548637871
549778000
548691508
548607544
548575921
549472194
549402516
548666065
548537626
548418137
549844171
546751653
547122566
546792758
547003920
546940770
548118991
546866361
547258608
548191344
546529556
547051410
548316628
548245255
547330371
548364052
548056553
547376548
547299573
547204616
546702716
545421782
545048835
545162390
544453031
546024180
545481677
545910472
545276649
545878217
544429164
545833614
546091820
545704958
545641842
545560175
544485657
545992654
545760533
545219663
546063607
542430989
543717889
543363952
542821819
542329923
543813372
542705601
543289077
542787143
542498254
544384494
543953219
543465778
543879408
542644717
542274572
544338007
544266506
544024672
543244691
538781520
538696809
540035901
540004327
538848321
538568099
541250233
540088708
541411722
538837092
541300586
539974515
538796197
538741850
541339857
541205140
538642691
541371484
538504288
537595938
536250477
536210907
537548060
536052251
534687757
537106639
537066107
534727991
536121934
535625117
536166437
535497103
537256038
535570241
537496308
537192636
537449333
537401395
537339660
535982084
533565097
533746278
534439587
533803036
533619676
531203933
533654768
531616397
531405936
534289075
529851830
534239769
531308013
532722345
533728878
531512616
534073741
533869602
533511316
534353715
526749687
526474302
529632842
529620491
525079064
528045784
524904765
526569833
529756784
524988591
524715496
525163394
529508336
526388948
528004454
526775170
526803079
529815234
525244193
526514898
524597093
524271943
523256644
521946170
522729106
522091217
524516626
524371273
524438660
521742743
523101833
522200399
521690603
523040259
522955675
522842375
521864558
523149157
523209859
521817461
517930751
517702546
515770119
515818486
515713125
515581454
520477563
519143676
520309904
519387484
519331217
519022007
519219062
515634485
517804161
521608043
520388357
519292279
517457512
517579185
514435915
515332899
514328468
514151007
512964975
512822869
512742236
511674762
512565156
512481271
512886833
512922904
515524384
514255612
514203057
514372689
512674683
515430296
511591120
512998241
508749149
511182263
508693588
509661057
511298915
509572390
511554312
510902622
511248537
510976249
511450743
511021633
511346379
510318911
509594582
511397690
511103635
511479162
510915126
510167388
507174358
507023165
506708337
501499326
508208077
500309004
500214946
500218447
508069368
508604480
500274639
508584256
508652226
508536027
500173447
501569303
508140613
506933070
501435833
500343437
498760992
497007571
499928927
498708360
499984592
498658343
497399447
500126359
497171070
496852040
496757682
497246172
496935731
496835584
498873866
500051744
498823436
498910290
497353727
497287442
494678608
495846590
495878742
495739915
496619540
496480736
495360152
494598567
495780393
496683116
495815683
495662647
495538042
495261786
495005713
495712328
495057247
496568314
495604822
495433278
491913441
493980234
493920359
493790876
492156892
492124757
491805107
493707446
493954480
492047665
493513380
491972866
493577635
491896057
493336042
493861847
493446528
491821374
493254115
493636248
490004597
487164263
490064746
487276880
491580959
487125007
487228996
487193922
488594478
488623715
491710597
490111586
488514497
489943894
488665640
488452272
489799662
488377018
487271973
489894744
485592157
486951465
485459238
485720687
485925053
485882371
485762883
485383756
485852201
485656213
486988857
485537581
485193080
485112593
486887070
487066217
485668095
485361006
485790454
485730045
483705062
482767893
482660805
483505708
484297663
483660480
484396647
484442683
484199927
482717428
484402938
483516381
484406178
484001957
484249014
483952279
484186518
483590622
484349965
484084512
479865860
482292123
482471300
481269864
482374887
482213291
482588113
480968933
480046882
481227572
481262899
481038958
479988818
481303697
481173736
479932574
481126497
479785916
479723426
482160439
478390343
477126492
476942479
475575480
477335231
477174748
478608073
477223046
479650417
475588517
479569940
476992342
477304153
478492576
477367698
477073688
478685439
478642390
478554993
478428717
475454402
474472138
470178178
475531164
474227137
470296154
474159443
474517244
474362248
471550392
474545161
474625861
470292187
474562434
471393367
474587751
474413889
474408621
471455169
471500588
461917640
461866571
468954981
461823914
460538657
460381932
460607681
468893261
470113054
460643769
470006669
468826777
459521054
460470101
460331189
460781116
468886674
462008574
459515062
460721008
457897083
457761782
458304174
458365798
459404588
458928918
459218681
458273248
459283820
459330015
458214588
457955523
459341947
458998638
458341930
458125833
458000976
458163660
457829069
458369792
444313271
440002744
457702174
444374303
444042771
442386301
443866283
439908211
437492290
443936104
437537119
444109091
443780442
457644547
439778425
444227232
457578409
444181823
444403674
442544497
430898944
429255554
428105798
432716296
432728168
432796933
432738598
432434064
432353087
432626717
437334564
432472696
437459613
432757850
428220383
429601849
429747320
437399322
432747817
429343744
420540396
426341692
425430945
423399257
427773566
426583072
419229022
427865059
420366345
426792113
425028826
424893962
425098278
419381096
427730197
427930965
426870206
426425223
419250634
419309362
417028462
411663675
417961640
418076233
417969376
416944733
416583073
416844894
411598635
416659839
417859826
410874782
416867385
415769388
416596801
409886460
417896857
409859216
418174972
414514260
407424517
408321796
406475271
409818112
408420620
408765938
407150767
407138239
406346597
407115483
408381439
406610053
408301010
407367742
408761214
407211690
406560907
407241441
406401915
407086252
405492667
405409044
406290956
406099097
405460366
405383603
406209312
405058880
403784034
403674181
405451550
403746332
402959105
402999196
406039689
405183825
405123969
406149310
402902022
401943812
381363303
397827376
401742922
401904164
381937158
397740740
397057866
401658244
397017430
381889717
401878619
381834110
397992450
401805550
401844303
397689760
397912412
397087706
381989796
382047808
359495130
353007084
352930079
359427529
352987301
352851209
359766006
359701214
356349507
352953475
352818402
351563836
365489957
381316507
363902046
352972903
356189714
351583241
359634192
358295914
349982167
348351044
347691164
348235659
346274302
350013116
347712922
347650942
347382646
347305043
346198918
346033903
346308453
346605770
347255890
350949833
351539044
347602770
346586812
350774770
334416358
330785931
334638535
332935805
334363191
333143019
331902850
345986194
340831892
342353703
334566453
332912172
331945647
330805001
334609889
340776379
330702404
342439617
333095931
330851888
327644197
327565451
327218082
327609481
324842607
324864684
330230874
323465704
323628558
323439654
326996568
326923845
330250973
326807136
324818279
327588889
326857685
327629821
326756049
330640187
318377121
323232393
321545940
321051171
318350254
317459596
321396793
318445759
320900870
318012685
320955922
321386037
321011276
318418612
318325359
318394543
323198239
321069248
321548423
315795352
314295702
315340948
315109986
313986985
315080624
314092801
314236414
314009083
314043138
315395155
315730453
314134742
313950290
313687152
315039038
313674496
315287489
315156841
315542573
314179656
310744511
310869321
310901623
313021808
313470539
312917176
311242845
311198076
310985539
310811454
312958038
313094061
311120641
313062550
312994019
313652664
313412540
312327858
311059208
312161512
308799310
303613260
301926619
303440925
303634989
306336842
300708693
306540632
305781238
302052157
306450669
302084390
301850533
305817195
308861578
305752781
303488200
303597449
303426856
303631804
298404510
293924806
298344259
293079977
297110933
298591860
298672064
298655682
293100444
298608958
295882243
296341168
296263017
295848693
293849081
300675858
298670037
293157023
293133961
298629500
292910403
291396987
288224017
290771801
287924849
293045998
292955435
292904847
292778608
290748074
290662752
293041089
290707914
290688868
292857003
290674057
293020389
290798284
292990170
289256730
281063670
276801622
285802530
281210236
281163012
278684296
279267308
279964610
279309919
278778327
285758329
285835683
278640858
279256396
286801638
280946573
281107730
280880774
281013710
278725303
276119632
276222991
272554006
276758672
276719298
276243432
272682874
276770330
276174081
273318619
273028932
271636099
272587478
276147909
272710674
272636165
276741209
276236321
272976688
272917100
269555022
269946774
271240573
269969739
269441861
271215197
271282492
271432177
271330651
269611610
269992144
269804377
270744775
271190190
270684684
269500582
271194718
271397949
271291373
269831041
265636187
265671165
263945899
264085105
267358141
264051165
265590058
265686202
267312736
267755909
266365604
267747081
266409682
265702140
265618189
265645191
263975566
266442496
266538679
266331884
258109071
258332782
260493221
260389035
260413120
258386148
258254742
257256153
260529049
258320940
260475937
260198158
260433784
258368048
260458009
258065089
258370350
260509036
258295982
258352150
254063376
257215734
254000511
255005793
257220516
257162727
255049697
254034983
244997108
255114881
254979618
254959194
254103707
257115926
253046740
254923314
249251872
244934326
254086519
255081394
244083658
244104435
243317342
241614937
242292647
243358118
244909984
243319945
242046175
244820344
244988161
244966133
241612157
244135746
243338479
244856239
244154539
242018309
244888313
244791426
241316783
241156653
241102603
241146023
241202272
239809406
241627416
241613635
241251117
241100702
241072465
241584920
241601600
241154846
241565629
239609620
239749516
241284305
239727781
239781365
239101116
238785383
239215985
239173549
239204619
239163718
239152592
239182714
239078760
235885477
239008669
238742392
239060699
238701423
236669590
236651176
239031288
235869320
239135700
238732185
232802049
233523987
232782389
235774788
232687634
231172039
232716282
232636569
232824187
231665117
234185472
232745515
234222130
232884485
231957823
232873904
232846671
233488355
234264924
232861953
229563558
230276675
230995683
230816066
230236865
230867887
230739596
230978060
229593003
231106993
229607975
229511826
229318947
229269385
229347974
229639673
231066971
230061864
230776836
231146756
229096017
229127755
229268075
225610484
229208681
228219691
228169546
228118003
228248364
228235371
228184214
225780736
228201264
228251837
228158455
225082775
229185133
228136233
228215183
229240660
224719186
225023051
225058698
224754470
223162811
224630365
224540474
224679059
225070208
224883934
224608066
225004117
224656144
224801644
224975305
225034945
225046306
224564711
224511708
224849543
222112228
223122831
222087282
222076207
222188826
221997189
222211107
222045667
222777135
222167660
222100357
222148552
222826215
222012336
222143489
222035416
222800418
222812440
222063510
222024176
220539845
219866537
220453761
220512350
221919442
220420559
221652175
221609845
220501073
220524769
220446891
219887794
219837519
219921189
220382191
220477939
220489606
221592147
221559229
219817870
219698916
218398685
218372554
218316264
219741446
218532891
218424709
218450980
218292565
218278834
219713526
219682275
218596659
219723793
218262026
219796666
219697426
218348173
219761606
219778017
217336462
217441082
217366651
217288653
217454489
218239404
217473127
217413646
217376856
217355624
217310169
218246380
217428906
217483663
217398891
217836471
217414902
217940175
217387290
216654546
215698583
216629202
215633911
215594854
214659620
215869525
216345487
216641118
216309461
215732332
215660168
216613486
215887608
215777056
216572603
215854874
216405629
215873222
216593402
215833676
214136001
214125593
213339130
214063726
213365522
214632102
214476157
214472169
214505659
212466575
214544864
214141644
213357429
213323050
214576934
214026970
213990672
213289921
214540694
214097092
212414688
212446954
210107968
210174214
210214176
210029997
207585622
207560676
210150490
210069385
210921310
210943645
210133140
209947648
207611801
210197484
210193880
207599071
209982518
210961695
207539009
204009846
166454593
206061698
204036672
185025865
206796098
206038349
205220649
167125481
166418297
207506162
165670654
206060654
201292349
206724565
167159009
166383358
157536299
199173114
154421824
151177396
151784092
150381020
141170039
148675192
141981477
148721325
151725542
141204208
157503737
141224665
141243120
142783772
151278248
141955599
141185197
151751105
142039222
142005099
138050303
141155630
138883434
138836541
138312901
138087986
138748339
138866375
138104255
138719014
138693271
141134765
138730310
138671269
138061369
138053583
138016125
137986152
138813772
138679673
135508795
137137030
136296533
136265566
137881597
137209142
137908363
135929192
135897134
135975636
135582458
135552949
135481270
137962014
137259821
137173522
137108466
137935852
134927182
135615697
134744291
134711100
131629406
132541770
132067767
132584580
131693115
132617157
131594606
132455757
131227155
132048310
132505286
132102597
134628053
132085598
134584774
134539636
131662465
132673886
129805330
130825775
129117198
129006782
130792883
127396131
129829273
129045717
129903710
129084487
131075759
129929045
129863267
131023421
130180961
129219659
131137106
131111888
129907799
128972827
124971855
125814838
124689233
125046827
124104678
125066017
125786865
124660256
125099008
125000109
124954760
124142587
125019147
124124930
126197044
124951356
124181762
124160920
124721332
125771765
123491737
123501914
117949222
117850923
117909944
123315055
120414111
117928854
122486965
124097797
123410760
123525084
123299589
117867341
123563539
123462527
123330370
123429466
120393498
120373519
110298065
114000645
109196595
117836669
117607261
108622061
108543165
117569869
107757703
110786305
108581009
110825189
117677882
117703000
114032326
111564524
114059458
113958388
110748078
117641594
106780517
107570672
107550750
106846699
106758005
107675302
106742936
106897052
106549602
104689217
107712192
107606607
106917746
105796950
106960905
106813283
105784025
105763686
106957613
107644462
102173730
102526738
101831889
101603765
101857114
100990145
102285096
100962684
104382467
104368383
102330708
102228544
104353005
104343638
101812925
100941092
100691846
100675827
101569123
100679535
95642886
96476657
100663895
96428613
98038404
96214885
97984784
96503193
95628949
98114720
98084732
96198376
100254654
96691502
100654666
96183038
96451220
95617214
100228697
98014646
95605774
93921518
93554440
93513268
95593904
95058299
94261984
94276866
94289983
94233314
93488211
93465812
94258538
95094522
94245990
93569286
93422655
95080648
93540534
95356559
89248255
89131694
88456288
88437092
78435664
92753173
89280315
76589859
76402843
76293864
92730248
90741684
92670479
90764376
88476946
88405597
78451628
78418140
76418327
90794969
69987592
76286979
74002948
73013501
69428434
66201596
65369384
66647568
65374679
65363780
69399651
74382733
66231917
69001850
66643777
66224386
73444769
68522689
65744720
66211435
61128112
59286278
62594393
62568148
60110621
60077172
60102184
59714614
62782560
59693239
59647385
59343153
59271256
59661694
62579061
65241615
62334894
63697647
59677556
62830970
56020471
56004697
56195605
58367297
56038795
56203412
56214997
59260933
56597573
59200148
59243383
59217964
55986013
55249594
55293364
55298697
59214076
59184684
56106461
59231774
50727827
50745894
54891567
53677938
54884326
53216787
55099909
53285181
54907157
52187592
55119744
55236689
53304993
52944986
54901142
54864029
54876491
53264089
54912651
50702989
48229074
47945783
50685643
50475012
47473801
48801571
49810938
48336417
47486413
49549563
48318396
48218495
50650956
48230913
49822194
47955483
50663908
49538158
50451619
48306418
46709861
46499995
45936941
46951225
46239874
46576130
46220617
46519038
46540359
46721414
46559399
45519314
45512387
46735815
45502293
45916572
45506539
46727318
47456754
46260028
44773212
45388741
45233429
45246140
44784947
44759443
44220482
44193277
44502346
45397545
44462769
45424566
45218623
44252789
45240940
45479887
44230094
45225838
44821217
45493002
43875641
43418621
44157599
44162463
43868905
43860747
43438987
42921724
42589109
43687871
43512192
42908349
42929245
43997165
44149079
44174301
43881624
44182470
43427906
43933044
41749235
41807127
41532623
42532361
41980409
41574119
41543569
42210270
41561724
42564571
42581436
41761090
41552553
42548305
41568271
42222484
41969191
42469769
42576844
41785855
40914631
40948059
40900997
41439050
40882304
41007841
41495008
41035048
40936448
40984027
41452516
40922963
41024664
41027075
40892278
41432244
41509457
41445520
41016805
40996333
40748483
40744525
40188677
40704362
40213782
40198302
40695359
40207901
40155679
40131266
40441862
40169037
40448497
39957427
40205347
40458187
40142652
39982291
40715469
40736043
39868483
39513232
39948398
39878699
38530419
38592859
38269378
37328582
37482425
39637728
39175400
39723192
39732638
38545319
39506881
38569310
38578570
39186639
38277605
38057049
33883744
37317039
33393605
35275445
33382396
36589058
37303936
36543958
33892175
34368848
35352227
33400152
36327515
36581456
36814037
36564742
35367192
36802723
36552965
33875011
32957833
32812551
32656721
32635911
32443568
32820534
33369355
32833181
32407999
32635626
32460392
32617739
32842182
32638774
32665988
32862245
32395216
32382845
32452075
32850582
31859796
31832143
31849913
31740929
31708654
31692119
31839590
31747439
31746389
31724004
31912369
31745230
31731597
32379492
31830126
31671339
31928259
31877756
31682170
31747872
31374341
31393018
31468100
31477513
31634217
31475846
31445107
31429146
31493407
31457249
31385039
31367627
31657169
31645210
31466281
31483933
31503908
31209051
31640409
31635413
30164623
30700800
29845327
30934255
30923095
29854199
30681746
30982263
29562348
30723945
29974968
30970935
31203418
30751720
30945173
30173213
29569493
30764725
29968533
31199154
28227337
27534101
27531144
28235677
27686720
27736125
28858486
28997827
29435505
27630813
28985246
29445293
28429876
27730562
28437279
27696567
27643494
27527090
27741807
29004429
26700317
27521448
27081218
26909212
26642745
26621259
27115388
26389586
27119747
26630304
26914247
27306755
27311313
27317485
27304438
27108976
26410380
26395473
26918713
27298790
26168863
25273101
25737884
25214450
25058740
25752454
25251858
25285262
25294933
25243621
26381810
26375937
26160588
25743489
25259616
26181693
25279414
26175637
25231089
26369189
25009544
24829827
25020973
25031319
25013956
24836843
24862045
24448209
24923914
24842349
24492989
25027706
24855038
24677664
24655765
25039473
24849593
24687625
25049640
24667829
24426360
23995178
24411229
24442376
24168279
23957162
24429055
24162932
23989177
24280399
24435107
23789441
24417499
23998679
24147793
23779863
23261941
23276581
24157173
24005000
22085381
22095005
23171735
21932611
22110496
21918542
22105053
21922422
22098890
21899009
21926237
23207708
22959375
21929110
21908519
23163023
22584906
22114550
23186049
22075017
20864980
21892895
20700859
21885603
21115286
20857481
21078712
21088828
21252088
21218986
21226179
21869901
21209143
21121371
21109534
20692819
21099454
21104847
21567797
21550912
20688595
20090367
19578465
19765526
20684142
20030458
19775875
20095030
20535649
19725653
20041862
19781982
20022578
20105531
19771864
19734898
20047737
19761696
20033082
20016307
19120757
18125697
19543541
19445411
18123037
19452040
19569070
19257686
19107993
19560076
19314522
19252305
19115266
19326398
19547611
19096964
19320490
17988547
19102475
18118940
17977441
17787753
17536823
17923879
17543645
17537561
17529443
17967266
17986286
17971331
17981516
17981969
17913836
17918216
17798098
17789635
17385421
17908908
17799363
17804327
16465437
17311271
16366565
17315318
16469614
16570590
16357514
16458976
16370563
17381965
16479821
16362033
16600965
16591192
16606348
16474149
16454334
16485429
17378513
16581426
16349983
16181660
16181409
16196543
16338705
16196806
16186710
16192545
16324151
16321479
16196062
16353862
16320346
16315772
16241280
16331344
16224229
16197235
16197917
16347379
15787192
16089572
15927117
15906944
15902150
15969856
15798719
15767656
15981223
15964856
16109110
15776633
15956851
16114265
15918461
15932679
15756572
16096642
15807751
16178294
15575154
15376039
15502190
15743840
15667451
15651750
15517670
15513103
15380578
15602006
15615968
15508318
15482726
15337559
15631472
15607542
15647470
15637004
15619178
15343274
15314910
15221464
15156459
15144255
15141216
15066031
15060964
15296893
15049803
15322918
15044085
15330868
15280883
15303331
15040141
15165359
15071466
15281134
15075999
15173413
14673320
14923982
14896797
14723431
14929676
14870077
14696901
14889519
14731515
14701476
14726677
14934540
14719320
14918566
14995102
14907083
14902307
14687353
14678928
14913244
14355893
14350057
14555195
14302967
14235999
14395597
14542727
14530619
14241516
14387994
14237594
14536275
14562324
14340194
14360354
14667875
14352161
14547684
14391228
14193013
13574890
13891258
13864764
13722740
13492939
13877912
13578365
13493128
13323697
13062973
13340085
13542019
13062390
14174819
13068359
13871932
13056090
13905098
14176719
13073249
13022549
12989389
12910753
12902889
12868278
12742322
12722869
13017807
12746404
13028111
12586280
12565741
12886354
12713677
12698869
12704522
12726924
12577153
12751859
12891760
12025580
12334587
12308693
12367209
12334484
12183299
12163553
12175845
12139842
12030511
12357075
12316601
12334313
12376137
12010950
12150851
12537078
12192864
12018083
12008542
12002573
11864401
11811874
11855124
11868189
11582399
11587474
11706841
11693220
11860631
11926087
11714822
11852012
11716851
11719797
11702524
11576162
11578289
11569663
11564639
11558694
11022409
10428904
10467921
10335352
10316258
10583467
10462113
10483473
10656144
10322407
10452140
11532505
10472463
10440067
10594762
10340913
10589102
10330966
10317155
10034167
10216463
10199668
10201881
10059229
10303987
10084999
10065099
10209715
10174142
10296830
10180777
10054673
10190141
10088172
10300238
10049619
10221016
10192852
10042730
9824530
9831819
9795699
10018555
9947199
9828473
9803211
9800243
9817127
10019995
9941536
9810684
9931570
9822164
10024965
10029736
9807652
9801080
9934758
9957665
9467704
9576319
9550051
9595894
9599956
9720973
9699148
9562879
9794626
9606070
9582526
9559905
9477716
9705050
9715043
9691657
9794845
9566125
9556878
9474918
9458909
9322914
9200875
9196835
9164039
9192012
9448898
9167724
9180056
9289746
9301548
9180908
9295651
9151210
9327537
9183956
9463574
9164279
9453493
9308361
9048875
8939667
9033290
8838774
9037272
9072678
9047337
8964476
8957971
9076842
8968001
8953082
9029172
9053029
8832594
9057751
9062446
9074960
9032855
9021871
8692543
8795627
8592671
8715792
8824270
8580753
8572435
8811604
8711748
8705605
8720201
8587522
8604936
8577255
8791711
8738686
8733076
8726167
8597332
8815814
8535199
8518984
8528011
8308761
8325207
8443845
8328418
8546759
8447710
8302610
8532043
8455634
8381053
8380774
8306756
8317491
8437560
8385804
8321039
8524662
8220885
8054944
8231069
8113620
8049157
8052158
8217504
8207811
8111022
8204048
8126304
8116419
8047700
8206289
8221948
8141139
8226062
8137592
8122630
8211366
7933468
7875689
7939612
7974637
7953328
8037056
8025792
7937904
7960722
8043388
7950622
7870686
7971031
7889132
8044338
8023668
7963101
7967013
7945888
8041077
7725336
7671451
7850259
7867769
7845646
7772096
7657102
7614436
7843321
7774555
7607698
7762750
7785374
7758366
7754135
7851234
7731178
7643640
7598207
7611567
7500804
7528615
7468161
7509620
7519892
7517157
7511117
7459413
7541057
7502536
7471776
7453164
7535897
7499363
7455855
7532146
7512737
7530684
7515194
7538785
7297863
7375012
7308237
7391679
7366786
7303398
7273475
7395951
7452919
7294547
7309093
7280854
7379328
7307755
7284695
7288319
7290891
7385148
7372192
7399185
7206178
7180832
7186613
7039758
7035455
7196993
7204998
7190901
7214503
7188368
7267572
7263686
7210635
7202468
7066656
7060942
7050128
7046728
7064188
7041219
6948664
6829356
6895858
6883764
6949975
6938938
6898761
6880319
6961262
6813714
6833007
6940687
6826864
6956686
6888687
6959253
6937255
6967520
6964224
6943371
6735468
6746132
6663238
6791444
6732892
6805070
6797788
6795555
6738799
6729575
6659413
6656914
6742807
6796115
6726262
6666536
6799114
6661920
6721281
6651302
6645416
6582487
6517700
6557583
6520558
6515638
6552311
6519475
6586600
6517847
6562576
6573434
6582865
6583718
6643472
6554636
6520079
6621888
6570742
6553444
6425518
6305477
6314652
6310369
6436927
6309546
6506084
6513229
6498915
6374961
6361823
6356387
6357701
6429023
6498442
6444322
6368601
6502899
6499023
6498401
6230440
6212983
6075957
6292040
5996739
6284145
6290418
6217675
6295122
6213151
6003912
5995118
6207300
6014490
5992459
6242429
6000355
6223475
6236575
6080918
5944149
5812835
5810451
5988586
5807486
5989018
5749029
5894346
5803256
5939630
5797677
5931758
5744298
5942362
5797542
5896157
5989622
5892120
5936812
5854021
5338451
5399621
5367597
5713262
5728705
5336191
5623436
5725372
5576606
5487378
5323065
5692019
5325733
5393547
5615499
5397963
5735595
5402811
5504729
5330714
5241848
5250876
5236551
5185794
5230084
5261748
5253203
5198407
5231348
5182358
5233376
5270222
5267528
5203222
5238909
5199939
5240162
5190175
5258487
5242699
5155705
5122726
5167048
5158096
5155029
5128960
5124889
5176749
5174391
5171585
5167328
5128514
5128308
5165741
5171936
5155619
5154862
5179861
5127896
5170812
5051621
5098084
5031985
5102885
4981700
4978972
4976654
5032286
5041156
5043672
5106709
5112202
5119784
5107002
5100543
5053339
5035736
5108456
5115246
5047896
4921428
4914401
4907257
4912072
4895897
4844319
4919461
4917141
4842052
4923240
4958083
4908333
4863963
4848048
4959538
4970718
4974044
4955514
4894500
4957143
4637530
4630445
4639664
4793025
4771929
4634585
4784186
4760009
4627728
4602251
4792725
4632305
4780451
4775427
4795733
4777142
4624309
4765220
4756773
4620629
4597242
4490906
4472433
4556934
4531285
4469182
4467871
4485554
4466945
4534324
4599898
4565051
4473290
4475182
4552445
4481987
4494649
4598946
4547577
4498145
4419771
4333700
4352175
4430109
4401437
4399429
4434696
4291835
4412512
4425349
4341153
4427037
4356836
4398305
4289330
4400340
4415689
4408331
4437503
4347115
4238697
4238651
4188354
4267130
4255183
4233896
4256942
4248370
4252599
4281465
4275183
4269581
4242821
4279082
4286328
4246221
4184347
4239278
4176792
4180662
4026237
4067396
4155232
4062693
4072138
4069467
4168918
4158910
4065208
4064507
4016800
4036176
4013630
4031300
4146348
4142409
4023628
4011640
4009988
4162900
3969013
4009359
3907774
4009482
3959214
4007426
3974159
3967890
3907581
3917102
3909756
3961201
3968050
3953828
3971866
3957563
3966331
3956791
3962827
3913800
3899297
3758545
3857322
3774919
3761825
3833432
3850493
3778697
3790812
3784895
3830467
3780256
3842098
3904045
3829365
3827765
3787700
3853988
3771728
3845538
3613944
3754734
3602470
3684732
3744264
3752205
3705013
3711033
3699598
3611032
3685465
3749883
3755932
3682389
3689629
3708714
3682357
3606660
3612491
3695306
3383553
3449008
3423749
3536132
3534284
3390026
3424693
3597515
3453045
3587128
3593317
3455070
3590812
3588376
3537945
3450843
3444060
3386529
3448089
3440511
3370683
3231840
3213741
3252474
3203214
3359748
3376381
3194961
3366836
3316247
3320523
3372879
3207246
3362696
3365148
3324275
3306938
3251052
3237152
3380224
3048390
3162913
3153208
3094149
3160493
3148249
3100277
3050351
3106045
3053057
3158501
3155544
3089915
3108556
3092367
3150623
3096026
3193881
3193305
3098956
2957172
2941836
2944755
2962692
2790357
2955000
2950811
2785807
2752099
2946995
3010972
2958911
3008269
2959905
2756587
2747552
2788807
2856427
3044860
2939081
2746103
2714445
2656819
2513867
2699068
2662008
2599463
2515891
2510299
2694300
2513334
2510124
2512137
2664392
2711646
2596284
2659414
2702998
2610345
2601121
2502017
2284886
2270442
2184223
2211275
2280404
1980867
2214259
2272342
2216478
2276739
2219368
2185783
2179679
1980544
1980354
2043562
2039030
2030134
2275679
