1195422860
1191972763
1190003352
1194532032
1185021127
1184894990
1194786970
1195082919
1189809224
1195193678
1189724364
1188032765
1182685722
1201464273
1189905453
1192454867
1192098645
1192211223
1187389251
1187499252
1182157379
1179988715
1180391562
1179854134
1178235076
1176129748
1177891770
1176212591
1175778869
1180169046
1176022968
1176320627
1182274521
1175943135
1180527045
1180124110
1178433816
1177953327
1180241283
1182552640
1171998313
1171827050
1170239166
1174375809
1174104238
1171668174
1171435565
1170037731
1175703061
1171522167
1174491569
1171926702
1173872980
1173617085
1172199599
1170125274
1172093002
1169975847
1173982187
1174221248
1169890097
1168818050
1169201797
1168981172
1168727247
1165119968
1169349611
1164074881
1168889561
1169484661
1169683605
1165181128
1168445457
1169079808
1168614242
1165271625
1169786681
1164699641
1164819051
1168535987
1162293798
1161944891
1162152915
1162751055
1162905208
1162625036
1162384353
1159945249
1159973574
1162014894
1160088372
1163381663
1159891109
1162827358
1160693269
1160161998
1161860281
1162078219
1162208553
1163990127
1151995079
1153661528
1157988423
1153782434
1153434140
1155363191
1156396381
1152518001
1158045512
1157136932
1155553304
1156294471
1155287936
1156184502
1159679321
1155472029
1152624783
1156079769
1152403518
1153561206
1141994849
1151844184
1148740220
1144438015
1146562815
1141941416
1146214476
1141829580
1144345401
1149882248
1149743910
1151700714
1144176307
1143812408
1148681928
1146772533
1146635871
1142123633
1146097644
1143871785
1136470489
1135916698
1137204690
1141752064
1136531474
1137325184
1136900013
1135731065
1137826594
1137484646
1136410445
1136621437
1137634479
1141677141
1137103459
1137941911
1135824681
1140949781
1137001362
1136820822
1134108841
1134455989
1134032069
1133008928
1135504212
1132798834
1134306206
1133211734
1134569511
1135115353
1135289921
1135010457
1133959765
1134374352
1133119136
1132904741
1132652421
1134692320
1134868883
1135383436
1131525257
1129370405
1131769942
1132125768
1129846694
1130075785
1131669913
1129648408
1129274820
1130283783
1129556715
1131843763
1132045291
1131437734
1129467624
1132303956
1129944979
1129179753
1129743980
1132212947
1125969887
1128717883
1128783232
1129115938
1129052882
1126250402
1128351669
1125767000
1128867048
1128571647
1126169325
1128998048
1128209249
1126311816
1128931345
1128815119
1128278424
1128668257
1126352540
1128955961
1116092636
1118464357
1116413338
1123593042
1123748171
1118642457
1118669650
1118292105
1116226141
1124125878
1124264100
1118898308
1116482506
1116168846
1118574887
1124053300
1118953804
1119018371
1118364393
1116550783
1114105307
1109887260
1114277867
1114149821
1111947405
1114321179
1109935370
1114174820
1110067657
1109998210
1113864861
1113329131
1112043709
1112125271
1114205336
1112084013
1112163129
1111984781
1109857464
1109712886
1102663424
1109428515
1107176671
1107622460
1109206001
1104348825
1109318784
1109637236
1105000229
1107098177
1106787004
1102602398
1109091272
1102553838
1104683913
1106910983
1107294559
1104620968
1107380080
1102717722
1099391763
1095892546
1099843554
1095107671
1100020569
1102032059
1102500681
1102274018
1099930652
1099634983
1095808457
1095733627
1100122213
1099763695
1095924685
1102142495
1101906827
1100243003
1100190207
1099541098
1092179913
1087348392
1093219385
1087161718
1092292632
1087244619
1091981013
1089838689
1088498989
1089472626
1091042017
1088692129
1092244344
1092015153
1089519833
1087201613
1087278124
1089393477
1089734269
1089805286
1086960480
1079183415
1080676024
1086467432
1086157863
1081961655
1082438227
1081038363
1080601080
1080234655
1084959573
1084085593
1083945130
1082960638
1082129576
1086046335
1086637939
1086278991
1080762297
1084996196
1078267610
1079121574
1079065366
1074406697
1072056468
1079151723
1075983159
1076197895
1072100478
1074489956
1079010326
1078425409
1078055103
1076426069
1076340494
1075836892
1075747107
1078151701
1079095676
1073974025
1071180798
1069080280
1069827790
1067704510
1067665610
1069944993
1071897493
1071697935
1068959307
1071791410
1067534898
1071958725
1069293219
1069174248
1071028536
1072007028
1069784089
1067752773
1067422857
1069871099
1067213818
1065724004
1058873948
1058087350
1066734831
1065789927
1066845219
1066914810
1058529089
1067124289
1058688841
1056581864
1065833716
1056043677
1065415017
1067337256
1058356555
1065318869
1058228981
1056509688
1049710260
1048829621
1053890714
1053745264
1047386270
1053182396
1054355674
1048994998
1048900937
1055873443
1053345724
1050012697
1049259958
1048757879
1054424981
1049829712
1049123776
1047596549
1054064700
1047520020
1037705598
1046003170
1037193107
1037812939
1040640698
1038004017
1045938514
1045444391
1040612543
1037911761
1037024337
1040163783
1043145608
1045531911
1043046511
1042893534
1045350060
1042703753
1040506765
1037330055
1033846817
1032179526
1035120824
1032027051
1034224709
1035280447
1031546387
1035813284
1033981511
1034108972
1033917230
1035670463
1031697111
1034052192
1030398365
1027320576
1031366908
1031898571
1032254794
1035480972
1025195855
1021730451
1024997866
1023670627
1021344067
1027063102
1023595693
1023511888
1021804185
1023633739
1021763454
1021674213
1025439003
1027156253
1021631362
1025540052
1021513007
1025303820
1023551125
1024854072
1021233321
1018882398
1019372869
1019718558
1018592073
1018510290
1018398318
1018666018
1019598455
1019810120
1018751596
1018459579
1018994561
1020890902
1019112166
1019772598
1019850135
1020988814
1019670347
1019284163
1015604189
1016074768
1015854043
1015769777
1014293358
1013910803
1012964699
1013123648
1014206376
1015435550
1017657143
1016123448
1013362497
1011189784
1013969110
1018330934
1014105482
1011229788
1013281180
1017744895
1004972573
1009001083
1009210137
1011048259
1003005705
1008859441
1004934127
1009128945
1008842950
1011095257
1004882772
1002944934
1004793147
1003050288
1005027377
1004857210
1008938899
1009289497
1009051913
1011151852
996133466
998618430
994296403
994092990
993836225
989605771
993993901
989434174
989296272
989187113
989023931
999611341
999381476
996677394
999051747
988944550
997223255
994194779
989551440
999227188
977919889
983062582
982568606
982700415
982947448
981907272
982905436
978618049
981027854
980331707
980080186
982247101
988581579
982149150
988514379
982815273
988696567
982358244
978291685
983012909
973426637
976774094
973088007
972543799
975359175
973201228
971624884
971589174
976847776
977799574
975328187
975273076
975239538
973486421
972616825
976934805
969423669
969380953
975380209
973457469
966810285
968314705
961110056
966473317
966944783
961176334
966855176
961575355
969306567
962258342
963817525
963705601
969346590
966702300
966108310
966894174
961153029
969257177
966761439
961088370
961026469
957583292
948928372
957381573
957533782
948837175
961063386
948857330
960990181
957433127
956465572
957408022
948815227
946980185
948891445
957479023
956426366
947020760
957331158
957603349
937697531
946939258
944878467
944971466
944576226
946358968
943034773
942593567
945056513
942726907
946891568
945089006
944937092
942994392
939722110
944648364
943066444
946176690
945030900
942434616
925003962
924875808
924779927
930292519
927959738
927411176
924608339
937061042
936923786
926927129
935678110
930334449
927310792
933547928
937371184
931934981
927868798
931824247
931542341
927082204
917220658
918972900
918861227
921876773
917560967
917326123
921155147
915524499
917088985
915657640
920951944
921056869
924429328
924160307
920869747
917004476
918779429
915444728
915305733
917631512
910147311
910107542
907530848
905037546
911733453
905273044
904408910
906234523
906778382
907470546
905166134
905236913
909744259
909504996
907413274
911548874
907371760
906621787
907436373
904638208
901225118
901109944
901352105
903163195
901422879
901300855
900427756
899627322
899565922
903367361
903087523
903338909
899592559
903392757
901436776
901461303
901391264
900983779
900496507
899529179
896338872
896532458
898833368
892980573
896431978
899495946
891872666
889164167
899118441
889699953
889090727
899454853
891126345
889837361
893296462
888987487
898975183
899431680
893159814
891658593
869833241
874321045
884220528
881352015
884287643
884030055
871415744
887378971
885758958
871406625
868265382
885869189
870675536
884257461
869778236
869811591
888900170
884170212
874378458
884102497
859961268
861962292
868065229
858411523
858485494
863643317
856689607
868115140
859383134
858387009
858329886
856668388
861916607
863120123
868151774
858457764
858293206
863245072
858351125
863338020
853795939
850778372
852486096
850744605
852410522
851746616
856574556
854254288
854345675
850459992
853664419
856519678
850704644
856629733
854190011
853570787
850263830
856599966
856545560
854109829
847026885
844318222
848847095
845254024
848816118
843307008
848371397
848459040
843236091
845102113
845173038
844818128
845219482
845144186
848289261
847064854
844871863
845197957
843296322
847936509
832986021
839495434
840423153
836728893
833070802
830250192
834658740
841543966
840699240
834819012
836575190
831316616
843059449
839571799
833116925
839540306
831102480
842660737
841511373
840301635
822694833
827711806
822557719
828487223
820179270
829275596
830187684
829406544
822716353
821742953
827638001
819108998
820250194
822637577
821821717
820071446
828461077
828292503
829515861
828422273
818177112
816924419
818877153
815144757
815064695
817985937
819040831
819001380
817106980
815332272
816982310
814349214
819079406
815270117
817158697
814815824
815015286
815368066
814526423
817048342
810494207
812943949
811335582
810955513
813076480
813192785
810594258
813337660
810805336
812991425
810697545
810888474
812724187
811304711
814275946
812809301
811391520
811101814
812874625
811051242
806935193
807388022
806468706
806708571
804501249
810345543
804598440
804428605
807468556
810455107
807006768
807322480
810283344
806848560
806604337
804664107
806527111
804734047
804363237
810234638
797306905
798438128
797465878
796997306
796819392
797070412
802558543
797375503
796567008
797554685
797214278
796913840
798709607
796624060
797267745
797138613
796754635
797516079
798518370
798363459
793378175
793636642
794784222
791247497
791398824
790772616
793569737
793796187
793415706
791370084
793836932
793708758
792379528
790839704
790601780
793750543
791175523
790540687
793494752
795010291
780378414
790363545
778640933
788554175
790433381
788699710
780455909
780293527
780331138
776673249
788637653
788508477
776627078
776600966
778715041
776837416
788436072
778689652
776648082
776489287
769265310
773073359
763748224
769171202
763693066
763964197
769214079
772884856
770962251
764375830
772994188
763912675
773034680
769363835
773171114
772843543
763798446
776446219
769341538
773110848
760550301
758679337
762402009
759766566
759923062
758639240
762462773
762504751
763570410
760104247
763485644
762551597
761904582
760257547
760198837
762434955
760598832
759675233
759847879
761983050
757547995
756725844
756766239
756534013
754956494
758585489
757596827
754121622
756476743
754243179
758598908
756579738
757881557
756695078
757696955
756405045
756657925
757784425
754321385
754922303
752610315
752772344
752619098
747580532
744647917
752538808
751196847
753027165
751047264
753128981
752723750
752970884
752435346
750985702
747542268
744720132
752884247
744510824
744542498
752650324
739309736
743636608
739457751
741358017
739903009
743688869
739535863
744418040
740038525
739355397
741524801
739884405
739600897
738199086
741569111
743603141
740007618
739863382
739957063
742765113
736211942
737992352
737739100
737174450
738053154
737076420
737657939
737942495
737465000
736279276
738137651
736054151
736132895
737565239
737338972
738168734
737026384
736246449
738085495
736312402
731748620
732993708
731481648
731429968
733924147
734104568
736025734
733505840
733106933
735359283
731367586
734015890
731172264
733225598
733649803
733304635
735949254
733383033
731861391
731280027
727456223
727167246
727215439
728888360
728352638
728423161
727522981
730780823
729492644
730993640
730870085
728486416
729195290
730629133
730663824
730559472
727108894
729355170
726958102
727080420
726827592
724875973
723181479
723859176
725574818
723027486
725099497
724978711
723942753
726475499
724770071
725509899
726723430
726655416
725309194
726554510
723108111
723971042
723816254
724670159
700100831
704522762
704552224
700470294
700290516
704074507
722673029
704488485
703632361
722715802
700381939
721445660
721242614
703502603
722840698
722966282
722907989
722786422
700193081
721351332
698776451
698560802
699851533
696112747
699610307
698304456
696371118
699676767
698610189
698453139
697640320
699900767
699756628
696266890
696197461
698505688
697709294
698725796
698650887
696007762
691313956
695910533
691225674
691961644
689913905
689805339
687943443
693861726
695827637
693413344
693658353
693747792
691823094
693257450
691412568
693557743
691553887
689853617
693095148
691718372
685605008
687890311
683374616
687514266
683497569
683109398
681632587
687913030
687875974
687855804
682987521
683300315
685991944
683053515
687404453
685662840
686061056
681491340
681777722
685929410
677897918
672452598
681337376
673876164
672243585
677739681
678359304
678215431
680387707
680333298
679382733
679501763
673799528
677336656
677462740
672359049
680140517
680459960
679702198
677595091
670529738
668726008
668525678
668468095
672141500
670420275
669135576
670252539
668787214
668656624
668556942
670351085
668388373
668284923
668679696
668606700
668430212
672065369
668350524
668302687
661298927
661011636
662745327
660383879
660358819
664677267
662685629
660410667
663109547
660909581
661090825
663189365
662521068
662919393
662796090
660461369
660434206
665410181
662858180
662570098
657087732
657114891
655657964
655454854
655431431
655380771
657191844
658716779
655633979
655406157
660322483
658559593
658483689
658614566
658783235
657171850
658766640
655597346
658740895
658676699
649879800
653185409
652966360
652881232
653568597
651160941
649842884
649808552
653536433
652530004
653428042
649910443
654875605
652770064
649759204
653454778
653501502
653074788
655238249
652626970
649678478
647826183
648112664
649731604
649153541
645139142
645112956
645090343
649054365
645196825
646416200
648215111
645179051
645157213
648193313
648168642
648141559
649617238
646298269
646050990
640979097
643537631
643609997
639803709
644782538
643021574
640680350
639891826
643586811
641343721
639868237
644562437
639839534
643554493
644940512
640841793
645037586
643107651
644656798
641240822
639456587
637083324
638969306
637644377
637011906
639058946
637204952
639128394
636092733
639542987
637572769
638053557
637142724
637727792
637886079
639376763
637277335
639777659
635990229
636156609
635232843
630949124
633503848
633788739
633386147
626725562
631068579
635307482
633442122
632450867
627421663
627171389
625754773
627354008
627466195
627287776
634367092
630464798
627066787
633663406
624177654
623612180
622691036
623665199
623919525
624073412
625676486
625102074
624303820
624373447
623750613
625240149
625595982
622761591
625191662
625028159
623816840
622921434
624416608
622853532
611430917
610653599
616024431
615476383
621990506
613978346
622105420
612976540
622620781
622036219
610674606
614189347
622231437
617095795
612926711
614682658
622083758
622307663
615707504
613920258
602201698
601097934
603516314
608715920
603867038
608443436
604873922
608595538
604796088
601976562
600946678
608372685
601144289
601722891
600579079
601066509
605418898
605534655
605469664
601820024
599372802
598218542
598283213
595587392
599015280
593402265
593437453
593386031
593421974
595483911
599608095
593279588
595324399
596047876
593460874
600522050
598246184
599311230
599219477
595405723
591812659
591568779
590508602
590440758
590147756
591348992
590062217
588939786
592568247
591705499
591890072
593037785
589939002
591254935
592686893
588824256
590568560
590320439
589872143
591197190
588620201
588460632
586047368
587174256
587383394
587302861
585487358
584144535
588408122
588373204
585967852
584214967
588329483
585407707
584045345
583978564
588706152
587543690
583703546
584180124
576002619
581886134
576491758
579110043
577514507
580261163
581948750
578540511
577447715
578491402
576542727
581785536
576530036
576096681
575734329
580795951
575893269
575867559
580664899
574843301
571447858
574813581
571521527
571021065
572752575
571407628
569898136
571079506
571419420
569645948
574560749
569876855
571468597
574615258
569715049
569568027
569551341
571371734
572799640
569421614
565596076
568360341
564314022
564254719
563483148
562664308
565252864
566928611
568438635
565695447
566954912
567015583
565756031
564280351
562611226
564226603
562627887
562587974
566958874
564193769
561875650
561967946
557106666
562448280
556080184
559755506
558641910
562561535
558615539
562572314
562428499
561902498
561814828
560867218
562544168
562399913
559948087
557317407
556094402
557162694
551310646
552051528
552708613
552781842
551992966
555828775
552615770
552418258
555324937
552305712
551282726
555882771
556051306
553645373
552099767
555746327
555677492
555577578
555499932
552752916
549763174
549912047
548610263
548571844
550536122
548408676
546996571
547061054
551258610
549137883
549185565
549264151
549821588
547952899
547034286
549350057
550736941
550664155
549876635
548009923
541223292
541141798
546696719
544733583
540807744
542535665
542697464
544181300
545780321
544209778
545861533
544154329
544140511
546759100
544036009
542819022
544168757
542623095
540873948
542858277
537067883
533522260
539631652
532631567
538209278
539563245
540147013
538165819
532730614
538687281
532609614
538179549
539968894
538753860
532658451
540192913
539904592
538224885
538195083
537133083
529565454
529400896
532143470
532206906
532271450
531468628
529097536
529649876
531060627
532330116
531773609
531755246
531385083
529711220
529671892
532560215
529816343
532574105
532590444
531287259
523252337
522763092
526733802
520463991
526557947
522387868
520705220
524789448
522513568
527867225
523030058
526349275
529027061
520751875
523133477
526493458
522910113
526628256
523197579
522624205
517768378
519546392
517945737
515709940
514428688
514246174
519503629
518806746
517850386
519530973
513961515
514393877
519163458
513799597
519100059
518756238
519345880
518797692
517596211
514168279
513040573
511311732
513741542
513111455
511106312
510456950
513155567
511448066
511259208
509921511
511374056
510345066
512320211
512648473
513137102
512547937
511183277
510793767
510250502
511437272
501256251
508503527
508824042
508065257
508093142
508044604
501723849
501236535
508004631
501768317
501677751
501797893
501834823
501454836
508792401
501370685
501301976
501280733
508023309
508457630
501167054
498437973
500404961
498997881
498719181
501207741
499018910
501002647
501067557
499838154
498765591
498496098
498844051
500264649
499650065
501221953
500036455
498374597
501106256
498800848
497232318
494661225
495487273
498362939
494920789
495076253
497207190
496734211
496804865
497096374
495497598
495698142
494873044
494764270
497510448
495723520
497536715
495423847
496913213
493926556
491593370
491148758
491944223
490302797
490335029
491418971
493357082
491221359
490343091
490155299
492004594
491307078
493512604
491862998
490255295
491633182
488710148
488679354
493315977
491932378
483752464
488250794
488232894
488030927
484304546
483518411
488132410
483418854
488394715
483574588
486893503
488113726
484012111
488653830
483858101
483407182
488017976
482784441
488323165
484250720
482567480
482624780
479359888
482375538
482147218
482204324
479952244
479889374
481206341
482079708
479512412
482792155
479426953
479998653
481200145
481074100
482754459
480034546
482311034
482432652
476726294
477415373
474422266
474440522
478744126
474175907
474485681
475979789
473055455
477446636
476679898
478724663
475964376
476788094
478494647
477443259
478704395
474074293
478428970
478699378
469847974
471630775
471263468
471141180
468698910
469781747
472977160
468224979
471363673
470922226
471741115
471062161
473011243
471590171
470015146
471765886
468271732
471330380
471008329
468629685
464930366
464203235
465951431
467631904
464136729
461579665
464473248
463499090
461650221
464919273
464771519
464642837
464078906
464546556
467570303
467193402
467701231
464194135
467266696
467314530
458023618
457702174
460643781
460545776
460466665
458164314
459194488
458090644
459106626
460356703
459267319
457760862
457955656
461491963
460217054
458849836
460283508
458212905
458251923
460700792
457509715
450227165
450259735
456243341
451282628
456427935
451977916
456524952
453007953
451289110
453377129
457644547
457574733
456284645
451220190
453369083
450201355
452713609
450142474
456481231
448653780
449028125
448391448
450001924
450025487
449044335
444285016
444117232
449023069
450040527
448590104
444025625
450102898
449906277
450062192
448526497
448468424
447508798
446654829
443779465
440910359
443396525
443730760
441997121
443454118
442032716
439679878
438413083
442307356
439736741
438333410
437577707
442375694
442110889
438566664
439865887
438497825
439777611
441299932
441245402
434478030
432353087
435580141
433909344
435367307
435401050
434511845
433844260
432747817
437423132
432738598
432728168
437080240
432581947
433752054
435656039
432716296
432757850
432796933
432336973
427967227
430586310
432311282
429514875
429328011
430805173
431985925
430653677
430731072
427806527
427185277
427160022
428652150
429588511
428653286
427899270
429421550
427784106
432058297
430954700
421278556
426443120
426859991
424984899
424913461
424747480
422606297
426506896
425096077
423516037
425568041
423463888
421337260
422906012
422833158
425364069
424817463
426688355
423558791
425613270
420917401
419327376
419141130
420959678
420562128
416127992
415961481
421217859
417942394
420879377
421020864
421141732
420728903
419284046
419210687
418292669
418938692
418257252
417904986
418362555
410344782
409721231
413278355
410874847
413111401
412172421
411610544
413016312
414985131
409659411
412939205
413493144
411525322
413538934
410392968
412138925
413451972
410437754
413100653
413193136
407456422
406594899
408454513
408829071
406576862
401287180
408510545
406646376
406210028
408602128
401290176
400580650
406503519
407399588
401854013
406650440
400649837
408800303
408566403
400603298
400389517
384216447
395658335
379852526
391920022
384254324
391737764
396298012
391820710
384340437
396342732
393122692
391660375
384176889
391956508
395566308
395604031
393081055
393029879
384294123
367100212
379611842
365158538
379538960
379570235
365181687
370412848
379730617
366095942
379650091
375008079
374947839
379792408
367275126
365029011
379510049
371113764
365790475
368612736
374503366
355834247
363669475
356349507
357004466
361064839
356947686
355973369
356875664
364659825
360923841
355797491
364923119
363966831
362390086
356783323
360977628
356842964
357075082
356769369
356189714
354581792
349528584
349823453
354531397
349908515
349865433
352192256
349754930
349595670
353351890
354492986
353406991
354634288
350949833
350774770
350634828
349480056
350574851
349937235
349658441
342353703
346274302
345935745
346198918
345853916
346308453
347075421
347134443
348179681
347296418
347650942
347602770
347065093
348114432
346142267
348823675
345945579
345896991
348821145
342439617
337667556
334566453
338650398
338610988
337813416
334416358
334363191
334638535
336434934
334098555
338120683
334609889
337562160
342161170
337609873
340776379
337519882
342216806
340831892
342257380
330805001
333143019
332919894
330851888
333095931
330530073
330640187
332658681
331518615
330702404
330785931
333842397
330443495
333994798
332853277
333899042
332596906
332784475
334046169
332545483
322083269
330333307
329174651
330423416
323439654
324835688
323628558
324862683
321548423
323465704
321396793
321082637
321100899
328172305
321069248
322135236
321545940
324806939
327218082
321386037
319730083
319675216
319387966
319287829
319333806
317459596
319092496
319710521
315730453
318012685
321051171
319502442
320213260
320451887
319576326
319543202
319655692
319680572
320509028
320130591
315080624
315109986
315032038
313470539
313291220
308861578
312259682
312010442
307127061
315542573
314337383
312178040
312067877
313230113
315156841
315254513
308799310
312124146
307184084
309841617
303258652
306540632
303416486
299125492
305716199
305308828
306450669
303338691
304215286
301850533
299174600
299061876
306779117
306342654
305359253
301926619
305764592
300601237
299016261
298567926
298344259
298037929
293668322
295888005
298404510
298510801
297122189
297196174
293849081
295937658
295012459
297061695
297118677
296263017
295971900
298540245
296341168
298154269
298085022
293924806
292455875
285835683
292506100
291330223
293438896
292578298
291145079
289986275
293584153
291178418
287924849
290563060
287498715
293501458
287650678
287596855
290904798
291253919
287561232
291183996
283539946
283481433
272794521
281142153
285802530
265284170
255404480
272772115
252769557
283433024
272723313
283571366
279096568
285744762
284784862
285738094
272750497
265238276
251927424
265164502
247261286
245215239
246209484
244506160
225413583
247229814
246074369
244497669
232833907
225409780
246267040
246225422
225445358
251888515
245253922
244477036
240579398
230918124
251845019
243909256
218105114
223801815
218879866
219222172
219965933
222211107
221919442
225405435
218080292
218903831
224680441
220004028
224763538
219264575
224731943
223135694
223105659
218127920
224608066
223775843
213665480
218052932
216949688
216510540
214136001
213644657
216461282
217000457
216471908
215327520
214125593
214097092
215255944
216206202
215219049
217604297
217632518
214141644
217854604
214851734
210469184
213619813
212919193
210961695
212861178
211278554
210943645
213171497
213611120
212548984
212003536
211316615
212532109
212819204
212148129
213208612
213240949
212884184
211976183
210921310
205593428
207909910
207813497
205299381
207883026
209291636
208079758
206038349
207145200
207118664
205311908
206061698
207839264
207087153
207062732
209264591
205556575
205265744
205280388
209769985
201691374
199205315
205247228
204005710
202471160
205098902
199546953
198951766
200552260
198785570
200980418
200398873
199173114
199008067
201721662
204153100
204919202
205007214
204892624
202510462
196912240
198758557
198072282
196933995
197189164
195949105
198044125
197199409
196541182
196574529
196897058
197601047
196925276
196269131
196254071
197223684
195914030
197621696
196855908
196126046
194606324
193260479
192458305
195886232
194649315
194168723
193893170
195616007
193455329
194159304
194519312
195639688
195628534
195825244
193855512
193806754
193488323
194554775
195236501
195239579
189440318
190966181
190115562
191041737
189480548
190170631
191526738
190843966
191553394
189417195
191242276
192295735
190201360
190133734
190282618
191222669
191012882
191581797
189458792
192347999
184650057
185754066
180522378
184308680
188136104
186411402
185150451
188097771
184701938
184172440
185191972
186443192
186360037
185712370
185176223
184731871
180548301
180380663
189398346
179229401
174086651
179103511
176825262
174761258
176749044
177504031
179222720
175019976
174587474
177681562
177458472
176866792
174058992
179179768
178321922
177268642
177424362
175017510
178375001
174776783
171695930
172348336
173888605
170631610
170575190
172377461
170935207
173433711
170661103
173855898
173452025
171704722
171230505
173928567
172434273
172559742
173827937
171708289
171676919
171201561
169265010
169776965
170021340
170080807
169797341
169499171
169751571
169051599
168654541
170039503
169089918
169115163
168790339
169066283
170196087
169975294
170213942
168746169
169471984
168700048
168464511
165930941
168558497
168523517
167159009
165946120
165923906
165985941
165908427
165842620
167125481
167008431
167056789
166779054
165782689
165832478
168434355
165880690
165820801
168630455
164296514
164994958
164337081
165767938
165604905
165523408
165749179
164730779
165717896
165542455
164321357
165059995
165052900
165684084
164758431
165561981
165666251
165732147
165039605
165022921
163630436
163584313
164152140
163655274
162990726
162956653
163517688
162970223
164180797
163673426
164101724
163481266
164066595
162930413
162905286
162859290
163339104
164260301
162808336
163368160
161588850
160827894
161940315
161892458
162721218
161156212
161194188
162083877
162689277
162643674
161996321
161832632
162111685
161771923
161240809
161218708
162759477
161678120
161728921
162464273
159676201
159715356
157035859
159207364
157018588
156070402
160791351
159656754
156102258
155081022
154653570
159745056
157008794
156119248
160672051
157053734
160731608
159163498
155063634
159252483
154603553
153945855
153977539
153812102
152890233
154003290
154215924
154256230
154625534
154179761
154033875
153915381
153499999
153469170
153834271
153861032
152852720
154595559
154136938
152877118
148550119
151177396
148879202
149530665
150237195
148912088
149575391
149370277
148062751
150974431
150381020
149272092
150201382
149598654
148715036
151278248
148658295
149323277
148619736
148595860
147868805
144150542
147894029
144580526
145284325
143660884
147802048
147222059
147389126
146777520
146828673
147350308
146855563
147254932
147831888
147571395
146730393
144191188
145328664
143592055
142783772
141965124
143507978
138830741
141203585
143423955
143251281
142251682
138030158
138060763
143548526
140556510
140483633
139820760
138793672
142331607
140505234
139919256
139872029
141999074
137247417
136885231
136833471
135194319
136502708
135710115
135138417
135631251
133493234
135100074
137154918
136861962
135906523
136457656
137208764
136798800
135161981
137182089
133899473
136414210
131693115
128091661
128121141
126504658
129000306
128350765
127023829
133479487
131629406
129418506
129219659
130640870
130701157
131662465
128974180
130724057
133455540
128070904
126997434
129132525
123614690
124511071
125572543
125019147
123585673
119720782
123927519
125066017
124216355
125137277
123913508
125514103
123558624
120124398
124199546
119968941
119759234
125586326
125046827
125548214
111543390
109341788
118815158
113138811
113290575
116004307
111581703
109796502
109299772
112420780
113247922
109329538
113198830
109281983
109835411
114824967
111514115
109752653
118847507
113167518
102330708
102228544
104657857
102285096
108852123
104743203
102973175
103879448
103080867
106030902
105394619
104667399
107684849
103929324
102371986
104700597
105425391
102419063
109239506
103046048
102121366
102085271
99839918
100858630
99815442
99921488
100223512
101623078
99641514
100260062
100883718
98293279
102145453
99867381
101532200
99891440
99941411
99676388
99539182
100503010
96530377
97321078
97355404
96551570
96508195
97863767
97258187
96607923
97912525
96477423
97172449
96785013
96755760
97925948
98227109
97921414
97887975
97221491
97288253
97191451
95167969
94825631
96215678
95144259
95285244
94634081
96186728
95890773
96199737
94723350
94614626
95207720
94866881
95864067
96452495
94841675
94744595
95248480
94804544
95496357
90647059
89248255
94563927
90415106
90411983
89280315
93422655
94004081
89243612
94032776
92670479
94591003
90741684
83860031
90764376
90444499
90794969
85247366
83895899
90706596
82905473
82258713
82052642
83339062
83294969
83321350
82872649
82322984
82077937
80926891
82886471
81533693
82278360
83122678
83156508
83304680
81488385
83313237
82297882
83330097
77626908
78154216
78416668
79514753
79545002
80886189
77682965
80904353
79726765
78220834
78189910
77657445
80861627
78431489
77654662
79487125
79518799
78122650
78391124
79730559
76564857
76035039
76010572
76538425
74382733
73954726
77010338
72404528
73013501
75967836
76589859
76077850
74783732
76508378
76056918
76487902
76995090
73444769
76518323
76971819
72349347
70315767
69428434
70033181
72381364
68522689
70280084
70368274
71692042
69987592
70433999
70305199
71731221
69001850
70342718
70490221
70981748
70397290
71018275
70017370
68363747
67959244
64393729
66417302
66395866
65744720
68108456
67978674
68370012
67940377
65159461
64640027
68380234
66414356
65957553
65241615
64739280
64371818
65680526
64642352
61128112
64345963
58104702
62090389
64109132
64093240
62594393
62106363
62782560
62113610
60107718
59357234
58367297
58135041
58124401
62334894
62097148
62077532
60124912
59343153
57476833
57107157
56661079
56652463
57575752
57839373
57860548
57822831
58100531
58073546
57518528
57495910
57558874
57537419
57415062
57348470
56954577
56642286
56919347
56935773
56065498
55876486
55236689
56459478
56632141
55848374
55833832
55772682
56576814
56496714
55791238
55862478
55249594
56597763
55820373
56621747
56080776
56610636
55781330
56320172
54205758
54704012
54540435
54729934
54573510
54232256
54198925
54747981
54621940
54550388
54767487
54592649
54733490
54129226
54699038
54811113
54830517
54250966
54174794
54788791
53285181
53217434
53192140
53140770
52896903
53677383
54029023
54010634
52873971
53202958
53163024
53304993
53649624
53264089
53173824
53630387
52916780
53161135
52944986
54043656
49810938
50663908
52797296
49822194
52807160
52418350
50745894
50451619
52776852
52445955
51734771
49543601
49845922
50650956
51741708
52790482
50685643
50727827
50475012
50702989
49503654
48336417
48230913
48229074
47945783
47519194
47500674
48318396
48218495
47503434
47919134
48801571
49515317
48487577
47486413
47510124
48209457
47908866
47955483
48306418
47294251
46552850
46529049
46434188
47315838
47393480
47400170
47473801
47456754
46898899
47369562
46499995
47215332
46406346
46260028
47230209
46933505
46914271
46481494
46478831
45339525
45313972
44759443
46159235
46239874
45916572
44784947
46137803
45034176
44710528
44696455
45936941
45609853
45424566
45329196
44773212
44821217
46220617
44502346
45326547
44386704
44366424
44151840
44142014
44379588
44220482
43933044
43881624
44355392
44394108
44162463
44182470
44360812
44350571
44462769
44421937
43997165
43875641
44174301
44372706
41969191
43860747
43671096
42210270
43868905
43438987
43418621
42940053
43512192
41980409
43363315
42194258
43687871
42469769
42222484
42929245
42921724
43427906
42182263
42908349
41947498
41452516
41924097
41785855
40948059
41016805
40936448
40996333
41509457
41035048
41445520
41439050
40984027
41774257
41229102
41027075
41024664
41007841
40919272
41495008
40704362
40616647
40695359
40895973
40624107
40605208
40595743
40591477
40400207
40369987
40676740
40748483
40685197
40448497
40385146
40906782
40744525
40396731
40441862
40458187
40083648
40142652
40103738
39937548
40341456
39988568
40131266
40225130
40333789
39979381
40155679
39993435
39967242
39957427
39866711
40169037
40235589
40091743
39948398
40212002
39855533
39069395
39322923
39052821
38762991
39732638
38755890
38592859
38744605
38578570
39837945
38735150
38712507
38704205
39373004
39356215
39723192
39345495
39844951
39332248
38258231
37763891
37950872
37810378
37959742
38530419
37979594
37821383
38481779
38545319
37966609
38202790
37710447
38195758
38277807
37779014
38569310
38515068
37798977
38473764
37689891
37205539
37303936
37219004
37185142
37065506
37328582
37175513
37701913
37317039
37196053
37274221
37077730
37681727
37482425
37059639
37174525
37072791
37168849
37015544
36793640
36765950
36506706
36684440
36497382
36484317
36251986
36937982
36987846
36762997
36760201
36946640
36923913
37000384
36515067
36676938
36255013
36779803
36528547
36808322
33883744
36235747
34146862
34136485
33524663
35931054
33613057
36193955
34283264
33732020
34127605
33892175
33875011
33510613
36204988
33742990
33631719
33623287
36221760
33528036
32820534
33047051
32957703
32951025
33382396
33400152
33100964
32833181
33064020
33116088
33053325
33393605
33492904
33156045
33123718
33038095
32940607
32842182
33501817
33483141
32585359
32382845
32117030
32079041
32097149
32692912
32070821
32784189
32656721
32379492
32370609
32087149
32407999
32128571
32175119
32418112
32395216
32577393
32665988
32617739
31657169
31631864
31645210
31475846
31477513
31393018
31708654
31483933
31503908
31445107
31466281
31682170
31935912
31468100
31457249
31429146
31925268
31493407
31692119
31671339
30982263
30670522
31356799
31365500
31169659
31151497
31141473
30659377
30970935
30934122
30751720
30723945
30945173
30764725
31209051
31385039
31188523
31371575
31177379
31197979
30283986
29966641
30470701
30262091
30416865
30534275
30482729
30457540
30271997
30648166
30291443
30504742
30310345
29983766
30524042
30300439
30513185
29991783
30496333
29974268
29821659
29794247
29874928
29762265
29731690
29578010
29867398
29811633
29773488
29566037
29518033
29884033
29562588
29801011
29783082
29879628
29523844
29889363
29511428
29893821
28225209
28027796
28208702
29388485
28858486
29506821
29356873
28218244
29371976
29395890
29379824
28445108
29425207
28227337
28700462
29415609
29364155
29407150
28235677
28019979
27006824
27186036
27016294
27191374
27696567
27625208
27226762
27686720
28014343
27630813
27178361
27427987
27613980
27081218
26998656
27214681
27643494
27521448
27416412
27201613
26992082
26578705
26594280
26788621
26677806
26812287
26971723
26985546
26979482
26798657
26686301
26586732
26642745
26630304
26793665
26621259
26609818
26804789
26779380
26570818
24733938
26403798
24435107
24667829
24923914
24655765
24492989
24467186
24447000
24345945
24426581
24455911
24441666
24421885
24641884
24741780
24687625
24625793
24677664
24458542
24276870
24322279
24263045
23872414
23867954
23727447
23957162
24330990
23703458
23862330
24270769
24292400
23878625
23721622
23732823
23712403
24340989
23910680
24147793
24281612
23186049
23070652
23261941
22564430
22187195
22543968
23290950
23276581
23080155
22959375
22584906
22550994
23254775
23207708
22390790
22208390
22075017
23690905
22557802
22169420
21526551
21498508
21540240
21529087
21517894
21483952
21631464
21627158
21845831
21551305
21513991
21822943
21988008
21624695
21535008
21544571
22063935
21983480
21806273
21837191
21104063
21361763
21351843
21096907
19849438
19725653
19858226
19853430
21381405
19899934
19705853
21374562
21468605
19734898
21368083
21357447
21473009
21088119
21479657
21476228
19452040
19560076
19578465
19320490
19543541
19539011
19534515
19436302
19429077
19326398
19700170
19547611
19539895
19569070
19314522
19254302
19445411
19249755
19262424
19407745
18978802
19108721
17924697
18481674
18805431
19116363
19096986
19104712
18797542
18809027
18470913
18789826
19122515
18034004
19009163
18972954
18488365
18620544
17918727
18038152
17445961
17454760
17210586
16698008
16971798
17614269
16835494
17602617
17230703
17226229
17219074
16842704
16823068
16704374
17609081
16966107
16830616
17459246
16818688
17466143
16570590
16688068
16693476
16454334
16413463
16485429
16469614
16442964
16370563
16606348
16458976
16423388
16591192
16600965
16474149
16581426
16465437
16418331
16683035
16479821
16324151
16331344
16197235
16196062
16192545
16321479
16109110
16173962
16347379
16320346
16196806
16362033
16177068
16114265
16197917
16196543
16366565
16182464
16338705
16241280
15787192
16040700
15981223
15767656
16096642
15932679
15964856
15798719
15740072
15733634
15927117
15969856
16052609
16048006
15918461
15807751
16089572
15776633
16044396
15956851
15517670
15448257
15380578
15513103
15376039
15607542
15651750
15429030
15502190
15424126
15619178
15343274
15602006
15647470
15631472
15482726
15442507
15615968
15508318
15637004
15066031
15322918
15315018
15314555
15296893
15291975
15044085
15337559
15303331
15144255
15060964
15040141
15156459
15134901
15071466
15173413
15221464
15165359
15330868
15141216
14822769
14816744
14929676
14963463
14934540
14902307
14731515
14726677
14913244
14870077
14907083
14823082
14873752
14923982
14719320
14918566
14889519
14723431
14896797
14701476
14352161
14562324
14530619
14696901
14314921
14308207
14678928
14667875
14555195
14542727
14350057
14687353
14536275
14360354
14355893
14340194
14326293
14320276
14673320
14547684
14219387
14305272
14229757
14186764
13992373
14217089
13905098
14068371
13891258
14214843
14241516
14174819
13997673
14237594
14235999
14225760
14176719
14049481
14041565
14193013
13702842
13481731
13541193
13884783
13877912
13864764
13844960
13722740
13546405
13480019
13830384
13708139
13871932
13833560
13839474
13522600
13855886
13501688
13850793
13489669
13159824
13028111
13055616
13148276
13050770
13167302
13062390
13285068
13062973
13275785
13068359
13196536
13161959
13152972
13340085
13045459
13182622
13039350
13163147
13281131
12849347
12891760
12970816
12868278
13011563
13007791
12843503
12751859
12742322
13022549
12886354
12972187
12971635
12902889
12974256
12854598
12973109
12746404
12973759
13017807
12565741
12490540
12192864
12713677
12295942
12316601
12487355
12586280
12704522
12343286
12376137
12367209
12357075
12537078
12308693
12577153
12485403
12726924
12183299
12722869
12134864
12003072
11980677
12018083
11932378
11969170
12002573
11943762
12003762
11963431
11936194
12163553
12010950
11975063
12008542
11957366
12150851
11927636
11990321
12175845
11848700
11706841
11548446
11691812
11572233
11561669
11855769
11811874
11534407
11688831
11677721
11804836
11525027
11680308
11557366
11543310
11839283
11566611
11924846
11700504
11500620
10921288
11499039
10801421
10796119
11495998
10936780
10819466
11494183
11504742
10826619
10788100
10770714
10813479
10821793
10927548
10774390
10758567
10780874
10767913
10661692
10472463
10583467
10685352
10594762
10690174
10667246
10656832
10589102
10462113
10452140
10696144
10699553
10678681
10467921
10675190
10703940
10671595
10755214
10442841
10192852
10221016
10316258
10303987
10296830
10287854
10216463
10190141
10322407
10180777
10174142
10440067
10317155
10300238
10282002
10428904
10209715
10199668
10201881
10292022
9822164
9957665
10164905
9824530
10065099
10059229
10042730
10034167
10024965
9941536
9931570
10054673
10155089
9934758
9828473
10159242
9947199
10049619
9831819
10029736
9705050
9672766
9668421
9688735
9683581
9680298
9800243
9803211
9720973
9699148
9677684
9673553
9674046
9671034
9606070
9810684
9801080
9807652
9817127
9715043
9546202
9562879
9477716
9599956
9467704
9463574
9458909
9448898
9322914
9308361
9556878
9474918
9327537
9453493
9550051
9576319
9559905
9566125
9595894
9582526
9289746
9133798
9281980
9261529
9272338
9121539
9301548
9164039
9125234
9048875
9062446
9276601
9129592
9264521
9167724
9117326
9295651
9057751
9053029
9269207
8807002
8815814
8795627
8791711
8953082
8799149
8789237
8939667
9029172
9022568
8824270
9026344
9037272
8803070
8838774
8832594
8811604
9032855
8957971
9022240
8785762
8675375
8572435
8529541
8663639
8660586
8695892
8657154
8597332
8705605
8715792
8587522
8580753
8726167
8532841
8711748
8720201
8592671
8577255
8681921
8525202
8455634
8289608
8408993
8401272
8312605
8437560
8369502
8290997
8231069
8396054
8414757
8447710
8407314
8299640
8294564
8312728
8443845
8285691
8302610
8193719
8181581
8192090
8186846
8122630
8185926
8221948
8126304
8226062
8217504
8207811
8204048
8189617
8114018
8183374
8220885
8111611
8206289
8054944
8211366
8044338
8041077
7950622
8052158
8028987
7974637
7971031
7960722
7963101
7945888
8026848
8024020
8021965
7967013
8037056
8022364
8047700
8031008
8043388
7953328
7875689
7937904
7933468
7658636
7661749
7845646
7851234
7843321
7762750
7736998
7774555
7758366
7653480
7939612
7655526
7867769
7772096
7850667
7785374
7754135
7519892
7541057
7582242
7530684
7532146
7538785
7509620
7598207
7535897
7528615
7517157
7508015
7588938
7471776
7586326
7468161
7512737
7515194
7511117
7591265
7385148
7463467
7391679
7351782
7459413
7372192
7307755
7442904
7297863
7294547
7386566
7290891
7445728
7303398
7455855
7447837
7375012
7379328
7366786
7395951
7273475
7280854
7175148
7263686
7116454
7177112
7259837
7188368
7288319
7170375
7196993
7169207
7169107
7284695
7172990
7267572
7190901
7180793
7112926
7186613
6959253
7024781
7100300
7107717
7110417
6961262
7021536
7050128
7041219
7027420
7046728
7039758
7102820
6964224
6956686
6949975
6967520
7096135
7098631
7035455
6805070
6895858
6875481
6877725
6746132
6880398
6823513
6948664
6872551
6817241
6937339
6936229
6871153
6934260
6813714
6944703
6888687
6790910
6938938
6819940
6661920
6713456
6738799
6716848
6659413
6663238
6729575
6651302
6746132
6645416
6721197
6726262
6735468
6710913
6633551
6732892
6742807
6666536
6656914
6637191
6623865
6557583
6631745
6551932
6503270
6628332
6621309
6501262
6626478
6547078
6554619
6547975
6547306
6499298
6549626
6570742
6548722
6618915
6630452
6573434
6310369
6290418
6436927
6444322
6495158
6368601
6484960
6374961
6309546
6284145
6292040
6492658
6242429
6305477
6236575
6429023
6425518
6314652
6483687
6295122
6159326
6154014
6194736
6127967
6162433
6192644
6206004
6124984
6157934
6116684
6208644
6197170
6130091
6121433
6199422
6119194
6230440
6132669
6134829
6123121
6017716
5986493
6066145
5988396
6070453
6073278
5944149
6057935
6056539
6062044
6053690
5983367
6068309
6054927
6079609
6014490
6063625
5984921
5939630
5942362
5853369
5812835
5782772
5877884
5872529
5779701
5725372
5713262
5692019
5807486
5853203
5867301
5852610
5777750
5853818
5744298
5735595
5810451
5749029
5728705
5504729
5623436
5615499
5393547
5460769
5441642
5574704
5613079
5498345
5491637
5487111
5433932
5436075
5405277
5389903
5402811
5501953
5449126
5404825
5399621
5371907
5250876
5325733
5267528
5253203
5238909
5323065
5270222
5258487
5308325
5381477
5330714
5338451
5261748
5369795
5241848
5367597
5240162
5236551
5336191
5122726
5108456
5231348
5166381
5174391
5171936
5115246
5124889
5164249
5119784
5170812
5185794
5162708
5112202
5176749
5179861
5233376
5190175
5182358
5171585
5100543
5053339
5041156
5023477
5098084
4985024
5029365
5031985
5025669
5024292
5043672
5096476
5102885
5106709
5027461
4989094
5051621
5047896
5035736
4981700
4904153
4920392
4963337
4919461
4914401
4917141
4921428
4974044
4912072
4959538
4957143
4968435
4908333
4978972
4966150
4970718
4907257
4976654
4906471
4923240
4891510
4826184
4780451
4777142
4895897
4858065
4848721
4840588
4892947
4835916
4824261
4784186
4838958
4830355
4898248
4845162
4832573
4854463
4851757
4894500
4685590
4775427
4627728
4669588
4765220
4683523
4671319
4624309
4743484
4632305
4634585
4756773
4745592
4749404
4673730
4741651
4760009
4677332
4630445
4771929
4552445
4599898
4473290
4481987
4479078
4597242
4475182
4469182
4498145
4620629
4494649
4602251
4534324
4603854
4485554
4598946
4547577
4472433
4531285
4490906
4408331
4289330
4275183
4399429
4412512
4352175
4347115
4341153
4291835
4281465
4269581
4333700
4425349
4327358
4286328
4279082
4356836
4415689
4461495
4419771
4255183
4176792
4162900
4155232
4132591
4180662
4252599
4188354
4135959
4267130
4235368
4184347
4168918
4158910
4242821
4146348
4152819
4246221
4256942
4248370
3967890
4011640
4009988
4007426
3966331
3962827
4029570
4013630
4058728
4026386
4072138
3974159
3959214
4009359
3969013
3971866
3961201
4057907
4016800
4024342
3917102
3827765
3853988
3886368
3956791
3885375
3845538
3824376
3913800
3857322
3957563
3907581
3885482
3829365
3888575
3833432
3909756
3850493
3842098
3907774
3761825
3685013
3681326
3818603
3758545
3752205
3778697
3754734
3695306
3745288
3749883
3763453
3689629
3780256
3699598
3711033
3705013
3774919
3771728
3708714
3680010
3587128
3658795
3613944
3612491
3609542
3602470
3593317
3590812
3586303
3584838
3611032
3676480
3656377
3597515
3583384
3664187
3588376
3581846
3672813
3478003
3475331
3423066
3540012
3448089
3534284
3390026
3424693
3455070
3440511
3423749
3536132
3450843
3453045
3532454
3478776
3449008
3444060
3477010
3537945
3357884
3362696
3155544
3370683
3207246
3160493
3359748
3383553
3380224
3372879
3365148
3213741
3197277
3162913
3376381
3356013
3316247
3158501
3386529
3366836
3053057
3044860
3153208
3148249
3050351
3100277
3146352
3132030
3094149
3035875
3098956
3048390
3096026
3138828
3133381
3010972
3092367
3137581
3134577
3136156
2957172
2962692
2950811
2946995
2937141
2911277
2955000
2881840
2941836
2907911
2901364
2959905
2883164
3008269
2944755
2905012
2880323
2884145
2859737
2958911
2792481
2783159
2781040
2828180
2776676
2752099
2823344
2756587
2824260
2789894
2829770
2834320
2785807
2779022
2832533
2856427
2747552
2746103
2826277
2852354
2664392
2711646
2694300
2736120
2645210
2738164
2733805
2692415
2696148
2656819
2662008
2695719
2659414
2699068
2739712
2714445
2683732
2741581
2702998
2734799
2586846
2553213
2544023
2581022
2584347
2546748
2596284
2642574
2638035
2604292
2599463
2585391
2606163
2588700
2582064
2601121
2580062
2593249
2590995
2639852
2534097
2488978
2513334
2536367
2495354
2541716
2515891
2513867
2512137
2539886
2497912
2495781
2535372
2537872
2503972
2492734
2506398
2490586
2502017
2510245
2451899
2400033
2449611
2447961
2394969
2484857
2423769
2462912
2445985
2397166
2431629
2423952
2449510
2428834
2486910
2465176
2426890
2424194
2458979
2456054
2374716
2329895
2289121
2389019
2376678
2381971
2333165
2268593
2376173
2282191
2266300
2336542
2272342
2374272
2270442
2276281
2392477
2378547
2349603
2342892
2111618
2152002
2114095
2217945
2110400
2258110
2185783
2263691
2234196
2111749
2258642
2232864
2184223
2262175
2227392
2225177
2119010
2260339
2230434
2119905
1917550
1885360
1916793
1875719
2086186
2037129
2105625
1966479
2108144
2048990
1882432
2094688
2051364
1914236
1910809
1912884
2034326
1888646
2028999
1878995
1817409
1812251
1807510
1868681
1858563
1813336
1870202
1857191
1872763
1836122
1856397
1828475
1859735
1825694
1827326
1819782
1865841
1826317
1837770
1810294
1806923
1772307
1650562
1710834
1653258
1764826
1806629
1759630
1702436
1767573
1678374
1804597
1807094
1657128
1705102
1749656
1658192
1675289
1712595
1655817
1643599
1624128
1646040
1573185
1544434
1596541
1595785
1625744
1593401
1591853
1590242
1567578
1623179
1623362
1589152
1627441
1553420
1645269
1648488
1630863
1440599
1478260
1445209
1510799
1483376
1441964
1540650
1512899
1481288
1516768
1430843
1502072
1510574
1506056
1479110
1457610
1427159
1498238
1485536
1479718
1419853
1155728
1059424
1053322
1158647
1268206
1416496
1413798
1056655
1407797
1418680
1411677
1408453
1179067
1143221
1342848
1181098
1410042
1154327
1265878
843885
1032631
969485
966810
975030
881221
875451
1050323
980980
966319
1031397
1047738
988656
842075
970899
878397
840698
984067
964371
971730
699461
698926
698387
740706
701424
744959
743293
705393
704798
755906
742312
706166
700537
826193
836061
762203
716373
703469
822731
758565
640474
625780
562536
596702
662988
627484
630174
628912
624137
599151
662647
637616
633639
560804
631562
677779
667070
624990
589799
604430
486839
550290
483486
536521
454129
485289
484411
450594
530501
448790
533501
446442
441204
554671
526813
522793
528572
440364
443436
556102
415960
384442
414586
355265
356835
353132
383827
354338
413759
437256
388230
436597
389150
382971
366976
438636
385371
417075
387706
365432
314129
322496
324725
328175
322024
319342
318594
317143
297788
283859
289258
283455
282319
261537
280784
285647
264957
291092
326177
291291
234155
242581
235039
232241
260234
229961
259184
228916
243103
220335
249017
249634
229169
227771
219499
217862
249975
232903
227462
260802
197718
214249
216066
189969
201829
213588
186551
217081
187311
200541
215791
198884
215155
213937
185796
189340
202815
204098
214670
187994
184668
170781
156297
158080
155953
149167
147347
142430
169786
172443
183303
148686
147713
146989
142563
182392
185478
184088
156908
182698
137041
137154
136901
136208
137650
142005
129712
128785
137370
135956
135733
136092
137934
135630
129286
129503
135828
128822
142185
137434
117277
122171
121368
117471
124014
123812
123576
120960
124781
124270
127163
124478
121193
122384
122839
117797
117634
128178
123061
127384
107349
112033
113241
116963
113495
108031
110172
107571
112957
112644
113400
109760
109690
112256
113329
112134
112078
107677
112857
107773
103604
93958
95966
99557
95785
106071
99164
99674
98990
100272
103336
99384
103469
100233
103713
95902
105640
103844
100292
99793
91937
93803
82536
89261
77642
93867
93447
93627
92840
77915
77861
93674
80458
80407
89383
91218
77993
91868
89177
77744
64387
73419
69727
69526
77043
71096
73503
77240
73053
77514
68342
77297
64310
76001
77346
76093
75358
64174
73025
68274
56609
59527
58505
56661
63574
59637
58585
56305
55119
58652
63429
59212
54990
63761
59561
56503
56395
54768
58416
59474
51634
52754
43713
51525
53792
45983
52338
47106
46115
43331
51792
45874
46574
51940
52217
43477
45772
43570
52583
52460
41881
40444
40283
40340
40158
38738
38865
41761
41533
39001
40396
40240
40569
43275
40265
40206
38943
38781
38965
41512
36832
31124
37147
33412
29881
29797
32996
31394
30999
33253
31037
33037
29859
29745
33443
33119
29580
37060
31188
31174
27993
26502
26637
26460
27701
26262
26982
27133
26710
26580
26316
27864
29559
28044
26359
26418
27677
27946
27735
27070
