1164450257
1195991527
1193645181
1193792730
1194171046
1193527505
1163870881
1162284668
1193964121
1164173977
1162724663
1198123073
1164285711
1164576711
1196460722
1162868401
1162172745
1163816689
1197009653
1161801235
1160624626
1160059431
1157660754
1159730616
1158234414
1156716334
1160753159
1160150641
1155465499
1155379041
1155873957
1159817769
1157977733
1158334529
1161756035
1157711387
1156615146
1155948240
1157825336
1153462266
1142012314
1104076408
1117159946
1144450262
1134453776
1144180738
1106456252
1110716988
1101342341
1153200051
1101205481
1117272038
1134340625
1144321983
1153330964
1134602156
1110592176
1143991436
1106615493
1103932606
915431891
914782063
1080042888
1077912148
953525968
1084102687
951847201
915700318
912888995
949492736
955909792
951693846
913437527
912840578
947967994
947826728
956361773
914845272
951511867
913346767
908748066
904323175
908526913
912760224
908389064
904032958
908654502
905954762
902379298
904404306
910475762
910593729
906081164
899901907
906266175
905746423
912668454
899992894
912722895
905841719
868477082
864966333
870572250
884904531
898003244
863018199
899832264
888688886
867241457
868426887
877380642
870728030
875010635
888593758
870779608
886865526
874938010
867363752
877432371
865124260
658825540
658804095
658791649
853657473
659246944
851317247
861090631
658841500
658755010
853747127
658777958
658721225
851702519
853866559
658868246
851621449
657841387
861316005
857397512
659319740
655388365
657086303
653193417
655414922
655534623
653484652
653296814
657550254
655476863
657135117
653236944
655495924
655441393
655566399
657171119
655355435
653452289
653140784
657032882
653371688
651677492
651584033
651600012
651716933
651629249
651453796
653045549
651651596
651404892
651390182
649742471
651556489
651494827
650385109
651517216
650643455
650345817
649629672
650706181
649693739
649563343
649182219
647958701
647304277
648047476
648093535
649477682
647827746
649063941
648600513
648568693
647905262
648152927
648675997
648172978
648121355
649357629
648012378
646690970
648949897
644873499
646352576
646396434
646288396
645086049
646028937
645112209
645053360
646660275
646550056
646147191
644968857
646590010
646687092
646520206
646476463
645012090
645963663
646632681
644935718
644830208
643045979
643457319
634983735
642981657
641584364
643379260
643269514
643484077
643154711
642870314
642749967
640866364
643426967
635122568
641521510
634896972
641454599
638919141
635041723
633077663
633160747
634598735
634739411
633662238
634002934
634647915
633953021
634522116
634498562
633865620
633303569
634689067
634849644
633530138
634069553
634796208
633121978
633051868
633002242
631567612
632409751
632040689
630970287
631813639
632937311
632504135
631966460
631862240
631601726
632329204
632603387
630916821
631418814
632648493
632209151
632145067
630836150
631530603
632556579
629843466
629666381
630511699
630208998
626002767
626064112
630075670
630566572
630314242
629541733
629629116
630755294
629988924
630640872
629589936
629514167
625984221
626030964
629721719
630425526
624813356
621816139
624386592
623042785
621970621
622673318
624531188
624845942
624765993
624515960
624487606
624463684
624439586
622923999
622805961
622960183
622870209
622044510
623020994
622992896
621621124
621555341
621645577
621496868
621697224
621523746
621729853
620855360
621169893
621754449
621573989
621663962
620007723
621598624
620043684
620705484
620953420
621235648
620528331
621101561
618760470
618599812
618569123
618539776
619981379
619880821
618798845
618926245
618640096
618849332
618470828
618075958
618685167
618013996
619580409
619944446
617961510
618606458
619496328
618509259
616531477
616643062
617860669
615026799
616445501
616889415
616714001
615005173
616613216
615072790
616675658
614948028
615127281
616581872
616385032
616487670
615157329
614923172
616758925
614982376
614121178
614722260
614834476
613481343
612978360
614644132
614491531
614899827
614764058
613018285
613237669
614854697
613198187
613078033
614394920
613452148
613426752
613371303
613320582
613128408
611899870
611977227
611573013
612826749
612449976
611749725
612759927
612895006
611510222
611631881
611689312
611788445
612650996
611206505
612590918
611951230
611842273
611281422
611416434
612510390
610194700
609002328
609692649
610515747
608856090
609752615
610331771
609095564
608917575
610548592
609050473
611087729
611138374
610131426
610024233
608759977
610404525
610478202
610999206
610237564
602405741
597062170
602525164
599668803
601524361
601073998
601029614
600346453
599702342
600980099
601451656
597175300
600936136
600838347
601873787
601581512
600883752
602553751
599632638
602362358
594739578
593437462
590526084
593498168
596100693
595965959
594794945
596820130
593458239
596347623
595591074
595460139
590558034
596177441
590411484
596785949
596043852
594681350
594591514
590489584
590056618
589567755
588896478
588743266
589939329
589237874
589730871
588667182
588573514
590140020
590344912
589169856
589611042
588944459
589115529
588827491
590189428
589202231
590001363
589655517
587452865
585313901
586156197
585027160
587961346
586114066
588008410
587984902
588075181
586062280
585427235
585126874
587331296
587550784
588479920
587372058
587934569
585965842
588032911
587537225
581799455
583356629
581181417
580713811
582037348
580786811
583505883
580751714
581916196
583274274
582093588
581878542
581392342
580667196
581142634
583176652
582864534
582151117
581983532
582938762
579139298
578879062
578253362
579917671
577575453
579789990
579493924
579584311
578971190
578333216
578115732
579832196
577710980
577843471
577634881
578225225
578291204
577787692
578133524
579021510
576362549
577017572
577057338
575343637
572492852
576462966
576270997
577124170
572432835
576112697
577477897
576394819
574468471
576431069
572982487
574594214
576211470
572945838
570957542
574548450
570900888
569767554
570039457
569731690
569652600
568003088
568758565
567459474
567320910
569176639
568811638
569496981
568636424
567348197
569622370
567409568
569705600
567295459
567027950
566950850
557176757
552504458
561574855
561611126
557981519
558156070
557127503
552451215
562103461
561425854
557248339
559577668
560509477
563528736
559629254
555598906
555048510
554152738
558214382
557047758
547736038
547661686
549145638
549094070
550903441
550074149
548633451
549017561
550056567
548662993
548597709
547764872
547692910
547625848
547592777
547882464
547835392
549746363
550371996
548546589
544136985
542824473
544802705
544339043
546213653
547330947
542856334
542773206
542881178
542690314
542907997
544261738
547203573
547297761
547248369
544773242
542738512
544727602
544850527
545540463
535826871
538587909
538283972
535614450
542447907
541290105
541239761
538874243
539944159
538893861
535886622
542642712
541091154
542390776
540009328
538659146
541147838
538353525
535698866
541331695
535546624
534079289
535159394
532972096
532677909
531691954
533579347
532276604
533522503
531619127
532932432
531627529
534457785
535456899
532334959
532625571
533967325
534190973
535089363
533462942
530464670
529563095
531547853
529504944
530389635
530319444
529047830
530757649
529215631
531279295
528841562
528780400
530529399
531456603
531385736
530645577
529131225
530869910
530573534
530506427
528652394
527666277
528565096
522655035
519358887
520711046
527552117
528729406
519303522
527617916
527308969
522370008
528516801
520569440
520447315
527346623
520506827
520378156
522447743
528609135
518771156
517534383
517840371
517796483
519222718
518578503
518931182
517861839
517740497
518982739
517675825
517889738
518848041
517764666
517068859
519167965
517592384
517164753
518613686
517452429
515706162
515477577
515742960
516925694
515339177
514968988
515406382
516494953
516823584
515279680
514937954
515641445
514892473
515103049
514330881
516550858
515592392
515538132
515218810
516600995
512913786
513485580
513933999
513563416
513407507
513526035
514183633
514230445
512864755
512646602
513822090
514290667
512569095
512799134
514021851
513703370
513864292
513442736
513607269
513614167
512031934
509539684
506706220
510115334
506945606
509968864
507723559
511974579
507097496
506840739
506575320
512503720
510242920
512077463
512185413
509704521
509641058
509585631
506766640
510621437
505726723
505410551
503391110
505946819
505802934
506005760
506038794
505836620
503214587
505361902
503305494
506194588
505766756
506380753
505976086
505896133
505923033
506072792
505107649
503343351
502163769
502037917
502149412
501483252
502275999
502420276
502362554
502132771
501675446
500766136
502252040
502102054
502227853
502091950
501834366
502290359
502058083
502179796
501554434
501604752
498612947
500711842
500261091
497912959
500101584
500668838
500734100
500293892
499858748
499777234
500201066
498059860
497877482
500690834
500652073
499916127
498543262
500003044
498691503
500112571
497061625
497207493
496186905
494302423
497258433
495206929
496830980
496616335
495301150
495385795
497718973
496940529
496723850
496116087
496065338
496977888
497819512
497177528
497133291
496999940
493237192
493403898
492728872
492673760
491435905
493122820
492464509
493325545
491360745
494264476
493540630
493438086
493428700
492523498
492619116
492494400
492785245
491886935
492934941
491784470
491161249
488880942
489600759
489491775
490724443
491279087
490589977
490666761
490490592
489702231
489547479
490791628
490541750
488930330
489503898
490933761
489189323
490487664
488904006
489690175
487813860
487734883
487681408
487620378
487476361
488875173
487574964
487937011
487648966
487914779
487472585
486657379
487724993
488330768
487999467
488008910
487902887
488234335
487772748
487742534
482917957
483172651
486604725
483192563
481711409
481704306
481673259
484583674
483117188
486496817
482850440
482942259
482912119
486458141
482889984
482810344
486490455
486416908
483184494
482980041
481151006
479973520
481596375
480535868
481106295
480654217
480489704
480611639
479941645
481556463
480436065
479907349
480724942
479979287
481640241
479856552
479800657
481038987
481600739
480500549
479318773
479505140
478229297
477272082
478715824
476693786
478238391
476836008
476945099
478517817
476775787
478508883
477012841
478759210
479336365
478315982
477207957
479438856
478747574
478248599
472634586
474208543
475726072
472832658
473072282
475792953
472840443
474873911
475849077
475102549
474323644
474270277
473097928
473042628
472997872
472948319
472884191
472775161
475186396
475613524
472341770
469692555
471377899
471643093
471699655
472521232
471102734
470194880
469824551
469740160
472286199
471209172
469643095
472458003
471668314
471573467
471487499
471523973
469810963
472308761
468365701
468864913
468244253
468811817
467488499
467152900
468974030
468238294
467343275
467034218
468775448
468308885
469031178
467466727
467405748
468271985
468925629
468266581
467094915
467056082
466422831
466607724
464449503
466610907
465180945
464251742
462940163
465221293
466489882
465071896
462865827
466659844
466988630
466636167
465033732
464308480
462137730
465138019
466339833
465025323
460565316
461903947
462055312
460473292
460606675
461971551
460399582
460305288
460764618
461502395
461406392
461711538
460716261
460664270
461601458
460240091
460159971
461769565
461509393
461460290
458197358
459322640
458663397
459069436
458561493
458715776
458981125
458611194
458146475
458097137
458997014
459271337
459173558
459367563
458747133
458048404
457905044
460114351
460034410
459112009
456344287
455749969
455629438
457573981
457806504
457673789
457114766
457855643
457746561
457624253
457233503
455879113
455693216
456219876
457526118
455567906
457183061
456280401
457149626
456015222
437480337
437185028
434764392
436839918
454721254
454855521
437426321
434831983
434820876
435634498
435520885
435042991
454626408
437366093
454792780
437056352
435389607
434979016
437131086
434863669
434459459
432754137
432837040
434615943
432696452
433950155
434412970
434365428
434177122
432555860
434236059
434079247
432628477
432793399
434732854
434701181
434663480
433866289
434301852
432375316
432158654
431890300
430781364
429836650
432284905
431310715
431020898
430933507
431980767
431200114
432054631
431271389
430855433
429930474
431241372
431087512
429786827
430613620
430503996
429888573
429734310
426991348
426203303
427048611
426038951
428345042
427746383
429593200
427795602
426810721
429682265
426706628
429646918
428427569
426092208
428139364
428287150
426926339
427091475
428491316
422954249
423188864
423379555
425410228
425465936
425172312
424430106
425105122
424560909
422881264
424926703
422407953
422190201
425030120
423394810
423027216
425334254
422305935
424536426
424826123
418785098
420987013
418196271
416869291
418073292
416915745
419283113
419189900
419474241
419130576
418135948
416944691
416649615
420726038
417973860
420857213
419064957
420951312
419436981
419251038
413977055
413935981
414797443
415396694
416590766
416585032
415645630
415362872
414542317
416403242
416509028
416379672
415789165
415743782
415324729
416642689
415245658
414845285
414024930
416470737
409456995
409405016
410388390
410284830
409452932
411531685
411436311
409490422
413807899
413849109
410521723
409006912
413875614
410452361
409543988
413903137
411475483
412650288
413763936
408759156
407554014
406953147
407122355
407985141
408704512
407422388
407052210
405274215
408672266
404857465
407508114
407193757
407080450
406382278
405313506
406935099
408008576
408632693
408028490
407963959
402251473
402093700
400720304
402218406
402027512
401202397
402113261
402858769
400975324
401165878
403105758
404552444
403070370
401127103
401073506
400955764
400936201
400760417
402185343
401105584
400675845
399762569
399742972
399923689
399959284
399706677
399876383
399675953
399641752
399607143
399571339
399243733
398372114
398306875
399718101
398846070
398814900
400716363
400631860
399896642
398033838
397427417
397016153
398090550
397595913
396322819
397822937
397673974
396522181
396978130
397068688
396418631
398169560
397108994
397382799
396841247
397902976
396244415
396575108
397835660
393546555
394092116
394379260
395391349
395648443
395620800
393027574
395299270
395447978
395184188
394682968
393503830
393699910
392953162
395058536
395501227
394147757
395695961
394653299
395124785
391969659
391399529
392820379
391922532
391522776
392531388
391846803
391458298
391197651
391888710
391753347
392621424
391965542
391319750
390698233
392885003
392025995
391939730
391812940
391679298
390504038
388941427
389059786
389785240
389100100
389310968
389181238
390610792
390317810
390545458
389023912
389286987
389239565
390427125
389165719
390634207
390647208
388879419
390370798
389013619
385187862
387297677
384621399
387189489
385100232
388682166
386929346
385236017
386048275
384421680
388454168
388356409
384519994
387003288
384801657
385977662
384824793
387092716
388173992
388843785
380810987
383661010
381855245
384274937
384266635
382333649
383617486
381292619
382470684
380999040
384144711
383201623
383266273
381455129
383689181
382420919
380924028
382515666
384330132
382541494
376228977
380679305
379579396
380154409
380506722
377654760
375361824
376103639
379618548
377211265
380206771
379079536
378894588
380535232
375626170
377598157
375716624
379658267
377145730
375840706
373189286
372627554
373732589
375310756
373278383
371907428
371969378
374465451
374282535
371927828
375187292
373701793
373098489
372679858
373387001
373805916
373738378
372405629
374517806
373126891
371381742
370531743
369654299
371470388
371196419
370201007
370003568
369905843
369719159
370967274
371242950
371071290
371579868
371817205
371850087
371249262
370074820
369926533
371529532
370558505
367092343
369478523
366661116
367444385
367225059
366217355
366012139
366471340
365958468
365899279
367325949
365417493
366509431
367845317
367377586
367883399
365358137
366165473
368873632
365386187
364328908
364946305
364529168
363111939
364737817
364379677
363771194
364112750
364129949
364907444
364176658
365007007
363073841
364601035
363719963
364466221
363645535
365045489
364156896
364669813
361766550
359684514
360236223
360607567
361871761
361799380
359870968
361830261
362933377
361659447
359758516
360198520
363021317
362889904
362911498
361915919
362072751
362865981
359822922
360676091
356339181
357453463
359275678
357345832
358914521
359629454
357404716
357352240
356441004
357203674
357773676
357827732
356992701
356465875
356311964
359218685
356931013
356375238
357798752
356414306
355489496
355092935
353363417
356251283
355168467
353303402
353078925
353193626
354189254
353096720
354204588
355605915
354007947
355759604
353252937
355455161
353958458
355571046
352873937
353215649
347809504
352834764
352465832
349136807
348149141
347829240
349902882
349864338
350746270
348303145
352794031
348228019
349184797
350673921
348077206
351742017
347856257
351777002
349843495
348191174
345448623
347751396
343348990
343057805
345406302
346582299
341528567
341360683
341476930
346646739
346684167
345426137
347370503
343423898
341556007
341403920
343581274
346604424
347773881
341439343
340215211
335843919
335907805
338635147
338464440
341298639
338443166
337019218
335196986
330957503
336483955
334595133
337970825
335130138
332398516
337076543
338694604
335745049
336283806
337919710
318016654
318806748
323092448
318295779
326867477
318948771
318882977
330938229
318000190
320620160
319576768
317045937
325468656
325598119
326884788
330312936
330357224
318234289
319629869
323138618
316995233
316944323
316175486
315963994
315581245
315175482
315060467
316822545
316434761
315095480
315221070
316757884
315275828
315708587
315940861
317018110
316513815
315659895
316680074
316617368
313054980
313976371
314178654
313078247
313927646
314074163
313508899
313906007
312108471
310689991
310643570
309496417
314245891
314116444
313953314
313884230
313133906
309395583
314312682
312173595
304261465
306466621
306118142
303907716
303898815
305196190
304133914
309306361
306543815
306336400
306284579
306146138
305150535
304325502
306092257
309345282
306983507
306173848
306068369
307146794
303842876
301874856
298058905
296478213
303746279
301798234
299873982
301672140
298105125
296503225
296852890
301815586
301460840
296858079
296538240
299913666
296826545
299925482
301736635
296237441
295325399
295668623
295257633
296146829
296185081
294165765
293889092
296006851
293020473
294606766
295952894
296063602
295720405
294207449
295138040
295695614
294662862
295108275
295737118
295375851
292917054
291261869
292965809
291193210
291358370
291597796
292532574
292199951
291733433
291471366
292459250
292321033
291755803
291425947
292282468
291707025
292872432
291123531
291654118
291303511
289977299
289310039
289348821
288944262
289010162
290825849
290073884
290285036
290273648
290234402
288819393
290968456
290334218
289089397
288771149
288721134
290920921
290179539
289139947
289906390
286325105
284511881
284727112
286236035
284604265
286975551
287434448
286420850
286798406
288651655
286860031
287991076
286757106
286366706
285601256
284674214
288060713
286284306
287486385
286916575
283670065
282563672
284309298
284462178
284414033
284163482
283631433
281797987
282473167
281777819
284210520
281330213
284126641
284357125
282301459
282386702
281244194
283546584
282528575
282431306
278972754
279469162
281132335
279485798
280194897
281179169
279607616
280592585
280891887
280810198
281093333
280133442
280614350
280849295
280677811
280560161
281023443
280573800
279017476
279555036
278233076
278741915
278207427
278487255
278188373
275337450
275258905
278919231
275146520
274234865
273875677
278414455
278309250
275156694
275205468
273983567
278338895
278273566
273932182
274248670
262427613
263659844
263525880
262650433
261498337
264406768
262531941
262374910
256786457
266777348
263677108
264453915
263557879
263451354
262629776
262511470
261440616
263406210
261406872
261471219
255881250
251025211
253956197
253982671
252695667
250633916
255811833
255600731
255650331
254022041
255697342
252760662
251079009
255985226
252776710
256017875
251109611
255556032
250967330
255937744
248908203
246953650
247917533
249632849
247162055
248150643
247089146
249761996
249665386
247123458
249813799
248802111
248976942
247019998
248747878
250696832
250144365
248194210
247841792
250659118
243797585
244518890
245300201
244554948
243835036
241750983
244783908
243059368
243133890
244820548
246027075
245263158
245479170
243170695
245517628
244844257
244492555
243019820
242975194
244623936
241697879
240304467
239098060
239077737
238891433
239116557
241072782
240871502
239042546
238844804
238672322
240222293
238932877
238814070
238639549
240837014
241183486
239011477
238971062
241127290
233313511
233374272
235439639
238599760
235333204
234632511
233503530
233404291
233265474
235306144
234597570
235397161
235364353
238078175
234566851
233535422
234657746
238142469
233446651
233217268
232817920
231983900
232716528
232450408
231758993
233112414
232792023
232745835
232801926
232396925
231948724
231913129
231583857
232353969
231868549
232016366
231880929
231825992
231711781
231678799
230452096
230337824
231561024
230092224
231037467
230995578
230919224
230733934
231163338
230859692
230704739
231202765
230133720
231051747
230855872
231089597
231226794
230678816
231182811
230822993
229589226
227921698
230068796
229347249
229628058
229271150
229413831
229385045
229455766
228408273
228715152
228385927
229309116
227977788
229245235
228049686
228019267
229654290
227839920
229482414
226189773
224640925
227803329
227614874
227039437
227750933
227200403
223257968
227152644
227078561
224869403
227732231
227714378
224910085
226229523
223769854
227690435
227651969
227123203
225376971
216079353
219984032
221634458
222472135
216274952
219325041
218523241
219811394
218473923
222431192
217638690
217602068
217124699
216048506
217854810
219381257
220907274
221401546
220965006
220820796
214498597
209936481
215244929
215386085
213160486
215437684
215526218
211175256
215173393
214537072
212499210
213203542
213112062
209515227
213213326
209540601
216031260
215275389
212474492
215203237
207082987
206349748
206307500
207148444
205637545
205605257
207115256
205108065
209269046
208940424
205567652
207266351
206700224
206472314
206510406
206424136
208888480
207537974
206730139
208845166
202610419
204332094
204741299
204189875
203511338
203472227
203175414
202676048
204761610
205073596
203257161
204304092
204335709
205039472
202604881
203443535
203994689
203401632
204724634
202582638
202002692
201000579
202035134
201907109
200325970
201945476
200110712
202537117
202496762
200231159
200279309
200096996
200374970
201856570
200958185
202379891
201996920
201052686
200087367
200130864
196531105
197754834
198788125
196641638
199482783
198169939
199449542
199417353
199366836
198217496
199742126
198681998
197131890
197146990
197050541
196442887
199392262
199682288
198050855
196736894
195752695
195513154
194885565
194479701
194540533
193365127
196069973
193740609
194502577
194785591
194871546
196109852
193801102
194463946
194772938
193709218
193683107
194835905
193337860
195538220
191889653
193022899
192192572
193196339
192168191
192105504
191761206
193052703
192595864
193129066
192293033
191817589
193093642
193308087
192129487
192073203
193171708
191847856
191791153
193258965
189828857
189807953
191019195
190114243
190146699
189755004
189424887
191065297
190416287
191040858
190827398
190789779
191522154
189731120
191624607
191722205
191550796
190365185
191105969
190195960
186508558
186423147
186163723
185626131
184850100
185449645
185720558
185861708
188830377
186136780
188615464
185673351
188860459
184905749
189085199
186477397
186200392
185793061
185760837
184959103
183603361
183471949
182797424
184592416
183638541
183255054
183318748
184152256
182692509
182719798
184198949
182760741
183569048
183351288
184643067
183429368
183515889
182654365
183389287
183281556
181126598
180416939
182362359
181088373
181249536
182297866
182518819
182446702
182333647
182327190
180460244
181063127
182577482
181271968
182614618
181563454
180374553
181216948
181173946
182477159
177369316
176677937
179734262
177591821
178992384
177538146
178895630
177701952
180344761
177403614
179774481
177575284
177269229
177669977
178871322
180219670
178841817
177634865
177475422
179823072
174343742
172348715
176269627
175049003
176381878
176016253
172301191
173504425
172757209
176288022
175008950
172701846
175018596
172395430
175950569
172726327
175978076
175624550
176646354
176265448
171091437
171991430
171441597
171331958
171387837
171093365
171620345
172146720
172054731
172091181
171435094
171123773
171601192
171108382
170353335
172184654
170593560
170460243
172118735
172024066
166719324
166318693
168528628
169770618
166653574
167905840
169415146
169801130
169043666
169023655
169012526
167933859
168284718
166813763
166825260
166756892
166858111
168408562
168763686
169364971
165639959
166252114
165673800
165333350
165930595
165881048
165306924
163878717
165914283
165893709
165279676
164745104
165302945
163883028
165231180
164235109
165249913
164228545
164180642
163860969
163547806
163499221
163081303
162496033
156239952
163837501
155792384
160681720
163606320
160737476
153828586
162539959
163065325
163097071
156316411
162605871
156275454
153192963
162561277
163453304
149339296
151068966
151304511
151116964
151211465
153093564
150171707
150131576
153154631
152486310
150867895
151350871
151636360
151372760
150301767
150836184
150177230
151621913
150786563
151164566
147071397
149121812
147207943
147830461
145023907
144206200
149133300
144166277
147187883
145972215
149289555
144824018
144991194
144891595
144253462
148429424
144088231
144055723
144860574
149148219
135652943
141844051
143984109
135727384
133806551
138715823
137997570
142094817
141864286
137963436
141838176
142135341
135687761
133846904
139691174
133681829
138698920
139685119
138687954
133908282
133157007
132849145
122837038
132938338
133117763
125047852
121807072
123338179
133090689
132674990
132724354
132475817
123312409
132413430
122782425
123488174
133174438
133188891
132774317
133638779
119779254
117390852
114745836
119733996
120903761
121621673
119759839
121005621
119151362
121681117
118339411
121791571
119810802
120949263
115985172
119188361
118297389
117443609
119129378
121739188
94461981
93060502
93692405
93290601
93258713
92989659
94024785
93719297
94199199
94412774
94441394
93158792
93736569
93321948
93704777
93929383
93032800
93008721
92974117
93356122
90940564
92595538
90929450
92693276
90369934
90948711
90385953
90119744
92060258
90403625
92664549
92571765
90096601
90355583
91987045
90539955
90596687
90345233
92021316
91953120
88748429
89899567
89341403
90073875
89749045
89313706
88988616
89831929
89283727
89771189
88721715
88413415
89995853
88687055
88653503
88468155
88976313
89092342
89787703
88993851
87003485
87768663
86223667
87697265
87677854
86249565
87029023
87949284
87241966
87923969
87715709
87733761
87060292
86235888
87571104
86997692
87959699
86980705
86788395
86212842
86206267
86131707
83780516
83116808
85619726
85621590
83888201
83155366
86089535
86040073
83083259
86060716
86110476
83923486
82479616
83030373
83729595
83961888
83065393
82472129
68853674
69087714
69038996
70234000
70180257
69783753
68873517
69017681
68824497
70164079
69061141
81036073
69801759
74087521
68892078
67190948
68990382
70210500
81956765
68908706
63119591
63143271
63798664
64236881
63268360
63776044
64309107
64660752
63480316
63253995
63013249
64654364
63461584
63714625
63575709
63517927
63279121
63498167
63168923
63542946
62901662
61771942
60224317
62922452
62920827
60436646
60445582
60150217
60249129
62958026
61819684
61869925
61836615
62914031
61798853
60866358
62925666
60208571
62935462
62947148
59916792
59597113
60046516
59608421
59899340
59850126
59836812
59630496
60124418
59572486
59823217
60055201
60073889
59909012
60037083
60109632
60029240
60064196
60022095
60137461
59551096
59333403
59174949
58643697
58407072
58878561
58862342
59310915
59563157
59361586
59304280
59549510
59259877
59290232
59157416
59154884
58684804
58663599
58431565
58449000
57903925
57106918
57528424
57921474
57798512
57884321
57768076
57055691
57500788
57082649
58389285
57782626
58297705
57395039
57821647
58087083
58313239
57767042
58328890
58283914
57026658
56983162
56435486
56548809
56579453
56530950
55941179
56945581
56482367
56381570
56621736
57004741
56504131
56096348
56452540
56117498
56597299
56078307
56144924
56401948
55758905
55731938
55193719
55738023
55423759
54986978
54976934
55885424
55789635
55751826
55380244
55920368
55806688
55774620
55745397
55173900
55389169
55113002
55044783
55765603
54958897
54592520
42319595
42325605
42316053
54772050
54790846
43946016
52846968
38771441
43924536
43957415
43922643
53196224
43934636
39097214
38792780
53068007
54748795
39107851
38385580
38161260
38711999
38228807
38195659
38166535
38251749
38527825
38721588
38203654
38620244
38597400
38168401
35652924
35649398
38120620
35643398
38105315
38111366
38215236
34301284
34277626
34833020
34857564
34641212
34634171
34614129
34648053
34845443
34369629
32939736
34349027
34358679
34288379
32843704
32923925
34621816
34742016
34316631
32864728
32431826
32718749
32778582
32700664
32631830
32784134
32581507
32444209
32530928
32801958
32574833
32675076
32475352
32816681
32465077
32620868
32453578
32711920
32662942
32793230
32414448
32292727
32286527
32191492
32328077
32199098
32139516
32154603
32416116
32110866
32275107
32126853
32298238
32400247
32036485
32424088
32340219
32092005
32306442
32317572
30870522
30886951
31212463
30464580
30406476
31110452
30905205
31105467
30397930
30636521
30896226
31098991
30865331
31312892
31241173
30644034
31119419
30914502
30877846
31227247
29507908
30050024
29605564
29878481
29710712
30126711
29401784
29352365
29649962
30030083
30249559
29641073
29882449
29658569
29503384
30039506
30092841
30058724
29614273
29360997
28666829
28821400
29252540
28401400
28302702
29263923
29228459
28423373
29095814
29239942
29258375
28858800
28593635
28814918
28551710
28415568
28410409
29245343
28310349
28295802
27778345
27696044
27682357
27782760
27569504
27672290
28021143
28049492
27643111
27574973
27632664
27559335
27796812
27564926
27801957
27705896
27665510
27581890
28030007
28041593
25486485
27546157
27247787
25473440
27540473
25496056
27509354
27536183
27543796
24901435
27530158
27266760
25480476
25491696
27553607
24892120
27255547
27500885
27491678
25869811
21123183
20559892
20934351
20990002
24230131
24810694
24806045
20539960
24884218
20985402
20553866
21131844
20917734
24794770
20924145
20825240
20549038
24799018
20516483
21115739
19922235
20109555
19947565
20349888
19936695
20117411
20278876
20126778
20096143
20045823
19929923
19943771
20512121
20288444
20273488
20121474
20089080
20055661
20295782
20506530
19822116
19622939
19873002
19759483
19724822
19704331
19893466
19593185
19883775
19617872
19585870
19749664
19713444
19903030
19767786
19818398
19627091
19616968
19612061
19606592
19450015
19391676
19375202
19465625
19203360
19299927
19440721
19417655
19369852
19425487
19544592
19469154
19308670
19296318
19576646
19563945
19433588
19385710
19314985
19538671
19153975
19050635
19143264
19052023
19176389
19169175
19199616
19195912
19137124
19188094
19059755
19055891
19182840
19129655
19104271
19109906
19100334
19096971
19045410
19006846
18522532
18705699
18530488
18377505
18993718
18986852
18873829
18881305
18860081
18853348
18232635
18865160
18308025
18844280
18953327
18999765
18291208
18537881
18249923
18242953
17922605
18018210
17844569
18224669
17900858
17705288
18005390
17848280
17841098
17817980
17812764
17808877
18022295
17895883
18008966
18149374
17956452
17823610
17831338
18014959
16957943
17687468
16665444
17696040
17681523
17550452
17109043
17189739
17079470
17104274
17669619
17074381
16951164
17675179
17700278
17365560
16673432
16668838
16947166
17692354
16615682
16620702
16623375
16611704
16479947
16475394
16475076
16468051
16472142
16478627
16482306
16479561
16481783
16486013
16577855
16476335
16480953
16627867
16660756
16481219
16476776
16480574
16474094
16471046
16464211
16466981
16479028
16477455
16469576
16442070
16467339
16426137
16472847
16468780
16473545
16470392
16465274
16473371
16466143
16453695
16323017
16194881
16198397
16314901
16219695
16377484
16170984
16328576
16270645
16185566
16180819
16202118
16378989
16335048
16326063
16273130
16326996
16325408
16214853
16199902
16184152
16181828
16183249
16179851
16177700
16087755
16083349
16120000
16180373
16182617
16179379
16178458
16181341
16137039
16093748
16186504
16081319
16178979
16185162
16043542
16051821
16040701
16047679
16038681
15990438
15981227
16069631
16074569
16050066
16050658
16075766
16034883
15973553
16048615
16073309
16065382
16046388
16047272
15986054
16072261
15949387
15913751
15858568
15920020
15940834
15958005
15902316
15888564
15851232
15967764
15918789
15931695
15915103
15913032
15917702
15916363
15847442
15855187
15842947
15899895
15573263
15110660
15127513
15115475
15401353
15521689
15773518
15295509
15625026
15298558
15637684
15651119
15796139
15513799
15765969
15618231
15566256
15646405
15631052
15806634
