370688470
397595913
372020352
373276631
378486181
393694218
375427562
393679335
378553029
393760723
384556757
382921097
371928095
370685439
397673974
373334200
384447041
382934948
375516684
371958357
363021317
360670090
360682934
370646048
360780752
368253428
368188175
365563840
363111939
363073841
361994269
361981157
361936142
361770044
370614178
365498928
360797322
356992701
361747819
356931013
322043643
325323322
340664013
332687592
322094226
331265845
269739993
354349995
343563600
332595216
269777362
343635406
354290001
340711393
325265341
352197688
352285297
331342422
347072046
347009524
262445112
264368248
263532024
268775251
263633662
262580105
267750277
264322647
263481245
263615518
262303778
267795420
267725202
268737468
263300623
262561359
262475417
268683084
268963993
263344752
236050178
235531866
240018891
241072782
235483963
242749428
262276878
241977566
240044133
237005815
240283299
235580561
242027483
240343600
242706227
242843012
242658597
236961566
236116428
236083862
229286421
226229523
220079401
214498597
226189773
214537072
208620946
233923409
229147551
229181336
220100913
212939912
221535435
221656533
233887093
221509607
220029810
212894077
229245051
221705838
202242367
202997371
170576604
164683895
161640940
203064070
170512028
166074887
169883935
169820819
203756357
203773349
166034522
161589637
203287139
164643287
208591881
208577772
203794168
202406132
88492544
83850285
79548265
78927859
87720321
81498787
79084075
87877583
88535971
87846759
79452097
85752630
79470878
85837895
83760865
88624038
87795358
85874275
83785275
83811627
74936942
74967044
77612271
76507318
75636999
75400509
75070671
74914295
78720694
77623442
76580216
76870925
75325952
77583680
76607345
78830738
75347597
76542478
75648656
76642113
74706283
73911911
74386459
68317714
74884458
68766552
74400549
74199003
74512635
74486468
73955722
74431761
74461040
74187345
74172667
73936422
68777691
74783204
74165410
68557538
66312314
68010618
66819364
66387896
66851519
66754232
66890135
66045170
66472060
65995814
67804548
66031837
66760634
66870563
68007228
66768421
67788692
66846328
68045513
66745215
65117840
65569907
65640468
65489157
65912433
65130102
65543927
65460569
65900694
65481366
65468018
65981280
65967559
65656570
65669237
65161858
65559837
65519105
65148015
65536042
60132252
65115729
64184284
63083847
61247955
60112683
65092645
63113008
62721086
65096673
60031746
64118375
61610065
64693887
64725144
60149156
65083678
64663671
60020536
60018753
58481936
58446628
58422441
58726702
59553772
59104953
59125634
59572950
59117739
58461495
58723105
59135763
58955407
59158758
58751182
58711252
59146210
58951966
58762258
59565143
55491683
57886513
58291332
55377260
55365150
52843458
57459314
56327298
52777001
55510050
52815684
57793068
52872005
55771917
57947865
56308032
55763773
55347176
52717046
57977201
52385419
52605466
51794507
51774548
52598298
52151154
52019752
52013454
51911027
51706793
52377362
52123205
51748397
52088800
51720284
52080153
51736165
52009917
51933474
52392181
51618876
51678828
51374924
51669584
51349685
50858727
50866538
51424995
51410565
51196871
51335094
51266271
50753785
51607896
51390251
50738073
51638836
50725457
50643070
50857494
50319570
49822089
50608878
50321410
50034372
49808528
50595251
50601468
50040676
50067042
50588429
50584183
50329309
50312834
50041734
49908088
49898977
49886037
50619886
50337910
48890509
49778792
49787039
49432542
49424085
49624830
49795857
49176810
49772720
49767004
49530159
49275452
49056233
48908188
49452700
49491193
49259045
49071634
49546298
49476762
48333637
48584847
48285387
48258771
48779910
48743100
48270176
48617083
48757027
48482754
48463848
48602123
48762369
48470556
48457704
48512631
48443187
48735566
48749729
48449522
37376485
48232292
40455080
48183580
48062518
38177496
48035242
48172708
40417383
48178302
37359433
48189302
48051060
48247555
40426943
48219157
48196082
40439894
38183522
38163603
35834005
35871837
36112211
36094121
34758518
34526177
37293226
34749068
36058739
35900932
34006461
35844302
37128219
35897071
36107610
34775179
36276759
36287292
36049774
36088386
33400507
33290406
33410590
33593546
33382072
33585497
33558148
33393547
33355944
33535459
33347335
33548583
33333021
33524201
33372511
33571436
33322089
33406475
33603432
33402633
32913042
32883220
32727323
32734590
32861088
32662988
33162046
32816738
33181728
33153133
33190807
32951149
32851911
32834164
33174550
33076490
33088690
33196212
33055583
32664228
32603528
32589989
32643667
32387707
32617046
32192421
32570711
32376372
32627141
32406591
32348832
32201540
32612958
32600504
32422491
32180009
32148419
32379278
32163890
32578628
31923415
31967980
32086613
31878009
32125622
31743117
31737012
31948820
31845147
31865178
31734990
31853008
31756368
31975957
31959104
31718901
32127965
32105035
32118875
31940106
31640061
31454303
31467082
31272553
31701736
31672639
31490682
31422261
31661181
31638529
31424743
31274818
31692693
31710757
31617404
31381214
31499402
31285488
31281374
31501484
30781465
31014310
31236429
30773950
31265887
30986444
31046029
31246244
30808624
31041002
31254961
30816731
31055409
31263864
31001305
31024485
31219630
30984239
30914867
30796355
30552884
30543397
30514522
29952877
30531616
30297350
30670523
30761891
29983034
30739035
30655536
30173598
29961121
30559328
30417489
30192413
29968423
30505683
30423339
30749155
29455437
29435975
29474219
29669209
29885669
29866959
29426400
29462796
29684627
29857292
29838770
29678835
29340324
29447011
29943081
29478361
29877815
29950850
29671388
29468029
28048868
29100812
28950272
29322015
29092525
29064893
28959471
28036946
29071782
29228193
28932925
29331706
29084693
29058722
29053486
29313734
29204436
29214415
29045147
28941850
28026569
27507144
27653445
27414511
27387959
27464495
27399551
27942307
27734996
27949253
27724318
27488706
27835647
27580118
27626806
27500334
27665394
27879229
27591193
27454834
26990695
27081673
27301550
27217256
27089973
26982763
26898714
26863746
27368387
27300097
26850613
27377648
27104126
26971250
26878617
27361958
26958277
27298072
27239398
27096736
26553312
26572107
26758177
26563939
26546591
26375734
26369174
26390730
25966270
26773913
26763227
25993026
26769240
26000864
26383126
26578525
26357811
26592484
26754548
26558689
25774593
25758305
25223757
25137514
25315581
25765441
25701818
25407889
25218852
25557860
25749287
25720567
25714403
25742136
25551667
25695936
25725170
25544893
25532807
25783498
24917998
24251417
24243716
24276882
24233965
24870246
24962265
24952222
24285198
25116523
24957180
24768157
24561937
24294833
25055607
25131840
24764583
24260308
24268682
24656872
23611314
24002117
23491440
23464168
23727087
23294958
24226188
24221202
23791963
23908767
23900632
23450730
23482813
23817850
23501147
23456956
23735447
23993031
23470879
24092545
22124055
21922755
22119684
22129188
22304207
21927033
22496124
22676843
22109685
21935802
22136021
22773914
22669356
22507690
21915441
22350565
22337681
22113571
22344985
22502679
21709714
21722518
21870981
21699992
21902275
21745715
21758275
21755356
21763440
21584411
21767512
21739797
21733328
21726890
21895498
21886161
21880567
21751083
21588454
21908119
21108453
21293079
21282653
21273914
21093181
21136449
21580829
20956487
21120539
21286218
20951095
21126729
21512637
21112952
21272005
21104208
21098688
21049523
21289747
21504872
20903007
20937766
20915816
20908627
20754700
20930804
20761618
20736951
20895815
20880223
20770812
20926197
20698764
20943831
20779659
20747964
20741604
20784314
20889825
20775094
20513435
20601898
20527402
20683558
20447705
20588094
20443366
20274005
20576592
20582529
20192301
20436928
20536420
20691250
20188118
20609303
20287810
20673492
20596063
20518786
19519549
20171249
19509564
19379002
19530203
19387143
20184947
20158200
19374459
19820361
19701605
19524248
19513354
19503984
20177920
20165995
19811127
19369688
19815423
19536013
19130314
19330401
19164322
19357247
19192642
19212766
19333305
19209406
19340105
18996612
19346438
19335555
19362349
19325033
19349519
19203780
19198853
19185738
19343533
19353474
18269681
18547940
18542034
18564592
18986792
18557378
18258419
18240582
18554123
18265577
18131020
18568564
18982982
18251556
18134006
18247158
18126169
18254787
18562273
18974220
17975060
17931560
18110254
17985177
17852159
18116298
17978209
18000288
17988300
18120885
17937488
18004937
17859470
17856571
17968853
17841381
17706343
17996108
17979270
17941425
17389225
17346310
16887612
17212113
17695438
17566375
17558035
17130889
16895477
17336656
16841344
17562224
17387197
17124612
16616049
17554241
17701593
16622810
17378407
17086649
16430540
16468508
16422438
16478204
16481131
16590977
16602803
16611066
16439256
16423230
16461714
16542846
16448575
16476666
16459767
16453009
16552635
16473304
16559285
16594410
16335693
16300577
16350039
16312293
16189472
16220832
16322158
16199483
16126344
16119927
16348087
16208361
16216863
16360959
16359400
16361345
16326811
16131710
16362825
16352632
16065382
15986054
15973553
15964500
15958005
16103207
15990438
15967764
15932504
16094482
16112026
16071652
15947358
15909335
15941671
16085936
16101998
16051336
15920945
15981227
15776497
15770484
15649927
15810775
15743529
15723576
15908607
15781310
15803434
15763343
15755814
15726897
15731522
15782251
15644809
15796257
15817848
15738945
15749669
15824585
15621150
15602907
15499264
15365310
15601840
15578902
15599133
15513799
15487623
15493218
15588504
15358553
15350300
15344526
15639619
15343932
15481370
15505502
15369399
15635757
15189345
15188891
15173330
15339388
15327568
15289996
15242302
15296577
15322364
15189207
15233972
15229609
15311956
15212168
15318501
15222251
15208485
15332107
15202157
15238753
15163897
15158016
15005496
14878591
15003013
14844659
15133561
15045529
15030439
15027975
14877119
15138589
15038153
15145387
15014318
14996447
14885591
14852737
14862415
15007776
14737967
14728460
14713286
14825408
14651509
14833430
14698322
14671588
14818737
14683186
14730913
14502344
14467318
14624417
14474093
14668619
14513649
14719829
14660531
14629136
14449209
14359705
14282057
14350806
14448029
14281845
14327001
14457925
14298872
14343795
14460257
14308497
14333794
14360441
14449886
14287879
14197785
14307020
14317627
14293286
13893270
14155855
13901790
13844165
13941763
13909964
13952905
14187568
14162802
13933905
13853642
13929207
14168487
14176512
13858972
13947742
13918183
13937683
13845436
13924197
13748265
13831975
13825548
13752772
13683416
13657730
13642202
13761215
13740641
13707624
13815529
13652085
13256408
13250134
13674255
13717774
13246549
13824650
13702760
13819881
13011552
13044340
13241647
13050024
13005883
13237118
13022518
13011711
13004720
13038193
13093738
13005436
13090038
13044876
13103392
13033496
13016380
13049359
13098263
13028157
12594509
12947665
12560978
12402890
12935552
12398099
12639396
12600533
12804618
12503709
12575513
12943665
12568512
12524190
12843488
12943505
12803946
12643966
12513249
12586995
12350672
12299057
12160215
12366066
12332310
12194954
12127530
12390430
12375809
12357729
12172774
12328268
12318039
12183399
12123297
12344354
12310052
12112487
12340214
12189572
11788055
11781021
11813008
11798603
11967028
11830068
11983054
11959293
11843832
11989103
11947347
11825022
11955944
11951502
11925097
11978099
11922282
11839655
11997808
12103967
11682367
11554292
11535149
11501773
11515820
11496844
11705821
11510083
11670143
11544385
11687932
11776864
11511631
11523839
11356750
11700790
11560229
11541263
11404767
11530420
11383368
11376076
11341695
11235637
11220010
11351575
11368735
11336680
11207278
11398362
11326459
11348696
11244130
11221016
11220404
11330377
11390636
11211324
11228383
11363631
11206955
11194270
11053531
11041583
11033289
10998145
11079874
11012347
11061893
11038990
11021375
11018521
11048535
11202929
11000999
11065619
11017151
11007165
11074644
11059115
10900541
10940484
10816885
10818311
10801924
10933280
10774561
10762929
10913807
10822532
10906517
10827306
10823690
10818695
10778777
10805707
10796031
10811832
10925543
10918979
10750159
10658407
10742007
10653906
10747412
10639758
10755064
10643940
10662249
10650994
10621230
10655952
10646829
10630175
10633587
10638328
10625754
10732113
10728535
10636106
10465279
10618384
10616318
10598658
10555969
10589133
10548262
10555751
10576373
10582422
10459741
10608791
10560007
10555458
10593762
10612388
10601558
10585408
10569130
10470571
10314285
10454855
10455681
10403416
10336877
10425720
10421421
10442410
10417446
10329719
10452216
10408112
10413030
10320209
10432955
10422592
10438463
10310249
10302718
10446689
10192478
10250484
10222680
10247128
10219125
10225493
10263128
10232242
10203220
10269440
10266617
10178979
10197863
10255800
10259707
10185670
10214286
10235103
10209477
10173399
10069870
9927571
9956578
9931506
9914916
10050760
10065024
10056816
10041022
9946641
9776640
9816078
10167063
9920844
9780317
10060896
10037004
10036377
10045441
9951649
9707392
9774479
9738044
9755540
9679253
9700377
9742504
9672431
9752992
9734413
9759456
9747267
9692556
9696997
9687122
9675257
9670884
9725803
9763511
9714739
9477279
9574991
9458101
9483096
9493855
9557965
9508645
9451105
9568859
9592753
9598103
9580149
9513473
9585927
9445429
9471936
9498193
9562478
9467086
9503805
9425103
9313557
9215058
9235082
9434080
9310023
9418955
9331784
9300715
9293822
9239551
9288465
9305917
9280737
9241909
9244266
9320225
9231193
9224234
9217935
8946628
8952305
9046993
9210659
9191039
9153720
9184432
9064332
9163260
9046855
9179795
9058603
9148563
9022828
9040171
9138379
9205302
9197929
9031009
9052099
8668595
8922183
8719637
8789915
8696293
8703666
8916919
8819393
8814117
8803779
8689290
8656875
8808239
8940531
8793481
8937213
8928725
8653338
8913391
8933388
8129667
8209881
8119752
8224817
8647651
8303913
8188028
8205780
8307216
8557721
8271263
8196677
8185563
8122819
8577368
8116567
8193426
8562711
8570748
8539513
8081530
8107578
8041619
8019603
7973795
8074671
8027965
8034162
8031471
8070563
8017513
8077948
8067254
8109079
8063387
8043276
8038024
8017214
8025844
8113422
7862906
7848122
7940402
7832209
7928630
7946627
7959827
7949880
7827550
7952880
7969198
7964635
7844624
7933805
7855466
7852056
7871566
7937459
7829939
7867774
7746810
7606770
7771121
7765739
7762747
7664197
7734246
7726731
7650868
7719566
7610603
7724357
7737957
7741879
7721285
7652442
7825161
7778374
7603853
7759374
7447643
7456897
7519479
7523510
7450522
7596689
7534554
7474087
7447153
7462216
7530762
7477084
7587625
7600771
7590993
7582230
7470515
7584249
7454674
7526892
7438870
6896995
7400300
7443828
7037479
7407134
7403773
7306486
7041120
7434044
7033540
6963655
7435572
7382730
6968912
7394237
7301789
7441680
7387473
7396985
6655381
6815087
6792103
6570917
6568400
6788917
6653040
6725403
6717131
6581152
6886954
6890150
6786546
6578271
6783193
6649256
6566226
6638464
6893412
6574267
6556267
6219849
6553074
6557727
6508723
6560046
6554494
6498943
6502577
6354898
6564467
6496358
6078941
6565839
6371495
6301171
6368916
6505581
6493628
6076440
6073574
5915642
6006719
5941262
5884541
6068078
6052545
5935059
5918230
6002812
6049971
5937367
5925096
5923758
6070955
5930880
5927845
5922001
5943779
5919880
5847776
5870304
5876855
5851447
5704462
5701429
5697945
5695365
5849535
5717990
5859220
5705310
5853713
5862486
5620975
5723245
5866089
5845486
5881153
5708399
5173888
5334007
5329815
5445699
5244505
5109470
5376184
5329390
5253318
5170082
5241912
5441817
5330353
5257103
5242443
5179904
5248298
5176922
5378629
5167271
4953387
4900597
4842891
4835722
4917285
5100920
4914381
4852369
4955456
4847245
5106909
4909840
4948497
4951779
4838470
4906570
4905777
4964257
4962409
5103624
4735474
4730464
4701280
4814202
4737296
4694105
4831610
4811722
4723447
4824530
4741687
4708057
4698452
4695423
4732499
4809118
4731028
4720826
4738612
4820453
4558366
4508766
4570160
4627120
4690855
4505216
4630578
4639721
4566844
4635781
4554372
4526175
4523936
4687171
4563805
4622755
4561661
4524862
4510599
4505946
4361144
4015895
4302252
4371326
4309431
4122945
4017748
3909757
4354012
4373295
4365390
4128985
4369060
4126965
3913340
4020490
3907427
4428097
4304136
4013327
3578296
3521708
3673174
3577112
3580050
3676398
3666263
3773620
3634682
3771006
3668738
3854209
3523140
3669180
3851432
3772814
3768088
3680611
3582789
3581224
3485313
3429622
3495460
3513023
3404621
3519577
3434797
3497978
3483605
3402290
3509014
3489907
3440105
3486997
3488483
3511016
3436573
3442069
3432346
3492069
3355464
3389067
3369943
3369865
3368481
3318025
3325997
3400317
3392071
3377471
3375086
3357202
3321722
3329974
3318379
3359382
3365186
3394421
3366312
3361261
3301732
3229022
3223513
2957140
2954196
3297439
3220423
3231123
3311920
2953467
3314572
3300004
3309216
3299249
3294901
3233982
2951408
3293343
3306281
3303862
2450867
2396043
2940688
2945344
2401851
2810147
2943414
2344409
2397728
2341926
2453224
2346388
2444980
2400671
2393439
2941207
2442828
2399111
2947538
2391232
2339324
2337113
2291607
2286278
2218193
2284165
2221492
2282156
2233613
2333652
2289109
2224405
2227333
2223982
2237801
2236066
1966427
2335853
2279872
1976651
1965849
1976244
1966133
1973226
1952875
1979094
1924931
1954826
1920046
1960469
1956282
1931045
1958607
1968845
1926828
1928476
1917216
1923429
1971527
1921854
1563631
1555636
1604056
1559771
1574083
1557471
1598020
1601106
1571495
1568607
1624011
1626761
1625045
1599676
1606132
1596141
1577233
1576308
1566466
1539392
1512485
1507038
1522536
1521171
1519159
1524686
1517085
1515942
1503177
1444126
1436114
1479800
1525582
1526425
1505434
1481044
1478893
1464822
1510514
1462562
1417334
721030
707926
1410730
1411951
727919
725687
706032
723102
1439631
1456685
1452527
713786
711998
724228
726881
1461265
1448314
1431832
1427655
328883
325875
362106
358196
325200
681312
684404
326439
326692
359507
356304
359851
355144
325714
325328
325122
360266
323148
685618
682980
316405
199130
281510
316799
288414
288351
281552
316762
320260
198307
200046
313652
313598
313514
196749
313643
196053
313627
313555
196341
195956
147432
183139
140523
146379
183485
196001
141230
141063
146725
185265
147183
140773
185200
185843
141028
140849
182747
140725
140355
139914
135840
139707
136818
136402
136125
139611
135451
135309
139977
139841
135537
136256
136000
136484
136999
136638
135667
140096
140039
87161
90913
87004
86722
90992
86532
86316
91151
86667
86283
76247
86343
101404
101356
91112
75945
90940
76358
75852
101358
68778
71665
69354
75684
69645
68947
69446
69605
75451
69312
69473
69694
75828
71719
69504
68870
75551
68902
69490
69482
68623
66883
66894
67134
66584
66400
68761
66925
66966
67057
66502
67048
67128
67009
66909
67104
66720
66794
67187
66486
63947
59708
61558
65982
63376
63966
63449
61444
60079
66020
63935
59998
61382
61528
61626
64164
66315
66256
66095
64042
59383
58784
57765
57698
58843
59611
57414
59473
57292
56990
56860
56493
57487
57867
57923
59181
57583
57131
56387
56764
53953
56270
54683
55065
52644
52271
54454
52358
54889
51968
54569
52120
56320
54973
54817
51874
54328
54151
54755
54228
49525
49324
47078
51647
49457
51435
48988
49020
49992
51589
51754
46953
49067
48930
47154
49661
51343
49886
49143
48858
43279
46264
45951
45816
45659
45557
43664
43435
42339
46772
43534
43377
43198
46051
46425
46684
46134
45498
43864
43770
41738
41620
41603
41971
41838
40921
41681
41605
42211
42040
41700
41932
42177
42015
41936
41907
41790
41590
41583
42140
40571
40450
40620
40563
40015
39328
40740
40697
40677
40334
40259
39273
40202
40065
40102
40032
40134
40397
39222
39175
37681
37000
38976
38710
36941
38746
35974
39053
38613
38607
38664
38515
37746
38598
38541
35904
38779
37046
38854
39103
34793
34755
34884
35182
35771
34957
33632
33402
35694
35626
33843
33594
33533
35844
35530
35054
34902
33467
35109
35857
