1041561044
1040444652
1004212490
1116510891
1040647522
1009919303
1044584490
1044929008
1116629853
1017269229
1040588058
1119053743
1116714887
1017161687
1118873907
1039178755
1015410269
1118956954
1010363674
1116422765
994353796
1003880166
993089234
1001803729
1003990998
995444470
993383315
994877710
999755459
995084482
993240834
993167395
995190429
994469100
993029359
994632337
995764961
995712781
1004072598
993318371
988199014
991116927
991027473
991411279
992218824
990922578
988809063
988128157
992123497
988254236
988924429
991475651
992014103
989355931
987264384
991232978
989031810
988084156
991320494
992921073
985625590
985371943
986407848
979505461
983238632
987084122
986317064
983358958
982873347
981802703
979570670
986701205
986582316
986883237
979000611
984267160
978942474
987183220
981913379
984942529
978407147
973162328
978329241
975043758
973905962
969004459
968829735
965932952
974370396
966624288
966709548
975159465
966433014
966113398
974518245
973132883
978717825
966355616
973040028
973221910
960578229
964031846
963613387
961534817
963181774
964134896
960894853
963885468
963161999
963511735
964432389
964260371
963754913
961650753
961475139
963435279
965632840
961715789
965788570
960800028
954143182
951219166
960488215
956698786
953012917
958011569
954268726
951460438
958851657
953129905
956534977
953991707
959717595
958258473
953744104
959786227
957706435
959855856
959565393
952898358
948998895
947178452
945583686
948912927
946131263
945913672
945421535
947253657
949073562
947830270
947024205
948184442
948089523
947687223
947486627
947562033
947398049
947202370
946015003
945505693
936672200
940910947
944339892
945345979
940823911
940593283
945067505
940542087
941038177
944229581
940511482
940730208
938176187
944603871
944063360
944483678
938228932
940975084
936413792
936510070
918412909
918442906
930149054
921249263
936331510
919855638
920017608
935945718
918027648
917343446
918358445
930100528
919931684
918058059
935927752
917988050
917806722
917875050
917449032
917622144
914417312
914335199
916235787
915839346
914352829
916259542
916084318
914164204
915495166
914100858
916180852
915924777
916294180
914307825
916156337
915354020
915975840
915664847
915767248
916332585
912544167
912499042
894846333
892413781
892002413
892362176
891419695
892184126
897058467
891389920
892444927
891669827
913975310
892305703
891891431
896165056
891792969
893732701
898230722
892260020
883407927
883064304
886099733
889244103
884206926
889395098
884079612
885869655
882954414
890063284
885484451
887821579
890127121
883012153
890993589
887994125
886226456
890013847
886043584
885958385
874465024
873896204
874593101
882188052
876023063
881143542
882248539
881239533
873455746
876108382
882106321
874161505
875231189
882068863
881343498
876771898
875375761
875356515
882225351
880846953
871733653
869281537
873018498
871242547
871757063
869472779
872819506
869192551
873401978
871303951
871006733
870814933
871799553
871111235
868112881
870669922
871847090
868024626
869390053
870961741
867027440
867153201
864901119
867672469
863505382
864088168
863879299
863680187
863987505
863404630
863827872
861867196
867921639
863619169
862843216
863946531
866513075
866783008
867097858
864043554
858159282
857963927
857865484
861822957
859841803
861212460
859586418
859514603
861774501
861630354
861695975
860689417
860122524
858672545
858717237
860068994
861377950
859980053
859910653
859738448
857251674
856308617
855793755
854261071
856804941
856071102
855026537
855895568
855156612
855100748
856131012
857767093
856903992
857505090
855468060
855393432
854119744
856221219
854975396
856855295
851661785
850470171
850247527
853349996
850318014
849403909
848289061
852975597
853031494
850053512
851156933
850127882
851270439
851078909
853252236
849245538
848401440
853700152
851232556
850543216
837685461
836061182
841091121
837028389
836631568
847895890
837861870
843573227
836141549
843519681
835984216
835927273
835865864
836788219
847125553
842654365
847510982
842740761
839724946
839769728
835072660
829925850
825795272
824760163
828635990
824566223
834053779
829861473
834290184
830528380
834240118
824723451
835205311
828669299
828573764
827924297
834137093
834034501
824799701
833512138
820268535
822962423
822025466
819011340
821350482
824455634
824497224
822921923
822382067
821925088
821819697
820147846
818102122
822285897
821386726
818338458
818571404
820213854
823010491
818959650
814367623
811170056
813456143
811051275
813206773
817136432
813347120
813262286
812921274
814957863
810983383
814267831
810892889
809179682
813050762
817180144
808992359
814491544
809233419
813131728
806591326
803004981
807289206
803156776
805375031
803470255
806681303
807368088
807898376
806797906
807153104
805304387
803607780
803353444
807945255
802795373
803553099
802265918
803427008
807015630
797430467
796954988
797038375
795686161
795591893
799106422
798993761
797625390
797498799
795510792
799593230
797571308
799652387
801313997
799512549
797321009
795419783
798733932
799393741
798852090
789772129
785747981
779830735
785520884
793287354
791398351
785646213
781730469
781653195
795356471
783752342
782790571
785238689
783085869
794694549
781538268
777765674
785795279
789718869
793377672
773917011
768571252
774236706
764019349
775836214
775984125
770450807
770078401
774157131
764082612
760483060
763942669
760436758
777378627
762289751
760360226
774018922
761176013
761833229
777295903
752095036
750321489
744696983
744813580
754545880
760127538
750629489
750399414
759937394
760027246
753016552
744276684
759750476
754375766
757832937
760223444
759829250
757926972
748464435
744952882
742433740
741024499
733647950
741425565
741210373
738143987
738101062
739805100
738781344
727370515
739407422
738880412
740847297
741739677
727435337
741352181
741112016
733740906
739499527
742381131
726424910
716872802
719879986
716735771
721466452
721556080
719611293
716566922
715980553
727085215
721188467
721286589
726989929
721611971
716796065
721386801
719699615
719776633
719207707
721702610
713045289
708047618
715687779
709828982
715425116
709946473
712781513
713775061
715306733
715547120
711293700
712712237
713880339
710052718
703381542
703684026
710986873
715097556
710918293
703507364
701698262
699357808
700203299
685455414
700328003
687617739
690474125
693751692
693654495
700383465
685365104
699195116
696481023
702955618
696386334
695196012
699110565
693563111
690363034
702907136
676167226
671691535
674275016
680176035
676200858
673843396
683281576
681515282
683401761
675863782
680511236
683098376
674201443
680966907
676026317
675632355
671721600
671656035
675565041
681019925
664529609
664400913
667717275
669545365
669471798
664326618
671071598
670572912
670665406
670489523
670214540
670787984
670076762
669239480
670275930
670256871
669344997
667352546
670162789
667633622
661822655
655079272
663532527
662796077
656220095
655233271
662643673
662411965
662332221
658713693
654207532
648683889
662937323
655162490
651251258
658639671
662535351
655331968
655872683
661734314
640950114
648523609
646225627
646133336
645390261
645343663
644666000
641035192
647499192
640739521
644858633
645413359
645018304
648618795
645277122
644935753
640666971
645318788
644586383
644787767
631925472
630704259
640236431
628262811
631799407
628508260
628195745
637347505
628118394
627883382
627330183
628032577
640036973
636059699
640110948
637485364
627956919
627249926
635981210
635905070
619960395
616116634
612329488
612241801
612253055
615987362
620966368
616065102
619900331
612298559
612216379
611768491
627114838
627177932
627013207
616456822
616398524
612369265
611685452
611862685
603785881
601751103
600905221
601016790
603822762
608991182
608824889
607803545
600809914
607756560
603724931
608579450
601917868
601811109
600975617
608925005
608330461
607861117
608721882
605145444
591462413
592696280
590368022
599041997
596557653
596410889
596225468
591059084
596479832
592624928
596322533
589172088
592563588
591277384
589113219
599111332
600502367
596518094
590199115
590052449
580747663
587527725
581339091
580586470
589004474
581253960
580508735
589070202
580786412
581857825
580688791
577756571
584476830
588919878
581738019
581592134
587578809
577828088
577623278
580634643
571697854
575743306
571772895
571544188
572283934
573720163
571629954
575848314
574099623
573551308
572371549
572187914
575507966
573980163
575571082
573629400
573888951
573806719
571588872
571990525
567903896
561530240
570924008
561403458
563998832
561455606
563925259
566594924
562817618
561758740
565078319
567830956
565006754
571105432
563872821
561352427
564857915
560957778
570856294
565383864
542026084
543996692
539173436
544248443
538202577
543968691
538732818
560914230
545809722
544448159
541742105
542117385
545549198
547149144
538664965
544192231
538298496
544379890
544995980
544313902
533429744
535827740
531372320
536164542
530875754
527881173
532740181
530312793
536627261
532656838
535896439
533863876
532222519
536589599
532510956
529191451
533796093
535762823
531049549
531423168
518400118
518515920
512567899
518357669
517568866
513383234
521324737
526116801
518604026
517020104
520587209
512950849
521284006
517143837
516631553
512476824
514327216
519273755
526032935
518568179
512020762
497428286
500937217
499364925
497388815
496229587
494523645
511902977
511825692
494573474
504167719
494340895
497344124
502777243
497851297
498398337
494442638
503783130
494389666
511699637
486282746
486527799
486703682
485353063
491951671
492026203
487932056
491766060
492100969
486623820
490578382
491165521
491870922
489575866
491561181
491328334
486313986
491420130
483557461
491222426
479201991
477778501
476904705
480729779
480267424
477852221
482775249
478162574
480563860
476847392
482824080
479164496
477032687
483502301
479518166
482739711
479407298
477812015
476972438
480604666
473234243
475073931
473266561
472617062
472756201
472422366
472493918
475129986
474855383
473406243
472112864
472109286
476756129
472551303
472199896
473452177
472502660
472148381
473262192
472692476
472061354
470699221
471305747
468686474
471989894
470110180
467409452
468192899
467460486
470756916
471901940
470103156
468610760
471926659
467566577
467513290
470569124
468736727
472018321
468112667
467279672
467033412
466831358
467353325
467209724
464609878
466995053
464042853
465399896
466801676
464081923
464486239
466310627
465359647
464541001
464400559
463472686
463838034
465326163
465667269
457038762
461854319
460149644
458971407
455242687
455138916
457006978
463426569
458671997
457711487
457565676
457418236
455209365
458913564
457644519
457477700
458403215
458921412
457215661
455170936
449461232
453772614
449146157
449137284
449312723
449612965
449165792
448968999
449171461
449023947
449160167
448905677
449575485
453427437
449000497
449128584
453646396
449149404
449356439
449391118
446072441
448034003
448083395
446098828
446443534
448017183
448002950
446552226
445889929
447962082
447653053
445968761
445925473
447990618
446001044
446511679
446396806
447976254
446241431
446033390
441258441
440418584
441341446
441134824
441068112
439143034
437505716
441310388
440426342
440421939
445853456
441217550
437563463
439127662
441182719
441361319
445797595
441381230
440953225
440392105
437460051
435932900
436051711
434686706
434665118
434627005
434611112
434587854
436484556
436452602
436417907
435857307
435992947
435717444
434558220
434515104
434473889
434411054
436085489
435926752
431336485
430952101
428565639
428680720
429888840
431370963
431329932
429850171
428618055
429794621
431126423
429679527
429934850
429743589
430571107
428648491
431024225
429481299
431437248
429980580
426921009
425548451
425565769
425613854
425240405
425482771
428379931
428532438
424772694
426198186
424355650
423465011
425297156
424993126
428479274
425328451
428274358
426489737
424462450
424877918
420044113
417792437
417953063
421169266
423276318
420127006
419052486
422940182
422759578
419446833
419081645
421288995
419409642
421234250
420369746
420252312
423363328
419367724
421109645
421826810
416540414
416837668
416909863
417651022
415348835
416588824
416168709
416434443
415864176
415661755
416045196
415806963
416484407
415608703
416143162
416118878
416096931
417592915
415726652
415071392
412798880
413275923
411718899
413500619
413192959
414938934
413526048
413487437
413060653
414841138
412716203
411889577
412766702
411726328
415055199
414898714
413437424
413381132
411773648
412631609
411628666
407086926
407055688
406303184
410685462
411695964
406438716
406378863
407464310
407657148
410754925
407374609
407660549
407330541
407116969
407382262
407025481
411549462
408561931
410279644
397911387
399428250
405356192
405169241
405202458
403938075
399464322
405990404
404050134
404012361
405831911
398137885
406020504
406297466
402793293
405322999
404092558
403983069
406073988
405128160
394791325
394317065
394284389
394080558
393133110
395949895
397554452
392865671
394141920
392792142
394314591
396032398
392909815
394943243
392935746
397113703
397833184
397680392
397611406
397083732
391875586
391905384
390365434
389000304
390093545
391929513
391351305
389129915
391276811
390464833
391480673
389057331
391862587
391419272
391826228
390415979
388915658
391286542
391857838
390163834
388606878
387998722
388383522
388045824
380271041
388878002
378965489
377645698
376968659
376761881
384252072
380564846
377136488
377697137
384198784
377238205
377052073
381002668
384050807
380106941
371549192
370831645
375393861
370783715
376324408
376221437
370872678
376267381
371878665
375411622
370868325
371839544
376119504
371507140
376170820
371430867
370980565
372284939
375901201
371569805
365779869
363421983
362007490
369258535
365881085
361475566
362377002
367748982
369205176
367896626
365990602
365565097
368777967
362031804
369737976
365945747
361425969
367841365
364672451
361966618
360527822
360407033
358779429
358694412
360435451
360993047
360913341
358505998
361304625
358523909
356710935
360569734
358633514
358510217
360863576
361229123
361167479
358745794
358571037
360486844
346874289
346825895
351846183
348387759
347059480
347186666
347269240
354408181
346845311
348304758
348608387
351888639
348160874
348446624
354338150
354383407
353660729
353710153
351041768
347123769
345754112
345936995
346796780
346006106
344620318
345701884
346773496
344519447
346065101
344704670
345307374
345243575
345665758
346199036
345352883
344656254
345816167
346736781
344720991
346134567
344443666
343047248
344467209
341837886
341632853
343076763
341731734
344505581
342266654
344415067
341850421
341658878
340726394
344418106
341802882
344463473
341909116
339599564
341969356
341761788
339333689
339495885
339457296
339377781
339558811
338354001
338242393
336410212
339353099
338297297
336373159
338491892
337201703
337175548
338233794
338312384
338333004
339401815
339524743
339320649
336089248
336066309
329939422
329919368
330959923
328790772
328752843
329977757
332003079
332120955
331088596
333471264
329987516
329957645
329936183
328775063
332134475
330423463
332169213
328554233
326338249
328510290
327520323
324752455
324698542
327583638
327555167
327886102
324792833
328410170
327885041
327603855
327560008
327349746
328454301
327431699
326359687
327853258
327491194
326256263
320374882
314329550
321641692
321056767
319383310
320570575
314273094
313644252
314268381
320663354
319794925
320674366
315730043
320690266
315794762
314498319
315633878
314449277
314282946
314388194
313383994
313205283
313586184
311383307
311649318
313237502
312729649
313230590
313581883
312716928
312042584
312698223
313326210
312272020
313618461
311670320
312184185
311613893
312331044
313538742
311321710
309722374
306934771
310353391
303807496
303197055
310310894
309926165
308121444
303158964
307214130
307533799
308134680
307443942
309940261
310283817
307396403
308166914
302958914
303259694
301299428
302033652
301196122
301919881
301837556
301307246
300711234
302071963
301231069
302582235
298422597
300760551
301507138
302497098
301977393
301778400
302555248
301168333
301315228
302099127
297150323
294948554
295108940
294109418
294011975
293953204
293899568
294170634
293394888
297229260
293517250
294294227
298336078
295074723
296317007
294262909
298378825
294076055
297079759
294553774
293279438
290280032
289705801
291453132
293330118
286878345
290225660
286832465
290346651
289346992
290170221
289878604
289678853
289401946
289745592
289791211
289292900
288716299
286924042
286686768
286492237
278029917
286610752
277989477
275556400
278034970
278448485
278602465
278492784
286290272
277366125
283578451
286231591
275181960
277930460
286329724
286455030
284171683
283252053
280980416
274876654
271388506
274927468
273933117
273207032
269113747
268416135
270377518
270139252
270444309
268358636
273996059
270815260
270368676
269071262
270431085
274999942
270088479
270489973
270142525
265506194
265193071
265420985
264925246
264884604
268334970
265415410
268291049
265355151
264891434
264498390
264473585
264259344
264964993
268032938
267327825
267368242
265466239
267280610
267231566
263053298
262806407
262689381
262234239
263915947
263370100
262773345
262719155
264188671
263761275
262091258
262998942
262130948
263381301
263111216
262742885
262175213
264119255
264042893
264225465
261853015
261708705
260275753
261929366
262033466
261159554
261109991
261987990
261353609
261227118
261325926
261786327
260241840
260195201
261761760
259769240
259654649
261901244
260319187
261284229
258894767
257720696
256018851
256155880
258956514
257545309
258017938
257132494
256527956
256097304
257946820
257894130
257830297
257619544
258754068
257774623
257681126
256491281
256050387
258088719
254590479
253780712
253672679
250894142
253785414
251876852
253931498
254816652
254324455
255958488
253905953
254242017
253822591
251844227
254634709
253723252
250930262
254740208
254298790
254683255
250171741
248555040
249043685
247542786
248583225
248942842
248992156
247130364
250209894
247181000
248681306
248887459
250064602
244612218
249089668
246909973
250801202
247089331
243229299
250855510
243188844
242067720
241253743
242348467
243145481
242286519
241251425
242811941
241701743
241934720
242263232
242322256
241242127
242023219
242247645
241905948
241095441
242214500
243220880
242037048
235794130
236051272
236063049
239020905
234897499
239543418
239644966
234960193
239598623
238972715
237919392
235310834
237413049
234999870
239685170
239712105
234931432
236059495
236830176
236790421
231683676
234219221
234599154
231078741
234228540
230931572
232396154
232371235
231342007
234209141
232654559
234200091
234224720
231181417
232657176
231358863
234893758
231988554
231162244
233532570
230280429
230395719
230277566
230043885
230834862
227982582
230237667
230069684
230675221
230369830
229964314
230013577
230856456
227200280
227097926
230638813
227073723
230092636
230800576
230339386
226583584
224118748
221188616
224140585
219443398
219591395
220510709
224187273
224162166
222399529
221957988
220096393
221631552
219407061
220649395
226548046
227036871
220820796
226266542
225817225
217495731
217901505
217236733
217963627
216789409
215994261
219375076
218888365
217610116
216150043
217555596
218857138
214896771
216545358
217510376
216508095
216812856
218353875
218830929
216477399
210803561
211629057
211591348
211879219
211250064
212810884
213534080
213445879
211199269
213126303
212772722
210853351
212865699
211278524
211558126
211528319
211310728
211859857
213307849
211846335
210054934
210331169
209579962
210107086
209845473
209798874
209501706
209128638
210763521
209094944
210001892
208917375
208777978
209533772
209828703
208940724
208811558
210006155
210077971
210047179
206627542
205028867
208617224
205150433
207313268
205111171
208680410
205819659
205063026
206030495
205788425
205454619
205386892
206663882
206217776
207267927
206199066
205407213
207359264
205429677
203172196
204458544
203068410
203004967
203382998
204815367
203964265
203116129
204960141
204481792
204399483
203333975
203955739
203043775
204662794
204632043
204767791
202991496
203420216
204434518
199628562
202401047
201520468
199583142
201258448
200325970
201172483
202217761
199449542
199417353
202979621
200374970
202963470
201509244
202720672
199392262
202683881
201197826
202348712
202740074
190085658
198870558
190270957
193928151
185321297
190348203
184653646
194470009
189539630
189613030
185060974
198575905
190300112
189483693
185439872
187761528
185021603
184837716
183317240
183393146
179861483
179130526
182499926
179202197
177695220
177568192
183297203
179233967
179163912
182563500
177618206
183312081
182408782
177715875
177481639
182630405
182363244
179089498
180641277
183252176
169163788
168652098
168444425
168401048
170483906
169570158
175277072
169854175
168188258
172545811
175074752
169044665
169068056
168711906
172517117
175614138
174355003
170460782
170376622
172557564
164908122
163593532
162806377
163237251
161992884
167947376
165682608
162899774
162832651
165706472
164547374
162520120
162036376
168149189
165141234
163830080
162766472
164662293
162878654
168175848
158856470
155974956
161765156
155917127
159407954
159375974
159974326
161032798
159434501
158828327
158202286
158046176
156882656
156248746
156279142
160438856
156868710
156401283
158113617
158609585
155611044
151067751
153820780
152352584
150686634
153058869
155814939
152393753
153516447
149925006
153553547
153763365
153304348
155513324
153332744
152196716
150060784
151687352
155862892
150990408
147316941
149350682
147792941
146753151
147667338
147084833
147653202
146797562
148533454
149340690
148452215
148468269
146502735
149541328
146419776
149493327
147354150
149575775
146442769
146139831
141378463
145284030
141869982
142865771
142886706
142919697
139771047
138786832
142755261
141772223
140739207
143731941
142455207
141307274
140699466
142961183
142135341
139822932
140777433
138744962
137371711
135518765
136966487
136456985
136264322
138720525
137832646
137094350
137016792
137317379
136997194
136988994
137930748
136946928
136579268
136955056
138687954
137814517
137902115
137883110
129112640
130929501
132375959
134569273
129309445
128829863
134828379
134270119
129216822
133787100
135447000
133849903
129694272
132415982
129255755
135485982
134904286
134619690
134679917
132270454
122489549
122770890
122516406
122874584
122505468
122396474
122913531
128338374
122460154
122776602
120758886
122519528
126798433
127797103
122648829
122509162
122804988
127832138
122694438
128398327
114243411
115072866
108941057
107600407
120712666
114560173
109979572
115476927
112228148
114988127
118191595
108994203
108676833
119725011
114173167
115693880
118865167
108839655
116608393
114203354
97916551
105905798
100935621
97956923
102410113
100891116
107560976
105293252
105273043
98531274
105275502
105172118
98655940
103520972
100811509
103560841
103543666
97892479
98632710
98610458
97278838
93803451
93442781
92825485
94187125
93118105
93051787
93081067
93544860
93422976
92835295
94841473
96197589
94154138
93285463
93520909
93569687
93827163
94542703
94573500
92065320
92774675
90451420
92490817
92629881
92097122
92388995
90425401
92753745
91678985
92464609
92552034
92446015
92140518
91812472
92367451
92724863
92595961
92162906
92806938
89823058
86491140
87401321
86346808
86317198
86358632
88851482
85792125
90395682
90195273
87434055
89069288
89798657
86150420
86138219
86109626
89304394
89274705
88823362
86993508
83068410
85224953
84525561
83174945
82458920
85073067
82709458
83101817
82245084
85777685
83080652
82678106
82273303
82888782
82447997
82788170
82756537
83141784
85056309
82259530
81954954
81738797
81840511
81190996
82213427
81777550
81898583
81927658
81787813
81176323
81810253
81800648
81733230
81888378
81197252
81908618
81878792
81756253
81823565
81832053
80797343
79250382
78563763
80523182
80537694
78915676
81109454
78853879
80725205
78936789
80689577
81097631
81162274
80633805
80550008
78880528
78575443
80830165
78735212
80555316
74663667
76336123
75543135
74211733
78559611
73408151
72464779
77985430
77520974
76339840
76361029
74996982
76352558
74692874
74229521
72385541
78170524
72361595
74255619
77989424
69192326
67788570
71099686
72235346
70857623
67809438
70894852
70878193
67756077
69199575
70205981
70833215
69206947
70190047
67779043
67771130
67598278
67560942
71552738
67820014
66045170
66807010
65940939
61654224
66754232
65488445
66025745
64221013
63980247
63117722
61643450
66756788
65989003
61045803
63992063
63982226
65966538
65496800
63103651
66738630
55910038
60477714
59602341
56740021
57024596
55962146
56748468
55942127
56382840
60855956
59528261
56760674
59576195
56768164
59588685
59586076
61010690
59522627
55889505
60878521
49301865
49006934
49955320
51168429
49381259
48316656
55873029
55129001
50917678
49362370
49946209
49438161
49076507
49370587
48999682
49452700
48309964
53276306
48990395
52819884
45425809
47756384
45289135
46703770
45476182
45295593
45751811
48298476
47776507
47741917
45741163
45492277
46692474
45484657
47687384
45758756
45658220
45732767
47786506
45414022
41403322
43114179
41047914
41147957
41419407
43518515
40832458
42708970
41286954
45225792
43101755
42832699
45102919
42698224
43506049
44851126
43134187
41881028
41412540
45235922
40554218
39124803
39072809
39701623
39141782
40428537
39968796
40690296
39694560
39575176
40565683
39388933
40100525
39583157
40558243
39590479
39565166
39401264
39711587
40575494
38205135
38261624
38186489
38071113
38198350
38360825
38058526
38078762
38432602
38496409
38453479
38354161
38281029
38089024
38065915
38484052
38158471
38060998
38162501
38250166
35683356
37997048
37397430
35299472
38014463
35060510
36171474
35425719
37761128
37428868
37391750
35676346
35251519
38047530
37777331
36158192
36233120
37408014
36273614
36210110
34952918
33471665
34301284
33321703
34833020
34520676
34209605
33099896
33219018
33947471
33961977
33241017
33960960
34215202
34522389
33953745
33007385
33972525
33015278
33699591
31929705
32987693
32871014
32791725
32785783
32778406
32344331
32842598
32316893
32618646
32155706
32356614
32277438
32370419
31943268
32298960
31878901
31564600
32271027
32607443
29367891
31444251
30944536
30401684
31548912
31379296
30345887
31337587
31145331
31349808
30703181
31420887
31552225
31558460
30729874
30340210
29763159
31345534
31437340
31544635
27460879
27351806
27548355
28432668
29137793
27561212
27571060
27327400
27578785
27445609
27200556
27453025
27049757
27040188
28237301
27346213
27619501
27341557
28225381
27239546
25429336
25421323
25418407
25259555
25912750
26772148
26216902
26205464
25576929
25567029
25919097
26241616
25592006
26141844
26816695
26250370
25923728
26831670
27034551
25583795
23436721
23243011
24678214
24497132
23458584
24484340
24507016
23545575
23502144
23464168
23439190
23257532
23250349
23451451
24632992
23923741
23444348
23264284
23480547
25239506
23148507
20885436
20845989
21041846
21036742
20703046
20862407
20947759
20918951
20878769
23235397
23230335
20940529
22023223
20560402
21221644
21897345
21071938
20931149
20567281
19847337
19699300
19873793
19834328
20014556
20387274
19775406
20009764
19710369
20020376
20226918
19693542
20225044
19718095
19780103
20216586
19829436
19741387
20024655
20033686
19627683
19368464
19242479
19623383
19157006
19171605
19255674
19421663
19445719
19372158
19574642
19682760
19196577
19186361
19179754
19432836
18866774
19419019
19164474
19438292
18291978
18306955
18863885
17580879
18302807
17435737
18297605
18344865
17529343
17957236
17869069
17965666
17429784
18100738
18082259
17574638
18294474
18494516
18657839
17441292
17221838
17194286
16656301
16518996
16980236
16667657
16671054
16568451
16658136
16611955
17421570
16799768
16618745
16607717
16662825
16601089
16514690
16674776
16807823
16817839
16511993
16313598
16474041
16341030
16449135
16222504
16279394
16383252
16274502
16289885
15910823
16282726
16215349
16286319
16333053
16455833
16086690
15901192
16226335
16071652
15659360
15654256
15886428
15640217
15585359
15605357
15760314
15862665
15770249
15624032
15870019
15711628
15876886
15718963
15695425
15776992
15893879
15633833
15783684
15705399
15057630
15283739
15200146
15265246
15193068
14870659
14849617
15268715
15334267
15497438
15180426
15507690
15277432
15501727
15343647
15044634
14860256
15274457
14814736
15351477
14199431
14085971
14782548
14334343
14717461
14709834
14702896
14173886
14168310
14616814
14298568
14793859
14626318
14306547
14799743
14206774
14808342
14621971
14325015
14787113
14053151
13704748
13890266
13897161
13989543
14066062
13869960
13963503
13863375
13852985
13979543
14074157
13984366
13975300
13855578
13838326
14061421
13969229
13905256
13831791
13460153
13352648
13474605
13678256
13498326
13686111
13291279
13452726
13693921
13556623
13563652
13316681
13306354
13332891
13681230
13298935
13547913
13360457
13269855
13540204
13167704
13125545
13105240
13265214
13109445
13099998
13260986
12866571
13103392
13158496
13120630
12998873
12720679
13005681
13171077
13014754
12710781
13026370
13118746
13179164
12546202
12155505
11939813
12694498
11943875
12390002
12705763
12387547
12517346
12169963
12147317
12162469
12180285
12395838
12172556
11966089
12329335
12526154
12374915
12457950
11314825
11306430
11325485
11805398
11285775
11274859
11334914
11370827
11437631
11448976
11483187
11800816
11280584
11443857
11479882
11817570
11464393
11669895
11475470
11470981
10692157
11204136
10643726
10571669
10566544
10612388
10580687
10562850
11114319
10609178
11110319
10862018
10704688
10682616
11199045
10606130
10686582
11208644
10736368
10601558
10334166
10478597
10366376
10343308
10302440
10338683
10456784
10307081
10538952
10483843
10362448
10322354
10470282
10420184
10358757
10464602
10450526
10354330
10329500
10349672
10181134
10044456
10170871
10241710
10063770
10094968
10097694
10151734
10175654
10186165
10158151
10105148
10047939
10070587
10233277
10053504
10166187
10192153
10248325
10237710
10033916
9972950
9920844
9978339
9983043
9864721
9986749
9969430
9841909
9961882
9955629
10036852
9989882
9931506
9927571
9909183
9845998
9857274
9914968
9964371
9154101
9618400
9622851
9562387
9463546
9169977
9303910
9835499
9070402
9831349
9611674
9287051
9272098
9074879
9164984
9280574
9713188
9190262
9468388
9194083
8930559
8845360
8728318
8946897
9055219
8943017
8854375
8935021
8937579
8857618
8841185
8733882
8919976
9064416
8861229
8915888
8908991
8926516
8720933
8959519
8549945
8682220
8706326
8582164
8568571
8687449
8698050
8333029
8555943
8692970
8578999
8589329
8533978
8562128
8572099
8329475
8335095
8187326
8145527
8326987
7616164
7673701
7609671
8141351
8108007
8130275
7664669
7958960
7537676
7606727
8060471
7669651
8136073
7612655
7955371
7545632
8105262
8063387
7541384
8123319
7523371
7517919
7505442
7525638
7467700
6564028
6580697
7464112
7532229
7520653
6578656
7528274
7507340
6897817
6894411
7508806
7502397
6656481
7471113
6803401
6513339
6148433
6432162
6437886
6312717
6353006
6273068
6210649
6228949
6375202
6201890
6197422
6206314
6411930
6316125
6151174
6434700
6377528
6379681
6371187
6005482
5683997
2694936
5693178
2936077
5322636
2732119
3053296
6146054
6141616
5701028
5326362
2732704
2697136
5878099
6046802
5947533
2735948
5626968
5634147
2628230
1905804
1887247
2654808
2181286
2024822
2013561
2037092
2029690
2021770
1904901
2282635
2019159
2655498
2214270
2007521
2693158
2647047
2286402
1884425
1739485
1737141
1671104
1767927
1643026
1881458
1736180
1667273
1765820
1814659
1762795
1669435
1877810
1639767
1668515
1645080
1830715
1874791
1672508
1648101
956124
1142808
1138286
953735
953478
1626892
1596903
1144097
954866
1146220
1038558
1140292
1593422
1188159
1624936
1191218
1595564
1045092
1592070
1042203
529538
560623
752441
887092
557535
531531
761062
533439
814616
878251
822249
953040
757616
887379
889819
562777
953140
754528
816477
818838
526302
522354
477039
475812
442369
436963
478691
522846
435664
434744
432503
434031
521361
437998
441512
440926
439049
433032
523639
528649
429831
430923
198757
196795
196256
431584
199644
232493
232660
227800
217086
203100
214587
200693
198378
197341
197904
195628
230160
190411
