1153424438
1134024939
1141725666
1133868002
1153144208
1150071037
1141940988
1141663242
1133940700
1155341501
1196136700
1153278925
1150116565
1141815981
1133796996
1133725023
1141599463
1155274014
1153488000
1141884391
1133495053
1099943762
1085547788
1085399065
1076842189
1081278594
1085290653
1076909503
1133524996
1133614833
1100147939
1099866623
1089902188
1085240482
1106741811
1133656562
1100043062
1076708742
1133418678
1100218557
1059176753
1071640318
1071770873
1069840012
1067947325
1074502655
1067904012
1059349425
1071518993
1074417132
1072279672
1067581656
1056581864
1056509688
1059030995
1069900932
1074089346
1059275583
1074303492
1074201584
1039561951
1049829712
1050043708
1039946582
1055481657
1039797412
1037975378
1037893067
1055648781
1049938984
1045466138
1045260365
1045081903
1049710260
1039389389
1044869467
1037661804
1042720490
1042505750
1037524500
1032211371
1030485383
1025336000
1032278727
1032809986
1028037172
1031207151
1030391240
1037330055
1037193107
1023536491
1023482270
1031106306
1015995258
1023588931
1031148063
1027933298
1025411623
1030561064
1032708894
993282195
1015931030
1010993194
1013362497
1002533495
969155774
1004481076
1008796520
1008677560
1000320571
1011072014
995621666
969210569
1013281180
1002600446
995493046
1008733651
993380999
1004548520
1000426976
962498539
918479743
952516046
922902610
944818222
952200005
962657545
952594529
950618401
918948051
922956958
918530323
952390999
918785568
952319500
952639755
918875664
923008199
923054666
944868826
916199580
916280284
916168355
912961892
914163237
912060490
916369378
916324232
912863851
911936824
912790724
914824297
912715970
914208911
911080887
914730240
912759224
910985744
912909659
912822100
903470969
907440791
907575085
903748816
905653085
907532883
903352851
908281107
907402993
905698405
907484584
905791394
903813202
903533091
907465489
903379305
903366865
907544250
907369493
903503145
903336346
897622279
902094772
902052196
897669292
903321047
903306916
897701576
901798173
901316211
901620255
903292465
899328550
901576331
899409683
901673692
899471452
897588232
903268024
901977874
888558733
892506971
892464638
895338309
892543270
897525048
895254848
895218093
897549786
895452778
892418395
888487376
895404093
895150795
895127545
895082986
897201088
897142311
895052592
888600048
880773931
880232010
888426479
888367020
878550648
878404569
888453963
878039253
888403546
881126787
884502907
886257991
880970689
880449530
880128363
880622220
884613575
884554405
878157122
877672692
869841160
863965202
863918569
864077083
874989663
870120388
873825392
870169147
877380642
865880169
877432371
874942027
873682773
864115200
864086528
864040175
865944080
877576348
870206012
873752559
858618803
862203398
862116047
858483035
860551114
862055794
860330734
858602452
860446093
861994924
860356309
860609443
861950348
860392138
858685966
858553889
858519958
860484902
862149020
862075307
858391957
855256776
855136054
855060952
854844578
852877432
852767592
854999112
858161927
856821298
854889445
852834990
856758569
855206342
849020387
854964618
854926067
854836093
856924021
856885212
845331593
848986867
848837657
845554561
848906635
845367052
845279529
844786052
845526772
848929890
848877724
844714615
848944028
844538784
844863809
845477380
845304487
844631854
845412786
844814740
843494888
843377195
841680418
841545995
841642032
840343987
844415263
844277038
843542332
843277554
844197348
843579338
843396255
844168420
843433957
844344041
843336328
841616012
841583656
840687396
834285414
828044688
827683393
834249552
835508120
828273710
835434665
828554635
834651294
837687986
835618468
828505286
828519803
828172152
834474438
834400896
835895612
837737669
835931320
834600560
827258229
825084351
827588002
826666315
827343861
827429067
826618057
825257266
825453191
825106463
824929468
824856210
824803285
827490642
825175030
825021970
824992732
825297458
825349415
825596641
819383963
819160306
819471733
819136387
820810243
820764302
817182755
819320561
817260167
819428110
819259764
821140630
821097990
817314566
820696655
817225599
817297929
821037376
819207208
819282303
810128346
813711251
811716793
812339522
807720643
813678752
812456761
811663625
787900748
817153639
787871901
810029406
814242990
812259642
812126124
811765028
812175541
787943161
811616838
817104170
767267226
767501696
767201207
785923491
767698877
770659821
783676866
770777219
772548096
769229353
769061465
768904017
772457564
783746701
771166363
770978831
783571610
783801256
769433230
767634401
748188154
749196805
749100575
719787736
736129328
748913915
765616724
749253724
748788622
739558954
748080585
736010387
765808269
739478650
748681574
731861391
719889782
765854686
739682788
731748620
707945932
698746130
702723431
702559658
708733121
706788951
703036091
708550773
719150885
706021421
708159015
704224839
702851169
705881825
708058430
708636368
708597384
698800950
706726098
708689206
692618157
690007700
695057399
695001315
694896124
688125107
692709509
689943684
688096724
688077182
692671895
692480973
692756816
694934622
689984649
692557949
692803320
695097193
690058653
694962407
677228743
687932892
688001848
685900192
676761740
676807646
686046558
686315742
677007133
686407387
687953301
685975378
677173382
686280110
686368644
677072759
677373444
677285234
688037918
678664819
659202762
676688424
674785688
676720104
673127290
662311497
661927338
673524064
660485571
660468370
660428889
660407382
659301129
660358145
659247276
662266217
673439591
662375052
676745185
660385269
657228146
657064965
655838344
657174579
657287587
657361688
657258393
658764857
659141309
657035674
657197337
657007410
656957229
657320367
655761329
658365062
658546157
658486136
655812725
658281560
655487887
653723402
655614287
653673075
653638669
655626615
655425893
655349109
655586256
654074673
653915035
655133930
655011671
655738285
655382445
653968904
655693290
655448609
655717253
655648567
653500516
653422840
653409676
651342714
652966360
653613568
653216886
651564334
651507820
652881232
653583905
653461726
651487139
651909307
651601724
653529793
651852886
653541408
653132443
651543029
648338735
650039011
648115866
651296563
650302581
648380519
648259428
650007465
650119030
648325447
650251203
649703125
648204610
648169297
649980421
648232077
649777113
650191887
650153568
650086967
646770968
646733692
648079668
646703947
645347209
645318558
646801853
646763632
646489329
645285079
645258275
645223470
646522313
645198223
645208387
645184944
645152571
645169090
646675955
645867950
643542965
641675471
641368857
645104577
641584888
643318695
643930993
643128080
641230160
645117561
641458923
643403227
641504701
645059047
643882039
641728150
643511962
643231908
645074763
645138849
636456528
640471753
638295989
640342248
640630462
638865445
638523334
638314378
638005870
641134568
638781051
637965378
640393398
640536787
638685101
638399346
637826206
638354758
640720327
637733992
631361385
632760427
632328558
631435678
636334492
631389131
636381308
634548187
634491811
632405158
635990708
632466322
632712609
631317127
634449076
636418381
634417090
631418352
630395464
631342059
629193182
628790449
629977345
629350174
629310220
628564654
629011732
629371294
628857682
628962182
628657921
629422336
630324287
629624002
629396576
629231772
628740413
629274076
630057973
629918219
623573770
626896520
623860012
624127832
623777405
626961957
626592862
623522211
623469725
627589923
624902992
624962322
628417682
624035326
624856202
623937580
623689060
623379881
623422990
623609443
621810367
621596190
621725994
622184618
621614968
619204090
621907053
623345999
621679871
619553403
618918290
621675754
621573129
621767364
619476968
621865431
621696639
619356934
619280421
618998213
617956329
615359677
613799553
610878385
616486143
616066747
618871897
616428333
617561794
614682658
611077354
610967343
615605028
611018217
610918808
617860584
614053512
613157084
617660624
613087130
610635853
610396801
610717535
610559977
610742715
610540669
609323977
610840649
610587370
610687660
610661134
610799171
609231743
609418041
610608393
609277090
609239091
610675294
610451558
609251050
606252662
606393415
606328983
604071982
604180293
604120714
604274250
609129104
607208315
608911508
604091781
609158465
604214381
604247438
608748647
608853217
604146035
606167630
607116842
607625495
602679386
602631857
602614919
601592442
604054324
602696885
602341542
602748421
601538979
601465310
602899046
602725831
602651496
602867228
602248335
602818613
601497327
602591106
601397835
602776921
598389662
600055726
600011982
599985206
601362947
599460339
598751345
598440668
598413837
598249980
598708332
599397488
599910688
598496271
601323309
598175753
599875407
598533171
599937250
598459454
593407929
598086137
595234353
595121253
593381680
593495867
595346589
595085141
598018843
593538702
593470749
593436070
593587434
593397704
596456585
596503839
595288466
593453108
596565621
595161763
591094615
592093227
592057655
591138691
593144800
592251676
592367839
592131465
592464938
592231830
591025104
592315669
592074081
591072739
592040817
592282356
592167924
592350223
592194170
592411625
589345005
586980083
590764421
587858778
588313270
590730709
590674252
588207500
587079736
587807555
587675977
589315764
588241114
590696230
589604483
589555210
589510860
589364583
587772635
590979353
586897714
585027585
586839019
584573322
584459051
584400878
586424729
586319738
584803308
586604652
586487414
584941633
584863625
586538769
586231499
586292535
586358281
586265528
586403665
584538682
581148812
580999231
580927442
580607270
580557403
580795951
581192586
580713548
582566746
584148650
584106752
581060871
580945456
580966698
584072133
582519219
581029727
584366061
584331438
582543037
579715159
575395418
575170753
575451840
577893660
578014785
579762209
575236771
575515840
575595576
575106423
575329203
577957891
576560135
576443162
579361106
578086507
579805600
579402378
576476874
572875174
574827793
572054160
571803115
571548093
574790922
572308386
571600323
573355569
572201966
571951655
571866676
572917615
574624185
571751748
571517140
572130941
572239628
574558669
574765804
571463049
571326042
569718016
569666929
568747894
568721469
570356796
568694900
570242583
568769831
568596012
568657538
568626993
570188105
570286058
571429663
571418383
568496889
571295579
571485988
565699445
564692110
567371559
565734450
567223480
567145354
564291025
564331120
567197922
567407364
567259023
567229354
567295583
567342046
567320069
564778002
564399806
568315790
564859029
564359760
561154302
561350218
564081178
563999328
561464298
562263932
561566562
561391606
561312886
562632169
562197851
561178523
561432964
562662173
561131505
561290947
563891789
562604423
561512225
562689367
558820627
558956446
558843534
559958186
558879069
560208738
558914076
560143503
561095295
560176697
560115386
560086006
559623395
558988178
559778139
559716425
560245942
559700881
559998715
560061155
554338876
556114277
557869680
558768283
557812829
555695962
555997240
558785606
556081674
558799435
557770723
556045765
555906951
558577428
558612850
558731198
555761459
554616859
558751296
558689145
551183815
549953997
551139453
552679135
551089809
554289897
550284258
549969303
550203624
549930053
552611107
549866791
552619454
551073654
549089885
554186935
554144777
549894939
552543798
549995659
546058019
548956170
546497020
549034568
546163048
545964857
546284202
548994759
545862295
546529857
546461088
549061354
546395326
546247279
546328757
546420763
546358457
546575752
546183052
546012937
541784267
540655730
544374469
540716468
541528721
545806220
541476535
544495719
544506199
542623141
541804264
544485343
541755166
541497977
541550426
543033594
541608816
544534271
544518735
544471502
540249481
539904592
538107198
537908426
539284469
539270820
539968894
539277797
539239877
537877245
538069268
537839395
539294462
539263649
540613976
538946393
539358228
540229629
539217169
539322750
536538836
536420858
536395491
536481734
536573487
536455078
536370239
535142602
536684073
536506454
536612767
536378225
535100295
537804135
537786323
537760989
536383529
536651079
536389215
536425454
533725814
533672475
533121755
532120435
530120699
528718066
533868780
533085792
528606735
530149530
530038501
535058277
533116517
533132272
533105241
530067780
533165325
533782704
533631442
530096309
528455328
528407012
527002300
528481287
528464890
528226053
528539324
526933173
527066827
528495564
528373254
525946781
527039679
526975792
526968529
526949615
528472051
528263043
528396727
527099146
525856098
523317486
523968969
523553088
523349971
522035014
523430797
522128158
525903139
523607034
521985837
524164666
523506393
523402305
524040458
525807733
523383242
523218670
524103215
523902302
521872302
518392568
521852602
521900332
520977489
519561177
519787153
518352304
519529058
520962565
519923629
518527530
519754990
519704261
519778427
519728744
518316723
520949174
518475974
518428773
514785957
516344493
518082509
516405251
516514067
516538731
514878286
514648661
514820356
516167340
513220533
516441013
514652671
518172673
513225985
518129582
516132844
516208717
514923985
516294364
513119082
511296135
509597599
513151909
511228462
513107938
513098790
511388878
513189780
513170353
511350685
509516459
511424555
513069296
513114958
510800057
513035794
511118808
510913914
513124924
507460078
509204647
509420171
508826690
509300127
508790834
507474082
508613586
507379167
509133204
509361895
509079324
508760065
508662287
507511452
508753433
507436933
507410188
508704904
507316118
501900898
501957864
500486067
502000244
502655805
502753876
500460028
503341402
502976408
502263499
503124011
502883434
501936364
500657745
500690323
502524551
502148305
507275703
502513382
507233300
499271090
500435591
500412635
500408293
499858498
499263245
499207390
499173449
496974169
499282806
499212641
497058888
496950892
500367569
500333736
500389399
499253472
499944042
500295345
499245671
496541932
493840144
493701825
496701081
495819337
495785596
496463670
495741681
493822185
494422186
494015581
493512604
496606705
495896066
495751550
494609388
494548146
494476778
496399305
495861689
492737653
492547358
490513583
492414725
490954408
492355799
491017702
492632456
492591963
492477860
492792247
492517587
490590143
492388089
492512019
492692089
490908316
490843621
491082810
490601615
488793938
489160456
488759223
489091507
488779698
489020284
489100514
489106666
488762431
488756028
488802981
488798340
489166342
490461600
489129303
489060550
488749916
490418716
488935180
488832608
484299355
482951104
486405734
486274907
485807644
488475495
486108637
486118131
486279089
485725235
486099483
488494876
482944081
488484554
487446321
487442181
487438057
487724992
487407434
486334513
481741967
482885228
481788045
481461267
481544686
481676533
481730829
481601229
481766486
481548012
481515882
481486542
481567473
482921028
482913240
481439542
481575852
482929507
481542064
481628148
477555939
479200567
481436668
481412219
480135009
479299191
479310837
479259931
479191493
478781879
477590692
480118161
477628362
478778245
477733488
477703955
477654771
477617093
477738763
477742689
476264024
475177995
475005774
473244209
475255885
473198881
476306274
476256154
475069999
476205200
477529216
476253010
476239482
476216921
475919128
475315777
475144092
473171384
475303616
474959497
471851587
473143046
473146899
472007683
470814184
473152296
472072019
470773787
470745269
471971862
473116652
472079726
473053004
471906424
471883552
470879869
473087925
472128656
471940133
472034873
468301838
467919588
470676196
468232289
467897806
470709412
469290818
469256573
469229989
468225422
467986251
468005075
467968833
467086757
468268269
467945801
468018464
469537292
468346892
470645118
465499342
465342035
466879740
466935252
466966985
466597968
465365858
467047170
466884618
465284616
467011016
466818390
467002475
466847145
465462775
465306903
465253833
465430394
465393482
466908856
463629310
464288579
464937479
462696111
462594717
462509420
462479707
464448500
462546635
463661257
462630605
464136827
464745446
464362542
463695004
462582351
464178584
464224823
464127745
463827955
459988141
462359745
459566332
459907454
461280340
459820725
461490595
461329863
460023459
459861625
462316861
461437945
462452013
462334822
459617791
461381243
459938929
458756810
458714761
462288522
458284573
457234255
458373293
458542017
456828839
458576741
458366286
457141008
458456646
458682300
458616855
458427934
458528259
458304495
458261776
458348845
457283430
457172583
456799035
458645971
455057077
453787868
453577993
455256329
453696926
453652063
455632261
455144882
454074104
453613553
454144017
454005904
453949623
453755871
455186140
453610160
453403973
455191050
453728061
455108782
451045209
451110617
452584796
452088320
450941448
452029853
453358036
450718917
450606187
452537132
450652775
452650968
450894852
450629163
452435773
452056869
451996125
450984059
450686684
452505099
449608927
450536235
449043477
448972159
449846862
449062797
449085167
449103211
448175912
449008987
449987685
450554022
450586417
449724277
449927403
449780054
450577305
448107954
449653644
450519467
446097405
445976786
447657744
446074538
446008951
447536942
446143488
447692081
447602467
446467711
448089529
447572625
446635652
446526200
446411645
446116260
447721097
446038076
447624510
446545198
444377936
444447983
444524398
443028373
442994141
442912956
444501549
444550940
442968603
442892297
444466812
445918056
442952752
444304476
444622074
444584036
444344098
443050933
445931219
444411958
441096464
441349866
441212970
440792535
440959855
441145627
440819867
440768742
441468360
442822663
442729656
442791200
441286858
441377460
441430805
442766801
441293653
441053082
440880219
441399625
440420769
440359167
440308541
439354705
440695733
427648525
440229535
440441834
440652776
427535461
440730781
439385449
439420470
439282261
427587479
440667218
440394894
439486778
440504917
439548313
427269905
427236876
427373560
427304726
427418262
426176367
427336403
427493113
425672832
425652477
427178788
426128387
427229503
427458834
427198386
426245928
424535843
426056667
427151232
426083231
423664675
422181828
424370266
423629222
422260730
424298160
422368981
422318521
422065763
423999395
423709697
420062329
420048843
420034849
423939724
422573081
422463306
424461803
422198070
421630011
419831741
417566025
417407027
420017266
419815439
419509980
419910639
419703172
419557358
419526199
417377634
420027710
419844060
419754797
417442756
420000377
419598512
418382904
419663001
417355401
416326365
416188564
417297858
416399231
416372567
416463651
416424890
416271319
416245509
416231628
417320119
416300712
415409314
416206521
417336547
416203936
415316314
415360346
416349213
415345430
415075555
410154409
415237229
415290575
412717432
413800984
412307951
412250631
415258856
412282988
410095560
410117323
413745575
411267033
410188936
411297402
411364408
410227554
413770821
412654925
406860120
404207314
406733347
406730275
409954429
408968116
408045220
408129366
408940110
408978679
406766100
408932709
406843831
409112422
409143217
408926052
406757885
408951563
408091412
405483144
402216793
402210778
402327759
403275427
403209935
403350427
402246933
402110501
402291150
403277591
403191418
402195484
402183669
402322649
404191513
402142374
402273663
401137685
403309477
402104042
398236767
398183014
397307130
400133931
400884109
400055037
397260438
398329485
400854066
398671393
397053421
398697872
396837635
401050996
398625409
396737291
396725318
400105010
397186531
396899795
395586883
393548556
393581462
393421869
393338216
393491289
393456401
393521799
396712168
395462255
395854711
393260717
392137631
395688380
392115759
393403362
395799889
392187049
393625366
393370331
392031768
389194344
385772511
387681335
387601543
392092769
387720324
390836047
389491129
389472289
390669761
392008179
389566209
389443669
389247351
389201258
388141727
387638466
385764642
392050739
385523472
383748915
384190810
382859813
384311413
384277883
382888068
385633688
385593911
384552848
385666202
384415408
384491525
384287973
384117205
383807533
383779070
382913175
385733158
383718877
380576054
380431893
377851223
381658609
380458105
379280760
380627456
381641309
378971841
378332241
378189141
379018618
378370426
382851994
378410095
377935527
378988998
380607654
378288210
377898190
375430994
376445304
375302573
375289911
372909269
375391970
375336656
376817027
375254913
373097485
372867392
376474731
376908932
375472095
375425908
375359663
376765100
375265647
376860476
377853214
367986630
370547696
371782260
370572600
370596049
371766834
369109506
367799858
367657809
367770709
367927873
369143214
369023971
370533195
370527545
368009744
367741531
371811191
367873154
367659551
366411437
361865991
366370772
361832541
366582216
366378993
362904893
367599581
363106502
367641168
366625336
364198494
366622034
366663509
366393107
363157806
367640344
366415852
363070386
362931139
361646888
358942757
360385799
361768891
361738423
358965397
358996126
360447636
358852007
360409147
358802290
359041334
361707747
361681553
359019185
359072793
360221920
359034065
357929194
361795657
356583914
355332510
356640222
354419598
357808893
355355426
357851057
357733384
356741510
355341355
356603556
357880805
356632909
357708087
356556440
357773001
356536988
355373445
356767549
357682698
351816017
351865509
353109302
351961875
351728048
351768550
353205071
354385038
354166359
353130666
353089960
353177560
353028779
353056453
351965281
351907852
353141054
351781270
351831008
354187813
351516298
351606863
349057609
350065709
348984551
349037675
351487314
351607594
349008886
351652261
351647088
351675180
350282924
350249333
351602133
350426762
350368523
350342660
351585494
350190603
346810967
346718247
347752698
346789634
346731967
346610435
346825033
347979547
346580680
346554856
347954533
348965217
346689832
348946503
346596917
346613889
345708479
346667482
347748244
345729125
341924389
344446742
341898157
343202429
343008310
343087067
344598464
343342716
342982901
342870233
344418703
342943288
344467848
344495435
344439525
343246987
342962629
342927423
344528911
343298869
339393225
338325662
339353689
341717556
340552908
340389586
340469867
338471479
340626239
340464608
340370110
341881723
339372244
339337403
340588256
340355894
339532463
341809874
341775488
340573957
334901620
334961488
338301413
338284256
336123960
336115837
336141192
334941754
335005592
336091773
338235216
338200725
336068040
336001535
334822527
338263014
335072993
338250645
335059319
336037556
331063146
331000927
333547581
329909127
331040557
333475940
331042719
328919790
333507430
329927382
328974619
334795705
334819488
334784472
328946144
333428271
332256501
333693218
333628040
333588474
326477150
327713973
328887481
326452377
326449836
326264208
326256501
326156072
327736671
327682574
326700427
326512127
326364473
326351825
326210367
327923846
326450971
327733791
326747118
326481649
322881071
322740115
322732002
325155041
324803681
323798455
325102853
325058403
323790015
325026380
323970239
323818738
322920400
325197078
325033426
324863542
323944085
325256613
324850347
322915932
321617642
322710939
320670948
320787226
321859930
321650371
322706940
321638138
321659623
321614154
321728083
320716132
320701130
319804574
319752334
321697168
320725989
321714629
321672944
320728199
319659259
319684941
319704046
318451738
317193722
317158489
317132012
319731663
317121629
319637402
317083309
315921566
317142616
317178402
317088892
319670773
317138692
317126111
317108020
318457256
315887465
313800515
313727868
315917356
313819772
313762404
315896836
312881533
311732584
312684537
311773541
313780288
313712709
312852393
311751666
313933011
315006522
311711314
311688782
315881320
309236063
310460325
310635022
310599868
310382663
309176713
310381672
309359506
311588596
309069987
309195866
309108396
310726981
310427194
310406129
309065587
310358580
309280941
310668917
308046056
306829887
305087133
304948808
307877219
306001317
305937281
307973031
307922788
307901119
304993182
306891072
305015194
304989344
304968812
308024992
306921831
305920286
307034423
305033880
306018117
302563603
304883325
303690066
302487768
303597867
303374267
302578742
304926646
304852632
303658224
303625275
303717140
303753845
303614991
303489402
303601476
303316883
304872303
304906404
303433811
301035834
296659499
302250919
301062409
300905004
297535503
297428265
299644225
297569701
302318899
300990250
299768446
300968014
300859144
300876040
302267225
302477929
302218872
302170052
297596155
289377102
288345016
296591999
296638356
289558622
288441740
296626997
289542240
289454567
288341467
295430330
289481114
288630891
289445153
288413202
296605769
288374532
288467895
288324878
289398422
288294592
286204906
287185630
286065949
287360239
286122799
285909923
286170110
287162486
287210019
287294280
286097060
287389362
288265194
286101660
286091672
287397080
286033460
286262140
287318396
284774759
284987245
284877672
283962274
274652321
284937232
280386434
285880451
284909180
274608917
285068368
285098116
284934927
283930544
280350953
274624536
284955223
268783284
281457387
274871416
258541411
265916464
265859487
252045939
266976299
252017313
266895450
265956757
252216272
265920857
267981543
265826585
267947595
258538889
266929515
268035140
258290632
258515146
265899502
267928279
247291673
246430657
251882242
251934426
246568050
250046750
246464174
251977022
247257739
246544851
251836324
248971955
246487661
246267040
251774000
250019270
249979285
251044884
251081208
251116091
245792692
235109824
245422483
239219002
239280667
245828846
239971707
244723867
244953235
239260249
244681964
235122393
245807325
239241963
245877412
239689267
239581087
245855432
244916419
244934806
230569533
233402396
234997414
230530446
231118506
229802827
232606848
230535254
235108638
235023516
231108046
235032854
233453307
231729356
231176234
232644033
231142348
230522630
233480584
230550870
228920991
218224532
219015835
222824629
228166836
219030208
222797240
219003413
218977953
218169101
222783589
222833921
227379420
222762654
222727276
218154940
218989486
218212122
222707410
222697550
214625761
215823411
214681638
214239331
215675087
214581623
215471874
218139993
214938804
215579181
215852513
214244556
214961699
214724539
214217385
215869986
214900865
214860161
215433386
215516207
209429989
208453253
212556174
214177857
209469991
209486866
209416352
208478864
212576379
209969712
209274133
207739840
208458323
207719830
210286395
209254313
209243827
209448599
214188728
210180726
206994670
207709874
206872963
206125252
207687705
206140964
206107770
206848638
207694290
206857853
206047370
206023328
206095756
207675183
207660805
206837985
206999152
206030744
206959573
206061591
197619428
199259416
199242233
197008291
202919999
196998741
198488745
202170067
202182997
198481226
202158136
202147774
198529523
198513328
196328170
199586397
202902465
198551433
198970476
202269508
193260479
192719187
195658975
194383447
193536172
192358067
193154007
193539792
192732908
195732023
194361376
192709533
192396703
194371271
196290130
193196840
192698920
193552199
194346756
195743071
189888265
188111591
183746014
189271683
188565405
185226903
187732042
185271868
186868450
185283895
188549987
185231167
185268021
187749285
187762242
191951916
185247513
187754130
185234753
185210295
183723251
176793532
183011879
182884851
173303062
172714915
180102655
176850652
180085022
180021376
180029306
180014578
176961271
180086541
183735632
172736050
176823400
180073893
180091503
182993450
170983241
172598017
170320586
172570411
169652459
172642424
172522166
171800561
172549160
171705071
170997013
172583229
170333390
170298583
170343012
170280241
169665483
170969152
170359799
169639192
168269563
168095233
169613040
168256089
169625000
168901418
168927384
167509789
168225811
168069197
168234517
169565148
168922271
169601729
168914415
169000385
168244762
167485517
167493729
167465650
167442903
165155624
165102148
161225375
160099166
165089380
165123554
167427660
162246077
162215295
162200411
161246259
160346796
165776085
160145514
165086148
165113388
160088542
165077440
159603669
154421016
152880358
152901947
154406442
156912723
156158021
156144676
156122298
156874685
156167470
153628689
153723070
150652006
152231745
159591528
152869813
153674918
151463508
151295616
154427767
138644663
134329712
145481985
134286741
145556784
134985915
134306929
147017531
138602474
135029156
150628119
145524573
138633878
135143048
145542543
138614904
135096998
138625557
135057480
135195360
124942129
127382647
129577909
125684315
133301505
125667711
128585208
134031871
125643999
125608230
133841410
125594379
126594491
133881396
125620752
125563559
127335924
134203456
124955238
129588323
123239795
124860944
124018654
124914629
122438271
122282105
122346545
124876379
124890611
122363692
122388474
123250257
123228789
123099675
123090197
124900305
122404556
122304575
124933671
122369024
121356432
120286739
119507865
121446051
118792257
119557518
117974932
117989625
119488882
119457173
122055996
119474607
118781813
121421565
122262698
120388956
118645893
119536320
119523712
119428350
113679955
114436690
113651504
114448929
114383569
113636211
113678103
117868265
117153718
113623979
114422076
117169879
114398735
113667862
113554225
112951224
117885121
112936597
112921559
114419211
109495850
109468741
112863612
112782608
109382961
112842944
109489503
110395754
109370130
109230478
109186864
109132830
112826497
106556062
109559347
105885531
109452393
109519756
112871782
112813506
105188298
105176542
105081706
105818556
104491200
104131244
105012465
105069512
105871537
104475665
103652838
105142069
104369392
103633985
103585586
105126953
104487965
104448673
103625372
104461381
103522150
103493414
102774023
103501241
103554445
103570087
103488850
103455746
102674135
100653398
102602176
103427033
102580979
100616577
100582821
103406500
102623682
102656786
100572497
103152383
96892298
96243304
94925471
92284760
92950600
96203560
93013014
92988688
95616589
95589132
92935688
92976766
92274917
95604660
94939643
96231772
97724147
96209845
92962792
94902998
91028149
89643617
88809379
91520511
86227290
91479048
92248944
91008599
90329399
86791004
90973443
90377987
91558339
91495403
90357488
92259288
90208125
91461361
90393448
91418729
85593266
86226029
81667197
79751405
85615996
86171426
86208887
86158595
79301722
85603801
86183284
85628438
84274438
86218656
84285326
81676552
85577499
79190002
78448734
83845462
66692301
75858564
70089749
75211148
78359748
66244025
75549890
71243139
66662306
74978693
77966865
76818199
66247770
66672797
66704877
77760559
66678260
66328913
77954216
75095009
61496985
63950903
64408688
60350147
65799403
64925057
62489216
63412579
65399445
64327478
64425112
61510953
64392529
63939592
60376807
60329095
64377499
63884811
61479792
60389680
58673091
59068630
59935527
59050801
59116131
59076760
59012549
59496995
59091682
59528355
59019816
59049852
59916226
59542827
59902676
59923574
59523387
58215891
58223159
58207386
58147241
57632411
58199767
56219610
56211795
57570645
56178733
56168803
57674838
56196379
57726170
57192547
57585009
57172286
56665495
58180197
56203005
57549761
58191528
57163528
55277513
55334392
55299290
55686672
55307322
55733448
55327169
55344075
55741940
55749393
55727254
55736295
55756704
55685034
55349034
55268188
55320932
56155778
56144557
55290500
52360442
53919024
53939526
53923694
53404986
52332755
53952533
53944094
52376810
52339656
52349422
52346458
53394548
53873715
53981686
52022567
53885878
52319958
52327771
55255883
51963330
51981851
51980583
51971866
51567547
52012095
51562223
51595967
51541213
51460994
51165027
51550141
51998626
51619683
52002186
51479996
52007443
51574491
51441590
51919074
51123969
49742856
49985139
51098793
50874630
50847069
50799623
51134497
51081358
50554398
49421186
50249726
50860165
50548787
51113292
49655903
50540413
50865513
50854047
49674368
49378378
48090123
48063762
48076060
49361519
48701542
49396005
49006109
48466771
49064315
49387240
49086123
49056952
48458900
48118109
48697793
48389611
49028285
49015583
47860407
47852101
46382791
44835708
47814092
45759815
46320566
47742197
45755166
47772138
45479511
45474217
45763327
47756989
47844707
47512303
46756602
45776860
44838648
47550575
45770064
44825201
44051536
44032690
43817869
44622458
44276025
44601017
44611904
44564363
44302084
43809055
43792210
44830237
44587149
44336934
44296007
44632182
43814131
43802150
43799160
43783315
43594007
42079167
43778207
42641331
43337859
42880086
43583058
42065788
41280596
42630089
42933719
42578307
43023107
42674050
42884422
43787737
43587900
43774478
43256416
38954636
39178014
40514417
39159089
39217492
39128924
39256750
39510494
39211275
39198593
39265009
39144700
39187919
39464980
39243612
39240851
39168500
39232743
39516648
38961078
38642890
38637386
38922665
38411553
38936978
38382622
38654763
38633138
38894244
38375349
38408160
38365160
38155073
38928002
38623548
38942564
38658375
38649040
38664665
38618244
38116270
37896905
38128230
37127575
37117007
38133086
37891081
37842843
37619749
37863696
37876729
36802218
37123359
37870557
37855278
37111651
37902829
37833917
38122594
38110115
36548245
36321482
36362918
36368725
36336489
36617533
36350044
36607156
36355714
36577113
36567556
36368103
36628541
36332210
36620478
36309141
36587613
36600010
36583258
36341798
36087153
36070583
36062896
36049755
36289744
36094143
36297978
35910557
36107554
36133826
36128497
36139504
36123966
36118167
36286735
36101841
36078339
36059224
35900688
36138680
35589585
35885344
35675249
35873256
35670770
35582638
35428229
35637247
35391582
35386338
35831857
35397472
35375151
35649540
35891101
35399673
35883837
35661897
35379265
35420670
34632030
35087811
35077304
35150481
35068444
35366745
35332301
35166994
35163154
35154537
35345192
35132809
34625089
34881177
35139328
35354928
35171441
35314838
35322943
35099222
34370202
34600178
34451250
34421637
34410480
34392591
34128967
34610554
33954672
34457474
34206238
34199963
34384775
34111876
34603945
34621175
34212861
34122039
34402774
34416298
33386260
33419007
33694758
33656127
33444705
33688296
33602786
33946856
33672468
33610999
33438689
33423625
33675332
33662338
33431871
33456261
33406182
33928071
33411625
33393467
33147096
33229340
33210279
33205874
33172084
33165952
33155683
33373744
33383859
33001989
32991877
33355032
33235253
33234080
33185849
33346905
33192367
33178455
33215851
33224691
32946335
32762689
32734814
32920219
32726966
32963767
32935593
32521901
32913668
32679121
32981883
32716497
32748662
32952179
32972302
32705528
32526471
32763636
32961269
32757398
32498215
32278181
32252382
32512591
32508171
32517365
32466890
32482533
32499427
32455047
32444877
32268474
32259939
32246171
32285292
32241502
32520586
32480497
32491904
32436423
32017709
32194151
31938610
31950679
31778008
32204396
32234174
32173792
32029171
31975409
32231744
31787750
31771347
31973651
31998206
31766187
32030492
32187920
31984214
32032765
31559373
31667498
31541899
31729305
31749180
31465763
31657038
31510306
31669017
31451075
31463641
31686759
31429632
31489416
31708654
31714842
31756288
31530804
31512894
31483403
31421731
31299090
31420332
31427103
31085352
31422305
31300820
31291058
31088995
31423130
31419144
31300160
31079913
31310797
31075995
31294026
31420992
31287177
31311708
31285872
30837641
30850437
30608898
31011598
30857823
30844426
30838595
31067871
31033630
31071378
31039276
30599975
30859870
30864426
31053603
31049025
30862896
30856562
31020872
30615394
30535192
30514587
30279236
30058573
30561812
30575053
30302736
29897362
30287347
29895674
30594195
30065407
30553038
30312281
30581702
30586288
29879197
29883617
29688931
29642356
28577856
29476796
29251693
28992923
29411765
29466707
28974267
29458895
29438751
29447749
29421886
28983753
28962636
29497618
29635144
29470123
29503023
29023195
28738627
29509883
27963995
27940275
28317822
28151167
27771505
28294877
28134818
28501886
27778997
27973565
28518486
28352831
28167315
27958323
28360325
28307101
28144333
28515340
27970801
27952854
27316279
27552220
27557647
27765010
27532549
27760509
27750641
27755426
27345799
27717643
27351066
27331631
27528013
27526203
27341971
27322526
27495046
27336243
27564309
27709092
27071151
27102417
26915928
26747996
27150903
27093758
27063802
27128020
26749837
26876425
26753542
27108938
27123887
27155378
27143127
27137084
27084450
27308843
27299104
27132456
26486839
26354009
26345976
26496716
26688971
26325923
26138436
26741147
26696183
26516328
26350443
26130114
26732984
26505799
26524986
26510610
26317101
26714082
26537326
26136098
25855142
26101456
26052775
25897305
25861203
25724335
25900068
25704282
25845273
25834172
26105116
25910524
25884701
25671104
26127682
25531259
26044804
25865649
26094866
25905186
24581946
24564157
24533329
24557764
24524222
24971611
24354517
24346449
25150343
25526918
25138537
25314618
25471592
24577173
24967625
25332521
24587683
25326397
25352938
25143986
24205279
24141955
24034607
23983999
24215621
23998539
24194682
24150196
24336124
24340189
24206642
24136176
24187089
23799906
23977428
24326919
24158474
23994515
24211190
24319932
23399608
23590140
22988023
23618318
23449008
23389680
23456255
22947609
23425096
23582901
23608370
23597086
23384037
23202986
22983930
23226745
22941685
22833219
23189442
23614508
22299485
22779985
22794773
22817926
22129499
21942362
22468777
22787843
22480213
22133722
22127164
22485140
21960121
22655536
22640138
22619920
22606697
22132666
22822741
22471748
21611135
21938377
21925450
21783406
21601987
21592482
21776213
21786894
21585504
21933119
21589273
21884622
21722621
21617270
21781636
21905722
21892444
21921497
21899217
21715716
21409388
21581998
21305349
21279334
21167676
21145609
21567760
21415378
21439102
21457351
21307791
21162734
21285367
21275804
21436566
21159776
21149283
21572674
21454015
21436007
20472669
20472000
21135088
20780357
20652532
20982688
20784217
20774771
20468055
20649084
20617206
20764781
20332734
20324889
20755837
21139532
20769340
20633034
20337585
20759034
20147078
20079036
20319212
20114425
20128590
19973607
20303818
20124762
20137655
20133738
20093065
20306138
20089083
20073759
19976939
19970521
19966226
20109896
20115775
20104925
19669544
19499452
19645080
19334909
19227660
19944099
19357266
19822454
19952810
19801202
19663571
19350633
19797130
19948559
19962019
19492390
19820011
19223989
19346433
19647944
18904196
18556928
18744778
18432474
18420314
18423836
18427671
19064727
18557914
18416036
18749548
19222119
18745392
18875014
19219296
19066927
18593835
18713815
18907848
18588279
18149963
18009089
17985489
17875332
18283997
18006615
18001440
18266115
17878819
18269097
18155140
18270147
17988458
17992291
17871619
18152496
18272662
18412158
18276970
18005762
17854340
17731605
17829215
17412017
17560851
17721371
17570376
17580856
17415685
17732504
17556568
17735566
17420657
17725114
17852103
17559187
17851619
17717759
17573791
17588225
17161742
17037021
16913180
17396212
17050968
17373554
17402655
16935144
16907845
17289312
17031942
17286820
16776663
16932186
16912139
17035038
17399113
17044771
17281462
17042695
16265535
16149769
16270542
16143686
16651624
16283166
16655914
16617154
16234799
16156941
16376025
16261806
16152112
16502212
16258129
16269295
16266882
16273246
16147778
16277886
16001687
15871585
15840717
15813420
16029358
16023072
16020091
15828753
15803088
15799193
15694850
16008965
15866919
15991553
15998397
15856033
15688861
15963350
15849324
15971392
15402980
15398249
15525871
15412564
15537192
15542304
15671614
15256837
15265469
15255766
15391283
15665637
15416180
15385895
15398183
15683556
15270473
15262171
15544604
15407067
14937809
14942241
15238455
15249058
15118121
15104265
14949199
15108190
15092013
14962186
15244663
15109100
14899479
14905395
15123332
15097228
15242478
15099701
15088158
15113377
14605270
14890151
14782245
14775013
14570682
14542959
14428205
14738750
14599233
14556361
14431052
14772161
14593464
14601012
14551772
14415837
14560969
14600600
14783464
14720900
14394561
14127370
14275033
14129873
14122845
14399265
14282521
14388303
14262189
14258441
14123295
14404726
14266734
14254466
14373818
14390135
14377757
14249629
14133723
14124547
13796592
13945259
14122287
14099926
13800203
13782513
14106307
13788773
14110094
14122590
14101988
13970883
14119500
13964166
13960258
13937639
13805406
13941864
13800693
13934624
13614013
13593454
13583069
13611358
13602717
13770493
13567389
13773805
13759054
13576682
13606539
13560456
13778918
13745297
13717047
13448534
13751384
13724633
13598625
13619502
13437746
13400635
13257665
13242264
13226840
13092144
13222617
12941168
13411854
13402073
13437200
13246471
13418696
13254536
13230957
13440085
13253900
13414547
13432949
13232598
12438868
12475648
12798148
12798785
12922957
12785322
12597613
12382955
12370118
12933916
12788610
12632812
12452869
12793104
12640304
12644270
12592979
12938420
12804232
12642262
11909097
12264135
12212711
12245698
12274727
12242338
12230543
12269039
12064960
12355973
12261692
12029532
11914290
12077971
12236651
12205113
11911316
12224410
12067871
12071641
11620991
11887641
11470808
11466264
11731635
11455299
11608364
11589792
11891276
11448204
11750565
11438692
11612221
11905814
11616083
11755245
11743765
11429140
11760694
11900747
11294879
11247577
11231032
11258071
11276015
11280486
11422663
11310469
11299348
11314443
11290218
11239716
11306289
11326613
11229410
11416463
11320118
11268271
11305754
11253038
11132548
10861077
10843187
10973092
10865517
10840160
11122260
11112570
11155961
10854321
10965060
10981066
10846570
11142268
11148099
11002564
10998367
10978042
10844492
10968912
10593762
10589882
10504683
10729347
10517303
10736731
10836369
10605544
10724967
10611237
10502998
10722075
10600025
10627865
10739891
10744498
10583131
10576986
10507183
10513645
10383321
10335692
10500728
10342858
10316804
10257227
10488384
10243952
10327629
10474224
10370555
10497293
10481119
10337477
10485078
10360601
10367842
10259701
10379533
10339542
9991906
10241506
9884416
9877845
9986868
9881258
10098887
9980631
10117420
9888251
10112915
9977054
9869789
10124409
10219085
10003838
10215435
9876263
9872515
9999726
9759958
9765016
9864622
9769724
9746330
9654465
9636798
9635859
9608607
9613658
9646848
9754417
9644424
9617902
9643371
9859969
9749722
9637623
9649092
9772740
9481479
9361772
9380262
9358298
9349004
9352172
9353042
9511216
9506868
9517845
9473285
9376263
9502173
9524673
9498814
9383354
9236822
9600901
9511000
9476597
8883189
8996901
9094195
8989863
8988260
8859810
8776293
9000071
9217417
8772946
9224776
8862548
8770388
9101751
8880227
8991677
8876719
9230060
9211771
8974915
8744319
8758040
8597630
8637257
8601961
8500063
8614971
8621793
8508736
8730302
8503888
8467962
8647498
8611371
8479026
8764562
8734562
8641673
8496473
8473644
8462469
8253812
8350511
8344089
8331591
8249834
8246618
8174700
8451441
8365349
8360403
8334564
8323809
8171739
8318984
8225694
8177907
8362343
8446820
8339273
7987956
8162793
8084665
8159239
8057272
8087310
8151947
8053306
8089828
8006666
8156599
8137456
8141111
8132589
8063159
8050372
8148574
7979767
7982546
8009825
7912223
7811337
7714289
7703432
7699659
7896794
7798200
7711192
7704067
7816271
7706608
7886758
7883283
7693049
7906270
7909147
7901678
7781653
7878416
7795366
7682262
7548960
7676161
7632029
7569089
7687685
7678975
7635424
7546874
7544293
7483330
7626645
7569428
7494907
7570087
7565623
7685208
7569246
7613110
7492706
7417951
7409161
7341860
7478456
7481195
7344853
7230181
7166422
7425793
7401556
7416109
7397511
7423023
7470665
7473663
7413982
7475063
7250574
7226534
7411618
6978325
7078758
7083579
7151192
7158509
7148090
7052396
7077154
6970185
7145667
6991345
7161922
6975897
6973859
7075478
7150300
7081072
7163393
7071715
6926360
6913162
6764646
6840920
6915140
6698636
6900789
6849977
6772662
6694712
6836824
6852168
6898447
6854607
6856995
6849663
6903346
6775822
6768431
6924088
6916693
6451297
6448944
6462178
6410422
6531390
6474757
6472977
6533143
6528261
6538667
6457706
6692031
6541414
6470899
6594455
6689232
6529618
6455022
6576594
6597770
6238485
6408002
6249350
6396041
6394810
6334623
6406545
6345311
6399382
6346843
6404309
6332800
6325431
6260613
6257994
6327146
6264180
6235215
6268873
6323445
6038544
6182334
6224057
6178380
6190556
6100648
6106954
6160720
6102144
6223644
6109567
6042571
6041835
6227738
6186701
6225865
6041284
6098502
6168076
6104590
5917377
5915543
5911535
5913074
5903969
5901882
5835343
5974881
5838915
5833058
5829310
5972550
5846183
5966375
5965085
6032013
5973409
6028884
5906755
6036908
5663090
5658475
5768731
5761950
5752061
5749673
5759180
5732537
5649800
5820405
5766267
5744344
5824362
5736921
5770891
5682631
5675458
5673452
5827389
5764284
5415944
5426173
5544785
5422685
5476620
5361845
5420378
5360695
5473435
5349117
5644958
5471161
5352518
5541897
5414200
5480299
5551675
5343449
5364175
5645223
5301993
5212799
5295730
5223209
5339319
5292232
5220879
5301236
5285734
5278474
5293841
5216751
5214701
5287201
5219322
5302508
5211516
5299109
5297754
5289714
4887985
5072699
5138500
5079733
4920580
5062626
5012679
5209582
5009256
5145671
5078478
5004161
4923901
5077970
4927228
5074917
4885498
5141771
5058420
5070566
4787701
4701903
4877521
4722413
4881310
4701439
4879116
4773910
4731356
4728434
4696228
4659994
4648623
4883748
4783634
4708915
4706991
4704304
4645158
4724712
4519100
4349693
4443263
4385733
4512431
4361502
4446318
4353518
4378425
4380439
4304305
4510720
4441660
4457068
4388285
4375160
4573179
4310333
4357692
4314527
4282847
4303380
4302659
4054882
4279459
4270294
4275315
4198923
4113631
4096828
4094583
4053265
4052203
4228284
4101060
4099685
4050509
4223481
4208529
4217934
3978200
3932700
3852137
3861453
3994490
3921211
3883009
3813189
3875156
3923589
3924981
3879548
4041764
3866562
3982922
3854630
3873327
3884903
3814276
3878449
3811337
3733204
3794193
3782190
3806906
3800574
3796656
3808648
3577962
3637705
3736625
3642704
3777254
3622123
3640157
3623951
3628715
3739069
3647027
3790314
3522481
3413099
3516248
3470388
3464695
3401797
3520572
3572984
3461732
3414789
3517980
3404962
3576381
3569342
3574471
3573543
3408648
3406954
3463401
3518972
3327693
3330410
3272385
3389756
3398089
3386414
3336200
3324670
3274312
3399838
3395860
3393823
3347572
3345066
3343518
3392831
3341891
3338297
3332054
3330059
3166780
3270716
3267486
3071221
3178368
3271191
3264819
3258831
3174433
3181817
3120565
3118506
3069303
3122432
3169950
3077045
3262338
3123991
3123072
3028409
2966610
3021267
3019216
2981424
2968467
2964513
2930074
2921282
2923788
2975164
2925470
3026408
2977199
2920096
2962713
2922750
2917280
2970740
2972251
2980759
2724921
2719842
2906828
2869739
2816732
2903756
2818030
2764286
2870858
2721004
2726099
2677200
2868449
2770444
2866852
2819435
2767585
2769061
2815144
2766404
2616202
2669490
2612092
2607025
2670349
2620953
2608975
2675217
2577344
2665870
2668088
2666897
2672299
2658324
2627861
2626525
2660613
2623996
2619755
2575585
2513573
2476025
2571912
2574813
2562949
2462124
2531889
2511156
2465473
2517385
2478919
2534179
2527233
2573476
2568491
2566176
2477384
2468367
2563963
2529160
2459276
2360538
2356467
2353566
2359207
2311034
2364324
2363317
2420629
2457008
2413917
2419175
2369304
2422500
2408019
2418383
2423857
2410273
2412101
2361473
2249166
2244045
2303619
2252883
2293981
2309537
2292022
2255387
2307162
2247977
2301414
2308454
2251373
2247822
2305196
2298491
2295614
2254276
2247340
2248252
2242159
2232640
2183194
2149882
2145429
2126383
2142210
2185096
2140901
2138657
2202868
2146614
2133190
2240019
2232233
2139816
2129809
2204361
2147858
2187459
2059744
1991145
1995079
2068555
2008993
2014465
2078538
2077669
2010534
2086385
2064638
2058256
2079587
2002837
1999358
2010212
2012094
2084675
2083385
2075583
1929171
1853043
1884359
1888397
1900636
1984317
1898801
1939083
1946686
1944152
1934391
1927765
1897823
1849989
1932202
1851690
1894473
1890199
1936429
1986284
1726578
1794082
1836822
1784258
1842507
1726793
1737399
1833289
1838417
1714394
1712570
1738976
1799798
1792536
1782177
1727566
1727159
1798545
1726427
1795166
1579673
1529359
1584861
1667109
1616696
1665860
1584165
1664209
1614015
1710872
1665243
1670797
1619962
1531263
1526713
1612677
1671978
1615354
1707497
1578596
1474878
1468516
1524686
1458629
1452243
1403990
1402173
1400650
1393939
1388540
1473283
1409790
1390735
1462591
1456183
1407497
1469972
1473949
1525582
1466611
1234345
1326266
1170720
1332585
1246801
1128402
1331415
1327893
1383376
1168402
1317510
1239233
1325734
1245168
1321008
1242553
1172357
1380997
1385776
1323270
1083650
1076290
956597
1014523
1024889
1002990
1125118
1011132
1019702
1122459
1073927
1081547
1026002
1021249
1121086
1018118
1013568
1006183
1123336
953769
793790
864349
929581
952267
924974
791269
943968
941327
939529
866330
802062
800564
936875
862896
872098
921265
870011
867779
796356
789783
693201
730654
618379
697758
694684
655219
652535
654573
727909
695993
619987
617117
788167
653411
786221
729059
656069
732914
614949
657201
549975
579787
573921
586366
575468
589526
613029
584876
549063
590467
574687
550864
588495
548187
590066
581069
577314
573217
543966
591635
402909
377621
428117
404760
376485
403833
535511
541053
405726
505752
498875
504551
533902
497490
540153
509190
405094
542750
507432
378412
347266
348490
348160
257402
350144
375562
345875
311579
310067
304259
271934
241939
374277
311173
241465
349207
344900
312422
256638
308982
