1193954305
1191881697
1191792203
1191447098
1193656296
1193494067
1193826609
1192590956
1193742732
1194115709
1191679408
1192321458
1189718366
1191589245
1192179473
1189888690
1194035515
1191534810
1193576273
1190001023
1193954305
1191881697
1191792203
1191447098
1193656296
1193494067
1193826609
1192590956
1193742732
1194115709
1191679408
1192321458
1189718366
1191589245
1192179473
1189888690
1194035515
1191534810
1193576273
1190001023
1165654872
1179598740
1179754170
1165684539
1186784953
1165870529
1165808845
1189700629
1187590739
1165718659
1187709071
1179885928
1186720221
1179568010
1187490411
1179639674
1179811344
1189560619
1184872823
1165766039
1159411207
1162631629
1163568742
1154118020
1159018971
1153824791
1153726979
1153934602
1150196945
1165639481
1154358917
1161365942
1154241461
1150137338
1158910946
1154877728
1153464479
1154493037
1161673999
1154820257
1140032166
1147504825
1147172141
1142489321
1140607735
1144530179
1140179523
1142327116
1142641622
1139807414
1139432974
1150071832
1142417041
1139716702
1139290704
1139361978
1147591212
1147705938
1140495423
1139950649
1139180906
1134994326
1126103807
1111812293
1111315340
1111638353
1126166122
1120678939
1109539172
1138016387
1137883509
1134694311
1109318784
1135084979
1123724049
1111747763
1110985545
1134838224
1134925215
1109428515
1104526111
1107098177
1099845230
1106026686
1098949422
1106305186
1099259163
1107380080
1106168465
1104760577
1106557102
1106910983
1107294559
1106379534
1108615780
1104374586
1107176671
1109206001
1099412404
1109091272
1092487654
1097412919
1093632754
1092608000
1092416623
1092659263
1094988746
1095543818
1097313289
1098830168
1097217223
1097139537
1095746560
1095085142
1097590455
1092729274
1097674344
1093742882
1097511816
1092813602
1075072770
1074852170
1074779457
1084897130
1081842387
1084843135
1074945493
1081979736
1084770938
1081900932
1081619137
1090011561
1086366247
1076909503
1082290447
1081549817
1082956813
1082124838
1076842189
1076708742
1063866418
1068054352
1062105658
1069613987
1063949036
1074664017
1069525544
1072408930
1067581656
1065993214
1065913175
1065727229
1071961255
1067344955
1065796218
1072077388
1062159082
1065950730
1074439201
1067689492
1046645674
1062051465
1055351479
1053516987
1050012697
1049108157
1046475627
1052121039
1047680381
1047587322
1046557303
1053950695
1047838367
1053646383
1052021035
1054093051
1052173886
1049273891
1048948446
1047955643
1035866217
1030191246
1027872333
1023315396
1021772032
1021666434
1021588399
1021403720
1021344067
1037583640
1023487479
1032328950
1021741481
1024966540
1040766352
1023554864
1030086934
1035722330
1033952982
1032414530
1006441356
1017524512
1017407259
1004298854
1015715354
1012936878
1004153120
1013504401
1019326305
1015786381
1019699030
1015637900
1006829619
1006602605
1013329339
1006727494
1013674287
1021233321
1019418516
1019591495
995827389
1002007622
995186406
995819683
994723261
993012508
1000193456
993503071
992741268
1004038113
1002671432
995877385
1002154256
1000022819
1002627659
995621666
1002532318
995341841
994615668
995493046
980759671
979949207
977919889
976757084
991206298
980925414
978790888
976491031
991543088
985628940
976861284
985780481
988984582
991026207
982966785
985709661
982776752
976275943
985527495
976642447
966231110
972851295
968254668
968342935
971490374
976114387
972351687
973237129
969080160
968441538
966532209
962771970
972689000
972564617
964536198
964612490
962651595
971406046
972426036
961014146
937697531
947051333
935330672
932029345
960673373
946649206
929987216
930063048
928063037
937544365
929916736
947095002
946813049
945022718
960946028
950496116
950158095
952026450
935867523
925706666
921840416
918190131
921472078
922911659
918220474
918161036
918130561
917865647
925523677
919948525
920081771
918061597
922828973
925650890
916114015
916021145
920211811
925607344
921619049
922707589
915320855
897217136
912395092
899475660
898975183
912377516
903336569
900733658
912353503
899118441
912309415
898833368
898420977
901371332
912408469
912262714
901334370
899455834
912206522
914254146
888163588
886272162
886241009
890088756
887581548
888089833
882184195
886281782
881739785
886183172
888016713
890127942
882224475
889213975
882253571
886205680
896761876
889365612
882130452
891938709
876662677
876779040
872067250
871880490
872609404
870465054
870334263
881643649
870524986
871940100
881204421
874670169
871838386
872014299
868968192
870392195
868830383
870275519
868902817
868753501
868142145
868521337
859847485
868702799
868166374
863729840
860141662
858281782
858214364
856504729
857573721
868075541
868110288
868639026
860188974
867532798
865621043
867914732
868045646
868479056
854614787
852628588
854664668
855940312
854576092
852698557
854730695
850065054
852666756
856463067
850764842
850740708
849973271
849889718
854685461
848775956
848818834
848611071
852537183
850708831
848541498
844956167
847952634
846369919
845134036
848488428
848069306
845179901
846212913
845073707
848182335
843240537
845254201
847864883
846730005
846310008
844891095
846672950
843304852
846983417
836661185
836570632
840678485
843114877
837374462
835053990
843045726
833202929
831774228
841452354
840863677
834976475
833135384
841512612
843209983
841419944
839093944
843152618
841555317
836722430
829881515
826201020
820820116
822338814
820720254
830325771
831619153
830296776
826608454
829960410
826142697
829679705
830049395
822587895
826279531
822516354
826576984
831713231
820781134
820660816
813119891
814631054
814536227
815250123
813459957
820590875
815286827
813512860
813159075
814875375
814766642
820478419
816682627
812774217
815326218
815209454
813487309
813252474
813205606
816550614
812611422
810288500
809471053
808490230
810987112
812525768
811190658
809533362
810226582
810513218
809412276
808595491
808439059
809508915
812701055
811253114
809568067
810395930
811386726
811419805
805028665
802586212
802985476
803209939
804255969
803295904
805404619
804427843
806686185
803067795
805240263
805466356
804890391
804385705
803136715
802832791
802898487
805336237
802650203
802525952
800995215
800450396
800228737
798845631
799195598
800919615
799534245
802238296
798962077
801119761
800829359
799473468
802450739
800171841
799360164
802404909
802285332
802347997
799249930
800347107
798681669
797005187
796508366
796363803
795148616
798545821
796167496
796749591
796428303
796233076
798228277
796276551
787778402
785923491
795256666
787827904
796656793
787897361
795336849
796896799
782328077
776568474
778695632
775119556
771125367
770899986
776604027
782400531
778564402
782171295
772432494
776632052
772548096
778530633
775247751
778624431
770858488
782203644
782255376
778750151
767689193
769374450
767596783
767419503
765941219
765808269
765672261
765854686
765949052
770551674
769328512
767198624
765930912
764259478
769161952
769044770
764327455
767497059
764225460
764305496
754868073
758319123
759419444
758594907
759567299
756788370
759500698
759678473
758162001
764174531
753891210
755639632
753801863
762550544
758622806
758391866
754910578
757515875
754804271
759656752
741907524
741835280
737593498
737659888
751190016
752734871
747154300
741871209
748520139
746668206
751954953
752055748
745063141
748349410
738149521
753069331
747066559
753139142
753120931
752634412
729524189
735056827
728600253
731237282
735284784
737417289
731107594
729330419
729046930
729151693
734951077
733065247
725207911
728668086
724015106
731670479
723952356
729481108
737493402
734159868
722187017
712419643
721806403
719645591
716100798
723729189
715163439
719538315
721893899
715111019
714209458
717123078
719150885
721520795
723004948
721693735
723850342
722113814
723637942
712379636
699454657
708630876
702542872
707586918
707658260
705512973
711353684
700319532
710416004
709595493
703564667
703196226
705632174
698605823
698683286
699727758
712317834
707943629
709455391
701730010
690961802
698458722
690635078
688725995
688529655
690416459
693202860
686910669
686756683
691099481
686533726
688466102
688615305
698521305
687046653
693082584
686588673
693327618
688853119
686438108
679375326
680924742
679121435
684527687
685372785
684692923
679457472
684765709
686365028
681482626
685249777
685048754
681242203
679649758
679299113
686400587
679182046
684593158
681617264
684952460
672175639
668740789
673677257
672988259
672109364
673020179
670476472
669600366
669230115
671427582
670542448
678961129
670420275
671968736
669714273
668829459
674693796
670258751
669753857
668679696
668597554
665004766
654576343
664902086
662878564
666753940
662806346
667785513
662942579
662754425
652850769
655238249
665142021
667875472
653132443
653016961
662702645
653471026
659294793
661888162
647934457
643056312
637544497
641134568
649657787
649886889
635778676
635667178
630088610
643141931
641230160
641368857
637620547
636101627
652634635
652452602
630185898
652555735
637826206
637733992
621412949
628136276
622476228
628056159
625846936
628484826
628398985
624177654
627958531
623685106
624073412
629087815
625224459
622424708
617404777
623898865
628275541
625881531
623780525
628982311
614443715
609863739
610510725
609024398
613927995
611423235
610041461
608868438
615298820
610263617
616428333
608936604
616486143
610447143
610550812
611878336
611801196
611928828
611986031
610175556
608230772
606399672
606455064
606943590
604951278
608420025
607414240
606700270
607394111
608750878
605530840
606815926
606166173
608288603
606316557
606268521
603874302
608160519
608369376
606577888
601072579
601013504
600875129
603798571
600800887
588921479
599032773
589236506
602413445
601820024
601528727
589072947
602089950
600418031
602478239
599633031
601762284
589157786
589270114
601976562
585668755
588546619
582286120
585494009
578066493
583654256
578045225
585732464
584015812
584182506
583924864
577965239
587397595
583845655
583783006
588658100
585596613
588852483
588747229
577998649
576042443
565756031
572899237
568320409
568443079
566987770
567112369
566890241
570962194
565695447
563673060
571059810
569819380
567081398
568394580
567018954
577907481
569607667
568458386
565596076
561066176
558463022
551097697
561068032
555815461
559555648
555826373
560950215
556907098
559882328
561119246
555890593
560867218
558503538
557162694
560791568
557106666
559573652
561021561
555756888
549645003
548615364
548421142
549987397
544610086
547285041
547282547
548490691
547138921
546004429
545969278
548561518
548378078
549803852
544579714
551040902
548664917
549665595
548354204
547029615
544514224
542816194
542958732
542292796
544434815
541486831
540234276
544153915
544493292
541544513
540142605
540175672
537627741
540282929
542857208
544464103
542895642
540208706
544292707
544332210
537408463
537610950
534724137
533115140
536241780
537482602
531079040
536097060
531249223
529324000
528226053
536183530
537192152
537536521
533138410
534751853
531188869
536239227
537149068
528263043
523220106
517654670
523279573
518003683
524832451
524725576
514408624
526741410
526768617
527992941
526704379
525455132
527928238
517745326
528029525
523330171
519431890
514447157
515808525
525412851
514242552
507223770
508637350
511331483
506746827
511231553
508124404
508034605
514289143
507172791
512934799
513025532
512990987
508593922
506327498
514348360
506973570
514199960
507261174
511289205
501303770
501816093
498570986
504533609
500398772
497404447
505412287
498857796
500374743
501744968
500167689
505608456
498808419
498822466
500337638
505147824
501673828
498517577
500313461
501252532
491609402
497214922
495824729
491547959
490316764
491721004
496926149
497361230
497118904
495769684
493358863
490319707
495828654
491200983
490260933
496984322
493286544
491126860
497282548
491360389
486831050
486768583
487306910
487253517
488690858
490216946
488644396
487338638
487039447
487216122
486979956
486907178
487057386
488727561
488640419
486989542
488693998
487187676
490137627
487281891
485630281
485762013
485468117
486043726
484377632
482255914
482153694
486078455
485707404
483736004
482117448
485798461
484411910
485376207
484347677
484443869
483640823
483571078
484521430
482197153
475803414
474273572
481299053
474165858
478750741
480062506
480098248
480115533
475880380
479456613
481984094
479533208
475760161
478723048
479986334
474344704
482053117
479408725
479353726
478312021
472457504
472251391
472388993
469650682
469832888
469603133
470242782
469571926
472467415
472332142
469778320
470092336
469546643
470268376
472551560
470185074
470200229
474154222
469502511
469916941
466046469
469091734
465662973
467390297
466910008
467008649
466242531
467432130
466265643
467067425
469441600
466256511
469120902
467034728
466282715
466113954
469466256
466963880
467316241
466923569
465445592
464539665
465417071
464598091
464366140
459677714
465623884
464467601
465361780
459737352
465330557
459759306
464410026
465415448
465565843
465380842
464656115
459788526
465483149
465521537
459641201
448059542
445924309
459529751
452835886
448020058
459489298
447972954
453262657
447379147
459580021
448124539
452781970
459543756
453083523
445975021
459545054
448180076
447384926
445866233
442968183
442906564
444369427
442574741
444509508
442786214
442664736
444533587
442705862
442931925
444553727
444412726
442878251
442845252
445814279
442755597
444310535
445763313
442817226
442618558
437481451
434662417
439051630
432847803
434634568
442539157
440314979
439078464
434200593
434131629
441468360
435748773
434036763
432538433
432617778
439093605
432821673
440270716
434605144
440229535
431286998
428438085
431359554
430041438
428567678
429568769
430007758
431389011
429978455
429942750
428735272
431313545
430167081
428647998
430138156
428610657
428381552
428760811
428511634
429606601
425704196
425613455
425644443
425279636
425396205
425221116
425472642
427140000
427161729
426939706
427216313
425582741
425546415
425732123
427108577
426520263
425679932
427188555
428323020
427075676
424973546
423198062
421182947
420835302
423361832
421152030
423607890
421036490
420949358
421486633
423022468
421445397
421382700
423658948
421341948
423709697
425182264
423294153
425058671
421120877
418384889
419146703
420420896
414571967
413293099
416972601
414569869
413010461
417093185
419210687
414690055
419102796
418371213
414620757
414435036
417942167
412956058
413145545
414362941
419278024
409646633
408784693
409812440
404918131
404691323
410583544
408636420
404759489
409865202
408466370
410912988
408504927
403888090
410833679
410866607
403949678
408697166
404832490
412741558
404010435
402680088
401192251
401152483
403759725
401022135
397263628
403807901
396862479
395858606
402930782
397116985
402788585
395728477
402859972
403675686
396953367
401238268
397167358
403620932
401062235
393112521
392996039
393217609
393232018
391913429
380364875
393260717
380331315
395551835
391724000
395688380
387869248
383935290
391877519
383845974
393062355
383990122
387947593
395600799
380326728
375197861
379018618
375177428
375093735
380214704
379109590
379226050
379570235
379650091
379250352
379195312
378971841
379146888
377652231
378988998
379773751
375223704
380284496
379732412
379611842
373631097
371700977
373907585
371566480
372913670
373880349
372768954
375066071
371377972
371201088
371611913
373685198
372675820
372748553
371622392
369126176
373822884
372909925
373947122
371462309
367699478
368761009
368973985
368901669
367607723
367665491
367026477
368721804
367643097
368823855
368664886
369079788
366955737
365116716
369097069
368999526
368946009
367716959
366204744
365935858
362705702
356451987
355959401
360281715
363850444
358502453
356052399
362613782
358786951
358389312
357360534
356478929
357405396
358768172
355162714
356140357
364016008
355215333
360245738
356415703
348564710
352773897
355030227
351563835
351322062
351481947
349840010
348502094
351529820
351219615
352553675
352498669
351268833
352945956
348626099
352730695
349716858
353969015
352923482
349794994
347602770
347170243
347555165
346268654
346554414
344083276
344131123
347444526
346596509
346402290
348423322
346205032
346570583
344021308
343991635
347480589
347650942
347492138
346530586
346459844
335694870
340831892
328435591
335535033
327501544
327429212
337867442
333330408
341127762
340980808
340776379
333359274
336001535
327361896
329435197
343973096
341039560
327530975
335612275
336037556
326113817
315676654
322378066
319352096
326254393
324665523
320369666
326035275
324733894
323686611
323628558
319542008
322566735
325875481
323369391
322539975
319493308
319410042
315623795
322154142
301864119
306486949
297544925
310343695
313603231
313600691
301922709
309962510
311261985
309898269
304693234
307604411
303363408
300768549
311544149
315339861
305661817
304717424
312903744
310317354
271102834
284224151
293733784
295608390
268775251
271145478
269910097
271123757
295468683
269927795
277931752
268737468
292534394
276089784
285834082
271088718
276045089
276023097
271076032
282002428
265718978
265697576
263657611
263565113
265750536
264431672
265672438
265677043
263584058
267690993
264470591
263387356
265783531
263462906
262629776
267640827
263639362
262650433
262546824
268683084
253647664
261350281
261644822
249148759
249194945
261636560
248833721
248386845
254044890
262385766
248923562
261628922
248384203
252115501
262520546
248406266
254702430
254654868
253742768
262426855
247262704
244681964
247305780
242502410
245789429
244844527
244723867
247898369
243214901
247951776
243833027
247458684
245361632
248345335
243379001
247349987
248362809
243367791
243872786
243356151
240620237
242385055
241187819
240782487
239150211
241126778
238613441
233570396
233538510
233493876
233276995
233247198
238617612
240664537
241430622
240794657
239131865
240631410
232753199
241151301
231110787
230334089
231009038
230170533
232012166
231863134
230163665
230117754
232622009
230075206
231613433
230968648
230232268
232707565
232584002
230275918
232039312
231156107
230368877
230915100
227998566
230043781
229618751
229741438
229707068
228711379
229737561
227943774
227913196
226632456
228065486
229650565
229579943
228807317
228667376
229731718
228770974
228096788
227725805
229685670
225005807
226191290
225742603
224305657
226577440
224275515
223203958
226405046
221749876
221882392
221692742
224293214
221921577
223352212
226605768
223397270
221626967
225019197
221574969
226566973
218478284
218877986
216986231
218785254
217025393
218907193
218519489
220900242
217281688
220951855
217260641
220836502
218895611
217307769
221209206
217208758
221273692
221240037
217943923
217907666
213773674
215631045
213724792
216499176
216257366
216404742
215487593
216452233
213871124
214691897
215753045
216345487
215476636
214633877
213808381
214816728
215791112
214587024
216309461
215721955
212125458
212042097
210566811
212436324
212175464
210851031
210748795
210926531
212470789
211473923
212479207
213059748
210793751
210539884
210704194
210605279
210659745
212069093
210898756
212510421
210508642
206480408
208749333
210153968
207396135
210115997
206787800
208192490
206712251
209919951
209116694
209734965
210172277
208158957
207437857
207257872
206758066
206612848
206517945
206215335
196221146
194809706
195280545
194709920
203918686
202949535
196243397
203962098
198501967
193999102
196589211
206194079
194769268
203235414
206212945
202242367
197188635
203021965
202352940
206181798
192947110
190151500
193936310
190505854
190430351
189288706
190976801
191837913
190459872
189298183
191805427
190941719
192981491
190854351
190214857
190132998
190104544
190169008
190192350
192914301
186410503
189282015
187234320
188474370
188434013
188418605
186602492
186579058
185522056
186448698
185651836
185876077
185852107
188461814
188977633
187198950
185644479
188453148
185614325
186640823
183673185
181815730
183320046
181621275
182746980
184226604
182776465
182543629
185498518
183641839
181653484
185454722
184118598
184264785
182814248
181713732
184191691
181781329
183279287
183632465
179799407
179634488
179594033
180431295
181119633
179949711
180365294
176136134
180408962
181053352
179876873
179829887
179795802
179693513
181084140
180173685
180150706
179911130
179664382
176133166
175740741
174004184
173840671
173351257
176017752
173285926
173097513
173001134
174478327
173790805
176096774
176060030
175915697
173904244
176117753
175857172
173144817
173969326
173312548
175072845
172564402
170584053
172974416
172580601
171597795
170655470
170017292
169486872
172219330
170688031
172240793
169967039
172128018
172318202
169925313
170615635
170086824
169434363
171625395
170718194
162564101
160794080
163338195
162749464
162674079
159868305
159385035
162634849
163485509
161096667
163454120
161140437
162791743
160887143
160856690
162932161
160828778
159951014
159903467
159984437
156984814
157679879
158326457
157842770
157583263
159115755
156976319
156888770
157727383
157769212
159320515
157624493
157545129
156082830
156054020
157805606
159359627
156772513
156660603
156817415
154859182
153250778
152701471
154070291
154089694
152623226
156032700
154956492
154792415
154752123
154723942
155875305
153564346
154148991
155910208
153501454
154189947
153533922
154840759
154031901
151748826
151693739
149321279
152519965
151710970
151862275
149343819
149218911
149270564
151890203
149186568
149602522
149246005
151727220
149201271
150334226
152594170
151841902
150440831
152565255
147540020
146913094
149170320
148197756
146099058
149153972
145461808
147604719
145444026
146848701
148025577
147580288
148226383
147621337
146742051
145361217
147489909
148832405
147288062
146053707
145317742
140853404
140817761
140781387
141494872
144173368
143457699
142885858
141415958
141363951
143808901
140934595
140730500
144230049
143783733
143604369
143818833
143740807
143698803
144204002
137603543
136776337
136809868
139308893
138540013
138557562
137565162
136739816
139085261
138954002
138989170
139114916
139271393
139287037
139146649
138529178
138499495
138574088
139042010
138475498
134228697
135629927
134107566
135594396
135131307
134161901
135085151
135738127
134790355
134198842
135047321
134240438
134182652
135598399
136509800
135860970
134214100
134143190
134064249
135108480
132639113
133756359
132104606
133103034
133081200
133018621
133050128
132801887
132564816
133118969
133065211
132089146
132605440
132842861
132967774
133971094
133143848
134022361
132972829
132674986
131206144
130332575
131181569
131924963
132050635
131964747
130366651
131092116
131222549
131026185
130305090
129550450
130403968
129522480
132027140
131124785
130253461
132078541
129481292
131998523
128685087
126615787
126542936
126466382
126633264
128619472
126652079
127407111
126514753
128516765
128701901
128582606
126572151
128475052
128731856
126592056
127332653
126661043
128747285
128717196
124604248
124666286
126431647
124791776
124863102
125312385
126339837
124645225
124759987
125595188
124820183
124690572
124805409
125507071
124846276
124833801
126388162
125577006
125543481
124781498
122784264
123154663
124466822
123987061
124009318
123931675
123916495
123134651
124025883
123770039
123708333
123999414
123965753
122832458
124508514
123166938
123175442
123975749
123946928
123188919
121273119
121236451
119376923
121301569
122376155
117827038
122399289
121215809
120027082
117843861
122268177
120897484
121335371
120036454
122344866
122364413
119345142
122394214
119309911
117726773
114345769
112804897
114204030
113611965
112816268
113578802
114323233
112782473
117033026
114034381
114093911
113550545
114361805
114119953
111891260
117053088
111961652
111939104
111760302
114304041
108232913
108169051
111182645
110359617
111208962
111645050
111166947
109119200
109942041
108284769
107913176
111669614
109085293
108323415
110345516
111614073
111165699
111707327
108206346
108303757
105817436
107295696
107244229
107266184
106458221
107213458
106156280
105803035
106203272
107794984
107276141
107880507
106444158
106493861
106405639
107834796
107174247
105831217
107757723
107120404
104705340
102979990
102458181
105763439
105714030
105039686
105002735
105403020
105504415
105567487
105369279
104699694
105742443
105432791
102421305
104969823
105473274
102397038
102453812
105784860
101033722
101842006
102234897
100497659
101277079
101791682
101765897
101074155
100903136
102152932
102186969
101836356
102314811
101287938
102365866
102267084
100959387
100932574
102201839
101819370
100421057
98576038
97757278
98541174
98489732
97734575
100392479
99711345
99684500
100356933
99248345
98524869
99815305
98556205
97749405
99775891
100470497
98312118
97761818
98509707
97649353
96847829
97629850
96155914
96891610
96086491
96189952
97537690
96686865
96873859
96747197
96107402
96134342
97665868
97508747
97301127
96181123
96720093
97351568
96862823
95440948
94552895
96059156
95239927
95463859
94717625
95416766
95467984
95263635
94644890
94744221
94650155
93622480
94482964
94464603
94675132
94508083
94610686
94574176
94523623
93594639
92791626
93619627
92721842
92681205
91358863
90692614
91968810
90666692
92585379
90708439
93605714
90739817
92531781
92748387
90261746
90252426
90245435
92703874
92776803
90151227
89476461
89421434
86820721
86802425
90140155
89677641
90057275
89550504
89523079
89393160
87369002
90025660
89511015
90118546
89447145
89686856
86780037
90062504
90093254
86226029
86218656
83392783
84610758
86595427
86143846
84900276
86227290
86760172
86098821
84884991
86158072
86125268
84646895
83314212
85516173
86736609
86617712
86689865
86711274
81312770
81740299
81463000
81394756
81591660
81545961
81604605
82445452
81490229
81576164
81562704
81531561
83295827
82524187
81349073
82478955
81327157
81734237
81725203
81379362
78410925
78322375
79112800
79101151
80758502
78518161
78356463
78200494
81010252
77328529
80974315
78524570
78436356
77317447
77307822
80728395
77277550
78463608
80718828
79067260
76194982
76332079
76217578
76287037
76257793
76237939
76320965
76117794
76265354
76765521
77107486
77232382
76313381
77259896
76088699
76773877
76309169
76274531
76690485
76298029
74068137
74067648
74042405
76065524
74092184
74065927
73538961
74078233
73900975
72949732
73513769
74054555
74094262
76048012
74027506
73985385
74104561
76034331
74100846
74081592
72900942
72074946
72248474
72103111
72866501
72277870
72170214
72124258
72881570
72178703
72604787
72571342
72237204
72226687
72196981
72259730
72155215
72187501
72921224
72139769
69438095
70474844
70632380
70445117
69466359
70605316
69557099
70350587
72054792
69527130
69489294
70380377
70553362
70324669
69414840
69390943
69382282
69540749
70410726
69538133
64833511
63671650
65515680
68651070
64888388
65526527
69023190
65713309
63741813
67346578
63614285
69078199
64860653
63652325
65495390
65509886
63630498
65502448
69114912
69105871
62215760
61366724
62804802
63104854
61671565
62377378
63534920
62240196
62193547
60390688
61664165
60364019
63102153
61681771
63289316
63551677
62396053
61696159
62306734
62257769
58741708
58715839
57102715
59289630
60177578
59183159
59273161
58708127
60324184
57073681
58618549
60344276
59258493
59196153
57143449
57115299
58830448
58754549
57128180
59171528
56610861
56467259
56164063
56000112
55905862
54857278
56884407
53800114
56584076
56934521
56909502
56985880
54839751
55926127
54870246
56588083
55983382
57046967
57020310
56497197
52985940
51871708
53218792
51764846
50773130
52873173
51886415
53780877
50787018
53408298
51846137
52253157
53007811
50824800
53020351
51782969
52264439
52996616
52969698
52284152
47719216
50423495
50425074
48631855
48082503
50750200
48620360
49693179
48659605
48645769
50462989
50454602
49952314
50155293
49909579
49895765
49942224
49704007
50761747
48069284
45708867
46511983
47368295
45491568
45699651
45899390
45486187
46176161
47383238
45884079
45873679
45630918
45490949
47695144
45363899
45354630
44882413
44872664
47705390
45112336
44409634
43907111
44030344
44818370
43740455
43727300
44175451
44831903
43749428
44764966
43699988
43672729
44563524
44400754
43899317
44189631
43684751
44556363
44181093
44549760
42947747
42299376
43545929
42398451
42927824
42054454
42050531
41495008
42038821
42941737
41469814
41998904
42239550
43270459
41954289
42415031
43545574
42937712
42421615
42303579
41068019
41338845
41227198
41345424
41082171
41088871
41069828
40770176
40205994
40761613
40755439
41054663
41341754
41348305
40427650
41077587
41061163
40193425
40182026
41461954
39754428
40090561
40003318
39650708
39872255
39752310
39504839
39879206
39639733
39510107
39495952
39487646
39768062
39629154
39477310
39464964
39761837
39665575
40085219
39453419
39067870
38845491
38474745
38880797
39090790
39054196
39197012
38856519
38784608
38827882
39140125
39432266
39160797
39078027
39201806
39169475
38870493
39149310
39042225
39188164
37084711
38350324
37764226
37272903
37060149
38092134
38225847
37738734
37705234
38359100
38366482
37798064
37808756
37357806
37732074
37715070
37966609
37779014
37832380
37822100
35557986
36535042
36797930
35975892
35788300
36340931
36960775
36972814
37009949
36522297
36782466
36330789
35984206
36954395
36509674
36316437
36544241
36322635
35997503
36307686
34972611
35110567
34853214
35051134
35377516
35371787
35360985
33163505
34751036
34758941
35065831
33146326
35073284
34978932
34824838
35017121
35006457
34739166
33486754
34811651
32660504
32572603
32633939
32810305
32650531
32851025
32838191
32562994
33119093
32899644
32705519
32721893
32443168
32431715
32590833
32832160
32823039
32642628
32581769
33106142
32240137
32193222
31922378
31967174
31754101
32172186
32235457
32415582
31929949
32222931
32394463
31905918
32340358
32403400
32230658
32354122
32346337
32165520
31957561
31745924
31469966
31690496
31439924
31420918
31449600
31489948
31366875
31651705
31355315
31478064
31492099
31426839
31392051
31703206
31732681
31371632
31680040
31723729
31741389
31379994
31005095
29601379
31348134
30982263
31212725
30784591
30575053
30569298
30513289
31230550
31204656
29610066
29345221
31003032
30501281
30795771
31221009
29421931
30970935
30794913
28899502
29255171
28958113
28923711
29234580
29240477
28651020
28909530
28526000
28950899
28661148
29027109
29245319
29033984
28519632
29021705
29192282
28786282
29337282
29249283
27520521
28494920
27678918
28037632
28509354
27655415
27691529
28044900
27471058
27529021
28220108
28485197
27697198
28228026
28503365
28313593
27524228
28320174
28326493
27449197
27232432
27033645
27093076
26892833
26706115
26665240
26722390
26731185
26679786
27296626
26697313
26656112
26736763
27220210
26897739
26672288
27302961
26717095
26728155
26617429
26505933
26420512
26530469
26512186
26412516
26599981
26405000
26611072
26309199
26499929
26243584
26535868
26518948
26425645
26315933
26289914
26256682
26492466
26252202
26437032
26057186
25820345
26233389
25889487
25776817
25845500
26065668
25846685
26049081
26071451
25884501
25692615
25870562
25846209
25856698
25795434
26222856
25847428
25769670
25990427
24937006
25266802
25407855
24855577
25251056
25444220
25620156
25666487
25065310
25035248
24763180
25025148
25261716
25316608
25406247
25082887
25606224
25031552
25683669
25021185
23968102
24493477
24087123
24458787
24098789
23992149
24342032
24466331
24435107
24165573
24174438
24655389
24428501
24448363
24159229
24572252
24091258
24080869
24075217
23998530
23358233
23086506
23095464
23810783
23761889
23896642
23803091
23737692
23572302
23134879
23080111
23383406
23891662
23376521
23365703
23905683
23555128
23912563
23958741
23157680
22541418
22928126
22783774
22585188
22701569
22545488
22953606
22879918
22920542
23072442
22960745
22910524
22887003
22776431
22695230
22916968
22687373
22791430
22682554
22577717
22068604
21942616
21939635
21921388
21933723
21914510
22236799
22259411
22129651
22125566
22098777
22091213
22083613
21948263
22106406
22117336
22240303
22229448
22111799
22076610
21874433
21730450
21486036
21295076
21287354
21490533
21894146
21652146
21290305
21481968
21884968
21674031
21305343
21668110
21497540
21301695
21299207
21646316
21283498
21680469
21094303
21025734
20718186
21163226
21189499
21168408
20976333
20811002
21280459
21150130
21154237
21033110
20980332
21086670
21140570
21068465
21055559
20789051
20722826
21020855
20259888
20644957
20633717
20420344
20328081
20562314
20575908
20637123
20321130
20324825
20308337
20569252
20639945
20304787
20530649
20471614
20315018
20286496
20632442
20398313
20045396
19962489
20083498
20114534
19959056
20068898
20030939
19955864
20079493
20063753
20126448
20232412
20040302
20034141
20131948
19952702
20024798
20050977
19965246
19948409
19385000
19810471
19801220
19798615
19145961
19640510
19887406
19786617
19636869
19383285
19370462
19160124
19904475
18966118
18962312
19805144
19793310
19378501
19375382
19789678
18657145
18322264
17661551
17344541
18088763
18351918
18652945
17475767
17466402
17655613
17771271
18842224
17441645
18336260
18682295
18326814
18332446
18215611
17469498
17320155
17065545
17309521
17251684
17230703
17003051
17051465
17303610
17199668
16959422
17009935
16948893
17058391
17194805
17071052
17054465
17315608
17204322
16952052
17049645
16954712
16595586
16461230
16826844
16292028
16466290
16295224
16944915
16581426
16476061
16471415
16946336
16297493
16744232
16823801
16574725
16472749
16829229
16230044
16586981
16736802
15783222
15771989
16107037
16218956
15966922
16114047
16086006
15643046
15633073
15797039
16099601
16212219
16094908
15806732
16223287
16188929
16226467
16192981
15975095
15626237
15426264
15442050
15480827
15364608
15429320
15353497
15487829
15433522
15423218
15348589
15445261
15619603
15358451
15337220
15472314
15318169
15614414
15503056
15343883
15495564
15192537
15188048
15044416
15286101
15142877
15206530
15051580
15290680
15302322
15064894
15035215
15154837
15294842
15149434
15135773
15127811
15216455
15197734
15129396
15307592
14707315
14690476
15002295
14995839
14878295
14992325
14731338
14904369
14986990
14712356
14717887
14681232
14897432
14982425
15010019
14909828
14722489
14702175
14889257
14979334
14361698
14228927
14678455
14343369
14334199
14207857
14198229
14353000
14680811
14680480
14663708
14525879
14335498
14668967
14235134
14191989
14358797
14365664
14202749
14214921
14163541
14073265
14162111
14059845
14041453
14025587
13910967
13866024
13859163
14169509
14175375
14083711
14065902
14051669
13897117
13752788
13740714
13884913
13874635
14029439
13542287
13521713
13518067
13357796
13389910
13514655
13561562
13723253
13656802
13382713
13535864
13501877
13376824
13369218
13712524
13658388
13551516
13730365
13734698
13569904
12964495
13343143
13194132
13352514
13182956
12986251
13335310
13021345
13342133
12975243
12980635
12968981
13201896
13161619
12972080
13167238
13052957
13171784
13057739
13030561
12868727
12687840
12590272
12662159
12889718
12744191
12723912
12715405
12682094
12665569
12886510
12599610
12736554
12659084
12893765
12904766
12730196
12748684
12583875
12671465
12399797
12362782
11997691
12391401
12173409
12539657
12002928
11994507
12020422
11995979
12524463
12407916
12570344
11996598
12355586
11990321
12158325
12383221
12013428
12345385
11696529
11554906
11712214
11682641
11434298
11850421
11549507
11982444
11561867
11838782
11383593
11707823
11392075
11262418
11255030
11845322
11378188
11404048
11688831
11415751
10807471
10911473
11094490
11086253
10905422
10941645
11044098
11245466
11215301
11024245
11028325
11080643
10814784
11074293
11239208
10929956
10919049
11037031
10901486
10947432
10796137
10707494
10792877
10683170
10695803
10591303
10581428
10687909
10573897
10586294
10566421
10588343
10559621
10556682
10467921
10462113
10456949
10689649
10702902
10451500
10202641
10189894
10289314
9930736
9840484
9931811
10291953
9952666
10051758
9948437
10297167
10336311
9956798
10047847
10184384
9944950
10197775
10071243
10205579
10332613
9687547
9800394
9678159
9453493
9813556
9829461
9684427
9807652
9604255
9826142
9675384
9835093
9712627
9819071
9690689
9681656
9719198
9600144
9803726
9727762
9408188
9332427
9431632
9307147
9293049
9269720
9434796
9287476
9338178
9319940
9283122
9323902
9310960
9272802
9328677
9276663
9349608
9343909
9439518
9297559
9070140
9138603
9175471
9132504
9162738
9264765
9258804
9179808
9136005
9127613
9142537
9212844
9192110
9190216
9074594
9184668
9206596
9198222
9216725
9261647
8954123
8948416
8926687
9042899
8956404
8955102
9036945
9026735
8956931
8936880
8931302
9017664
8953109
9031463
9040981
9064735
9034206
9050406
9058705
9020874
8832841
8794762
8909895
8836133
8914845
8900115
8903234
8896475
8834292
8797382
8913679
8828696
8808723
8892861
8804902
8889487
8842029
8918029
8837124
8802686
8706338
8448064
8748192
8686508
8697581
8311158
8716696
8725174
8750414
8317869
8229118
8754511
8594982
8224133
8459303
8452889
8736082
8691571
8314111
8307582
8117232
8220979
8130575
7947358
7971017
8136478
8143557
7982149
8120229
7979104
7964219
8065070
7941911
7953161
8135744
8124445
8217437
8140117
8127631
8060612
7673893
7770545
7604995
7876473
7527135
7470353
7899218
7884049
7890041
7775548
7862585
7870825
7779703
7539093
7543251
7894532
7535882
7938588
7902319
7899748
7285119
7273123
7408861
7225986
7360910
7392370
7379089
7313299
7467742
7271053
7406265
7396642
7366316
7373186
7453161
7401511
7221031
7465867
7310280
7278908
6970879
6968081
7194226
7120745
7216150
7047488
7112528
7042835
6975401
7129502
7053082
7124783
7209048
7204565
7037609
7122477
7115989
6972834
7034465
7050196
6867700
6963769
6805743
6800966
6899722
6884914
6870925
6901206
6958917
6894904
6892008
6952881
6760697
6889702
6869161
6876275
6897659
6873373
6882599
6954763
6638800
6734744
6662222
6656653
6635702
6490334
6580151
6739301
6660139
6621309
6488849
6632065
6627629
6623792
6746505
6758138
6650049
6625762
6653079
6644140
6312769
6243815
6448815
6377147
6486637
6381312
6229028
6443972
6452129
6382208
6319448
6307283
6441012
6484160
6429542
6238443
6375309
6454165
6322657
6317288
6073993
6147383
6156136
6070801
6017715
6020207
6158008
6014947
6011627
6060962
6087597
6162720
6080884
6154701
6007624
6002810
6079533
5956457
6084926
6149770
5934801
5938203
5924299
5881855
5874828
5919550
5889247
5928928
5878589
5881008
5865817
5922193
5885354
5930764
5876107
5949839
5952918
5927241
5892887
5932278
5742081
5735066
5790495
5821862
5803159
5825663
5818739
5810462
5746548
5863439
5738491
5852088
5859871
5853923
5783266
5793167
5855254
5813297
5796111
5750700
5716659
5586225
5575787
5634404
5629861
5611819
5728746
5626914
5595066
5578950
5731755
5614616
5724344
5638274
5648981
5602604
5607614
5654171
5582641
5591768
5491789
5458817
5446232
5437955
5501621
5440307
5456054
5532376
5434036
5520720
5497155
5435656
5460767
5444592
5493695
5442559
5454031
5489585
5495121
5505409
5397114
5380925
5369660
5394799
5273859
5400759
5257904
5378194
5331594
5180592
5392525
5405501
5389779
5335056
5402487
5333097
5254539
5270449
5195273
5261248
5050855
5047946
5060339
5045027
5180734
5123343
5119433
5057152
5114554
5053986
5117365
4981245
5192427
4978700
5185684
5182752
5126482
5188999
4976622
5058348
4915940
4785439
4900377
4893920
4918723
4974300
4898794
4907604
4832636
4903458
4921461
4895204
4897103
4863101
4905060
4859615
4836092
4838757
4789620
4857108
4676631
4606260
4679469
4633687
4616503
4705550
4602000
4629395
4773365
4780582
4598226
4701603
4777638
4674567
4625983
4604019
4637802
4620620
4770542
4608301
4532558
4535966
4552235
4560897
4596302
4530488
4545731
4543091
4504577
4541327
4565473
4554322
4549652
4534201
4502806
4558235
4539100
4550924
4563562
4500205
4475016
4423460
4439166
4422800
4501046
4430052
4476701
4482325
4471778
4467718
4436863
4426357
4500093
4498145
4418525
4465794
4435943
4433097
4494649
4479042
4357860
4352175
4403268
4413474
4405444
4347551
4399416
4411065
4408304
4395803
4288711
4340025
4400900
4397233
4333354
4281924
4362244
4285444
4276638
4336915
4072540
4064250
4189954
4181077
4097354
4087644
4150763
4159946
4163750
4260094
4088836
4080618
4273335
4077324
4070086
4091974
4186000
4093419
4086205
4068422
4024399
4062773
4030340
4019155
4014577
4061776
4017132
3978192
3980284
4034004
4060331
4020478
4012813
3975193
3965112
3972284
4058951
4009275
3977138
4037045
3894949
3905945
3914024
3950082
3951700
3949017
3909042
3850322
3847639
3897840
3843860
3838413
3958687
3960653
3896780
3947259
3956359
3912108
3853856
3953278
3713897
3675636
3678901
3792498
3694878
3668914
3832496
3777141
3834316
3705013
3700188
3785772
3706893
3690310
3711161
3780729
3697795
3672053
3773193
3789535
3613286
3594453
3586559
3593605
3588869
3554985
3590183
3549940
3661812
3652569
3587643
3556610
3659265
3592303
3665696
3558154
3552737
3654854
3610256
3607903
3499054
3547225
3500008
3508941
3532734
3503001
3496970
3488050
3513808
3511196
3512214
3541385
3506024
3482316
3483866
3543537
3531745
3539733
3534211
3486156
3455014
3435234
3425885
3386437
3380471
3374889
3386327
3480665
3392607
3452961
3422810
3449523
3419354
3388859
3321221
3427824
3444060
3372670
3376697
3439403
3137706
3200876
3136222
3303051
3230371
3215255
3248025
3222042
3195446
3235534
3315177
3239120
3250533
3245058
3218323
3212113
3211323
3197560
3145786
3139630
3101099
3056564
3048869
3045533
3085107
3043434
3083949
3135006
3109204
3106074
3086659
3098085
3096301
3092138
3083067
3090315
3103553
3082056
3062579
3059376
3007364
2984875
3041837
2985948
2960731
3035751
2987638
3039980
3002679
3000658
2992652
3005138
3034779
2957407
2999167
2989159
3010682
2952627
3033310
3008953
2939526
2835910
2805818
2903136
2833378
2858701
2899759
2862364
2808050
2848990
2941722
2853016
2947110
2850317
2950093
2855699
2943452
2894809
2804643
2844424
2794644
2756349
2751754
2739185
2792160
2707709
2799882
2745695
2745167
2798360
2803514
2741599
2784938
2710936
2748343
2796445
2786484
2702825
2782258
2789462
2645911
2701197
2694160
2608095
2559484
2652634
2517107
2696334
2560933
2657641
2514896
2689277
2610438
2512759
2689896
2605525
2650059
2553276
2555630
2691915
2506281
2456932
2446704
2443106
2492295
2449905
2452299
2488727
2460318
2401028
2462395
2508973
2504721
2511102
2458335
2453783
2495458
2499782
2493816
2490816
2283640
2394744
2350297
2380858
2376955
2382600
2292609
2287276
2285092
2289704
2378339
2391972
2343838
2335084
2398926
2384315
2347300
2386155
2338659
2396328
2129764
2231136
2126684
2173332
2122793
2113338
2109906
2132441
2124547
2228675
2066482
2107366
2233120
2117569
2280876
2226281
2235148
2120599
2237502
2222104
189844
1184220
2052108
1983838
1977326
172097
171375
170366
2064252
1907284
764275
204415
2056180
1979357
2060082
170803
1906524
2062059
1981446
215434
