1109091272
1111638353
1111747763
1111315340
1107380080
1107098177
1104760577
1109206001
1196136700
1110985545
1107176671
1196414905
1109318784
1107294559
1106910983
1104374586
1109428515
1111812293
1104526111
1109539172
1074945493
1076842189
1069613987
1074852170
1076909503
1054093051
1053950695
1067581656
1075072770
1069525544
1095746560
1074779457
1068054352
1093632754
1095543818
1074664017
1076708742
1067689492
1072279672
1099845230
1047587322
1035866217
1033952982
1030191246
1030086934
1021233321
1019699030
1047955643
1035722330
1021666434
1052121039
1032414530
1047838367
1032328950
1021588399
1021344067
1050012697
1047680381
1052021035
1052173886
1004298854
1000193456
1015637900
1000022819
1006727494
1006441356
995493046
1015786381
1004153120
995341841
1019326305
995621666
1019591495
995186406
1017524512
1006602605
1017407259
1015715354
1019418516
1004038113
985527495
979949207
972689000
980759671
985780481
982776752
977919889
978942278
973237129
985628940
985709661
993503071
972851295
991543088
991026207
980925414
993012508
978790888
982966785
991206298
916021145
899118441
920081771
960946028
935867523
966231110
916114015
935330672
952026450
961014146
950496116
966532209
964612490
937544365
922828973
946813049
922707589
898975183
898833368
937697531
771242116
872609404
897217136
859847485
776279238
776341481
771086362
785923491
887581548
891938709
881643649
772338691
889365612
896761876
772432494
865621043
881739785
785453168
785389859
785298771
737927528
768999679
767386648
739478650
739558954
739682788
768904872
769387354
770923178
748080585
767553808
767701332
767481166
770826349
770545864
748188154
769229353
741792419
738020850
747045248
704574043
728868272
731390439
734015890
733924147
731643585
737643236
731497922
734104568
706788951
704626736
706263218
733335964
706726098
702784763
706343843
704668455
703872308
737730475
706193846
644745895
644882127
622691036
648005989
647746541
656905981
656818339
687404453
687514266
655226059
702215679
646231314
652992527
646331452
702559658
702325332
655163036
647827195
644960012
655011671
611804398
610447143
615876787
617582191
614561530
622620781
613377902
611936738
610263617
615476383
610510725
608911508
614053512
616024431
617246742
613320799
611877061
611720889
610550812
613149649
591663567
599318614
600946678
601028596
592897716
599620767
599472634
589922146
587662944
599680090
591554213
590087424
597930832
608853217
608748647
599732001
590146878
589993223
591761177
593037785
557034762
587527385
558445836
555890593
587595292
555826373
584015812
558537834
583654256
558575668
583845655
557317407
557249297
555815461
555588133
559555648
555756888
583924864
583783006
559573652
545733349
548557697
549729229
545609167
538674319
540085709
545836792
545885194
538795371
540192913
547212421
548432512
538749356
540147013
549553824
550964932
540044630
545682310
548502448
547134989
475803414
475465395
536083286
531468628
531385083
529548608
517539596
501567004
536028045
501463186
536142990
529793236
515737314
500109730
529698566
515547019
515664437
475760161
519345880
475880380
431009448
436077361
429625547
473921254
472788363
436140475
428443356
472854544
437578490
418263589
474012340
437528445
428277951
428191058
429747320
429681603
426859991
456270143
426787326
475367584
414186377
416972601
409768045
414357880
408801184
408636943
409813613
408663762
408655787
408672075
414436907
409889773
413468155
409845654
408666087
414284787
409916717
408839630
408869081
418231763
405383412
403021501
403098077
405320803
403065447
404832490
397226492
398586072
404918131
403635251
398463920
397116985
395809310
403718995
405244270
404759489
398529596
397041739
396837635
403544814
388693538
387455369
391875889
383492685
388989505
388834881
388850237
395746005
391792704
389062632
388600807
388459221
382508763
395700456
383538044
393062355
387271874
386547505
386418643
387381106
380331315
380364875
379226050
377803816
377724015
375117823
381248551
381309457
379250352
372787331
373877073
380326728
382440856
377788964
374943827
379146888
379109590
374892485
381204647
379195312
370130125
370316930
372743787
358389312
371606617
371563220
353972606
357272623
353805307
371500501
362795499
362872213
372675820
358502453
370192154
357219231
371598803
370262450
353892875
362836385
349804537
348705839
352731534
348565633
349705691
343991635
352807549
352594789
352858788
344021308
344083276
352916974
344131123
342623939
352891432
352661817
352654495
343973096
348640372
352872191
340056630
341127762
340149626
334565907
340210848
332940147
329611100
331902850
329575057
328419310
335885711
341039560
342557527
328471351
334490865
340980808
322610975
335923761
331945647
333021778
271145478
321545940
322305277
311352756
320303832
319331017
271102834
313343658
319493308
310108779
319341443
321548423
320575667
319351973
320531944
321463697
271123757
312333737
314376117
310043979
263615039
266691076
266896041
263632423
271008789
269927795
271076032
264336354
270979841
269910097
268847227
266675550
268806477
266642819
264386517
270942504
263532024
268825557
263481245
271088718
262559167
240762282
251934426
250046750
247225140
252017313
262495365
250019270
262467064
263346183
263297825
262279207
252045939
262584768
249979285
247171556
251977022
262324734
247267441
247186361
237961164
237148702
238002495
237856842
237209116
237196477
234007894
232435899
240720294
238807725
238710679
238663160
237899050
232533786
232495352
231583857
238864450
238759728
234046554
237103968
224232050
225776115
228479920
228601948
224276443
225696539
227894416
227664402
224181864
228433099
227684722
224260766
224891319
227853720
225767729
228643427
224920511
231561024
225724675
224294934
220663853
213924152
218733579
217161166
213258879
220727042
224114651
224077587
211399896
218060901
217888188
224025205
221218881
217843960
217305581
221262749
213220909
220771823
217129298
221248930
210038938
205147000
210876191
209867577
207434476
210704194
209957227
206787800
206712251
207402705
205844637
207347989
207416087
206758066
211379867
207422309
210746881
210010547
209916952
210845477
202693032
205105921
192455893
191044162
194060940
200544092
192403985
190302373
194234512
191021515
204372142
192383407
205114516
199771898
194282994
201917677
190344479
194109804
189190769
194258683
182239104
180327989
182550849
180300846
182748691
182269698
178480618
188053064
182717635
181653484
178430425
182676229
182603092
181713732
182621742
180265626
178398387
188075407
181621275
189161253
172399254
152842256
177756512
152744772
148781614
172441613
172305118
172257959
172343052
151348087
151229882
173386086
152803616
151187232
178257509
148157932
177717444
172188040
178304078
172492475
141489892
141445208
143566340
138407778
136809868
146059780
140891023
140773791
142159476
136680571
138499495
140858284
138475498
146137259
140838125
138442234
136776337
138367632
137458965
138312901
123912298
131941088
135973710
125486981
123770039
131123374
131825949
131913767
131899941
135906523
135819191
135860970
131190267
131163610
125525847
123934950
128432934
125548077
130132490
123890440
119264746
119177565
114205310
113484761
112605601
106812907
106709991
113517765
106755366
114157989
106780517
123012599
106942317
111805052
119230193
107715069
106726259
123045204
112564790
107686129
105893038
105181890
105483396
106376550
105905156
105508680
105931080
105946455
105562092
105534550
106548356
105992074
105916776
105194538
105172478
104903328
105977609
104873815
106408432
106005381
104804365
104605179
102212209
103730419
104742437
104527940
103787671
104517327
102226458
104709284
103990842
104778294
104665335
104682012
104149178
104847324
104113022
103814147
104642893
103753833
102111639
100921085
101299289
101279378
100809983
100867977
102081534
102060712
101163598
100850178
100828913
100990145
100941092
100791554
101296342
101018193
101211734
100961260
102010551
101179029
100418754
98610252
98685978
100605662
98728302
99163230
98135676
98576449
99872381
98077523
98627858
98703992
100616924
99207111
98587437
98163134
98753450
98100218
98663170
98776147
84149669
84134489
84195961
84254214
84232511
84216488
84167781
84256434
84837936
84118818
88130290
97879607
98033712
98068485
97857887
84185715
97908077
96380873
84816319
84774983
83442435
83414802
83222796
82542636
82531825
82529993
83430150
84091585
83400274
83391496
84079454
83378585
84070490
83272843
82578490
82494575
83366609
82568006
82554381
82517463
82195712
81076921
81021228
81056984
81110232
81725112
81117122
81068285
81662730
81488385
81708042
81684228
81096329
81559246
81086508
81048846
82114090
81697946
81672046
81509699
79924153
79886954
79860953
79743189
79879415
79868937
79740351
79687812
79525995
79567475
80980712
79716122
80313624
80888408
79912265
80856581
80958732
79931260
79906214
79898819
77774962
77565520
79142078
77813432
78477020
79121724
77709049
78434055
78963046
78362947
78309997
78387941
77804167
78408029
77791395
78936324
77754281
77729976
78452454
78464870
76328681
76312167
77217997
76375484
76300945
76364029
77522829
76351714
77166842
77487943
77121934
76295082
77094708
76343239
77233926
77201697
77182619
76319554
77247768
77146444
76286240
75159620
74034029
73929833
75127474
75146840
73954726
74010745
76241727
73551111
74411948
73485045
76272558
76263680
74052269
74389048
76175646
73903446
73534607
76279448
72196981
72739274
72170214
73445227
72752478
72769442
72178703
72139769
72105936
72705724
72155215
72716991
72187501
72695099
72126260
72725396
72760222
72684443
72067803
72674896
70077916
72018387
70092641
71494248
72046626
71442016
70099746
71461796
71297752
71476500
70061971
70085309
70051508
70075842
70113999
70041758
70424826
71506398
71420257
70454188
68585994
69125496
69101364
69678580
68554873
68536769
68490259
69351767
69114392
69137163
69369926
68614133
69669189
68513815
69688096
69390125
68628744
70025020
68645010
70003466
64823698
65218641
65234838
67088820
65845566
65252254
64764514
64745484
65320972
64455979
66536697
64848029
66463530
67112954
64806565
66490572
65835223
65663363
65851017
64784906
63657206
64445163
64392696
63704418
62712639
63859527
63136830
64354132
64414479
63676724
64428432
63877784
63172192
63108912
64315699
62759571
64379756
63186019
62735006
64335919
61798245
62003366
62306734
61951789
61920270
61862852
62214181
61979019
61845764
62023155
61568025
62691656
61994958
61967160
61558867
61987298
62283504
61939896
61786086
62014619
55296612
55290284
54895117
60212604
55719562
54930834
54939460
55268789
55722044
54921115
59319875
55318299
55310445
55242834
55302361
55192668
55185603
55215330
54885886
55256634
54877959
54222687
54389450
54239884
53733166
54204459
54775378
54381372
53800114
53763941
53321802
53780877
54182657
54701676
53296973
51953632
54756734
51936921
54867080
54677856
51021009
50674072
50522758
50418824
51068927
50728799
50504807
50685345
51107024
50529651
50432055
50168926
50540240
50533941
50514705
51036146
51091525
51006772
51917320
50718287
48673515
47832494
48615094
48688003
49878503
49897572
48066318
48078383
47972171
47962540
47404969
47822397
48681319
47828159
47816881
47416614
47808489
49910186
45682755
45670772
44218597
37623177
42482594
37629117
37590330
37584550
37633163
43920414
42495564
44486934
45152412
45134319
45648083
44200048
43944881
43911503
45403564
43933044
43728404
37626434
35840842
35874445
37107482
37350093
37347063
37113046
37578738
37103486
36079393
36062297
36276467
36106331
36054225
37353672
35900932
36284486
36109585
35897071
36084100
35878290
33395337
33398608
35833802
33397342
33164174
33356635
33634046
33371594
33334657
33304909
33308525
33390461
33174806
33393511
33208462
33914778
33324244
33141993
33642616
33384502
32883715
32698553
32693285
32683653
32661618
32665313
32709780
32854351
33117629
32717476
32741204
32920616
32642628
32866840
32650531
33129223
32979633
32912196
32933967
33108209
32432834
32220201
32250465
32503419
32447696
32508466
32225637
32237816
32391448
32246208
32468387
32232584
32421884
32407138
32633939
32188977
32200569
32218135
32210699
32459817
31690276
31977432
31895460
32114692
31684965
31709151
31695286
31957561
31904769
31733047
31723376
31927296
31675822
32130403
31983955
32142738
31967174
31950660
31917539
32153989
30480244
31667686
31654998
31421176
30756491
30249270
30722133
30707948
31429807
31461945
30738287
31447930
29392147
29819214
29831320
30750779
31469340
30242039
30698815
31670855
25863645
29381096
28514730
28528412
28471761
28944382
28521915
28478151
28764417
28927614
26275622
29372433
27512428
27504408
28534308
26285062
28769034
28485164
25857414
29373416
25038240
25490255
25487595
25047969
25592495
25495879
25442232
25609735
24920736
25577208
25789128
25133603
25412925
25138919
25779084
25626380
23754414
23382424
23167785
25796951
20222290
19783407
19352952
19471468
20233457
19465363
19460293
22423299
22713586
19861546
19778224
21019950
22865274
22782301
19907137
19866263
22386946
22392011
22346414
22342190
19349628
19234941
19209177
19205913
19194703
19189465
19346245
19091140
19124760
19342220
19095043
19214481
19113370
19338290
19198615
19109347
19203527
19097216
19336023
19103701
18096178
18244878
18739341
16598547
16508630
16501944
16586428
16455164
18184708
18003119
17995110
16505094
18006711
16763496
18867010
16770961
16767575
16764445
16497958
16493203
15836615
15798834
16135122
15474779
15830625
15633039
16138504
15613381
15834559
15642116
15840923
15246840
15805267
16448824
16132160
15463395
15812415
15486534
15243574
15603742
14906170
14756516
15087003
14908912
14908268
14907313
14925988
15049159
15063841
15242234
15237826
15056386
15045671
14935710
15079025
14930261
15095732
14910344
14757857
14757173
14750557
14364609
14755746
14382619
14360265
14752588
14754539
14755013
14749820
14385054
14258332
14391046
14396573
14750877
14753653
14751396
14394179
14387879
14352280
14261820
13764487
13771015
14253966
13368583
13778189
13079397
14242261
14251493
13755093
14245522
13184898
14187903
13170939
13085358
13378276
13177306
13598834
13387290
13755479
14248051
13043966
12923383
13050596
12946002
13036026
12940667
12935028
13065785
12926439
12898724
12891242
13070029
12950599
13076727
12930984
12918666
12777592
13074328
13055036
13061062
11800214
12735744
12364313
11798903
12357128
11802823
11800994
12728604
12759026
12741994
12718131
12701772
11831385
12768094
11823470
11806483
11804564
12753138
11799739
12762497
11784053
11780160
11781109
11782079
11779231
11783481
11778955
11691655
11793142
11794204
11792359
11790116
11785461
11784330
11781403
11779571
11782745
11795726
11780767
11690512
10825306
11683611
11682983
11684928
11686507
11688142
11687372
11661251
11682180
11665742
11059593
10857236
10849371
10843698
10861832
11685619
10845805
10884659
10839198
10822817
10595116
9839988
9856358
9933810
9962716
9745595
9954104
9846321
10598387
10812424
9755241
10818235
10691223
9748956
10584401
9959239
9903643
10810907
9762305
9741962
9636817
9653272
9650903
9737176
9611012
9491488
9731668
9495026
9482298
9630068
9622874
9633832
9432949
9715796
9720563
9645213
9660425
9701083
9640633
9617895
9224707
9001948
9013869
9294292
9300044
9017556
9304734
9010753
9000022
9187233
9020423
9308361
9008518
9290866
9077405
9205115
9081412
9005919
9071880
8995060
8866873
8941925
8975611
8863745
8926064
8982755
8972953
8931167
8920696
8946333
8987829
8989978
8985476
8979549
8935367
8957971
8964282
8951760
8874285
8869988
8731752
8771182
8720468
8820161
8760032
8645777
8634807
8860771
8750458
8640786
8764594
8653204
8834107
8739191
8650406
8735691
8746160
8825475
8767775
8756020
8248308
8345713
8630912
8609805
8595481
8370292
8359624
8623386
8374069
8613857
8305488
8355951
8376495
8605155
8618020
8366699
8599429
8363747
8627591
8350573
8206152
7872389
7784303
7904100
8230126
8202863
7938858
8224155
7921212
7820918
7784792
7862971
8086448
7917873
7914294
8201053
8053633
8061431
7925114
7923885
7528402
7552731
7614514
7549156
7483159
7463506
7472691
7537486
7534491
7781501
7470466
7460727
7478350
7783328
7531408
7542196
7476094
7673804
7546027
7670026
7382648
7367790
7453175
7446899
7424255
7451870
7429209
7350386
7454400
7370129
7368916
7444636
7373741
7449801
7377691
7457302
7426343
7431066
7428374
7388075
6828244
7347872
7343650
7294248
6829300
6894098
7277325
7341955
7071725
6835370
7339471
6898223
7289851
6889672
6854624
6833198
7290294
6825615
7068977
7069238
6655890
6506682
6534430
6645416
6820537
6525179
6513437
6537308
6511747
6538777
6732122
6726679
6545114
6808692
6652531
6541872
6736621
6543191
6648034
6517395
6389293
6406219
6471893
6383888
6369941
6446189
6337007
6375598
6407332
6385943
6373237
6462305
6467648
6451339
6449231
6503907
6441370
6470322
6402306
6338228
6109733
6233241
6230317
6298374
6311827
6113278
6111588
6316051
6226646
6222866
6159124
6307628
6300888
6305449
6313249
6155466
6152403
6147997
6115781
6114795
5961678
6076062
5956445
5951803
6036498
5964417
6101825
5948242
6034156
6038188
6021800
5958993
6082138
6084996
6071038
6104082
6032435
6106369
6098445
6029668
5808031
5903911
5871590
5837655
5938066
5866648
5787279
5930672
5942174
5905795
5940201
5828711
5933658
5868970
5866309
5834799
5832040
5804185
5796480
5935942
5354102
5710891
5714842
5507556
5398429
5394443
5400746
5411424
5755837
5455741
5402927
5456691
5390719
5352382
5405136
5407524
5460227
5753265
5456234
5456078
5337528
5108428
5345918
5241482
5173194
5112088
5180750
5260411
5192282
5250123
5350750
5342969
5340764
5334008
5349042
5189183
5252917
5184108
5175942
5170192
4921852
4981554
4926762
5067438
4984387
5065172
5038756
4973361
4961600
4971654
4931949
5043790
4982609
4969831
4986330
4975447
5061923
4959812
4989018
4929172
4911701
4840747
4842872
4914033
4848945
4827331
4847567
4919542
4917419
4865423
4908388
4901322
4831177
4903486
4873579
4905522
4838704
4853655
4875517
4868327
4685260
4700807
4564474
4556296
4693642
4602671
4634584
4633299
4627865
4554694
4626281
4687684
4543413
4697938
4630445
4549652
4560141
4541258
4562409
4557960
4498938
4461788
4419690
4468325
4481097
4425767
4385944
4495357
4464717
4493160
4489751
4529521
4484054
4422725
4414493
4532364
4424290
4477030
4409808
4416777
4267712
4257013
4336466
4346328
4338997
4330254
4320346
4270045
4374198
4264160
4270719
4383430
4381200
4341424
4332334
4327994
4279009
4372723
4252474
4322913
4247626
4135112
4145555
4186769
4129815
4151502
4095558
4132591
4159779
4249166
4137906
4156869
4141818
4170436
4182606
4148963
4166772
4172880
4163672
4094261
3983137
4040322
3956687
3955232
3953949
4036544
4049113
3977963
4033369
3864089
3978233
3963082
4047753
3979877
3958942
3973228
4046009
3952722
4038301
3976835
3854754
3813257
3842748
3840165
3754799
3862500
3859025
3862107
3860669
3827730
3824944
3761822
3758197
3733646
3659265
3655335
3836318
3736061
3830708
3734754
3564442
3633251
3516156
3525739
3641189
3603058
3630225
3599824
3652121
3622884
3636230
3639440
3550945
3553764
3520173
3523701
3517662
3484932
3643910
3566654
3481746
3483518
3476370
3393083
3384073
3447087
3452696
3443398
3470880
3454840
3439920
3456967
3389591
3473666
3479365
3477163
3441505
3480116
3466909
3396264
3378453
3360034
3354421
3336672
3330800
3332284
3348777
3347762
3351119
3368169
3362277
3339138
3357218
3340839
3352679
3335135
3381704
3371644
3375315
3342606
3040149
3038120
3317784
3280468
3325972
3328924
3315828
3270173
3275458
3043939
3042899
3039114
3273710
3271937
3041362
3046039
3320930
3268923
3044945
3267037
2966518
2940688
2807578
3027324
3036855
3024336
2963879
2957880
3035455
2951551
2945344
2941207
3019121
3014122
2943414
2956276
3028654
3022829
2954258
2810036
2763086
2772200
2795576
2678637
2732545
2805949
2767910
2735410
2669393
2765284
2797802
2766334
2733747
2791798
2764044
2673418
2671151
2769159
2677659
2731670
2471268
2467166
2626479
2463191
2452617
2476662
2613926
2468267
2469487
2418178
2473030
2477670
2475165
2416338
2473678
2625198
2622677
2619121
2611254
2598660
2342028
2362746
1454446
1385388
2392662
1425858
1452435
1450273
1429793
2338826
1440989
2415595
1368788
1432784
1446677
1919317
1378735
1374029
2344316
2395779
1201252
1185505
1205326
1153108
1192760
1201121
1368635
1271806
1192649
1184096
1297083
1151658
1278397
1202345
1194490
1287028
1154664
1368417
1299347
1202095
1107140
1105978
1118355
42115
1110939
1119878
1150168
1103106
1100140
722173
263319
42241
1115611
1109796
440364
1112972
521627
980767
42184
1148464
