1193055556
1193589777
1192992966
1191791036
1191499725
1192476384
1189888690
1193484815
1194140538
1186779676
1192142465
1196136700
1192913176
1192261971
1196414905
1191679408
1189597159
1191746227
1191442463
1191570463
1170577115
1177851842
1170735675
1170606847
1170660843
1179568010
1179754170
1186712879
1177796149
1170883286
1170773894
1177608762
1177676579
1170831512
1184889283
1179811344
1177565042
1179600450
1179657554
1177737750
1154820257
1154118020
1168088812
1167846633
1159018971
1153934602
1170429062
1154623822
1170239166
1154493037
1167966783
1154747899
1154358917
1154241461
1170507412
1170363314
1168047224
1167909173
1154877728
1167799819
1153726979
1139290704
1139099248
1139950649
1138923326
1153424438
1140750866
1140607735
1139432974
1140842956
1140032166
1139716702
1147504825
1153488000
1147591212
1140179523
1139807414
1139361978
1140495423
1153824791
1133796996
1134147748
1133656562
1134589470
1136792305
1135084979
1134838224
1134925215
1134659972
1134994326
1134089280
1134024939
1133940700
1133868002
1134742671
1133725023
1134546232
1136623561
1135172175
1133614833
1111761291
1123930241
1121620837
1123740483
1115446314
1111821808
1133495053
1123804403
1129122952
1117767339
1133524996
1133418678
1121546077
1126386592
1123851047
1126355418
1132496409
1126443230
1123899166
1115586072
1111655602
1111600898
1110003474
1107804438
1111543473
1107441526
1106310187
1102759107
1110966610
1111450954
1107844264
1102650124
1107608376
1107652712
1102691616
1102726936
1107691016
1107558944
1107724318
1107507049
1102602705
1099866623
1093822737
1085290653
1089152563
1102532666
1100043062
1099655376
1102488401
1100147939
1099943762
1093749332
1086366247
1093873537
1093962805
1086243461
1086129859
1093917213
1093848495
1100218557
1076842189
1071770873
1076909503
1069900932
1071379036
1067581656
1071518993
1074502655
1074089346
1067904012
1076708742
1083141580
1074303492
1074201584
1071640318
1069788412
1067947325
1074417132
1069840012
1067333682
1059349425
1065520380
1059030995
1050043708
1051767462
1051679387
1065670453
1059176753
1055481657
1059275583
1056581864
1055343044
1051507691
1056509688
1055201799
1051908755
1049938984
1055648781
1049829712
1049710260
1039238252
1042720490
1047410601
1045081903
1039389389
1039797412
1042227415
1047186346
1047301235
1042051248
1041964889
1047525904
1045466138
1043139875
1039561951
1044657740
1044869467
1045260365
1042505750
1039946582
1037193107
1032211371
1030485383
1030217549
1037001925
1030070357
1031978338
1028471995
1030290302
1030391240
1037893067
1037975378
1037524500
1032278727
1032060110
1029776175
1037330055
1030561064
1030159794
1037661804
1027933298
1023482270
1019616342
1028412347
1028254768
1025411623
1023536491
1028225622
1015995258
1021022904
1025336000
1021332009
1021141439
1019545029
1023588931
1021243455
1021258473
1028037172
1019687690
1028309280
1000426976
1008733651
1015931030
1004548520
1012667981
1008796520
1013362497
1012565588
1011187040
1008677560
1010993194
1013281180
1012815360
1010561508
1002600446
1015506011
1013936037
1002533495
1004481076
1011072014
993655107
993706566
994480920
993728631
993768768
995493046
993712912
993629143
993814680
995271349
995621666
994560429
995158199
995057383
996946522
994925300
994809613
1000320571
994692003
997820544
985527495
993618142
988165995
992749996
993590404
989562375
985233775
985780481
985350601
985628940
985709661
988503052
988413343
988335439
993282195
992640474
991550230
985081593
993380999
988119874
981038021
981118546
966660877
977664969
952639755
984755089
982776752
969210569
969155774
962657545
962498539
969450125
984676893
984413137
978458192
979625933
969488224
952594529
982966785
981172491
925680902
923008199
927210407
922956958
927062623
926941354
952390999
926670398
938066742
938126363
926807641
950618401
944868826
944818222
938097408
952516046
923054666
952319500
952200005
937492019
919728246
922478578
922636216
914208911
909912890
922902610
922216202
922088253
909986796
916369378
912060490
910051972
909869244
916280284
910017203
914163237
909948462
909813625
916324232
911936824
896253383
888082734
896145753
899471452
899328550
908427578
908281107
909304532
909685659
888051238
909771486
888006407
896060009
901316211
895971673
897142311
895871634
896374172
899409683
897201088
875441245
881126787
877432371
880622220
877672692
877576348
878550648
875332413
880970689
878157122
877380642
887927244
880773931
886257991
887866871
880449530
878039253
875872352
875691893
878404569
873298210
866050496
873640273
866283616
866142845
868199866
875249527
866095909
873752559
868188609
873343402
866210075
874989663
868166374
866179994
866245526
874942027
873469365
873825392
873402667
864086528
863918569
852552523
865975045
864040175
852680737
865993062
862055794
865944080
852741752
852632512
852709719
863965202
865880169
864077083
861994924
858391957
852663317
852590339
844862746
842847842
842796382
842639816
843045726
844072359
842460642
842400299
839661570
841564799
842996983
839777444
842555549
842712720
843107188
844184812
844275540
839604421
839623871
844359662
842930143
830087870
839435409
835537940
839572690
833864161
833587194
833792571
833828237
835448400
833692471
839513089
839483766
833743584
828572479
828554635
835596009
829687260
835191690
835277076
835121089
825596641
825900908
828273710
826618057
825984998
825453191
824185455
828505286
827894176
826579007
828519803
826666315
824096579
825835039
824274445
826479569
825710047
825782164
824403075
824349875
820259607
824024776
822733825
821828751
820810243
820764302
820638999
820425882
820185854
820495540
820346434
823934793
820696655
819160306
822587895
820549560
819207208
823681776
819136387
823575719
817314566
819057548
817153639
817182755
817260167
819099332
817225599
816928525
818968085
816973616
817104170
816797503
816749369
818226287
818923304
816994808
817360313
816862291
819017498
817297929
816686932
815525737
815474517
815458286
815115599
815071426
814782292
814630820
815444226
814349214
814704444
816462655
816542487
815314596
816297592
814881619
815179142
816373841
815247698
814550501
813560660
813300830
812126124
813624399
810669645
811289137
813410383
814276201
813588906
812036339
811207283
813536016
813375775
811159906
810508540
809980146
814225413
810190300
810128346
810029406
809412156
807514531
809076689
807569525
807518426
808427590
808105291
808364691
809320199
808609941
808744699
808515679
808174510
808217711
808837566
809155201
808457507
808653974
808274484
808044932
807341115
804385705
806871128
804884283
802713680
804661530
805324741
805235562
805159500
807045869
806968365
806751755
804192395
804136404
804064709
807419052
807087539
804326585
804427843
807476381
802285332
800653186
802404909
800508855
800438182
799004611
802347997
800919615
800742413
800829359
800570218
802450739
802118707
800995215
800035757
802238296
801119761
802650203
802525952
800375773
796993524
797204446
798607470
797119317
798930677
798347573
796363803
797319815
798486690
796428303
798831567
798545821
798433931
798228277
797378086
796843217
796749591
797070412
798681669
797269267
781837425
787900748
786330117
783746701
783676866
781949763
781898885
781770046
781932551
796276551
787871901
796233076
786269255
781875906
795714455
786407203
783801256
787943161
783571610
781687728
777119183
776911707
778564402
778750151
778462467
778204091
777187354
778624431
778390231
778239293
778285568
779846167
781570063
778170907
778695632
778321245
781606153
778351039
778530633
778270692
769433230
776851354
776717887
772457564
775068855
776653818
775131654
770978831
776691577
775197221
776807728
776609036
770777219
772548096
771166363
775238773
776583613
776355744
776557634
770659821
769061465
753142007
767698877
754910578
753222233
756434139
752770930
753168259
754378436
767634401
753207838
751118962
759833313
767267226
767201207
769229353
751097726
753186404
768904017
767501696
747906546
750879863
749100575
747078848
748913915
750953986
748080585
747137883
749196805
747027624
751037009
748788622
749253724
748188154
748681574
750735329
746631255
750998983
747963223
746478279
735836685
731861391
731074719
739478650
730969896
739558954
739682788
736129328
731204752
746417558
746347989
728546662
727596754
730891612
737746246
733633314
741217544
736010387
733649803
731748620
721978742
721887397
720955362
719889782
719787736
719150885
721334298
725053983
721052569
721575360
725154331
721123022
727483798
721445660
727561558
723004948
717737619
719011653
718912131
717811782
708159015
717006228
717050029
717464581
706788951
714567226
708636368
717231837
715406937
717562537
714534890
708733121
708689206
708449063
708550773
717149653
708058430
707945932
708597384
717626851
700326320
698762761
703036091
700397686
706477357
693522149
692589158
704224839
698793074
706726098
702723431
702139146
706021421
698954317
698816203
698733072
702559658
700456229
705881825
702851169
691547349
685338094
688624252
685482870
691631393
688700886
686149565
689939739
689876901
687022109
686046558
685975378
691434837
685900192
685418837
688848617
692479724
692536824
689901066
688779559
680203749
679007380
678871439
680492628
680531961
680344493
680371492
680680735
678911340
679685262
678838935
679055760
680636858
680453616
678961092
684178306
680288867
682452679
680542760
680415009
678768883
676737421
673061954
678727307
673081656
676793265
677737817
678801276
676755869
676684910
672725145
677645279
676570640
674758215
672789748
678744291
672828432
678684747
677579406
676800776
666250211
665076973
672591828
667229183
666196107
666143678
666051142
666093626
667301880
666123679
672689869
672280927
667154920
672434227
665916590
672367030
671346831
672503837
666018494
671387439
664028686
663716097
659927105
661922768
659497324
665004766
662087330
659736565
661145682
659388460
661334737
663188042
663979550
659687250
661221286
661041286
659806083
659613490
663656144
663873232
656344540
655011671
655382445
651601724
658486136
658281560
655501726
657059100
656434884
653216886
652881232
655482788
652966360
658546157
655469365
655447495
655133930
651564334
653132443
658365062
649470876
648775097
647853538
649777113
648898593
648964292
648723075
649597976
647768277
649703125
646131183
651543029
648169297
648818489
646186519
646522313
649402642
648632752
648204610
648675620
641584888
641230160
641368857
643128080
641134568
637826206
637965378
643231908
641504701
637733992
643511962
643318695
643403227
641675471
643542965
639981328
638005870
641728150
646038043
641458923
628958393
632712609
630336615
629276062
635990708
625367613
629226977
635894184
632466322
636213514
624063896
625175526
629313285
625450065
632760427
636176362
625312475
624394739
625234894
630282181
619553403
619356934
618938639
619476968
616428333
618871407
623768666
617956329
623904322
616088429
615605028
616486143
618759019
617684463
617860584
615477948
619201735
624001375
618812199
623845530
613790660
611485171
615355696
611405363
606773875
615323610
615292429
611321535
607116842
611575156
608853217
608748647
608911508
607208315
614053512
606708732
606612453
610451558
611632069
614682658
605575260
598086137
596565621
605505298
599460339
598175753
596456585
605547286
604008662
605542862
596503839
606527862
602341542
603969231
602248335
605595978
599397488
601882387
598249980
598018843
584106752
593144800
590730709
589364583
589345005
587858778
587772635
587196983
587141912
591837906
587807555
584072133
580921731
591894838
590764421
589315764
584327440
584148650
581815407
590696230
580713548
574782708
578086507
580607270
576476874
576560135
574991798
580795951
577957891
574956619
574759791
576443162
579402378
574830085
574863516
574899267
574624185
574806647
577893660
578014785
572875174
574458669
569702313
568496889
568315790
566020230
571199890
571058643
571326042
566822629
571295579
568475456
574558669
569837804
569819118
567145354
567043819
572917615
571163832
571132595
561966359
562197851
564441895
565931390
565996732
565699445
564330245
564186450
563135618
564483906
564356734
564127569
564081178
562263932
563235453
561915420
565976737
563999328
565953411
562028189
561111969
559615017
559887544
559993670
561154302
555997240
561178523
559958186
559858548
556114277
559700881
559969383
560029632
561828760
559843079
559716425
559778139
556081674
556045765
560049547
554396565
548561540
552679135
552867997
552611107
554400685
552619454
554338876
555620316
552850116
548594023
549742207
555695962
554113617
554217584
554161794
555906951
552578426
555761459
554289897
544464103
548182819
545834561
543958430
544592841
544434815
546012937
544558787
546183052
544537363
544493292
545964857
542999238
546910505
542919859
546058019
544514224
548267407
543022933
547934667
542898038
542756009
540100802
539968894
542832342
540229629
539904592
542791286
542548683
541026961
542389974
540955328
540249481
542688360
540141231
539633872
542861620
542742128
542623141
542498530
533121438
532637062
531719316
538467363
535670719
533147385
532386798
538601314
533085792
531657283
535868639
534133899
534770794
533103142
531388050
531697008
531188869
538530480
538909060
531249223
523441739
523315733
521177117
527937987
526355406
529949788
523256315
523399834
523607034
523553088
530957522
530859019
531079040
529940765
527511631
527368469
526657446
526596843
523359396
526756978
521139170
516132844
520953199
518219061
520916644
518129582
517842651
516165250
520826822
520518757
519529058
520988031
519469666
520794114
517368931
520874109
519561177
521092895
520534862
518172673
515372778
514550707
515967018
513939918
512624260
515992361
514541633
516085464
514555114
516037393
514570550
514518361
513121287
513069296
513035794
515692540
511640990
516024063
515917262
515868550
510462960
510800057
510373212
509081442
511296135
510913914
511454287
508667428
511350685
508970117
508803228
508920657
507316118
511388819
511593472
511548013
511617084
509103638
508848912
508990200
502263499
498860859
504775062
502148305
501055752
498808851
501776640
497498062
499858498
507233300
498762031
498729901
501301753
497459756
498544599
501713441
498907326
499944042
498421555
497524851
495977392
497014884
493701825
493822185
495069981
496013635
494135239
496882347
496815967
493512604
496892852
495773084
493840144
495861689
495768269
495896066
493290251
494157919
495811198
494111504
488696617
488546228
491948739
489992797
488722004
492056515
488483180
487283451
489930859
491414201
490234237
489749143
488718915
487311651
486042915
488461799
489763710
489657035
488646789
488637706
484600524
484521171
484628095
484348893
486014015
484671815
485982244
484604415
484540652
485990671
484409093
485953416
484564414
484630572
484550892
484470523
484443496
484365124
484543745
484547089
477268810
483363944
481288576
478644535
483462255
479564852
478375833
480871494
477334055
479994537
479464159
480802370
482620234
480001376
479968539
480916007
480508115
484299355
480424933
477221523
473045240
476936998
469084100
473156327
473133706
474693129
474608543
474451728
471337500
473070066
469045935
474572683
474474913
476926937
474393672
474345675
473116851
474544603
473780563
473636261
460849350
460715323
466461215
460443434
460783572
467489410
460400650
465941869
468922045
468685874
466497682
466222575
464133914
466504105
464008196
465393482
465364739
460800257
461770006
463135202
454851968
453078871
452450730
454393215
458942167
459137781
453377129
454509764
452516460
458161402
454870761
459393044
459447144
455144483
456524952
454695138
452955139
459019737
453369083
460326851
452354641
444581302
452088313
450192223
450444282
452268755
451705707
449070607
447443518
447452508
450150433
452226285
452317290
452294887
452251147
452196781
452024632
451765456
450590196
446072645
440484660
443028373
441087892
441046257
442367300
442982408
441183175
442854037
440953540
443050116
442822663
442452589
442931725
442705582
442907885
440458908
440998182
440441834
442647230
441212970
439093605
437455030
436979075
437496458
439078464
440333202
440306699
439865887
437712534
440417774
439051630
437047836
440256573
440391142
439961055
437134403
437669761
438995330
440194599
439021847
432875748
434596407
434406082
434394422
434312812
436165472
436374511
436290791
434442162
434513427
436187427
435776450
436121976
434719356
436315167
436338550
436076785
435724172
434361756
434206789
431220204
429891630
432105391
432551261
431339392
429837995
432695787
432275930
432340751
431315942
431280957
432828040
432400851
432740357
432628854
431363909
431173555
432857013
432201780
432580268
429531681
428558433
428641646
428472519
426955411
429769947
428608032
425011492
428510361
428226033
428434680
427617520
428577643
424998177
429676479
426995914
423709697
424807886
428660312
428362537
423629222
421175602
419526199
419509980
420926708
421080584
421214509
421572575
421361702
421487444
423180538
423256523
422555044
421535266
422463306
421395861
423664675
421125690
421445397
421255609
414899608
413668752
416716481
413715115
413693346
416712239
418023721
419274595
418988002
413745575
412307951
415757809
413770821
413835228
412282988
414527413
414933116
413800984
413631907
413500617
412250631
411430955
410926147
412138925
409865202
409902453
410912576
409812440
410953989
410991039
409727675
412224825
411591442
411529247
411402877
412097811
411472607
412034914
412172421
411895720
406766100
403972721
404090382
406733347
406234552
406165744
407727630
406757885
403764724
408759674
404191513
407806354
408698905
406730275
408792116
407681261
407668677
407772597
409643210
404052588
396537982
401937167
402982823
395880000
401961004
396443879
400837382
395849483
402836464
396600583
396702059
400818142
399520020
397112270
401803299
402391237
397114414
399774629
400854066
397011456
388664804
393095491
395518740
395818017
393132577
391910862
390655297
395754612
393911613
395658201
391947234
391510927
389050993
395169755
393985699
390591819
389306269
395789159
395140600
392661322
383278987
384808876
387777591
383046296
387598088
387637178
387698737
387548882
384886568
384996554
387466569
383347064
383090633
383162244
387430852
387513942
387206604
384732619
387735069
387663217
377996669
382983291
377608234
378773447
378140589
377663441
377599749
379926001
378687834
381444658
381471373
378070819
377898190
378639880
380328336
378020489
377959988
378189141
378093793
377935527
371811191
375929488
376355036
371720766
371766834
376384274
374694818
371823279
373356412
376414048
373390597
377550700
374840201
377273695
371782260
375849558
376443070
377047822
374786191
376986443
369737986
370572600
367640344
370059744
370596049
367741531
369949104
371674892
370547696
370533195
371695758
369923524
369109506
367770709
367657809
367659551
369944143
370527545
369143214
367799858
366464720
365289436
365221572
366339883
365144092
366339063
367641168
365994825
364793128
362937749
362889531
364989807
363468443
364089855
366443174
363444868
364717319
362963796
366404251
365236334
362790833
362862594
362390086
361832541
360470237
361865991
361632260
362590049
361795607
361731778
361333894
362704015
362456788
360447636
362740297
362629027
362684801
360467762
362631625
361756879
360385799
360338376
360225775
358996126
359853214
359016969
360409147
359444827
358819737
360314489
358433567
359992533
360269429
359788327
358965397
358852007
358910848
359494644
358757679
358940510
358323597
358025411
354924109
358305586
358235444
358371787
355957752
355247589
355192875
357103923
357421097
358159553
355076439
358066849
353788090
354705343
355067338
354140502
354071752
354111924
349711699
349563005
347770603
347749181
349619378
351487314
351516298
352352930
353585230
350951105
347731996
353655089
351652261
352274888
349663104
351602584
347954533
351647088
351458668
350668564
343098444
341627298
341608936
342906852
343047826
342866370
334715231
333443822
341667499
341645380
347686016
335387304
343125266
344192160
342943288
334751610
342927423
344218694
342837982
335435657
326256501
326210367
326156072
324336065
326364473
326264208
327641129
321242629
319620933
333398919
319639507
327628478
318598949
326408743
324304290
333419563
324970298
321169529
326301539
333344911
318581673
311588692
318548956
315761512
313538226
304921554
316986726
304989344
315697620
315648988
312754322
312733465
311632407
310460325
317030389
313490606
304993182
304940089
311688782
308513111
284488817
277574235
276339313
286604559
284522117
281223570
302267225
299382800
277519666
286950337
281410080
281108609
298222952
292992126
300508459
277984881
281216782
277637056
276880610
304916863
272825226
272834640
274456211
271560360
272702819
272929245
272746615
272146055
271493894
272882440
274443597
274405940
275362975
276254688
273412166
274373911
275299969
271541889
272769531
271611949
261764017
262997616
270698668
261261790
269305960
270651866
264085653
270589287
267608102
260376914
269249781
263048743
260323132
269993885
260342934
261901047
269970848
261867017
269950895
261795140
244159289
259536754
243254514
242350684
260283483
258413273
243932227
260075972
257183690
245667897
248205998
248198925
257146844
242379826
242178211
242124954
260291724
255324047
255183004
257138034
239993346
238371297
237593273
241492322
238349386
237579010
235078949
241538421
239106463
232871427
236406850
238857108
232898462
232824035
237376105
239127012
232888703
238823552
239220174
237589959
228992622
230477114
232005335
231979784
230349371
231079395
230550870
230288089
232714092
229017861
229804593
229005254
230535254
232797337
230398740
230361911
230317802
232769394
232775261
227864605
223409981
226259022
227178406
223381004
224265737
223963314
225448767
224292133
223997662
223438515
224250919
227156508
226284842
224176474
224232611
224153840
227412756
226231202
227858039
227459718
214997494
216312129
214644893
213782516
223078879
213992495
213726124
222701124
213822154
214563594
214196515
223343734
214728441
214763877
223211042
214835570
222626460
214799648
222704679
213699184
213382302
212526608
211587982
212073209
213364760
212889760
212860084
213033682
212279997
212245434
212966363
212045338
211636916
213403411
212906872
212327194
213660777
211494658
213417745
212540552
191581982
211377490
204091449
202770026
191669297
191590038
208267614
191540050
207843181
211342336
211306955
211463659
206792774
211423779
190557335
189669364
198454487
206774985
202492809
192652453
189154904
185232145
184972302
185852619
186502312
189142029
189589584
184827655
189222146
185779905
184388731
184137199
186476687
185818190
189244817
184170601
182454133
182391680
187657003
186426881
178910168
178982478
178184815
181333465
181024970
173148429
172567817
179104775
178453076
180981745
181055785
178587098
181323882
178560748
181572421
182383065
172542980
172536850
179694764
179132809
170487034
169237511
170626472
169206403
171801026
170156677
168837520
171804747
168822227
168767624
172248570
170598720
169278213
172076643
172511930
169397217
171789204
168851758
171680435
171773598
168543368
168604367
168510046
168570590
167773404
167238919
168130183
168038812
168626008
167869141
168472210
168113326
168071211
167408031
167396558
167210991
167909317
167813502
167276705
167201778
157007992
156982562
166885005
166131489
135050953
167129676
166846547
134796189
164687027
164665334
125336240
134157344
157028521
136567134
135708310
125701985
136609752
134701859
167135907
157040556
41257650
97716452
113494430
113136699
108706838
102659033
98536618
65812372
45653469
29620928
108737700
45664566
65823747
97702408
114246526
107172073
102640868
98548185
114767584
99764221
10913248
24128458
21666227
10803568
24468044
11377114
22461339
12139132
21435310
21590867
24459032
24453569
22463639
10908663
21749575
21659478
11650990
21593695
22457558
11372589
6238841
10662563
5410607
8826281
9429135
9548589
9423023
10670958
10666749
9622598
9608093
9553583
8532603
8897186
5334568
10699158
9619397
10571073
9590663
5440888
5322512
5251282
4322799
3825913
3827681
4240575
4673712
4787356
5331868
4665688
4606640
4702102
5328505
3775793
3758320
4543167
4252786
3754838
4471284
3780286
