1193092070
1195291957
1192467239
1195068680
1191079229
1192904123
1188671634
1188549681
1193010207
1198107724
1198030855
1197316631
1192577035
1190944386
1195377220
1188790560
1191025674
1195182096
1197184040
1188441194
1154888940
1157145877
1176518556
1176759721
1150194845
1150308600
1167856229
1156988189
1188243205
1157080442
1167158512
1167353551
1150165062
1142705245
1150240705
1169928904
1150360581
1176606783
1185595941
1185984717
1137118001
1124225935
1139315968
1123853559
1124048136
1118406672
1137495446
1137256427
1124141433
1124466839
1126245696
1137017833
1124280144
1123962979
1129288879
1126401732
1137349573
1124365284
1118317526
1123883172
1118016369
1091819030
1118241126
1116360536
1116397741
1091759063
1094707881
1093299704
1091978685
1091933614
1109648259
1091893063
1118146818
1091674067
1091647981
1107544639
1093927089
1091535898
1092028717
1116439141
1088745195
1091263057
1091104135
1089248197
1088992319
1088591999
1088493553
1088391893
1090991515
1091380270
1089468656
1089124115
1088866715
1090749750
1090630589
1089424881
1088184021
1090869243
1089326362
1088273331
1085401770
1086966841
1086469377
1085742554
1085475817
1083973261
1086886224
1084248528
1085646073
1086263226
1087968111
1088078337
1085830288
1087879586
1085953517
1085561391
1084150035
1086807557
1086355460
1086615901
1081962570
1082126089
1067732174
1083416214
1083512164
1082339266
1083849129
1050334786
1083677248
1051830732
1050201623
1082456559
1051735804
1083358185
1083453570
1083757466
1051940460
1082196355
1050292461
1050240620
1048062284
1047779448
1050139050
1049756554
1048206715
1049363227
1049453256
1048241253
1050097830
1049870707
1049605057
1047903189
1050040546
1049268845
1048116600
1047810129
1050158382
1048158495
1047983478
1048277268
1043509078
1043407957
1045859162
1043556639
1047438356
1047500344
1045747816
1043612191
1047675424
1047583329
1045970119
1045918337
1045573132
1047308342
1045464180
1045350883
1045664595
1043456577
1043345034
1043229646
1037989560
1040494022
1040336441
1042783769
1039639943
1042487558
1042935341
1039877183
1039735119
1040407205
1037921668
1040578654
1039273283
1039414358
1042252455
1037848203
1043159874
1037737332
1040179869
1038054102
1034424372
1034357358
1037093275
1035663340
1035916336
1035588604
1037254009
1037660385
1037162942
1035995539
1035437405
1035331142
1037501498
1034263301
1037010408
1034317778
1037354993
1037583046
1034369292
1035744761
1032419728
1032396411
1032346500
1032096559
1034202876
1031995235
1032278133
1031876786
1034142863
1033340121
1032544317
1032462188
1033929276
1032204670
1034000472
1033535856
1034074819
1033687399
1032489071
1033860998
1031521014
1031408147
1029570231
1028105233
1029459418
1031137440
1029148133
1029692957
1031774027
1031191325
1029975882
1031249226
1027097996
1031646443
1029888371
1029285413
1029790608
1031328110
1027359457
1027218517
1025373085
1026589543
1026507326
1026715816
1024414566
1023307872
1026439613
1024723604
1024437074
1022795971
1026394102
1026355584
1023253965
1026998659
1024568267
1026833928
1026261980
1024316278
1025430934
1022669450
1021381149
1019206221
1019812771
1022359558
1019488543
1020679634
1020923012
1019866662
1020761985
1019107277
1021513007
1022573523
1022415970
1021452368
1021164504
1021065656
1022478968
1021258634
1020515468
1019621673
1016722578
1016381233
1016930628
1018935257
1016912495
1018410741
1017057094
1018748672
1016580995
1018497010
1017519873
1018826465
1017173851
1016802549
1016492062
1018587380
1019029528
1018664236
1017419365
1017325674
1015110674
1014032690
1016271125
1014182372
1014279315
1013865919
1014605751
1015312812
1016227791
1014494790
1014902962
1015003826
1013816905
1016185730
1016307239
1014741329
1014097866
1016142150
1013936037
1014380189
1011584800
1011510553
1011282190
1011172468
1011127911
1013612095
1011869924
1011412559
1011090297
1011992288
1011355082
1012130605
1012237166
1013676089
1012389845
1011224146
1013722468
1013776954
1011805797
1011668718
1009001083
1008942366
1008727844
1008968285
1008498452
1011041743
1008834234
1006932229
1010924033
1009049493
1008790034
1009090815
1009181392
1006979906
1007058296
1008882282
1008925491
1007018763
1008654794
1009123629
1006225550
1006902561
1003155461
1002956794
1003385202
1003313570
1006510108
1006833210
1006327036
1006792455
1006871222
1006409811
1006110371
1003758675
1003479602
1006749589
1003238932
1003093171
1003043353
1002998028
1000320410
1002665507
1000492817
1000037867
1002861740
1000639838
1002820360
1002619627
1000594335
1000556357
1002454175
1002345770
1002733033
1002536232
1000718970
1000679157
1000178292
1000392992
1002908143
1002784465
997820544
995790844
998227229
998273955
995371441
997946784
995653504
995448617
997644637
995269834
995140191
995743946
995557108
995688533
998333776
997736352
998173817
997556889
995819847
998053688
994937031
991608011
995030436
991535469
991571710
992908793
991475417
993420834
993641508
991637324
989587060
993501931
993334375
993609449
993259702
993566635
992995875
991002793
993152357
989373302
987837094
987664702
985966409
989276598
987692308
985882161
987565361
987775391
987097882
988841151
987627302
987472153
986001158
985927619
987728374
987409274
988955860
987218064
986982886
987801325
983390588
983677682
982627099
985702034
985517775
983574094
983454826
983253039
983046381
983625666
982956174
982795242
982544018
985852818
985747021
983518112
983119653
985293111
983329139
985180529
980655679
981289402
980752756
978769125
980559221
981203410
980166969
979048274
980408182
979082798
981059764
981168821
981246473
980270480
978977743
982419307
980030979
979016040
981136024
980930796
978126090
978233312
974790402
976860273
976595349
978385594
975261284
975032136
976452146
975223751
975151537
974900548
978070571
978329244
976305735
976688846
976198325
977195223
975088254
978662205
972533249
972753156
973287932
974277864
972365849
972850128
973398186
974592610
973220839
973143497
972949189
973441735
973082276
973476887
972613121
974396087
972465769
974716228
974521226
973347913
971048141
969013554
970322873
968941163
971541988
971481238
971589163
969097661
969225774
970700377
970814482
969169233
970603530
971394600
970943841
969268995
971155929
971324209
970243987
970459311
968057691
965480360
967502917
968594233
967920129
968490819
967610136
965549089
968290744
965342864
968167989
967775562
965412091
966609627
966536565
965246294
968685897
966418810
966331972
965643809
963697814
963348770
962201067
964080175
963498556
961559526
961624904
961463641
964551306
964472316
962317576
961425341
964361772
965220094
963230129
963548015
962096160
961974429
963614558
961677844
959516390
960021074
960831636
960910342
960090005
959839570
959650548
960958181
958671076
960609377
960283897
960693080
959733165
959465499
960529560
960749440
959591801
960173129
960410961
959907916
957721256
934021278
957815568
936314661
958294199
957528243
958517179
956243884
956571931
936402303
934856166
934343290
957906883
934516577
933988554
956786739
932615170
958008059
935249307
955549004
932336937
922316051
925965783
922109345
921821247
932281941
922955367
922948296
915619442
918820406
922696569
925899288
932146800
931800529
932385734
920206089
920083399
927465890
932544838
932173666
909754916
908445158
905827785
915111193
905793257
902868090
902125005
907205570
902758211
903798066
915529109
915017363
911854962
911099566
910525288
909777510
904529364
901690802
906846293
913456674
888765345
887752884
886875206
901016218
892908069
898109914
886812274
888696370
895604707
886661621
900964796
886726254
888427251
899082721
901045679
893155184
888608249
888954917
887696319
892975922
877149584
886602143
877537854
876988111
886457342
885054163
877575344
886496120
877117387
882937907
882738265
882847286
884457209
884715129
880583517
876585441
875341773
875073480
884992793
884489446
873066767
872016662
871678619
873155629
873565604
873132488
875016629
873086213
871548180
870080957
871720577
870108867
873404198
873323022
871431815
871574218
874949695
873498440
873370943
871472130
868606524
869583404
862093045
868452113
869664832
868192295
868648845
868755370
868146117
862364276
859781686
868541769
866598528
869983858
869945562
868499630
868170055
862985661
860177385
859963408
859127869
851203786
854254492
851639499
859264116
851172945
853403337
857922518
855499251
855172892
855325699
851117183
858297132
857573938
856368653
849892062
854472595
849361036
851323636
848847620
845992011
845459053
846735356
845557085
847546758
844125978
844753216
843746778
847772835
845499739
842968040
846788425
847725694
844807851
848813384
845889877
844041270
843789496
846452397
847491382
838731686
839906845
838431591
842115188
836603238
837893793
842420744
842798692
838312077
836412955
838846291
838025543
837972421
838923715
837859536
836518826
837822079
842024285
838216293
842889975
833001011
836190896
832380723
834468519
834541040
832699789
831052082
830744664
831147585
836354057
832414211
835955613
832294655
834162485
836253150
836072121
835920393
834392339
830677746
832236310
828780692
829067527
826940523
824825188
828721404
827053841
822957978
830416492
824885780
821370607
820937507
830643867
828986283
823030973
822985443
829140844
819841437
820907764
830597969
824166878
817557305
813426563
819410100
811514753
819194798
813494799
811481273
813460232
811372769
811219699
819267970
819236694
810599583
817365402
816154322
811020514
818760336
811296483
817460614
813392690
804782450
806501434
808821902
810523212
809576815
807247357
805232538
805573476
809104029
809557314
809384705
807450148
806817765
806419252
808965798
805612633
807545910
808688467
809354399
807328605
803554984
803757303
800629969
800574054
799145677
802085046
800669769
799222037
803801296
803831964
799442683
802605437
802024706
803726435
802698894
799395059
803506614
803627521
799306887
804475331
784594130
796980742
782310586
798567028
799049951
797072355
784678411
782373395
796208397
798887731
782472636
784543151
795422741
794945594
795503223
797529768
778842013
797840103
797816406
782267535
775068855
775340481
771455894
768481708
774997430
773760427
775415843
773588494
774924539
777038401
773658023
775479571
770346782
769323495
771691556
774954951
769469249
778792426
771586071
777187354
768295129
766528539
768411055
766820202
766608344
766456155
766375754
766116848
766332064
768043693
766759737
766091130
767621469
767592614
766286985
766146937
768218340
767981368
767654627
768128594
760521844
758815025
758580863
758544134
759218684
760635134
760587375
765963680
759327858
759135098
758913317
758670834
758620638
765935151
765928952
758716282
763352110
758873619
758763247
758511342
753629457
753573037
753519007
757409532
751204089
757177976
751017880
757482302
750698853
754840860
751136745
753736009
754894974
751187107
751096729
750920604
751050358
757223090
754981321
757104635
745622211
749169407
746899186
745027646
744790827
745178041
745278296
745550788
745111737
746942509
746778718
745844147
747418066
745501401
745361376
747315641
744860838
749359026
746715097
744612646
742447010
737669923
735452630
743451407
743118948
742742174
743407259
737031958
737820620
735562549
737237074
744391465
736939516
744333305
744540929
743250655
742821949
737125494
735682800
743337668
732265154
732531477
733095076
734983050
732910903
733725494
732999667
735329832
735214720
735150530
732435134
732699591
732373084
732179766
734640133
733604386
732224867
732765012
732621835
735051667
723197302
730813373
727079354
724828427
730919537
728059874
724742216
732135464
726543114
730598284
724693013
726456430
730733007
730406605
730503881
730468713
730341294
726129926
724891555
724632524
716917060
716272264
720448893
723023268
716308678
716695880
714777977
722927961
719150663
715983827
714716910
718722651
722693838
723134761
714642859
713053785
719337874
719279404
714604325
713147852
708906675
706439296
709386917
709314617
706376176
710682442
710890460
704618151
710596395
706339642
710718382
710777452
710858679
708720144
710746613
706226049
710938346
710649684
708645643
708824906
695966620
689923422
700833909
700456954
689022195
702699558
696713084
691084533
702850372
699983619
702522835
695819496
702665713
702799400
700578004
700809043
700389176
691192626
700114979
689177065
662701309
662332221
664517919
686963002
668971321
662497165
675665770
662955704
664211697
687227986
686878658
687288254
664423126
688733214
669098092
675769069
662807254
661834180
662576396
683058886
656309264
657980010
659324033
658745052
661135017
656963483
660373729
658718334
658149417
656917689
658264952
658061552
655334511
660397162
659417510
661797724
658599017
656991877
660592909
656863729
654522368
652616703
653442101
655053789
653383692
653298113
653193598
653252966
651505400
652970631
651463669
653339921
653054387
654451037
654625988
652404670
655329406
654695930
653421315
653122961
649218277
650947514
651106489
650611831
649389877
651429735
650730333
646244461
651166277
650403963
649008922
647242260
651052397
651322806
651241879
651383203
650861598
648912653
647301059
649247570
638793945
638718285
640453311
643067462
640980765
637213842
646156165
640348941
644876146
640805863
636606240
640583051
644446572
637124209
646065174
644693141
642980984
644740122
640890687
644558108
632315116
631976092
633260038
633370695
632354292
632220673
632157535
633308888
633219745
636531330
632265728
628584055
635007878
631920017
629818064
634866718
632073320
629741095
629895716
634110675
620105712
620050127
624740075
620246540
620325100
620122616
624874884
624808877
624721079
620184841
620364003
628201055
628257203
624778706
624947320
620149091
620074496
624836194
620219167
620280702
616659371
616380511
616274620
616688760
616116646
615807948
616632174
616350034
617280324
616721266
616528900
616427845
616489434
616208273
614699924
617353412
616604907
616460809
616006186
615907853
611052182
610966275
608584293
614638940
611171951
608972846
613741023
613998258
614601090
608285359
612999949
614169765
613701573
611011713
612898675
610855548
614069152
610924995
610890229
608389296
606118132
604656922
599063000
598978355
601582010
600278293
598736041
600888168
602272041
601654267
598790157
601700410
605888721
601536094
605980019
594423699
593617786
589821770
600968138
606038342
589218322
589059839
589346475
589326132
589172088
589003003
588574197
588423230
589275814
588260111
589304857
589144326
588246035
588480760
588222044
588293111
588660318
589361966
588348335
589246966
584366195
587379391
585622028
585702636
586427269
587164786
587233288
587639489
586688514
587587004
588137854
586781803
585984765
585907831
585851497
587459514
587512831
587719077
588180646
587299698
574288542
582742271
581645306
575146530
572501222
572044031
572443262
582723196
583038712
582853508
582629333
581715181
574108783
574200008
575089768
582941380
582667750
581800662
572182582
574002014
571967206
564965325
568990859
560948274
570766779
560935764
562926178
570908668
560906108
570849647
569079936
565319501
560852589
560612036
560685413
570685068
571012362
562870949
560758221
560814894
555498869
555251270
557778227
556802375
557668891
557737213
556284202
554561118
554531995
556250080
553177686
554595162
553277617
557698456
557620735
553238093
560564061
559264192
559195885
555179296
551421751
553120442
551312036
550044007
553064481
550103138
553026913
551481755
550082280
552903231
551771787
552927157
551330376
551355641
551445500
551398743
552959221
551373289
552990723
550144559
541746938
541890283
550013102
548456089
544899858
542247920
549983278
541968318
541933320
541777941
541723426
549542551
546774875
541819402
544855807
548405531
541851033
548260310
549965322
548492986
541436614
541282128
541581370
540713785
541476332
541393431
541230821
541537114
541359867
540813461
541320641
541604135
541564556
541507798
541651758
541623127
541669277
541695343
541179988
540034201
538509348
538358670
538443985
538829164
538936169
538786943
537352939
538287996
538883707
538910000
538590927
538648254
538230433
538191819
538124321
537277988
538737617
538854850
538689765
537223417
537070322
533621700
534054303
532540876
533474286
533553322
535848664
534266750
535097886
536923656
533375819
537175862
533540960
532723788
535171837
535996997
536978743
534158800
535241157
532861037
531045827
530399915
532026737
532455832
530337559
532374257
532218152
531116192
532258932
530881018
530456888
531530639
531441868
531390013
531136799
531405054
532181159
530980521
531238863
532311154
525939321
525859876
525892601
525818935
527346342
526397447
524700022
527394477
526035554
526109844
523761187
530316441
523851248
527311883
526212172
527271782
528556491
527222952
527175771
529514281
519694776
520465256
518331049
522625407
518536511
518409521
516664520
516393541
516307198
516113481
519727742
518483778
519805261
519777971
522269326
522361089
521477187
521398915
516235330
521280594
507312371
507483873
507449496
515222871
514999613
503566917
514937866
512382406
516030362
514098583
509145938
507374320
507414605
515102942
516078652
510411566
512538599
509327155
509218346
507624765
503117405
502530016
502460353
500720038
500690604
500653875
500543743
500570120
502643453
502858454
502567918
502606609
502509710
502661275
503000302
501441095
503538823
503514649
503243281
502727834
498986138
499298705
498865220
499073391
498816784
498764595
499236493
497791570
500510938
497727603
499031521
497837317
499374995
498933328
497676243
499344113
499012400
497695425
497764562
498963880
497344124
497473104
495682818
495972559
494060752
494003699
497575966
497514082
495933093
496032781
495839558
494027536
497545488
495904126
497203328
497388815
495995816
495790400
495867682
497505885
492392079
491733696
493936165
493884887
492468365
492438218
491832624
492089833
491900493
493964196
493779477
493400258
492147503
491975876
492198255
493847724
492291998
493475485
492322672
492497389
487015129
486482098
484960546
488384294
489924907
487299634
491556583
483237935
487019030
491643090
485960511
489855927
489782910
485814127
490131389
485721308
489985845
483715626
483645109
491418123
478015278
476550483
482375641
481402060
478084210
479097942
483174522
477885295
476507812
481996842
479148015
477928977
483045125
479998076
478607583
483009699
482435116
478645581
483116243
478536044
471936616
468353297
462484434
471520203
462341535
461727498
473491445
458634871
468392302
468776837
458553233
469496804
465476305
465381098
461431479
465606774
461372164
475066490
459802954
458592119
456928273
456461657
451817453
456596693
457020988
458515563
455138916
452363290
457051002
456656481
452056188
455249194
455171481
454848808
453480278
457950708
456973263
455204042
451201628
452401596
450666807
447263256
446544872
447381276
446490179
450073958
448923181
448193993
448048004
450125524
446672372
450182301
450229284
448123277
447425029
450418929
450506756
450477299
446599317
448969265
442609941
445200783
445673211
446434988
443530838
442569722
443866972
441839393
441693306
445270177
441786406
446377797
445730991
445002082
444056074
445076871
441737807
444946576
443469598
443393904
441622842
437374624
436201967
437895625
437847156
439942308
437286982
436234241
440695845
437060399
441657795
441293735
440663223
437739466
440750199
437526290
437343214
441242674
440794111
440766226
434580186
434134509
434341212
434269461
433873865
436173556
429521296
432658247
431061833
433950194
432537037
434442449
431440833
431228470
431123808
436093829
431169059
436146942
434386915
433919633
427388535
416154603
425824049
416132112
423903147
421284077
418518781
423837427
418474252
417551828
425942618
416179232
415893118
427130776
425898839
427298111
426824230
416311540
416183358
425813421
415140837
415096116
413643942
414949360
413578798
412384855
412255014
413735924
413686180
412331961
414918203
413483040
415033415
415073516
413712550
413529563
412306833
415055097
414885315
415122272
410011901
410818880
406825336
407863655
406801220
406949867
407757312
408926432
412228357
411007891
410991905
407848242
410670471
411103282
407889935
411088642
408905987
407708154
407628826
409989798
404215007
406679348
405789825
404169586
404011241
404068295
402021171
403925526
405590532
404110014
404195109
404135899
405746827
402113668
401991984
406710087
405624132
405568671
405469578
404031362
399405243
400956692
401940863
400878230
400981604
400848195
398712047
400889988
399730469
400913795
401899064
400864868
400837456
399775227
395806362
401986984
401864908
400936669
398692321
399700426
393184861
393109006
391949807
389802624
394267262
395545348
395087994
395592410
395498382
392577554
395731721
391924996
393062404
391639309
390733127
390478251
389731487
392991598
389365593
390760201
387493657
387564986
389216723
387594222
389317609
389310399
387537901
387390487
387198218
386915825
387314492
386835246
389334987
385499987
385475125
387260522
385584582
385117552
387445516
389229750
383756618
381462395
381658609
382983291
381534391
381520812
383690961
380386067
379336886
379295783
381500441
383406938
382548829
380368438
383715800
383749357
382925967
381488291
383653320
383618150
377902088
375202918
377876178
378754852
374784837
377843593
377809631
375261004
377952995
378073068
379293640
376533289
375224281
376366513
376400779
376439627
376321044
377925331
374742700
375243514
374124360
372872968
371766834
373984714
372889783
371657036
373956125
374100304
371677655
372999592
372820521
371782260
371696415
371737244
372794007
374009835
374026272
374150103
374073820
372973663
370407940
370582323
366390644
369824799
369129609
366388694
370367197
370446658
368901669
367706488
369923524
367588191
370605409
369949104
369944143
366412145
370059744
366376272
371292724
368823855
365174250
364157220
365110481
365059801
364111619
365332409
365206920
365273301
364136307
365311691
364073789
364021396
362980823
362949763
366350932
363913675
366348986
364113860
364094890
363990397
362907981
358630820
358578842
358520558
358776541
360587389
357685929
358826328
361768891
362838804
361738423
357653022
362932458
360236627
361707747
357708087
357671760
358743384
361865991
358713547
354133049
352970749
356583247
356565162
354170575
357640135
355325107
356549602
352968920
356196003
357621355
353069197
353046763
354149215
356349507
356284835
354225665
355303706
356406861
357603957
348970226
351613373
348235886
347717265
351245596
350036581
348883291
349999797
347818323
351525094
351597426
347733901
347731702
349987568
349959171
347699626
351571058
348192274
352689561
352861267
344355274
346635927
346612276
345508942
344242082
347475247
342919766
344415351
344330816
342885192
344212189
342999510
346475127
345420639
346655773
346482657
344200667
343016260
347652691
345497699
339298615
339381379
341697695
341567305
341541148
339311142
340458664
340372152
339279577
341634454
341654634
340480246
341671828
340392403
340430643
340355894
341719388
342512527
339291663
339361314
334883698
338234536
338217529
337199024
338309609
336118303
336029124
334859510
336180169
336144926
337214944
336097659
338200980
336206921
337220274
336076287
337257652
336194656
334657336
337273447
333214029
333114353
332267012
332247701
332226974
334616430
333306553
332131480
332116524
333160288
332104253
332065461
330946620
332153672
333246328
332307152
332196581
330967936
334561522
334078918
328769303
326208681
325986601
327452872
326400345
327618155
328851088
329802668
327678167
326415729
327701698
329849646
328701836
326442135
327650485
328843177
326365654
328727378
325951967
329674680
323786804
320640396
322761597
323772710
322329859
323628014
322419115
325933768
322718307
322491988
323595734
322701561
323797889
324481101
323749044
320620484
323811285
322738588
324733894
324665523
315860539
314795947
317011154
315895101
315876308
314811271
314578332
317785664
315389601
317032509
316984799
319537884
314776862
320596822
319559641
315900785
315366993
317723131
317863621
314778620
313927233
313585422
312713439
313854628
313559624
313875542
312728173
313745072
312905197
313758628
313901551
313741380
314528668
313782427
313761919
313500251
312676319
312697311
313797610
312924049
312652835
312387076
311080316
311259990
310599868
311612550
311730172
309844045
311527086
310969249
311553532
311633709
311207871
311698453
311784252
309191411
312319097
311022010
311764155
311713101
306829339
307838274
309036039
307248207
305947267
309050049
305927232
306853614
305978984
307864468
307880761
309147245
309020400
309088528
307812338
306846270
307853786
309068175
307899224
309116271
304858304
305290129
304852540
305293750
305911235
303717140
303658224
303616073
305237594
303690066
304930149
304951916
303642571
305246350
305235383
304958821
304893519
305881710
305897129
304908070
300683945
299664061
301784363
299614589
303428949
300951852
299758149
299681814
301682972
303367766
300976014
302147093
300899426
303293880
300931111
300980617
299640449
302210958
299612964
302169867
298588925
297784381
298628282
296757185
297753681
298625557
297733571
297340734
297685685
298775827
297702000
297578009
298810047
299609445
298610669
297644346
296738866
297716889
297624306
297608453
295435023
295399413
295516438
295708458
295541464
296737130
294549228
296389101
296624238
295650283
295501551
295621905
296704819
296452823
296426379
296337661
294505170
294516599
295558091
294583886
294210221
294141383
293031350
293050405
291883887
291865388
294425514
291751619
294233383
292850611
291823699
291844046
294315219
293072729
291781189
294284745
294472689
294338233
293065341
293010520
289471981
290730393
290654384
290584354
289615195
290814101
290754472
290618978
290554653
291538196
290409411
290336132
289581858
290598269
290511517
290374761
290549781
290292188
290641878
290784181
287294280
288361333
289396328
288223303
288086012
287337688
289254374
288452663
288404610
287273984
288287076
289163490
288133303
288255174
288430483
287142926
289210533
289346613
289435355
287318033
285845079
285949558
286964824
284486309
287070767
284380685
283812985
285681120
285636071
286999338
285891378
285588026
285459941
284566282
285406672
287036026
285921314
284441688
283841180
286041778
282141229
281493159
282556618
283781870
282436101
283586336
281536130
281558346
282585510
282663246
281424541
283763848
283512199
283712582
283239953
282514873
283202820
281459086
282485009
283552859
281279777
279252986
279291163
279095906
278650417
279164824
279143231
280418626
280401106
278694227
279312750
280362211
280474020
277913381
277855111
278919356
279798024
279205721
280454879
281371725
276786821
276254400
277657159
276822495
274409182
274226399
274319887
273380600
274373911
276214597
274599497
273973128
277286399
274792137
274766095
274181796
277824221
276172231
274274099
275838815
272901462
269620364
272659656
271178423
270356182
273320745
273223940
273359361
270609913
272734146
272944389
272088139
273308879
270652764
272784307
272035874
269664605
273266141
272861158
273362907
267430540
267830475
267276121
268416000
268564377
267821880
267351984
267136598
268358924
269560847
269462608
269401844
268880719
268184794
267195500
268533337
269174178
268470297
268317027
267379859
265479127
267101873
265916464
264685548
265920857
265956757
266405041
265761617
265002668
264951743
266738770
265859487
265361535
265738451
265899502
265515150
265433682
265400239
265029116
264710959
263591451
264656853
263572635
262890416
262710063
263651033
264670492
264022828
264203807
264059882
264113792
263684118
263666947
262929344
262782118
264151197
262757796
264633061
263740541
263705915
261481043
261631028
260520113
261332700
260463315
262466800
260534882
262635968
261658140
262680832
262444525
262616576
262423889
261330128
260647245
262525904
262383268
261458706
261506453
262656720
259401629
258535583
258360239
260235520
259302359
258604863
258553786
259532866
258503077
260438752
258482675
259383548
259512621
260404261
260376914
259489529
259515142
258385516
258575622
259551329
254134317
257392376
258345683
257239260
254188091
254993139
254208656
257403273
257197959
254148922
257429519
257282774
258288408
255127225
254960263
258323084
257948826
255150555
254165783
255032614
253003322
254066968
252990721
253909074
253175318
253284079
253154708
253126709
253239402
254063470
253269559
253929740
253980637
253954551
253059475
253250030
254046173
252955606
254079089
253034992
252074361
251258217
252038553
251044884
252221011
252814343
252796248
252139788
251176115
252231034
252118811
251116091
252102679
252008812
252200517
251237178
251081208
251183375
252070721
251266403
248992202
249291172
249041660
248258846
248128543
249259200
248326209
250138349
250282259
250912130
248370733
248289470
250953929
250226604
250111197
249316402
248152646
247951776
250306870
248094839
245738157
246302779
247590740
247262704
246731028
246464174
246487661
246430657
246008415
247305780
246693606
247528851
246340314
247396191
246672182
247555372
247145517
247898369
246380285
247349987
243217132
243116218
242997941
243177804
242230305
244788051
244924190
245106031
242109818
242175950
245700576
244958621
243058170
243254732
245055086
245477872
244941754
245719163
242912809
245079809
240047055
239091867
240006274
238498589
240360593
240211900
239874065
239899510
239683923
239050376
240029681
239924195
239950019
239936562
239143250
239205998
239010084
239108079
239744048
239128913
238454770
237534942
238212981
236700996
238437784
237751741
238416683
238316934
237615430
238283934
238398380
237727389
237500905
238254215
236716750
238334731
237707928
237490877
237553731
236775821
235124969
234545253
234452547
234351209
234305201
235997299
236430467
234384267
236595313
234528194
235255935
236615132
236533079
235006874
234978754
234416712
235978547
236482879
236633948
235141238
233678872
233606283
233570992
233491868
232838922
233637682
232753199
233716382
232828070
233650552
233537888
233388681
232986387
233685697
234201446
233668431
232886582
232855904
232807466
232787692
230161795
232080280
229728173
229732060
230523126
231796570
230973007
230240426
230224289
232119267
232068199
231333235
230333196
229753629
232707565
229690702
231045841
231348064
229785452
230090876
228968937
228996826
229669200
229605889
229528912
228956787
228941183
228918595
228666774
228256315
229650276
229628978
228709679
228225127
229415295
228239013
228914275
228936985
228983878
229636278
227406507
228110520
227973626
227459578
227445297
227830819
227423055
226679964
226665925
226522345
227205963
226605444
226625301
228204895
226741164
228162157
228083607
227164491
227069121
226475401
225873247
224675646
225532205
224508150
225045863
224250438
225886268
225600459
225509823
226462154
226345835
225778260
225837968
224990236
226417331
224767654
224266500
224287427
224733354
225041301
220676131
223859954
223832475
223512417
221046497
223517898
221472870
224025205
223531715
223100577
221513047
221160070
223044468
223735204
220716313
224077587
223493761
221114094
220771823
224114651
217373979
218333632
217540144
217462012
218360723
217943923
216628618
217907666
216626993
217564367
217387308
216152850
216128835
216105308
216581057
218031093
216595524
218128871
218063822
216718767
215631045
215852513
215523429
215001778
214134756
214116471
213988174
214989769
214902278
216081627
215823411
215024985
214145896
214138780
216062832
215869986
215718101
215675087
214166373
213959793
212668787
212620217
213862998
211750144
212510421
213916516
212584692
212550891
211732240
212601830
212479207
213409652
213397230
213244398
212470789
213458958
213079739
212571860
213126825
211818495
210802058
210962362
210268972
210217662
210180726
211476436
211710069
211149901
211579543
211524975
210249066
211045926
210233798
211003320
210320478
210979244
211058710
211695416
210300627
210282009
209242542
209277727
209350787
208576934
210160576
207689784
208593500
210070947
208540434
209969712
208485292
208409233
209400822
208393258
207670233
208560288
208429593
209431406
208355888
209328586
206895358
206940056
206164738
205381913
207611332
207621865
206963154
207553790
206881686
206047370
206029726
207649967
205363372
206638219
206571022
206923418
206121186
207635600
206909986
206074281
205284529
204362530
203688479
203062390
204276127
203919219
204770208
204331080
203857773
204541855
202190913
203879780
203705084
203742411
204673332
203833296
203655233
203614436
204674837
205348580
202184093
201381115
200711685
200620459
200775827
200694418
200722369
200703046
202147296
201587177
202131038
200679999
201485953
201365333
201391236
200675307
202173419
200639527
202158674
201612732
197348059
199985964
199791030
197523751
197555809
197223814
200589419
199747453
196204777
199913072
199885773
199271218
199858306
197198795
196346898
199977841
196199896
199783461
199281720
197289232
194234512
195633420
194115133
195686577
195041258
195683437
195654846
194809706
195061263
194282994
194709920
194769268
194258683
194171551
194070886
196189453
196035178
194960459
196077720
196149733
191677015
193589998
190302373
191767049
193348314
188405184
190027735
192007235
190680803
190344479
190017087
193999102
191716066
190562988
189190769
189161253
193936310
192373179
190007734
190630545
184212648
183105382
185547566
184107882
185000366
184338992
182597914
187456910
187327541
183048685
183697026
182455197
182784879
188360834
185189370
185034345
186690465
186366918
183376941
183144555
182011544
180559760
181772019
182402174
181517040
181234292
180996937
181806991
181988725
181486355
182331835
179520977
179825777
179484192
179557515
181264327
180578281
181176975
182053789
182366084
175681214
178879161
176750181
175130310
176456266
179437218
176801416
175042682
179115403
176838783
179234740
178553687
179444532
175217985
177294457
175700469
175661059
178494648
178371912
178453110
168873012
166286505
167263156
171726254
173723349
167077878
174759260
173746698
169352745
169383233
166371220
166243752
168859679
168661409
171639289
167087642
173780638
166337905
174249833
170086593
165785995
165799927
165035892
163242385
164969150
161837271
161217392
162166014
164065974
163265437
163638674
165053572
164368547
163296687
162608557
164942071
161797117
165775313
164913931
162178831
158675702
158352180
157541336
159022948
157652883
160282359
160196125
160341303
159462250
155113353
159476267
155031493
154703495
153875493
161105006
159988732
160885029
159447819
160794080
160299647
147244324
152911819
153320697
151030300
149675404
149437845
147928764
147219699
153358180
149487145
147191607
148703212
152592598
147577574
153828734
148681670
149528487
153610730
153849908
151289251
142575008
144105022
147172084
144037600
146559875
145914753
145850674
142601634
145119406
142549792
147160363
144059091
142423406
145943454
144086971
142395734
147145582
142524596
145865877
143867804
141662280
141753627
141091232
141072510
141062950
141676979
141720431
141712031
141766280
141048198
141061083
141036329
141018141
141735123
142033121
141726111
141129515
141111787
141692391
141083275
141002217
140143616
139718647
139042010
139847064
139783384
139132199
140910966
140934686
139178242
139081358
140215943
139113775
140230964
139207328
139068258
139216063
139893943
139745826
139803717
138998927
136838874
134918020
136019844
136851691
137513350
136008555
136869487
134868777
137448390
135802397
138196628
138868596
138902908
134177991
134143246
134162327
138943479
135188390
135114328
131720721
131739740
132560289
134115923
132029665
132617959
133025523
131681580
131647747
133042931
131558272
133065568
130949576
130989990
132087466
132518195
132104606
132059390
132075814
131600778
129597030
130697806
129507528
129458077
130428723
130364545
130898196
130844036
130797524
130724930
130380644
129578765
130408431
129562438
130761111
129422371
129528464
129550558
130346422
129483686
129265774
125509282
125452772
124737953
129232571
124633375
123943417
126606924
128617294
129154774
127191236
126025119
127638180
125480160
125407067
125236657
124598280
129175188
129111290
127598699
123423651
122920695
121649913
120787667
119952494
123092687
123700374
121921577
121018473
120856383
122245047
122225767
120151356
123120633
121971893
123810466
122677090
123655329
123930106
120121859
117819104
119663313
119307257
119193851
118803181
117896819
119218501
117939944
117869821
119256104
117885748
118179997
117924497
117910940
117957429
119286099
119908987
117801291
119030787
118999875
117761660
116162164
117129736
116089802
115397719
116284313
116125452
117115395
117099666
117173010
116990292
117049081
116344503
117016072
116320685
117188379
117036009
116309029
117062278
116197998
113669916
113481824
114403059
113517742
113448481
113641448
112842127
115275960
113298561
113533509
114437212
114207777
114124548
113661513
114075961
113623038
114419090
115255993
113347478
115229449
112717904
111892447
111098472
112630608
112565027
111917768
111826380
111129035
111851017
111766682
112676091
111069302
111972938
112830013
112047694
111986193
111192801
111149358
112740465
112535827
110037686
109340783
108335886
110133237
109208012
110373316
110415581
110163771
109228853
108320104
110387695
108359541
109355954
110213924
109272799
110404695
110246310
110275281
108895629
108853693
106892185
108275237
108298359
108225628
106510974
106422783
105733814
105666214
107292151
107031378
106543798
108254209
106947917
105767739
106565410
106156475
106127301
105751451
107266638
106479716
105082500
105030851
105066734
105521754
105064897
104857726
104942065
105491892
104693527
104652049
104335997
105049617
104884339
105517137
104384888
104320064
105582750
105013341
104633169
105552256
102957751
103283224
103199086
104258520
102243429
102193718
103310688
104062831
103243329
102529596
102162848
101993359
101623078
102399251
103153911
103066023
104233623
102492122
104203450
102423267
99346316
98771910
101568820
97709281
100917512
99315292
100748450
97120865
100112706
99525128
100736097
101160492
101538029
101589013
99335440
100319811
98985820
100352950
98792638
100124422
92790623
96433025
97101762
95707498
93561395
96874637
94879448
93634011
96771688
96114807
96414582
92864277
96062790
95501605
94274887
92808145
96726984
92883337
94903810
96166658
92772638
91772618
91392590
91801566
91248688
90760400
92171056
91468437
91427462
90863485
92662334
92753022
92199685
92744520
92113096
92637435
90842625
91827532
92186995
90750645
88729490
88920985
88217617
88906489
90597353
89630793
89333912
89591419
87419163
88886134
88891818
87396108
87365462
87558984
90732412
88775419
89609623
87545007
89372016
89569057
86904716
86741147
86914083
86645225
86228038
87230404
86760172
87265757
86219276
86780037
86526692
86613023
86851291
86802425
86596012
86543594
86820721
86836755
86512350
86629598
85529919
85820115
86066138
85902373
86081976
85455648
85847317
86202908
85415489
86058112
85556913
85961346
85937195
85540510
85948163
85324949
86190167
85868209
86041718
85570700
85294071
84105333
83929057
83828880
84871053
84744412
84462560
85258225
84414083
85233194
84881946
84608630
84430300
84151947
85184495
84076594
84627452
84574342
84444143
85203675
83093107
83609724
82838270
82854215
83700360
83563586
82877099
83792362
83756151
83511831
83709046
83551031
83257982
83117309
83726473
82890673
82872627
83265491
83539135
83581557
82437381
82144349
82731185
82088608
82050238
82417158
82373122
81873417
82337210
82720195
82711758
81883144
81956174
81860649
81840887
81987102
81830512
81585242
81928755
81851959
81551015
80579153
80709325
81455959
81089289
81134818
81078508
81306785
80137951
81537541
81101405
81566650
80771358
81519562
80589187
81287610
80739143
80567442
80529901
80500309
78817378
78494940
79395774
79215987
79980887
80100274
79182105
78626632
79900519
80086469
79202115
79863399
79871164
79415615
78606365
78483383
78561709
78549160
78783898
79965923
76781032
76661464
77835889
77966865
77877448
77951472
77770742
77859629
76937406
76769102
77896130
76273642
76310169
77879582
76286873
78473832
76910664
77987456
77795219
77849095
76223466
75730685
75777954
76212954
75838181
75223695
76182938
75646062
76262555
75821688
75293020
74560691
75308535
75786975
75830212
75717527
75209130
75816596
75278440
75195445
74389048
73625957
73179219
73638068
74470157
74488925
73931493
73614332
73043271
74534853
73612325
74084275
74069498
74411948
74540598
73196542
74077832
73190127
74060662
74048329
70837316
72570216
72524088
70839484
72239794
72130336
70825375
72223355
71514971
72685496
72713899
72161844
72145903
71343104
71531517
72721775
72657519
72543698
72673123
71302906
70012515
69402578
69599212
69425172
70647329
70047935
69937198
70607864
70489024
69610661
69588145
69868873
69170227
69109734
68932209
69890671
70731456
69119538
70028028
70536017
68491845
68721603
68671459
68700557
68229168
67084269
65799744
65780978
66490572
67093027
66439933
68689164
68210582
68664068
68196161
68712005
68469945
67115005
66536895
66459989
64265364
62339227
64448696
62128021
64275104
61811630
62080621
61797027
63245569
62325965
62070600
62145270
65755852
61857780
62305884
64923154
64941056
62712664
65241615
64861456
59362231
59868604
61160401
61533719
60347999
61666091
59009566
61765168
59338314
59889817
61555816
60765359
61184220
60359708
60727189
59953611
59293540
59945600
60485965
59857234
58626656
57094258
57552143
58176899
56974274
57635451
57051968
58970070
56694624
56992786
56687242
57746267
58920368
57689482
58892355
57110164
56712747
57212632
56965277
58649117
56678020
56660516
56136747
56018614
56180215
56190720
56123378
56464544
56662283
56527044
56105461
56544476
56483421
56241861
56640940
56159688
56065716
56170296
56536704
56198432
55303731
55742252
54865605
55762618
55730519
55736376
55620424
55249594
55188621
55169316
55293531
55142266
54899625
55548454
55697260
55236689
55756229
55647115
55593632
55749306
53661398
54852953
53733166
54841316
54370604
54739110
54822206
53450289
54715877
53874490
53883997
53763941
53438858
54688039
54167211
54408783
53824398
54401122
53692723
53666317
51394293
53409346
52556633
53235758
52530239
52757536
51414292
52679854
53347968
51527019
51091525
53416893
51068927
51107024
53295122
52887812
52661757
51510633
53319143
52455531
50665116
50275268
50648522
50945547
50702989
50751299
50685643
50731225
49874999
50965591
50929718
50153411
50117007
51004976
50270560
49662842
50279736
50922406
50128351
49701979
49557651
49312848
48726522
48882520
49294947
48994760
49000293
49245209
49234102
49579382
48688985
49643087
49014087
48910671
48733064
49252888
48875617
48970976
48921786
49275186
48421102
48269714
48372450
48425351
48321526
48004754
48682296
48050330
47977298
48402168
48260562
47824711
48359657
47800335
47964947
48307592
47955267
48037415
47788357
48396464
47721049
47499910
46287084
46568120
46919972
46547846
46905387
46892891
47524329
47507814
46273636
47328846
46590996
47304944
47406965
47392182
47770281
47704644
47037816
46999995
46187052
45940790
45665103
45700813
45987221
45996281
45652057
45426259
45605193
46177044
46183312
45503737
45391635
45348482
45238127
45636035
45214428
45496579
45232362
45896598
43717778
44740054
44246985
43748657
43758591
44549390
44858058
44458339
44409659
44028122
45202686
43997165
43941963
44218597
43709146
44171288
44539998
44848436
44420905
43890134
42263291
42256649
42803401
42963275
42526548
42239550
43449342
43285826
43277040
43252835
42817079
42559606
42532725
43429015
42462183
43517149
43675216
43493761
42956597
42474722
41969724
42194729
41819127
41720383
41460810
41583564
41579608
42053345
41957316
41811448
42029729
41353559
40934305
41210703
41709994
41450297
41346405
40947480
41359356
42042519
40257125
39683451
40663393
40262655
40224367
40419826
40230334
40361172
40604993
39856743
40366950
40617078
40247765
40614266
40240407
40216806
40499434
39868416
40246894
39849708
39473889
39289739
39326629
39314494
38831499
39505303
39173072
38666352
38553645
38213437
38142062
39183062
39191392
38671888
39519853
39482618
39049191
38512286
39499093
38202790
35889993
36075732
36262994
35885700
35819384
35643398
38120453
38113659
37128219
36094199
36082092
36100528
36028891
35859818
35811732
36036525
36255060
35652924
35851639
35649398
33811842
33302505
33166613
33447202
33298529
33712391
33472880
33178196
33618853
34493910
33973385
33825212
33466792
33443334
33983107
33452007
33458949
33188261
33182220
33176653
32718799
33048058
32977874
32861082
32851145
32967638
32823307
32726101
33139037
32972078
32735902
33002854
32732186
32555191
32547214
33125846
33150728
32871513
32745111
32539729
32429259
31895228
32274674
32403902
31988531
32467845
32283836
32148419
32391100
31994080
32121653
31984676
31904924
32291053
31885518
32458687
32266929
32163890
32443790
32105926
31703649
31714358
31205208
31437803
31483933
31452902
31691586
31734247
31237372
31501283
31679119
31493714
31475143
31424566
31404112
31297560
31305353
31224536
31411547
31507573
30835157
31013171
30569298
30480244
30309838
30821137
30729967
31193906
31015424
31048948
30838849
31039917
30847218
30830314
30825549
30753451
30715882
30575174
30513530
31031109
29660342
29647121
29845942
30120022
30056188
29642111
30114352
29821326
29654086
29638965
29856753
29896159
29699683
29908489
29643693
29693705
30064720
29630546
30306418
30124655
29254328
29492668
29488303
29478105
29018810
28784039
29394209
29405788
29023909
29030811
28778647
29482368
29278538
29622585
29415822
29472916
29271518
29261542
28773640
28790746
28739816
28661832
28346640
28321864
28350560
28430706
28338141
28749543
28670300
28555590
28535970
28514550
28518942
28526965
28440490
28343109
28331621
28732145
28540680
28327408
27918705
27933003
27866757
27937026
27930962
27872434
28064554
27856301
28140482
27923956
28132371
27911066
27710579
28125888
27653020
27719514
28293002
28308819
27846282
28255921
27297229
27199734
27048665
27266583
27254316
26863602
27062833
27231493
26845827
27492228
27437944
27388768
27483900
27284067
27072889
26993087
27397023
27004412
26855370
27409017
26617506
26285062
26601623
26095709
25984610
25789128
26675903
25779084
26001844
25609554
26275622
25970652
26659770
25796951
26668518
25590280
26778753
26630823
26083621
26066512
25387060
24407142
24772154
25401999
25430283
25176952
25547183
25054832
25037334
24782140
25577208
24775557
25172175
24592656
24788053
25558687
24909112
25393795
25046253
24963563
23404856
24369286
23207304
23614332
24321518
24206316
24210489
23937008
23838984
24023901
23418989
23943504
24167841
23395132
24183901
24018489
23411632
23360488
24398376
24392178
22614564
22970036
23144619
22397681
23134696
23094333
22980739
22616189
22976897
22966468
23155670
22960677
22901406
22893610
22613072
22557005
22984562
22547552
22584906
22621096
22091699
22385392
21858118
21818232
21878311
21986324
21909413
22378108
21991758
22100960
22370168
22391280
22084436
21834415
21902301
21824080
22107010
21870270
21844323
22198498
21488342
21517894
21100459
21484527
20855800
21513884
21500322
21534256
21666285
21492968
21673454
21742277
21506398
21734886
20524250
21539769
20867421
21747540
21728711
21526612
20236592
19760129
20028794
19637704
19896672
19721478
19751539
20343627
20243355
19705793
20254037
20021374
19631024
20347283
19881546
20229016
19870668
19633403
19626586
19516305
18751918
19479279
19320624
19226694
19367781
18901769
19038043
18833445
19472796
19222308
19020536
19461867
19331183
18755576
19028805
19188807
19013061
19326771
18761669
18906975
18733874
18517764
18404161
18576006
18726522
18544472
18399006
18418384
18572745
18556058
18552250
18395820
18580710
18381978
18558452
18720912
18422524
18412757
18715834
18401511
17861313
17863795
18010208
17715385
17984842
17837601
17830489
18003119
18289914
17987565
17981245
17834910
18141013
18260147
18057824
18013831
17869344
18286520
18137699
18062235
17027528
17703157
17584919
17157273
16632645
17580636
17154699
16869343
17032935
17027009
16627758
17707636
17403930
16713653
17173315
17259955
16913316
17559962
17711753
17028909
16484921
16462898
16494043
16495529
16487972
16503157
16617195
16611066
16491548
16459410
16456907
16589795
16613750
16580206
16469831
16625138
16498254
16602387
16482710
16621655
16374346
16437957
16266996
16270275
16077653
16370863
16341251
16355523
16089318
16361885
16217257
16318903
16368200
16073864
16323250
16347541
16214305
16359065
16082007
16329016
16006029
15846617
15790051
15780898
15833036
15998437
15925500
15842448
15940313
15829028
15823377
16003344
15838663
15804985
15799304
15917541
15963478
16009499
15969291
15933737
15386954
15500418
15641695
15661764
15654012
15634053
15388836
15593765
15518026
15755996
15765551
15512610
15602110
15493059
15769754
15368380
15524426
15617719
15751249
15621240
15212168
15174098
15090329
15324484
15085144
15202157
15195071
15227720
15178833
15188173
15336002
15182797
15208485
15341336
15165885
15360940
15302322
15356193
15222105
15317155
15080009
14866769
15063483
14831636
14824374
14880247
14816704
14839665
14924088
14902038
14707826
15036027
14888927
15054809
14932349
15060919
15010019
14913940
14728791
15049684
14649391
14565068
14550972
14641059
14554843
14522671
14662584
14512459
14642136
14638563
14668619
14564765
14541086
14535357
14513198
14499710
14565763
14560991
14683186
14564003
14233842
14238926
14319851
14312936
14326293
14364609
14495578
14394732
14308207
14469670
14303915
14297704
14223914
14352280
14482406
14485930
14460865
14360265
14293602
14388978
14171773
14188614
13904541
14011719
14194169
13898967
14147199
14003369
14032722
14218681
14179821
14207163
14128205
14158318
14214429
14022481
14202187
13970351
14076927
13998128
13596217
13608217
13626111
13660313
13844083
13688316
13797811
13726789
13853465
13695655
13618840
13601562
13826916
13508048
13608813
13614981
13604208
13848217
13793466
13529047
13439364
13405248
13321250
13293123
13230502
13417160
13423556
13476431
13502603
13237841
13244216
13226811
13432993
13400367
13427833
13456516
13482290
13251240
13222196
13256789
13212486
12923179
12907449
12880929
12974287
12965605
12911717
13044938
12971352
13218179
13126808
13073681
12927039
12916951
12887925
13056845
12793496
12798704
12900622
13122793
12576355
12566985
12443492
12785113
12626062
12586600
12453655
12607482
12630870
12781749
12449161
12438680
12746923
12730877
12622488
12443996
12789206
12773846
12715396
12769628
12422297
12400318
12254133
11862924
12413065
12432783
12386778
11856903
12070857
12266521
12166804
12028301
12259502
12066909
12176314
12393210
12249586
12242275
12437103
12059240
11696766
11588926
11704120
11586684
11848914
11676465
11816411
11607780
11576355
11737047
11808902
11693416
11691049
11616862
11603322
11566646
11581580
11823900
11572806
11681638
11405449
11549550
11330518
11418227
11528440
11335906
11140824
11410983
11121483
11386157
11340680
11303727
11537583
11249757
11532281
11554094
11125370
11378392
11227742
11132703
10956196
11059297
10934398
10838667
11075869
10824536
10829377
11106786
10961496
10940851
10952718
11092092
11101630
10945692
11066197
10842306
10834708
10949773
10854163
10846577
10818242
10809930
10788008
10690623
10632099
10697430
10792258
10783221
10708384
10615457
10612214
10681092
10713012
10800457
10716111
10719199
10693665
10617846
10721835
10609983
10457349
10466657
10500301
10576469
10562024
10571971
10556627
10461168
10494918
10563808
10490342
10472463
10364568
10327279
10552662
10479200
10606591
10550001
10361595
10582340
10200307
10221086
10314896
10258945
10203208
10193443
10186319
10232318
10217598
10241143
10216614
10321898
10235384
10106592
10116883
10110765
10237884
10176922
10209223
10253961
9978101
9969509
9946681
10104064
10092170
10072313
10100885
10049630
10081467
9962224
9951178
9940049
10065323
9981631
10084936
9965415
10069168
10097165
10046866
9932530
9838332
9747988
9824548
9725866
9615363
9707437
9816689
9863266
9752244
9619884
9832202
9627529
9623312
9810780
9831605
9927767
9721622
9715873
9711887
9701967
9486708
9491798
9556810
9597315
9591640
9579517
9576273
9558082
9479903
9439912
9447948
9433755
9577665
9463792
9496195
9570116
9562849
9455954
9499999
9566125
9173149
9067363
9059593
9360486
9428188
9198001
9192642
9357560
9313483
9153819
9323076
9064119
9348501
9293098
9344460
9332666
9353406
9184668
9309201
9318085
8708137
8721325
8834107
8944092
8948655
8716719
8732853
8698965
8840928
8856700
8736928
8633703
8845586
8690675
8628186
8828247
8704335
8726490
8624083
9051912
8620574
8579192
8552646
8451648
8406521
8445659
8616980
8583518
8563764
8410841
8567915
8548198
8416484
8611298
8606168
8322828
8301951
8558850
8440707
8236883
8125369
8111638
8128379
8148436
8063493
8059739
8138514
8226597
8208383
8230406
8204433
8201396
8054739
8211864
8159273
8144239
8222283
8115018
8197098
8151639
7962955
7842914
7966402
7974637
7956831
7859014
7926850
7874896
7834181
8039841
8036967
7929382
7868597
7867073
7844764
7984200
8030605
8034149
7971031
8032241
7707121
7757029
7648655
7832876
7829940
7644844
7660844
7630948
7733817
7646456
7628952
7650330
7796176
7711192
7603144
7730908
7714518
7663566
7800356
7752530
7598684
7516332
7565601
7484980
7567790
7561530
7557191
7514556
7513138
7562525
7495320
7510852
7491985
7490126
7487539
7509125
7493645
7569093
7588962
7559430
7442225
7387222
7420332
7381885
7377230
7383543
7424143
7333163
7482377
7469542
7439811
7338785
7335158
7326938
7425792
7323092
7472571
7422737
7320626
7418924
7300354
7222228
7217922
7142406
7134114
7131181
7127468
7140029
7216473
7250640
7279175
7244286
7230242
7213799
7210700
7145318
7159237
7206991
7155713
7142672
6963205
7032981
6967979
7125137
7098426
7123198
7070965
6940384
7067844
7064869
7040517
6917974
7060311
7096394
7052060
7045024
6959607
6938983
7100954
7055484
6747847
6758514
6763879
6754313
6751264
6916330
6766940
6750670
6893352
6850112
6910087
6900893
6848872
6847851
6841272
6760677
6845397
6869075
6905593
6897100
6684348
6742549
6603315
6588742
6637508
6606565
6656495
6667626
6739189
6683312
6745467
6581216
6686935
6660652
6601829
6593499
6664026
6591253
6585236
6586809
6470223
6578867
6509304
6512273
6528727
6524569
6521608
6474920
6469509
6465559
6531288
6533036
6535049
6526876
6471895
6467648
6518455
6574560
6473466
6516161
6460327
6375497
6387428
6458061
6383971
6464274
6451882
6442006
6437952
6400063
6379812
6436917
6389942
6402119
6434817
6447613
6396402
6456071
6462388
6393001
6233241
6222453
6297212
6261124
6179296
6230317
6318245
6334586
6335439
6328648
6263529
6258848
6321372
6266745
6372267
6241471
6298877
6245784
6338634
6301312
6170921
6101720
6073551
6097260
6070968
6176953
6065963
6063492
6099412
6142347
6068960
6174583
6076685
6089567
6138832
6146699
6092867
6095287
6144849
6165313
5896771
6030097
6003076
5895921
5900619
6020611
5951803
5993465
5948242
5939900
5937132
5903911
6061695
6005370
6008681
5987581
6016937
5935396
5898656
5895309
5867166
5887316
5879634
5862370
5759629
5763885
5891224
5774993
5864678
5761822
5871003
5892290
5757982
5874064
5816551
5779841
5877484
5756490
5820424
5860881
5649665
5741463
5585532
5541047
5736070
5538970
5478703
5603998
5733137
5590570
5656629
5754643
5595595
5533981
5613521
5662594
5599766
5585874
5535919
5715730
5453199
5320148
5456493
5472146
5386623
5381763
5325560
5443053
5329438
5299716
5445121
5440511
5322155
5296726
5298164
5294565
5454887
5389633
5475041
5384239
5223570
5142536
5225128
5221507
5149618
5257223
5238508
5259211
5234846
5147105
5262958
5155943
5220602
5153998
5144670
5154979
5152248
5169476
5172056
5150924
4998384
4996541
5050580
4958260
4911701
4907849
4924943
4867327
5007227
5001607
5056156
4914033
5003127
5005856
4871223
4999936
4956688
4921508
4918216
5004554
4801974
4722509
4729249
4859274
4792669
4732896
4783661
4864761
4804006
4806931
4799284
4727076
4861700
4724580
4856394
4797468
4812892
4808702
4779204
4810721
4713165
4569062
4577372
4497574
4652265
4647561
4706059
4654705
4703396
4697722
4580942
4719185
4646186
4709196
4711862
4649785
4643346
4579467
4444374
4583560
4346932
4267712
4293565
4270045
4251375
4432205
4370641
4264444
4437548
4219875
4355090
4366914
4215942
4427891
4282874
4356973
4441113
4362371
4256487
4213327
4175813
3919820
3925215
4020636
3970629
4191107
4208481
4181631
4036355
4103144
4101405
4034436
3978311
3974986
3971921
4172271
3931218
3965049
3929298
4030500
3844363
3859592
3901809
3797933
3774919
3856255
3801040
3788916
3865841
3769542
3912675
3916695
3841651
3907973
3906825
3802922
3905760
3771902
3846406
3804653
3684386
3759140
3689773
3763699
3712896
3703538
3692131
3676463
3496049
3756835
3756926
3680291
3498644
3747861
3707100
3597952
3548047
3492720
3767804
3553764
3423379
3435686
3357940
3441505
3490897
3437556
3443398
3396264
3386106
3422284
3355655
3450696
3447087
3431542
3383849
3393083
3389591
3439920
3366925
3433156
3237630
3204224
3165091
3159080
3115480
3163090
3209973
3112195
3199664
3355473
3320594
3286061
3234714
3287566
3208591
3161312
3290100
3197133
3114124
3111053
3044915
2995719
2994157
3103334
3088906
3088820
3090767
3051298
3039244
2959910
3088440
3093111
2998977
3100694
3056564
3052955
3001602
2955779
2963538
3058927
2952033
2936036
2899237
2889905
2942514
2887660
2870089
2937556
2934469
2885562
2872549
2896148
2894491
2875094
2871487
2868518
2859450
2857134
2877762
2875919
2783884
2781352
2817636
2813830
2768211
2780144
2831839
2820723
2819361
2770610
2778679
2769629
2812067
2828672
2773461
2771975
2766653
2830545
2786391
2821462
2669731
2689108
2686561
2728105
2664091
2663155
2751049
2687722
2673248
2718329
2729455
2728305
2671650
2730512
2726882
2718898
2685155
2665271
2726555
2674401
2612601
2636613
2632581
2593411
2575289
2616895
2634371
2631542
2627983
2533172
2591013
2614553
2630195
2595308
2589378
2629057
2640814
2573921
2531519
2638704
2515127
2528628
2465176
2461197
2519458
2470257
2457068
2523224
2516494
2509727
2525753
2510644
2530326
2526393
2513772
2462993
2527135
2524212
2467818
2466151
2455129
2428135
2422490
2421076
2415396
2412640
2411097
2409794
2392893
2423828
2366282
2418386
2401884
2367203
2360400
2452560
2407524
2426741
2453921
2425643
2335050
2302819
2289740
2348467
2344293
2342028
2302468
2352016
2303329
2304663
2298469
2355789
2301901
2293615
2307200
2296382
2354133
2358022
2308812
2303169
2247595
2226572
2200619
2249333
2238595
2287036
2196777
2280139
2286059
2232727
2229338
2199692
2251221
2250100
2246306
2235996
2234258
2282511
2198054
2252386
2185346
2126075
2117527
2181482
2178248
2120982
2131594
2118611
2132195
2130535
2183034
2113478
2107818
2171917
2136412
2139644
2080075
2173846
2110897
2175496
2052727
1999376
1995709
1984067
1977948
2072852
2003056
2064807
1985684
2074933
1993692
2004596
2046607
2000906
1990085
2067424
2000606
2077211
2051214
2070725
1945041
1934725
1972371
1925656
1917857
1933746
1892138
1939183
1894789
1944355
1893643
1941082
1946102
1976366
1937344
1921213
1890298
1970182
1934807
1888987
1876672
1870342
1879415
1848888
1845494
1844801
1830440
1792760
1775383
1816827
1884274
1835155
1846524
1843425
1826884
1847569
1794468
1872274
1841645
1815051
1762570
1715422
1694297
1698286
1718294
1758418
1772773
1769579
1710343
1706060
1721944
1768229
1724095
1764280
1770872
1705032
1766551
1755836
1755325
1705211
1564119
1569936
1549927
1559320
1555179
1562756
1512924
1657712
1689477
1659846
1656037
1645972
1692249
1692009
1649255
1687688
1516531
1553496
1519284
1605155
1377603
1349691
1456977
1307495
1382081
1494770
1424015
1502202
1460120
1453599
1346729
1363188
1427085
1504490
1385479
1445286
1436813
1449164
1352925
1507960
1203532
1276750
1206790
1269139
1303560
1285042
1253330
1199896
1260330
1197588
1279381
1210306
1272519
1196758
1299695
1254601
1296341
1297976
1216542
1256744
1094352
1138836
1147892
1096196
1135479
1101706
1090428
1137565
1104101
1062107
1051673
1152574
1099848
1093019
1194140
1136589
1091524
1105094
1098229
1149611
980222
987662
1046349
999898
914553
917633
997051
959799
909970
975736
911593
920471
982154
992196
958086
972848
1049250
1002732
984810
957308
877561
888596
899020
907139
886600
880216
825405
822236
895207
903763
804595
891346
806084
902444
884588
819623
881833
817262
804123
897392
732058
756045
761612
729663
710226
789905
796311
800359
757766
760025
794264
802214
798442
712335
793362
711192
754684
799263
733447
791520
658495
668949
651596
667019
664555
666009
656692
633650
654252
653574
634360
657683
702067
652673
703317
699461
631748
657810
632995
655441
581166
593503
576128
568427
602820
578053
609328
593214
595329
580041
596740
593561
582924
605769
591817
607740
599157
593613
581591
600673
540488
549911
544179
567075
531873
543180
539644
534334
553376
548710
548508
535329
551100
542002
536358
550043
552446
528491
541050
538013
455114
493870
498908
451152
452575
422831
496109
497831
456910
500952
423927
522793
524730
450262
459807
528290
526914
501816
499452
458630
417180
414000
412441
419511
367269
414902
400428
416267
412146
397183
413144
418316
399388
366015
362363
398261
421505
396528
370722
372057
357016
299561
342973
298664
302224
359355
324493
358240
315498
304256
337495
320022
360671
303140
343890
316360
300777
356314
340818
323201
289792
273482
254117
292205
255091
251916
253481
293976
274916
272652
255630
255631
269716
254387
273933
253657
252941
297610
291291
291092
234488
238656
232879
239840
209012
220532
209412
210909
236739
240805
239135
208791
210118
205890
237971
221278
240296
223358
210591
221816
174296
203626
173766
174936
179551
205574
204947
192917
189424
177840
177433
191767
201964
187653
202931
201640
202457
188557
179054
175637
146339
148686
173309
147189
161899
162675
148244
172745
149200
163209
148373
147753
147558
146679
143041
146885
163771
142716
165434
164324
141448
133895
141965
137542
141653
138258
142445
136518
136755
133625
136437
137972
130129
141551
137843
142603
137293
130282
142290
138067
129319
129797
128393
122542
128422
128785
128207
124710
128604
124424
128035
129503
122726
129133
129009
129950
122934
123070
117617
125012
113241
116819
116558
113438
111020
117038
116372
117379
112823
113276
115941
113189
111141
110947
110680
111238
111050
115769
113367
110764
108563
108962
103834
108863
107848
108390
105859
103927
108826
106171
103715
110538
106322
106066
108183
105430
108722
107964
108085
105941
103489
96276
100523
98725
103013
102300
100674
99384
103513
100792
100445
99557
96440
96211
96345
102796
103248
102669
102857
99182
78333
78265
81824
77906
76561
81049
80671
77650
78159
81999
78009
81156
82308
78067
77796
77749
78036
76228
82156
80889
74400
74200
74014
72000
72706
72221
76087
72356
75978
74082
74137
73934
71863
71770
74359
74073
72285
76191
73812
74050
70143
67325
61867
63469
64820
64901
63634
61947
67150
65078
70083
69939
65181
64611
64708
65290
64986
70390
67262
63526
57692
57884
61624
61457
60334
60116
58752
60178
60234
57960
57390
61718
61585
61504
61789
60276
57499
58688
60379
57242
55218
52664
52380
55423
55355
50577
50498
50440
57034
52754
53160
52271
49910
50328
49843
49650
57147
50206
50042
52834
47565
46965
43784
44154
44682
43868
43728
47491
49491
47750
43931
47221
44099
47451
46877
46522
47655
49453
47323
47090
40330
42420
40824
40206
40165
39641
39580
39475
39313
39233
42497
42187
40949
40267
42368
42591
42254
42070
41022
40846
36091
37255
35405
35957
34375
38910
38128
34334
39059
38119
35231
36015
38075
37676
35342
39008
37200
36140
39004
35585
31670
32076
33411
31679
30221
31967
30261
34084
34097
33541
32136
31820
30161
34207
32020
34007
31748
33311
30181
33443
28406
26991
28379
29765
28485
26665
29631
26920
29910
30006
30098
28550
28576
26728
28438
26674
26646
29609
29701
29862
26524
25527
23313
25067
23177
25120
24979
23517
25564
23830
26438
25333
25611
26498
23935
25414
24923
23627
26556
23243
22161
21909
21985
21867
21662
21563
21952
21813
21681
21585
21544
21527
21689
22117
22091
21871
21744
21828
21556
23145
19113
20153
21464
20108
20298
19518
20232
20028
19487
21476
20115
20012
20133
20175
19602
20337
20739
19977
19501
19475
18254
19097
18597
19065
18271
18655
18301
18760
18785
18645
18587
18626
18633
18748
19055
18776
18675
19083
18577
18605
18140
18187
18120
18081
18067
18250
18206
18048
18123
18028
17706
18162
17686
18013
17647
18231
18109
17651
18245
18202
17153
17248
17051
17528
17602
17596
17553
17265
17234
17608
17240
17537
17640
17151
17613
17253
17225
17523
17558
17628
16208
16526
16479
16491
16445
16431
16936
17027
17004
16512
16466
16222
17009
16754
16475
17045
16239
16289
17034
16503
15839
15811
15959
15897
15886
16171
15935
15903
16183
15858
15834
15919
15944
15942
15977
15874
15986
15961
16196
15904
15335
15772
15586
15562
15623
15787
15597
15596
15537
15605
15343
15329
15592
15457
15790
15632
15804
15781
15478
15321
14954
15273
15036
14964
14828
14808
15011
14969
15051
15255
15239
15048
15040
14790
15298
15230
15276
15291
15026
15311
14481
14666
14651
14351
14412
14771
14374
14384
14491
14475
14406
14365
14632
14615
14356
14628
14682
14638
14434
14420
14162
14238
14143
14113
13885
13834
14085
13822
14123
13866
13898
14097
13839
14224
14208
14126
14182
13854
14111
14249
