1178212027
1173496188
1187819035
1177739893
1180274489
1179740793
1187028630
1178316618
1184532448
1186952169
1180027935
1187934189
1180179937
1187687210
1182034117
1177814880
1180132732
1173546938
1177663858
1173602818
1166082266
1164260248
1170834016
1161833898
1170767343
1155643124
1157812881
1164328924
1159963273
1164476894
1155840215
1166198275
1161948520
1160036985
1158112648
1157885686
1155736310
1160121870
1161908667
1158193269
1150698104
1141928880
1141208460
1153479091
1152898706
1152795023
1146173199
1143740634
1146054526
1141826126
1145970426
1150450727
1150627162
1148397000
1141250967
1143856711
1152745926
1150560207
1148300849
1141735455
1136705363
1133934155
1136307781
1136185159
1133858225
1139499480
1141177542
1139402560
1139135743
1139320105
1136536806
1139228634
1136620161
1129246951
1139039508
1134068769
1136385953
1136251781
1134015752
1129179204
1116710260
1121346456
1112411106
1114681256
1112338342
1129087130
1114584496
1108149289
1126918613
1121936154
1124622272
1124444201
1124257387
1124365777
1124202753
1121786115
1121690546
1116811694
1108237303
1098808055
1064240740
1083445051
1096260584
1097748561
1090134387
1064305525
1064431380
1092154679
1092252043
1064532163
1090303690
1064180616
1092208693
1098739159
1090239086
1083354204
1090059038
1089994686
1087517647
1087608136
1057643421
1061988273
1061893151
1059998860
1062562638
1061938874
1057095671
1059887037
1052495784
1062517833
1057272814
1052564092
1062438334
1060421746
1057532318
1057373770
1060221933
1060089287
1061860156
1052889341
1050659620
1048471103
1052409167
1050558606
1043843958
1043674980
1048408587
1050325483
1046527940
1046398437
1046463620
1052428159
1043774879
1046107643
1046594656
1046048023
1050743435
1050330803
1045928533
1038773308
1036562250
1028879074
1036613063
1029100406
1028213458
1013906616
1029205640
1003212772
1030715540
1036508622
967730511
1038641006
1036642064
973913189
1038699430
979444467
1030763096
973862004
1028278671
1034732528
934265563
957783452
957963952
945613715
961757243
936613092
934326954
959716903
967633817
965098467
934714161
959636756
967528952
955952983
934812582
959553940
958031521
957898507
934392617
945703939
925709172
932537684
905843608
934092297
905667115
903678865
901835046
899971278
899916406
908025245
905941769
925803546
928454298
932467551
899888404
932602667
906031837
925760325
926315895
928389878
880386819
879793285
898049763
890670345
899820563
893110601
897955674
897908000
888502002
886733778
880326056
886675357
895301425
879864765
895379161
890616509
886629668
895489518
888544341
884212055
859452725
862940313
861655915
857242909
845782608
877284846
851792694
871442008
851119445
849567801
853629836
845856836
859383316
849519237
859287330
853717283
862843042
857340413
851199576
859258772
844036771
823375393
832559493
825279863
832459205
830612572
834618573
823158114
830566406
832498166
843946079
832402725
819800559
823452444
823225658
823298921
844154794
829032237
828952685
834688035
757251213
758565306
801539586
739756981
819710162
813548031
758912821
798137843
809734505
815818575
811850422
802375239
757425057
809699136
757489036
802284873
757323032
811931839
813598026
796023314
739695880
616978964
633364221
638660423
648669592
633417152
616889928
701346950
618853387
647424673
648602732
701261385
644150909
727823078
631771224
618910738
644088004
612165784
647333729
616932975
539124683
510748797
501938519
553052496
568572662
539154261
533402582
533361486
501996562
576906900
533455607
543250018
544718319
541511621
510835950
544793829
571787548
544759793
568886931
539072599
501836758
484796164
462512742
496996568
498095665
496146061
462565049
491167665
492910482
498030676
496204889
499519609
501885237
484840892
476266763
499602037
501724656
498142461
492844076
484911099
430490955
444933957
430446264
430384843
462444352
436691176
436608701
436561347
462477045
430344175
430311581
444876987
430401632
444812609
436654025
436737463
433402958
430525740
436793462
433490921
405913707
419833566
429211788
429011806
408120248
419786819
408934868
421921296
408917792
429079620
405993407
429114705
421984792
408087802
408140610
429159427
422086775
408951163
418357428
419733135
404725682
387971691
376743493
404659371
381708583
381675663
392437099
392488211
388093156
380693393
379867640
379797336
376800559
405847888
380647928
388019606
388169320
380660565
381732440
375839220
367959209
374086334
375432337
373212662
372054545
366576781
375368662
366625450
366521555
357934562
375396189
367896762
375782197
366542229
374361209
372007644
366496799
357899567
372084580
374409952
337728346
333707560
357864232
333645196
338551048
329250823
338522289
329241143
330180371
336366473
329211507
337619672
336398535
330147757
333606672
329158969
328920615
326817808
337743355
337660762
313913195
326753051
326364153
314810697
312916418
322936615
322980138
322956612
322899843
318821889
317338985
315201041
315121830
313937891
318764104
326649215
326673488
314835739
312917180
314859876
306113163
307080357
306154219
307119478
308130838
310770099
310830777
312895809
307064141
307130709
306120247
306017028
310721297
312054695
308168653
311826971
305185360
306001417
312018604
312880481
301098434
294694712
305145860
296858275
290991619
301201067
293406247
300163936
301138369
301049169
296813005
300227686
296836743
296902750
293205032
292075509
299898631
296795420
292121169
291056055
288545251
286247442
284066945
288511501
286148560
285171585
289698155
288860206
289983276
285143119
284126897
284136537
289672322
290954660
286195619
288802703
288597006
284023342
285088655
288657351
282824021
280693183
280547060
282761718
274823691
273816974
279746581
281918688
282927921
280583269
273765942
282805608
273723043
279700619
275718684
281887336
282744601
281961254
279661658
280660203
250539642
258767388
257679386
257631361
260737307
259696505
259819014
250618830
260659243
252441229
252374121
252404365
273706197
259774880
259738447
257612667
258719022
252351629
250575837
260699326
246795009
250503851
246840642
249593020
245133981
245090130
247671228
247813487
245252984
249635575
249562099
249672967
247700993
247770123
246828832
245205873
247734298
246886767
245112373
246750765
242760613
243566484
242698931
242730374
244392802
239330775
239291127
238642230
244359501
244400992
242664147
245176543
243497207
239309555
243518347
243541425
240186567
239356585
245071669
239390615
232233427
230618920
238569678
237771060
224523412
237697995
224494587
224412441
224466317
224440539
230600116
238605107
232300315
236830474
232191702
236848224
237722441
232260870
232209716
237740855
223754641
222995078
223673277
223021585
222954182
222909770
222210271
222188332
221398306
222930704
221367954
220671149
222152310
211910992
218377492
222968745
223723753
223699450
222170768
222133116
172994591
163802480
211856751
211888048
200785740
155300273
153717868
162223662
160523594
211835488
200760023
162239071
200769620
161391218
163788074
208440525
211869482
201550431
155327183
176456266
152311686
143927956
143961647
152325920
142525938
143991227
150770122
147130046
147090136
150813070
146387479
147108006
143222983
142501922
142559204
142545199
143257115
150792447
143911978
150744789
141129213
139539333
140334396
141879620
139503647
137942986
141112357
137920287
141852883
140390251
140353567
137128136
141824955
142487262
140416251
140455619
139475655
141788690
141808645
141143332
137104663
134386038
134328668
135472621
134422521
133424004
134467870
133396204
136321475
135431068
135412440
133372004
133330897
135453956
135383163
134521165
134354256
134301537
132359158
136291331
128927304
128855135
130631344
130570207
128780388
129703836
128770574
127940427
128905971
130660306
132334435
128963284
132281994
128839872
129723055
128878220
130610520
130594002
130538291
129680150
126897899
126725136
127785422
125903386
125787163
127881989
126706430
125861244
127906138
127808991
126847566
125961054
125838100
124923073
126954172
124878282
127847329
125810899
124898237
127766929
118764179
124171460
123306248
119644713
118855481
118725932
122429078
118742839
122506754
118713947
118829805
118880570
123255209
124197615
124005843
123270004
122481663
123280689
122453083
119687040
117987453
117226981
117970664
116547464
116488917
113773639
117155465
118024503
118001673
117157350
116467101
117181761
117172696
116505657
117214570
113789999
117956648
118700174
117201104
113743617
113725535
112865902
113738970
112842822
112906619
112924903
112138767
113702257
112085985
111289220
113710810
112882204
111333285
112154889
112845303
112967010
112101450
111310426
112119009
112947797
110450482
110447497
108413329
107427434
107381988
109435576
107476758
108402273
107449891
107440376
109452950
110430322
109402831
110411533
109468803
108426568
107405975
110397164
109494781
109416836
105763728
107360171
107317759
106623453
105168012
106680339
105194465
105153033
105181466
105861553
104360303
106655770
105783198
105830369
105141589
105879885
105805246
106638857
105848543
105893721
101983647
101307901
103486112
103391607
101850663
104314869
103517769
102714176
102652230
102694208
101282404
104347091
103475621
101887737
104293688
101295955
103431219
102782074
101997604
101870986
99951035
101271092
99298713
100669297
100599993
99928097
99915752
98583057
100642899
100680537
100628478
99968304
100617566
99999871
100700268
99343122
99990078
99328415
100728505
100713501
96088254
96821462
97543829
96846136
96803219
96092679
96079973
98490567
96085113
98506571
96147567
96118754
98522891
97511705
98539029
98460232
97676320
98565762
98548692
96865714
92785947
92404812
92836335
96031906
94279767
94261026
92859535
94235546
96053350
93251224
93175074
92382069
92872783
92339723
92359164
93292068
93211330
93354714
92808660
93325026
88425339
88451316
88345495
91589961
90235732
88333154
88396061
91715522
88373738
87648524
87690621
82752270
82734820
87708064
91780867
87668746
87630582
91740414
88487104
82705434
81119679
81809349
81149828
80601142
81110473
81817560
81881817
79289465
81133200
80569918
80567909
79351602
79309961
79329037
81740237
80582718
81830394
81166727
80552436
81844825
76900014
78568288
76891844
76345879
77404156
76881087
76395177
78614803
75914187
76363821
78590265
76865113
78612895
76350850
77373616
76850958
76842774
76376583
77391142
78630065
73731503
72825641
74662440
73279671
74650609
73763713
73745476
73263392
75322211
75289895
73218598
75278697
73250713
73229799
74688566
75902784
74678316
73240920
75267584
75305118
72271556
72285938
72807161
72259669
70954345
72777782
72796147
71590061
69712473
70976705
71609767
70898923
72786339
71629633
71685602
70882285
71652193
70928076
72288683
72249273
67758721
64577560
67871758
65864183
68753343
67889628
65880460
67855583
69685742
69698851
68763879
69185441
65465640
65852884
64560762
64545664
69197847
68787405
69178725
69673962
57703992
56246631
62108938
54522977
62125937
56264192
59554016
55371541
55768420
63441014
55724118
55383872
59544304
60042724
57739472
54925528
55760113
54541495
58680969
63418318
54505596
53465604
54492725
51974058
54034682
53987896
52754343
54051566
52044060
54424050
52031935
50919950
52760975
54000896
51650187
53484406
53446353
53454536
54021367
51631581
49387401
49059755
50332463
49050656
48775637
48462524
50028675
48786902
50035598
50588035
49067843
48168691
48796365
50051060
49446521
49103518
49462432
49090984
50042013
49078014
47193701
47585079
45550940
46359238
46349893
45527033
47866761
47575014
47860777
47204372
46438795
46827149
46426566
45802142
45557658
47219895
47183957
44615037
45521057
46798330
42371703
41072119
44607915
44315494
41627355
40802576
44310128
41109199
41100266
41856752
41134456
41124372
41632156
41117833
40809284
43824154
41636273
41601649
41618775
41418629
39518500
38436183
38425413
38350397
39804314
39253586
39178512
38439437
38343599
38979676
38431097
38876118
38971753
39264880
39273852
39261878
39199670
39767895
39532256
39760106
36351864
33950265
34693039
34445172
35711087
35450450
34939838
34644978
34450252
34931107
34653169
37938003
34919342
34456669
34925022
34913582
34908512
36127725
34699430
34463286
33232400
31134059
31586714
31356312
31366521
31761392
31561671
33223230
31761118
31568140
31760425
33613674
31107892
33908814
31586013
30611926
31117095
31126502
33136580
32957390
30602873
29952658
29745970
29507113
30400142
29735441
30594603
29678808
30404759
29684300
29499958
29512137
29322326
29752623
29311832
29305889
29935136
29526148
29941361
29519171
27783261
27320406
26944215
27344794
28592572
27981817
26951588
29124144
27987649
27778517
29297508
29114637
26762005
27591788
28213942
28779171
29105809
27773215
27362173
27348921
25546970
26109935
25352252
25153378
24812142
26116326
25542593
26138988
26171462
26758412
26367846
24994037
26146618
24806840
25007116
25176212
25148616
25984430
25012004
25183044
24026393
24568157
24232137
23469088
24057125
24205893
24573590
23829410
24606512
23858190
23416576
24201413
24611635
24065266
23460804
23456275
23854698
23625933
23409555
24602272
22493164
22654204
22645689
22658103
22627980
22636462
22509597
23233855
22498846
23265899
23252711
23404921
23244564
23195383
22665074
23258143
22623351
22836106
23270415
23224637
21926393
22342487
22173218
22337998
22137567
22470957
22108580
21848183
21691352
22151537
21860935
21853807
22144710
21934168
21930575
22114402
22347892
21953145
21699485
21872413
21446098
20840958
20467697
21294973
20358973
20496260
21463006
20529560
20351628
20537870
21616629
21285728
21017554
20184687
21466669
21328457
20475214
20832292
21610599
21290823
20128168
19962690
19856713
19838235
20160420
20132498
19842225
19990969
19693404
19958782
19985815
20149538
19951781
20174389
19849907
19830762
20119099
19680711
19956638
19686937
18793890
19636584
19632151
19226173
19506030
19372896
19229549
19073678
18788123
19061991
19485588
19052213
18903032
19055223
19511196
19626739
19369213
19376497
19222457
19059135
18589122
18612503
18756804
18564853
18724830
18443490
18555100
18753630
18600503
18561753
18606716
18592532
18728564
18774024
18450375
18769294
18759943
18585262
18457132
18733203
18429986
18151939
17989575
17986915
18009341
18156767
18016224
18012764
17860074
18301138
17731705
17727789
17418589
18433181
17414219
17409694
18297178
17856574
17993028
18426482
16012243
16927977
16791170
16788050
16794380
17289517
16275585
17049160
16272391
16140675
17402930
16131769
16009872
15991298
16166349
16634035
16931522
17286125
16135824
16006188
15979960
15984869
15708251
15699543
15662805
15250027
14668958
15799654
15699988
15671183
15492237
15387911
15363372
15242005
15666132
15185091
14657339
14618022
14614268
15821390
13958604
14607651
13256658
12872582
13967828
13270568
14432145
13455815
13259775
13963118
13438885
14138778
14129307
12980100
14586527
14425481
14132211
13264294
13444824
13250557
12277893
12649651
12058619
12283295
12645889
12066603
12091811
12079364
12321301
12484101
12085286
12073852
12467005
12455380
12451367
11633316
12805006
12479030
12461915
12271976
10008012
10414784
11317346
9780852
10130459
11333184
10133898
11329346
10408452
11337807
10260461
10402974
10257289
10404495
10123337
10252549
11628848
11322750
10263942
10126702
9527063
8268676
8993883
9111735
8184698
9520034
8367915
8999481
9491998
8634643
8675988
8362599
8265441
9651892
9655845
8765453
8262777
9108165
8995890
8639874
7814381
7810536
7807798
7572562
7817255
7502881
7500835
8095420
8016548
7642150
7725152
8100300
7570600
7723898
8018796
7928904
7568021
8182085
8098029
7574346
7426918
7497812
7430489
7495342
7422895
7348792
7425058
7240702
7166881
7092871
7087931
7169386
7353545
7247307
7351372
7243553
7164848
7090462
7085531
7428542
6868642
6784978
6930517
6792149
6780517
6870843
6934526
7006591
6777329
7001404
7008354
6936025
6874038
6866386
6795172
6787365
6927592
6931799
7003623
6789252
6770924
6415661
6418607
6349917
6618274
6481849
6613069
6479497
6474642
6414404
6416937
6353488
6351145
6554561
6348675
6472480
6610659
6477405
6615675
6774133
6055009
6193650
6175069
6053134
6176725
6120863
6270347
6114931
6272641
6116604
6281593
6111472
6275949
6178810
6057032
6050915
6279227
6118535
6197793
6195871
5778612
6048877
5920206
5783598
5774714
5769066
5978915
5850475
5786429
5981716
5771995
5841502
5848599
5917613
5977348
5980886
5918419
5847405
5781496
5845064
5432629
5582829
5766829
5593624
5554330
5597580
5683794
5690791
5763149
5579342
5569038
5588533
5485868
5574697
5478346
5563442
5481314
5435125
5430902
5686762
5426983
5364684
5360846
5296718
5210972
5429532
5305960
5301213
5209110
5150581
5299526
5297282
5303210
5314521
5362877
5358297
5311153
5366097
5428324
5308660
5074097
5086997
5146972
4953195
5145202
5083697
5076548
5081961
5016565
5011478
5084774
5009549
5148724
4951332
5018107
5014792
5007692
5140736
4949730
5006019
4944895
4817873
4788477
4948761
4815602
4811854
4792755
4890566
4891854
4888652
4941084
4884545
4809666
4877568
4886807
4938919
4878932
4813960
4795714
4807468
4648233
4660649
4739600
4521517
4662156
4658606
4591550
4719056
4462734
4593348
4514681
4664851
4527545
4587608
4525004
4519781
4589206
4466371
4523525
4742334
4313658
4444339
4144934
4459808
4458213
4394140
4461195
4306090
4141274
4133767
4315719
4136510
4133289
4129486
4392444
4456662
4309674
4389621
4318089
4311813
4054098
3818816
4119527
4104996
3938958
3937614
3998534
4003459
3996277
4001246
4055437
3816316
4126001
3935054
3943964
4059387
3942500
3933947
4057157
3845489
3732301
3735168
3622382
3621152
3748001
3811258
3730441
3728932
3744818
3643374
3640340
3649489
3738844
3814435
3646427
3623083
3649070
3809635
3741480
3802211
3471959
3465482
3579225
3575851
3466997
3356058
3421473
3354246
3469025
3577636
3572689
3351873
3419301
3349346
3358967
3347650
3470870
3418043
3473075
3574243
3271743
3281591
3269591
3263500
3183958
3169841
3277219
3265995
3198337
3345753
3343520
3205935
3172365
3176344
3202219
3279376
3283721
3182927
3286430
3171024
2734619
2686035
3126025
3129827
2806992
2986000
3119630
3131055
3128553
3123947
3124990
2987397
2983345
3132631
2733258
3127288
2984932
2731285
2804731
3133507
2636227
2312823
2634144
2637627
2309922
2260789
2484494
2684726
2683236
2631020
2632324
2317763
2311475
2481539
2483019
2479966
2313113
2628177
2315590
2674492
2077948
2009988
2235450
1949425
2205683
2020859
1855324
2080715
1899202
1898020
2257530
2017395
1946242
1907553
2229568
2259252
1905973
1856928
2015298
1908899
1851741
1672102
1625568
1736650
1619506
1671638
1676989
1583955
1730994
1673028
1585550
1675679
1674058
1623822
1850651
1670545
1624651
1852634
1845972
1622948
1252163
1539960
1580499
1331864
1254642
1330479
1250305
1537825
1479595
1238903
1483668
1536267
1528390
1527084
1480905
1485388
1534818
1581415
1582895
1482656
407732
740743
1184532
467565
407108
1170821
405326
1169591
409578
406049
1238652
1177071
586879
1070900
466630
1172111
741877
588034
465515
408444
155243
155452
169078
155814
383130
154931
284075
169330
182849
168681
183651
154536
183170
164618
381329
382244
280444
169659
314665
315669
79619
79634
145427
80152
74932
97839
68248
74931
134480
72577
98546
97858
70619
97876
79982
145149
79675
79649
70548
152528
68176
68129
63354
60647
62953
63237
67924
67520
56122
62935
67843
62923
60715
65768
65882
65673
62876
62864
60607
67575
42860
45155
43103
45369
44936
43152
45123
51384
44967
44954
55620
53180
45175
45104
45094
44918
51523
51325
45401
45137
41201
40180
38689
38455
40004
41521
36885
38497
41251
40037
38526
40058
41474
40124
36734
41344
36808
41415
39609
41390
32866
31014
35056
34771
30692
29240
36625
34890
35094
34713
32115
29284
29227
35130
34976
32984
32312
29166
33124
33250
26324
27890
26303
26152
27881
27137
27600
27882
27548
27878
27675
26250
28597
27876
26267
27871
27486
28644
28508
27644
24320
22545
23214
23098
26057
22799
26117
22744
22867
22388
22949
24245
21413
24755
21319
24806
22385
21367
24695
22999
20877
19895
20502
21143
20642
21154
20475
20438
19855
20470
21113
21015
20386
21075
21282
20992
21226
20565
19909
21033
18427
19380
18941
18916
18990
19728
19818
19715
18954
19848
19767
19269
18981
19475
19452
19441
18871
19444
18442
18993
