1187407851
1187221079
1192497219
1189214666
1196460722
1189155450
1193964121
1187309798
1189109954
1197009653
1193645181
1193792730
1191440673
1191397140
1195991527
1194171046
1191351263
1191488360
1191550914
1193527505
1180501595
1184703614
1183939159
1179627559
1177498926
1181604870
1179479920
1179537131
1181762289
1181724711
1181663069
1186616237
1184098939
1179594830
1177443562
1181563866
1184577313
1186555908
1184004820
1182235687
1175370616
1175328682
1175414993
1168508357
1173227123
1175299611
1173312115
1173184980
1173272636
1170890703
1176263614
1177347464
1175467756
1174178930
1173357914
1170838557
1170760128
1177397226
1168363973
1170705888
1168114114
1163816689
1160753159
1163678268
1164173977
1162284668
1160624626
1163870881
1164576711
1162724663
1168174330
1161756035
1162172745
1162868401
1164285711
1168313018
1168216939
1168062822
1164450257
1161801235
1157711387
1153330964
1158234414
1160150641
1160059431
1159817769
1156716334
1159730616
1155465499
1155379041
1157825336
1156615146
1155873957
1153462266
1152748275
1155948240
1153200051
1157660754
1158334529
1157977733
1141233814
1147933931
1148094662
1141190507
1138956085
1143991436
1137496947
1146756595
1144450262
1142012314
1139798136
1138831682
1144180738
1139193403
1141332942
1148043761
1144321983
1141271785
1147994592
1138899581
1132242534
1136397029
1134340625
1128892185
1132503872
1132045410
1134453776
1131972825
1126827700
1129039543
1136200947
1136267752
1134602156
1132354665
1132149745
1127134617
1126510797
1136311648
1127012296
1129005645
1126459920
1124129763
1123971103
1126406045
1121521332
1124043974
1121894763
1121782312
1121686504
1119084995
1122591859
1126372154
1117556861
1117159946
1121613529
1119532445
1117272038
1125344929
1122009907
1116529930
1109988291
1114843573
1115462487
1109922245
1114787346
1108852798
1110592176
1109828786
1110716988
1108750439
1110035665
1109869490
1110177802
1114931402
1116416046
1109009785
1107904954
1108622635
1116471843
1115562724
1105440316
1105181050
1105325529
1105377835
1105226279
1106615493
1107124034
1107016475
1106253326
1105127689
1104076408
1103310266
1105283427
1103932606
1106900493
1106132960
1104313705
1106456252
1103447599
1105068605
1099258011
1099457810
1094265777
1094199379
1093986426
1094062212
1096105644
1101342341
1094119838
1102856220
1102758363
1096019826
1100554698
1097171663
1094019890
1094626423
1100622155
1094163689
1101205481
1096057060
1090585330
1092019987
1092129223
1089836799
1089741935
1088703256
1092227123
1092782921
1090683525
1089698657
1090011195
1087938424
1092865898
1092592580
1093111241
1093206156
1091115176
1089781672
1092071554
1090962802
1087773377
1083083047
1087397176
1081190274
1083043650
1083169177
1081107941
1087117253
1085060161
1085192247
1085108828
1085033560
1084102687
1081072970
1081148524
1087319756
1083130267
1087178830
1081228577
1087230303
1075007742
1075326803
1080042888
1076138575
1079209790
1075531943
1079575186
1074961620
1079373868
1079325455
1075996423
1079493970
1075396605
1079159408
1077912148
1079651137
1075846683
1079262169
1079425036
1079119408
1060463248
1059886706
1059602547
1064692090
1066949585
1059770089
1064778445
1061067929
1060618714
1066714640
1066511066
1064967762
1064577129
1066602408
1060892495
1060782635
1059965781
1067079947
1060353475
1066815400
1059485292
1057509203
1055571838
1055133269
1052483921
1055351130
1057819861
1052377228
1059532501
1056858487
1055935091
1057708106
1054954564
1052519725
1052363476
1054708018
1057608629
1056918816
1055244112
1052429673
1050642724
1050562964
1051230724
1046478507
1046357985
1046286324
1050716412
1049137790
1051478690
1051347573
1051221689
1050477694
1051589723
1046538659
1051131802
1046408204
1049285919
1049041658
1052322585
1046231609
1041067428
1040986860
1044773653
1042587716
1044669082
1044914751
1041204449
1045043368
1040802601
1045280901
1045404366
1043928511
1044205506
1044438588
1042747925
1044023671
1040866737
1041669540
1044551021
1044133540
1036496573
1038917121
1034435204
1036864934
1033828365
1039906464
1034494718
1040680212
1039641619
1039326121
1036367879
1034395808
1037624308
1036440806
1040737396
1038799293
1035402385
1039188253
1039172878
1036398636
1029045637
1029297605
1028923222
1032033219
1029576436
1028809495
1030808616
1033599777
1030718514
1030045336
1033639660
1031963774
1030891298
1032105853
1031493124
1030759349
1033092333
1028720353
1031223431
1029938028
1023857546
1027379531
1020147029
1026751638
1028501474
1020079537
1019945471
1027525030
1019206562
1027130333
1024663571
1024175213
1024485786
1020005164
1024777700
1019087667
1018927019
1027252149
1028597934
1026578804
1016667844
1018565051
1016861886
1018198424
1018292228
1011631905
1017110751
1018059013
1018716366
1017001362
1016586827
1014979364
1018016159
1018610129
1016779366
1013805194
1013757676
1011554164
1018806373
1018113215
992714647
1011328146
1011200560
1007856220
1007478348
993005865
1008955797
1009060030
1009006459
1009856818
1011239642
1007764616
1011438085
992902476
1008290180
992137025
992282753
1009490509
1007627002
992471365
991845102
986399527
986806451
991881754
991959525
988164386
986952798
986146156
986684992
986502016
986068305
992066686
988058032
988102428
991803662
991768168
987125461
986310733
988244002
992001330
978379721
981379481
978113465
982175296
978209368
984508468
982308258
986020615
981786015
981439294
974164285
974292978
973961176
977638639
977575812
977420238
974039878
973812176
973720543
977368843
967840239
967063860
971735800
964925279
966989321
973615664
967337054
961544283
964884268
968378496
962999876
970189692
973674436
970844641
971832393
970085575
964964147
961643114
962967076
971779193
956361773
951847201
951693846
961338952
959325359
951511867
961219589
952778100
953525968
959425898
958301978
960060733
958031091
957813708
957742236
955909792
961179269
952832984
957915295
959373324
950757692
950719531
947079733
949057015
948982349
949183629
949492736
947826728
944189257
948938903
950802367
948898299
949119243
947128955
947027764
945160381
950863795
947967994
945115425
945215992
941446640
943853711
943974651
925813476
925783274
941305034
923353845
923258709
944083878
941574820
923119326
941003407
940749120
923192837
925874247
940679878
941671344
941762296
939245143
925742426
916717731
914782063
916363506
920667577
916580942
913437527
920810148
916506264
916398221
915431891
920902473
916617075
920995490
914845272
913671633
916428359
916659576
916472322
916791673
915700318
908526913
907894052
907812647
912888995
908748066
912668454
907722611
907646882
908654502
907579859
910187823
910475762
913346767
912840578
912760224
908389064
910256107
912722895
910593729
910129553
904404306
899832264
903454750
905954762
905841719
905746423
904323175
899676121
899633885
902379298
906462783
899992894
903507010
905474421
905535609
906266175
906081164
905431558
904032958
899901907
899540572
888354220
888593758
888415273
888317897
884904531
899567927
886481905
886387920
897691509
899611630
898003244
886441995
887557872
887671968
886865526
897642431
888688886
897578637
886360640
873367368
877380642
870728030
870572250
874938010
875861739
875010635
870779608
877432371
870017544
884563841
884406810
869929199
872425231
873432830
884439005
884494106
884529272
869982659
869951835
868477082
868251610
868293980
866362364
863018199
868343187
866264616
862285174
867241457
868426887
865124260
864184513
864966333
867363752
864280424
864324539
866427235
866313351
864227189
864154721
858493943
857790653
862177862
858472715
857495483
861090631
860386939
862208323
858545026
860349979
858443183
860307381
861316005
858102865
857574897
858167024
858213392
858592661
857700120
862243897
856807284
854886863
856602372
854802020
853135804
856690756
856727612
854838270
853449150
857397512
853276373
857265924
857021909
854217392
853866559
857106147
856655844
854756859
853747127
853657473
850854084
850895972
850780685
852130553
849022988
851621449
853066875
848214240
851317247
852840018
852893419
850814853
851702519
850945031
848997215
848934761
852057373
852793410
848892270
852752204
845258235
847170299
847066196
847080262
845303159
843960797
845385286
848131532
843496463
843790623
844569375
847220072
843556890
846397342
846323836
845345105
846464395
843446843
847604119
847132738
841711506
841681137
837741265
841769276
841610858
839757180
841830250
842493250
842423749
841645363
840959226
839692147
841038417
839656400
839624236
838867087
837693916
838758794
842251321
842356803
835918143
832371903
834033743
834151151
835838865
836764561
834070183
834194027
832335673
837664485
837634479
835042394
834101218
833370436
836897848
835828316
836810115
836402170
835872696
834513246
827609919
832255963
828545321
829639782
830373864
828639461
831598176
828677757
830617909
830482310
826686640
832298608
827683981
832227194
826778622
828585872
830437884
826851300
830404666
827505557
825694767
824898238
824719775
824674265
822899007
825028113
822868707
823082793
825858817
824818104
824782144
826625135
825108979
823064764
822827050
825775917
824969172
823538070
822998784
822945641
821017597
821293578
821048299
819344037
821121722
821168063
820982177
819224886
819182877
818419297
819318612
819392851
821451480
821231496
821347157
822794968
819706640
819278852
819655478
818289742
815849258
816580916
816475246
816044182
817350320
815734352
816125896
816256818
818212899
817406665
815984652
815636496
816693713
815526820
817518208
815789039
817471760
815600728
815563567
815905034
809687361
815496578
809644434
808596290
813645774
808470639
810294860
810750826
810591798
808404927
808695288
813740471
810389960
811740152
811687842
810483727
811582064
809747806
813699395
811643665
803049160
803213974
802866160
805039786
807837278
804660746
807877530
806753890
806601266
804848257
808140048
804949550
804738359
806968337
806660013
802968086
806914893
803145953
808235250
807933361
800762563
800303930
800981616
800480531
800027581
801930061
802057857
801973630
800166923
800890886
802010545
800686033
802756833
800595035
802102806
800241502
800373119
802669054
800086013
801911561
797898987
797846293
797951875
795945936
795889449
799942447
798776268
797809964
799867949
798974425
798016653
797772242
796824361
796636749
796520156
795833635
796940392
796742877
798876832
795995155
792112202
795103887
792052709
795788283
794622901
794729102
793212513
795185438
794926366
795021003
793016903
792840955
793109450
793841389
793874729
794835537
792729535
792923389
793795507
792005171
790491147
791814242
791926197
788982303
788854076
788686448
787805967
790971651
790727246
791775356
790574747
791957631
791279798
791046864
788592951
791719723
788757051
791175966
788495485
791858933
784901932
784372701
785124675
785297470
785020793
784808038
784421701
784297161
783089981
786984587
787185973
786862346
784512470
787091485
786737212
787729397
784708957
784222787
783253581
787285622
782922523
780666692
780892678
779519799
783011204
782194349
782307335
780510881
781884913
781698495
781748900
780153072
780994671
780596824
780345775
780205184
780255715
781093948
781240720
780786073
778793780
778503896
777317072
777584449
779174332
777478166
778436518
779342230
778572309
779082547
779001235
779281844
778879159
778740696
778671463
778389933
778616994
777659117
777185410
779423884
775151931
776697205
776824291
775343210
777074326
776899484
775390779
775105173
775031344
776979787
775936419
776655950
775763041
775679125
776783234
775611481
775830327
775275405
775228638
776729265
773007872
770485428
774838831
771654444
771697345
774993678
773115186
772273342
771909343
772045899
770277490
772169016
772954577
774787510
770039059
774916174
770379652
770171578
774880736
771565384
769916525
766338790
766465770
767000905
765424723
766670826
766779466
768353781
768012572
766269938
766908399
768570829
768272025
769848049
769785366
767954175
767075027
766389447
766228277
768152058
764990610
764499761
764383289
764417498
763488707
764467152
765069897
762804695
765318898
765196316
763212604
763676151
763151446
764348244
763606624
763391172
763312129
762749452
763741360
765145119
761645320
762657484
762618781
761393776
761325346
759886437
760730839
759134082
759525980
762707058
760619987
759798365
761490357
759702229
759435290
762580067
762540423
759619752
760674738
760781798
757127003
757735928
759023040
756980117
758675709
756851420
757012603
758882542
757580893
757385649
758747992
758940907
757486536
757330190
758807132
757624681
757249536
756912542
757180868
757032034
754320393
753722350
755198774
755725564
753983816
755121971
755783870
754159298
755428205
753810308
755161860
756125785
755869825
755329287
755271382
754230014
756046802
755088648
754095751
755506005
752721957
743068076
752521595
753645704
752131912
753299172
751817409
752430058
753515863
742842535
751683210
753327900
753445838
753578283
752628230
752023187
742461157
751582774
742948795
753253345
738725946
742364303
741388265
738521297
738651902
736893404
735873901
736601613
740316751
734766363
737628227
735076036
740745691
741303499
734861018
734611280
742303138
734682377
740369959
742213928
730315896
730421251
730698782
733017063
730040321
728224303
734521993
733489066
732827612
733397956
732104681
732038723
730803198
730569520
733307380
732715349
730111367
728343658
730921515
732912706
727600563
726516320
725436675
724732227
725529318
724586847
726424052
726237293
727649642
728210060
727395973
727466725
726287053
725351835
726908978
724619889
727691276
724523937
727249217
726700374
723803606
724357445
721846139
723218763
723648227
722713604
722535904
723331766
724426463
723031634
723416669
722651708
722016368
724304217
723549125
722847742
723144413
722584047
722786105
721956989
721711588
719441019
719963632
719832313
721434310
720052497
719897926
721633351
721155479
720713758
721776528
721371609
721082144
719361661
720102680
719288344
719154847
720937231
721255656
720772275
718558634
718341880
715847394
716129557
717401018
718417018
715951191
718663343
714169936
718196045
716039511
715743994
718268182
717270694
718305826
718220464
717476488
718165971
717579121
715268719
710495654
711717739
712633562
713636692
710535290
713738684
712710834
714078614
710588726
711411029
710395176
713389474
713286839
713150234
711200049
710148723
710559242
713844351
713525749
711582292
704235400
693946412
707540208
710090498
709406275
706899151
706120246
699991785
708943914
704853214
703796226
707103922
703918336
693786922
705363001
709955009
704331850
704013018
706946252
705991080
684838776
684756954
685548193
692969704
689193045
684439172
693055861
688725164
691615189
689452904
693399294
690879270
688537170
685002140
691478728
691837590
693487879
692892818
685655189
691338231
679913129
679808684
679612925
679480412
680349771
681697948
684383576
679677843
680263991
681321418
682485971
681958862
683420487
683493923
683322479
682442708
681403864
681199675
681130814
680054712
676306015
677503560
676462351
678995684
678100644
678212692
677356774
676533803
678285129
679047319
679375326
679286880
678383031
677595076
677284438
677046195
679182046
676171763
677179978
677712716
670470179
674602463
674067015
671682165
672469301
674181526
673743218
673601948
672866401
672054173
671620164
670369902
672312366
671846248
672997416
675431853
670575175
670837642
675302836
670995351
667326553
667214575
670103245
663504974
660679288
660259068
659296461
661594570
658931094
664497073
669978229
663162366
661795402
669388324
664810894
664432727
663421857
670288135
659379166
664682908
654861658
653057904
658209181
658417031
657285114
657323806
656759063
656402790
654569286
652913462
658893905
658868246
658841500
654652398
655117731
653213240
654474249
654082624
653918603
654281579
644355879
643689220
638397105
650385904
636380953
635002743
636466515
649359929
643745623
642311019
634880967
642928686
650509508
636412991
635160247
644202985
635099001
649294219
647243314
652731901
633085753
632454844
633306111
632012268
631635954
633260274
634680114
631557008
631684922
633402865
632257283
634627383
632395170
632307405
634102112
632096393
631935029
634781547
634743848
633984449
625119266
625249669
630696587
626461273
628255517
628164705
630805411
631509337
630620569
627976624
626959670
630890482
628011962
627072465
626839087
625633622
626756593
628875809
626170100
626376882
624531188
622628476
620861132
623662093
624624695
623344790
624515960
622547763
621226711
621779010
624581452
622469710
622221970
623871993
620625239
620943655
620755691
624085662
621817894
623864835
613489405
616123409
615505702
619640425
613095822
613553907
613533645
620309021
614685223
620470317
614414816
613577491
611971544
618592742
614507874
613597697
613512208
620375024
615598038
612025676
610542720
609322012
610606042
610237564
609646484
609350178
610838582
610561706
611853144
610326880
609759985
609458037
609604513
610141373
611916417
609404951
610618311
611411129
609711498
610879010
606585847
605282454
605550834
605461577
606140870
606421529
606080263
605205342
605076435
606655296
606850163
606919379
606242343
605591125
605414489
604364232
605362263
606521361
606760504
604325180
603944506
604129838
603209384
603697762
603013997
603842188
604206222
603980698
604104583
603807537
602923704
604056385
604076900
604024633
603075407
602965591
603901849
604277919
604165899
604257311
602283647
602152522
602059158
602220098
601646793
600578558
602441956
602553751
601297856
602847713
602415434
600954611
600473842
600651721
600889709
602525164
601408550
600798361
602480453
601321507
597900859
598154285
599583627
598848095
600329265
599728861
598618162
598203828
598093695
597988610
599653081
600207776
599786537
599705530
600410119
600281192
599800818
599768217
599617326
598893374
594477812
597420904
594355123
594250571
596150304
597493997
594975088
597684511
593929513
597597286
597771821
595270248
594949921
593996756
594915652
597304320
596922677
596231100
595351764
594999213
589172193
593795658
592515529
588925211
590925485
593593959
592156062
589611042
593009810
588965053
589806575
588732564
592453022
591526233
589304854
589094599
589273714
589010126
589323392
588857203
588326729
586947626
586315638
586825083
586224187
587381916
587528788
587689253
587461544
587331296
586248626
588380906
586859253
587731702
586280339
587771000
588673314
586757077
587643972
588283190
585044470
582978600
581122882
581008763
582706248
581083029
582880300
582817365
585427235
586169375
585349105
585498282
585241684
581183974
581047196
586128457
585153525
582761317
586087365
585557364
578487607
579106926
578629261
579932691
579838470
579684678
578782497
580974433
578957328
578859336
577643956
575931129
577097003
580453307
578450502
577760552
579887425
578714468
577707373
577028186
571084981
575495025
575844545
572437123
571798149
574207649
572537413
573505589
573120616
575768439
571011144
573166143
574143903
572234811
573075767
574630076
574316047
573573688
573216044
574708349
566737277
569619699
568678934
568332468
567300185
566578558
570399734
567405464
566808409
570493993
566521630
569525716
570348773
568270706
567962096
567378792
568072291
567338139
566865587
568199727
566292982
566408579
563459301
563259870
563120154
563800881
563050436
563560668
563192066
562693417
562732750
566211161
566178971
563650780
566339761
566124431
563361798
562287854
566480571
564241076
562236862
560147133
560431213
561336008
559781623
561759860
560907727
562171466
560785829
561589279
562090512
561316311
560720972
560667009
560860702
560577764
560348533
560378691
561535063
560968186
558329789
558229040
559684706
557935184
557193224
558361652
556957008
559553942
558194223
559645521
558045414
557652059
557984081
557611197
559595572
559733194
558302410
558261967
557097976
557034470
555845013
552092397
555748261
552451215
551712137
552655734
552182390
554481034
552714171
551760024
555087785
555800362
551661803
556889715
552504458
555595552
552754060
552790596
552310606
552597223
548417712
548455693
550311731
551004818
550356086
547998136
551050147
548369845
548857154
547122887
550225953
551424879
548092068
551527523
551489975
550753117
549743660
547032056
549092883
547587717
543675523
544980637
546798155
544560487
544456686
543350415
544148718
545042548
544065472
543228305
543160846
546263063
546956085
544915635
543873179
543738658
543538087
543268646
543187217
543992766
540585561
540495716
539375761
541160707
540694758
541789670
542292679
542390297
541903686
539927592
539619987
540524055
539443487
541857884
542129803
541830662
542209492
539866658
539543419
542487791
538138237
536843764
537907848
536600013
537681653
539147562
538551388
536497781
538497176
539319062
538609157
536542969
537796051
537702894
537957579
537869773
537657679
539175938
535089363
535052820
532600761
534931311
533347332
532000402
533457778
531878163
533664402
533280122
533587867
532034525
534287981
532457348
531961371
533967325
531950908
531888957
534079289
534976845
532505917
533526537
531269670
530299472
530204641
527831493
527049914
530377144
530330171
530488324
530140160
529601548
528429346
527412573
530430202
527084934
527283288
527663164
531176895
530255515
527357148
527220693
523686993
527019848
523710569
524693121
526984639
525668701
524490530
524262788
525990431
525708257
525587547
524356219
524227307
526928688
524394895
525883600
525773631
524538241
525560326
526912636
477510949
523668699
476465890
476415303
521491607
476804781
476718700
523538369
521669116
522080898
523484154
477473898
477480271
477453066
521336238
476711503
523637106
523445367
523528380
523616839
473794194
472132457
476306836
476328324
473351803
473716069
471899636
470567786
473473829
473400000
474848183
476250875
476333895
472519731
472471833
471988086
476363186
470610458
474855762
471949705
458686301
469591221
468507150
464105924
461294432
467428995
462464661
464059434
469504892
458746531
463912460
462737023
465549777
464001150
462442516
469457289
461247614
458624156
461256180
458717915
457422315
454182614
448540412
455885965
448479441
446831135
455785423
454287166
446842670
446929301
452690270
452963562
447317939
452608254
447123539
447450090
457448371
457348107
452875258
447269465
446740453
443657489
445913415
446457778
446016780
443549956
445650838
446361238
445980264
445562193
445699653
443220699
446641618
443490230
446302200
443171680
443108867
445845619
446407526
446584415
441223274
441530181
441172018
439994855
441183232
441096944
440463958
441616443
440479198
439531278
439857544
440843670
441335659
439584103
440934452
439393205
441579909
441050270
439436836
441525773
438044907
436660135
437107182
438307204
437395603
438086385
437180746
439071363
438157428
438419587
437315106
437238355
438963283
439024736
438909902
437035166
437453906
438352874
436910404
436826494
436062897
435700417
435214506
433407619
433875824
433614327
433986995
433736560
435896266
435582981
435110887
435299593
436610534
435764230
436525829
436178818
436550037
436144460
436105493
436498529
430608774
433265896
429486584
430862913
432179497
431538912
430350457
433352011
431692017
430667161
431632073
432337889
433204985
432365729
432098813
433114569
430227163
432019881
433069413
430606024
425966510
427470178
428798132
425905326
428966531
429311144
427904591
427659979
429414318
429117726
428821743
426429570
426024364
427318485
428765106
427284117
429179858
428287150
426355312
428085385
424805283
421743331
423683181
424464931
424159678
423653098
425015570
425779530
422632882
421847249
425085876
421739062
424705587
424546032
424039225
424917919
421919334
422324871
423960929
422190201
418912217
421337410
419764219
419434724
419606733
418692591
419650834
419506233
419686719
420204584
419479604
419539111
421421902
421462571
419458561
418814790
418774421
419741036
419559997
418728563
417275755
416973673
416232492
417239671
416315609
416258882
416522006
417470493
417081831
416291021
417512922
417571055
417543674
417490143
417351689
416207453
417392662
417294022
417315119
417419975
415017532
415759660
415728201
414232709
413775070
415108483
415034281
414797249
414744291
415873003
415051971
414189006
415914354
414941555
415826401
414834605
415127012
414354712
414978185
415156986
413728306
413756775
412316712
412299550
413639524
413661983
413606762
412391512
413200521
412273073
411618405
413091426
412367341
412993184
411677405
411453349
413163345
412339320
413694539
411495818
409872194
411001353
411133741
409824244
411085882
410968354
410585188
411064797
411042984
410469078
409799352
409907929
411113093
411157723
410646236
409956142
409930309
409848712
409753096
409190825
408632693
406848377
409161706
409127496
407637572
407598049
407557414
408985661
408728799
408957315
408194306
408980277
408935135
407733215
407666994
406933753
407501677
408132054
407696154
406906189
405593995
405553246
403060151
405988268
405534975
404548475
405322284
406831435
403037675
403074696
405465556
404992389
405389109
405922534
404857465
405421639
406497242
405354942
406442298
404502004
402355472
402059530
400213080
400118947
402076861
400347449
402314578
400814251
400568859
400277237
400050414
400855523
400633397
401202397
403002486
400520300
402513210
401619735
400415756
400089596
396756657
399621943
399698597
398865434
398280433
399421767
398229841
399664763
398156821
397864147
397639348
397527454
396691939
397699071
397796847
398587232
398892889
398069571
399109113
397488107
393022163
395678340
393043181
396402465
395724785
396509302
395833531
393840830
394708736
393592303
395634172
395591020
395530625
394740836
396244415
393740882
394394779
393795930
393884875
394047162
392986695
392419481
390618480
390508499
392274127
392202217
392803131
390553564
391201101
390629605
392855153
391147158
390654823
391029580
392147850
392322310
391683624
390566670
392016401
391080217
388356409
386699388
388159243
386091314
390135251
389720950
388454168
390422796
386936449
386011587
385957477
386330227
386862009
386559459
386416424
389899126
389946857
386468783
389828832
390038147
383359900
384402630
384216533
382885669
382860534
385905652
385798983
384175326
383482560
382914323
384386700
384493686
384293685
382827638
383430734
383093202
385815458
383305633
383023422
384018904
381851448
381829616
380545410
381718052
381777753
379574034
380994199
381802163
380609506
381967696
380586265
381903859
378880264
381109923
381057664
379541151
379614139
379462695
381684859
380561415
374565885
377076608
378029457
376176609
375545336
377347634
378686869
377998323
375829440
378818429
375549491
376676913
375482656
375310756
375356097
378067952
376845866
377423079
376799708
376228977
374437789
373219356
374514658
374212652
373108896
372548856
374171427
372999800
373178217
374466005
373763234
373299720
372483838
373811950
372107558
373020778
372020352
371958357
373080188
371928095
369336000
371846614
371873511
371076725
370951655
369541016
371156512
371902257
368022466
370987853
369453724
369263897
368593308
371330513
367960362
368605903
370205833
371021257
369778381
371448908
365563840
364198120
361669170
367751166
362072468
365498928
362964090
364976698
362939872
362987169
362260213
361753875
363600633
361730855
364234486
361990064
363673385
362917255
361635226
361914331
357938321
359846186
357781829
359353426
357443602
357217185
357812963
360645610
356867883
357277502
361204233
356816000
360898207
359718717
359797676
358739794
358699001
356778094
360984691
357369949
356755390
355980126
356675084
354436244
354386052
356026330
354896477
355111283
354352903
355704331
354490575
356095454
355656498
355064075
354804230
356308924
356343885
354405766
356708156
354538267
349184797
353246515
353174012
353025100
349020651
348543562
352063575
348314045
351254484
351160996
353204942
349136807
348477500
348417532
353045827
348596715
353124882
353004114
349423663
351978945
345842600
347625422
346861727
347886398
347614986
348261187
347664845
346817633
345792547
345686673
347309264
347146255
346684167
345038571
348094001
345087526
347693324
347237793
346646739
346126281
340489012
344959992
339510546
340575079
339602671
340675346
339541329
339570425
339462465
344491541
344455171
342116675
340738000
343509458
344694496
341193590
342192147
341931379
342363103
340697006
336900062
338746466
338007032
337370314
337964731
337496056
337420498
338526966
338494251
338285464
336803315
337443427
336751988
337398600
337340878
336542921
339087364
336486071
337311435
336587247
334222117
335412170
335839147
335336206
333825754
334212568
332795134
334348509
335025361
336216034
334294644
333450858
333513161
335341141
336340442
336306692
334925031
336248466
336402721
334961775
331421900
331479781
327880656
331194918
327908720
331150701
332300249
331071040
327757511
331251290
330060471
330094874
327856840
327930619
327818222
325323322
330392301
327694359
331220838
327721388
325265341
318670137
316590175
325100638
323137997
323197779
318583615
318558539
325043674
318764485
318609415
317947454
323859258
325147741
320808597
321957318
316638856
318715105
323878499
321894998
315570367
316458531
315673629
314227230
316210656
314178654
315684633
315608466
315515882
314021647
314459090
315460140
316519574
314537633
316258744
315696198
314568771
314492095
313409805
316175499
313096353
312057525
311298562
310754475
310000299
313354076
312360120
312546920
312417259
310690405
313000425
310029185
312003818
309994368
312106727
311095456
313277283
311153903
310653729
311412126
305666446
305559919
308832237
307086114
306096447
306143498
307284771
306347801
308737429
309476284
308791590
308299331
307453255
306461739
306175912
306114217
305481026
306417543
309955333
305605187
304511423
297543108
296629801
304641444
297144208
303895798
295824991
304575289
295945768
303833281
295766347
296102473
297577255
296183754
303966707
303796395
305255344
305217754
304442449
305287170
294594259
293895130
293633600
293941039
294734024
293554211
295523486
294995122
294548378
294112370
294540834
295043125
293742053
293625880
293444512
295441329
295407268
294694038
293688999
294841878
293120058
293145977
291584857
291534377
292558212
292402413
292257943
292131733
292196603
291474283
291148356
293164207
292937645
291130783
292457663
291089443
290957554
292293793
293020473
292977585
289180544
290108738
290458194
290907033
289116010
290364396
290320494
290821356
290011829
289035058
289802443
289681242
290163549
289717195
289824401
289942242
289759368
289647883
288965055
290227480
288552138
288516253
286798406
286634084
288764942
288814212
287836762
287886814
288663380
288476722
287475752
287618463
287340445
286680376
287529550
287426622
288864837
287565735
287379637
288696949
286259498
284012594
286215343
284255558
285057799
284046122
286117580
284414033
284072249
285073337
286498044
284357125
283983648
284115930
284125815
286316422
285026180
284522075
284309298
284169213
281936197
281844470
282787989
283332170
283474734
281774942
282805022
282722142
282689184
282765888
283941494
282270372
282050406
281912849
281765920
281724006
281244194
281884097
283011036
282116912
280697295
280630140
280742850
280079400
280583264
280544525
280562254
279976212
279923135
279744548
280125857
279665992
279569465
280868302
279623910
279531453
279807224
280599323
280661571
280823340
277723230
279421387
277211839
278200422
278511359
278623095
277107886
278401233
278325094
277299201
278224234
277660496
279501707
278671968
277565141
278437964
277260081
277041335
277015882
279445117
275915119
276132624
276187205
274954509
274985188
275068559
275170262
276993271
275123317
275867816
276971062
276405237
276339433
276285661
275846913
275804880
275826783
275788157
275765936
276226425
274923919
274865315
273878639
274782650
274595281
273811914
274125316
273970489
274657370
274758899
274682720
273937415
273536864
274828909
274635218
273732285
273623783
274718127
273558509
274033011
272281679
272564296
272315000
272519952
273381209
272627655
272593047
272371756
272510569
273506801
272637455
272463221
272344298
273448250
273424093
273479222
273388995
273512099
272428863
272392294
270848915
271222794
270739208
271249383
270613545
271419828
270542305
272123594
272253626
272214135
272060505
271342063
271185492
272178332
270672950
271384755
270796922
272042398
270881795
270938187
267256130
268211627
268642997
267077449
270064236
269369323
267207447
268586843
268254134
267300437
268910451
268808167
269999239
268897112
269644100
269696854
268872650
268594258
267799200
267576020
266267385
267010117
266058860
266118498
266210780
265535654
266582740
265241889
265572475
265297903
266536873
265623824
266165578
266443210
266502841
265145856
265657946
265717451
265356507
265193215
263037647
263887562
263537903
265006219
265097572
263977235
263932137
264183357
264409853
263892993
265042415
263389451
263268980
263076412
263122883
264224598
264094106
264667537
264697319
263214921
261837268
261976508
260699374
261791436
260917768
262979072
261748363
262617045
260869660
262230672
262820713
262633603
262862001
262428424
262333930
262162309
262900384
262369826
261909010
261348740
258570940
258960087
258463379
259607798
259671502
258880624
258606105
259857942
259638924
258715801
260212595
260616030
259706860
260647539
259734441
258520751
258944633
258666646
259771866
258481511
257854729
256697813
257955464
257005484
258140963
257042938
257583679
258095363
257544960
256970197
257715305
256901236
256640087
257864421
257451888
257760312
257803112
258030531
257656667
256632759
256448733
256395317
251042318
249702758
256490420
248976942
250967330
249936482
250832077
249632849
248850394
249882341
248786508
250755652
248724600
249024138
256416683
250055550
256372573
248908203
246181422
248152870
246934931
246329707
248113957
247214790
246111993
246367487
242027483
247841792
247980684
247006520
246833471
241977566
246882763
246388312
244737426
242093785
247043821
244698413
242090740
240224923
238432711
237950691
240136233
237675679
237088655
239249726
237940912
237348718
237287757
238076637
237319938
238026091
241013480
238464483
238071098
240074559
237860975
237993503
235929786
237056722
236322223
236239452
236352750
235911467
235642938
236760415
236849559
236779078
236401854
235978524
235958885
236285124
236734545
236183696
236152911
236000436
235709306
236210928
235138840
235174939
232923377
231893795
231595812
234113888
235311195
234951545
232907776
234087038
232583150
231630878
232198928
232106560
235350255
235201706
234494946
234234162
232180090
235157595
231024618
230225479
231559312
230001160
230583397
228027095
231380669
230564768
230175896
229032364
230155250
227863907
230119881
228675312
229794444
229375145
228297487
229056904
227612411
231479370
221739304
225222497
222537755
218039097
219056304
218098210
222866680
219039560
226772717
227260805
225171554
227584688
227533338
227509734
225196774
222507288
222302260
222178850
218067541
222578186
212383183
216302766
217549627
212048502
217397043
212542953
212505754
217415480
215655561
217823174
212313993
217578186
217446703
213100734
213584660
212433525
212235380
212279990
217436605
217659096
211872569
211136148
210411724
211896380
211240267
210739043
210558495
211992909
210371290
211299050
210354216
210782903
211950269
211626513
211121491
211164030
210528039
210436775
211926796
210329209
210309276
209391832
209686313
209478033
209370085
208880760
209790550
209283050
209425317
208813623
209408237
208623047
209729468
209339996
209353390
208960748
208271879
209319659
208676383
209830699
207376733
206848915
208029788
206876609
207242286
206861901
206854048
206912669
207879503
206901174
207696973
207680599
208068416
207569383
207837515
207285277
207176527
207989424
207063207
208100255
205567652
206625804
205792630
205140835
205637545
205860169
205605257
205903576
206424136
205412973
206185799
206472314
205897869
206510406
205425831
206661211
205740032
206708079
205399788
205687817
204899271
204667803
203818084
204057459
203880970
203802809
203583844
204324541
203432546
204018260
204769504
203524697
204699956
203475883
204234582
204628796
204241078
203835897
204758416
204378335
202396151
202461198
202564176
202307902
202252893
202237146
203036700
203194669
202676048
203387386
202595751
202286875
202525609
202637093
202500616
202767644
202435143
203316958
203230691
203278924
201947166
201466321
201063323
201821887
201006788
201494829
201477473
200948427
201978014
201735909
201786008
201907904
201533716
201877939
201446180
201695838
200896206
200837222
200779243
200319562
197055986
198894198
196540752
196450463
197787672
197761255
199436854
199703595
199374061
200273119
199612503
198939473
197117408
197069145
199642316
199413692
197102972
196588470
199358784
196419668
192294409
195281185
195133830
195432778
194758071
191399620
191382686
191366860
194732803
192259099
195404875
193132490
192045519
195148827
195061423
194698452
193191589
194353628
193936254
194463164
190357582
191083756
190782161
191355818
190071980
190656744
191034309
190616919
190390173
190606451
190273071
190202599
190977771
190956290
190649742
190629920
191327736
191348525
190014176
189992520
188705285
188926027
189978253
189353344
188951731
188844526
189963130
189474840
189425266
189036922
189323711
188895504
188750666
189066147
189456282
188558143
189337949
188539358
188570112
188591166
187765022
186848635
188520725
186794371
187848958
187829458
187792617
186115858
186104293
186838515
187974285
187880948
186855354
186821288
186543199
186248146
186090355
187810972
187750371
187093070
183132225
181399213
183784839
183993694
183772569
185664027
183082405
183957268
183238923
183109795
181441659
184635764
185697827
184671935
184477181
183276713
184490770
183173337
183803618
183166971
180740491
180697245
180123473
180851259
180706080
180903662
180109158
180876270
180724695
180831493
180093885
179650013
179624304
179584864
181099516
180139577
180206467
180761729
180685592
180852565
179439592
175824315
175762246
175054943
177265300
174853659
175667355
175488260
175126367
175023809
179558234
179534191
177348805
175933157
175229889
175787675
175165095
175091125
175850133
174956033
172682466
172644693
174215687
173008083
173784563
172925276
173811584
174349377
172870003
172662079
174816957
172963686
174320942
173154255
173867497
173638650
174841271
174830700
174809905
173021485
171060681
170556829
172204242
171324249
170727267
170642974
170710449
172614022
172106721
172015971
171236357
170679200
172265450
172625749
171284042
171045450
171372434
171968756
171207815
172146720
168618603
169670262
167560321
170336344
167858575
170486580
167512525
168308922
168978472
169794742
169771773
167532130
167911110
167203032
170432863
167654814
167491373
169072731
170457136
170351116
166875998
167154784
166328477
167020587
165872741
166197466
165514372
165409415
166860272
165955528
166260804
167161581
166016067
167069548
166232039
166757463
166996962
166309115
165987476
166060706
164610064
162576492
164670704
163866071
164495134
164135049
163474110
165285229
164812081
163086621
164854100
165178743
163807453
165162487
164493323
165255207
165366265
162621315
163981023
164888242
159754182
162220970
161359042
160367059
162286774
160911519
162436063
159849813
162504576
160387325
162468980
160400135
162316277
162246241
162339072
160419861
162368563
160592710
159905443
161305634
158137393
159586434
159671082
159534337
159621432
159193529
158141583
157979615
159648382
158918948
158789302
158773210
157933435
159025071
158098865
158168567
157951940
159730069
159571120
158805949
157133867
157456841
157429944
157071246
157920183
156743218
156533214
156455659
156305396
156635487
157119980
157062669
157090156
157269960
157900536
157921914
156401283
157242724
157143550
156527954
154425570
154913828
154110649
153711613
154544250
154066538
154523760
155751366
154814476
153865958
153210846
155295972
154850774
156240254
155788363
155632043
153845533
153343345
156268173
155280224
152916889
152690824
152585713
152462835
152486310
152435770
152541129
152959312
152316413
152059454
151861104
151832887
151923809
152517154
152970012
152931276
151890956
153153095
152978985
152947000
151322279
151089619
151255998
150890130
151644937
151775175
151497235
151365228
151665186
151798481
150579036
151305879
150808807
151317019
150767618
150957760
151746352
150541292
150794540
151448380
150509555
148946894
150023441
150019470
149112648
149430214
150040314
149886936
150182569
150129154
150136842
148925839
149870994
150445960
149164857
149465205
149134340
150505028
149234855
149096202
148748497
148548792
148400913
148905359
148387998
148346372
148444184
148779907
148008421
148479987
148041216
148881670
148717647
148854236
148385421
148372347
148572481
148830021
148511553
148415450
147781949
147795557
147859511
147753990
147705626
147100678
147063021
147048125
146790708
147842877
146632787
147693770
147324562
147037173
147877417
147885691
147961456
147768385
147739797
147929620
145179154
145161125
145106644
146628602
145940438
145749816
146069061
145243652
145723216
145258701
146058440
145152465
145099598
145704108
146020294
145947120
145779304
145660718
145636842
144759059
144076500
142558671
144688233
144381130
144070771
144006604
143896897
143127384
143109490
144736573
144124632
142754809
142637626
142811436
143874277
142761326
144724025
144674282
144395590
143095166
136518462
142445366
142392035
137756471
136453325
138031925
137869100
138606906
137952317
136406448
136221681
142395115
137799775
142408923
142133864
137892019
137786732
142418400
142168189
137773034
135389480
116555268
135419550
116474741
136105469
114784442
116408589
114849650
116682565
116477150
116429818
136116531
135545936
116494787
116392388
116454889
136201334
114891460
114935498
116586186
106593601
106016929
106180096
106699622
106681268
105968592
106610694
106142829
114511071
106100923
114539974
114709376
114595407
114560234
114741679
106721111
106628420
106061109
106264687
106658735
105141351
105199118
105120446
105820588
105882771
105415540
105515178
105321729
105184032
105355003
105269993
105902450
105944013
105291208
105164095
105235167
105923074
105143617
105844458
105212067
104886972
104397639
103860156
104710548
104628502
104556015
105113056
104420526
104846910
103844054
104455502
104853795
104441505
104383022
104323880
104586843
104656946
104367214
104345092
104409986
103138583
101264496
101279124
103621870
103636819
103677516
103591593
103543666
103475213
103446259
103491379
103495520
103575860
103208391
101308672
103517517
103742957
103611915
103560841
103076904
101144354
101095754
100693389
100657306
101123775
101246883
100764549
100716779
101220713
100625296
100640533
101202360
100787303
100710911
101178875
100590583
100757084
100743108
101241571
100804914
99694303
100388399
100326071
100428295
100291997
99800656
100502891
100564157
99669543
99549499
99837418
99805610
100557652
100530478
99763078
99629459
100330450
99580291
99362898
99841767
99200613
99269086
99174148
98756295
97960537
99289753
99338819
98019652
99233526
98909713
99350152
98964771
97932144
98732788
98832369
99310044
99325334
98865625
98787117
97986752
97361197
97286819
97078694
96417957
96073748
96035561
97320699
97211477
97160318
97131483
97104196
97394413
97433723
94379808
97481131
96447879
97240025
97128816
97049664
96116251
92932946
93153409
92587323
93796423
93957636
93932415
93235919
93211225
92675073
93757747
93085888
94050142
94012358
93108970
92644570
92949364
93332615
93366520
93059198
92614504
91763389
91766631
92024336
92046420
92533015
92408494
92072410
92164224
92285791
91981026
91740441
92139087
92112433
91918927
91863180
92497831
91950782
91818402
92299251
92462447
91571338
91560293
90950262
90936396
91632493
90899121
90884615
91608198
91586483
91199545
91073228
90927284
90853974
90828311
91621477
90914933
91037447
91580194
91737778
91055867
90330270
90300293
89687329
90298271
90238447
90267865
89727150
89746776
89703257
89122514
89652319
88277684
89011330
88993851
88988616
90314431
88941631
90261411
88922048
88907131
88240268
87576491
88228580
87612734
87525131
87653214
87742452
87760232
87493256
88215581
87628405
87563178
88200209
87623913
87589441
87677118
88263115
87510293
86324482
87707297
84433613
84877633
84465166
86288038
84421156
84825974
86261001
86249565
84205030
84164321
86311012
84590997
84220102
84531442
84201945
86222027
86235888
86272594
84510562
84848291
82576852
83131757
84084587
83837866
83780293
82785741
82572439
82518518
84110994
83315797
82540235
82438899
83747643
82867611
84132025
83905600
82492122
82591338
82398937
84145460
82004061
81608202
81507724
81641049
81668265
81948579
81619261
81536560
82366363
82058385
81911779
81650639
81969184
81659231
81593575
81628023
81693475
81685536
81678950
81581884
81386144
80561323
81358099
81463537
80513675
81253586
80467357
81407275
81433234
80328861
80543377
80290649
80201032
80535264
80522024
81187336
80474796
81208657
81168620
80270332
80127501
79586419
79746209
79503495
79378453
79721258
79360965
79341634
79290366
79311689
80012254
79959156
79664815
79777437
80154024
79464595
79428812
80189972
79626872
79547309
78892784
79039924
78223808
77975455
78791304
78644360
77993878
78256863
78158628
78916011
78606266
78622670
78662955
78563763
78310926
78821052
78849726
78567268
78015746
78697204
76895464
77341737
76893562
77681006
77956640
76904262
77351936
77318789
77665980
76883233
77433735
77612271
77624351
77453158
77329403
77310658
76870925
77104219
77374020
77931613
75868326
76792091
76153940
75976213
76320623
76335163
75960637
76255560
76832171
76765504
76778909
76345568
76496488
76825225
76184136
76323067
76203600
76307482
76244364
75995193
75605587
75545636
75303908
75352720
75023967
75334796
75070155
75653460
75592840
75320105
75049886
74975944
74941141
74828451
75095009
75625844
75404669
75501544
75286788
75465416
74324167
74486468
74385734
74207777
74675864
74135143
74156308
74259245
74170343
74691960
74764857
74440244
74412776
74461040
74788069
74355603
74241117
74196310
74184708
74179936
73408663
73426077
73712159
73996364
73806746
73763282
73681203
73945599
73774227
73698884
73961822
73667000
73720606
73875685
73455013
73710930
73844873
73388120
73690010
73475831
73000362
72828850
73249077
73242263
72847170
72890073
73335833
72861772
73278937
72844473
72977753
73364092
73258973
73318063
73232931
73305795
73222078
73269899
72922848
72951704
72754509
72407155
69158783
72732836
72773279
72715659
72381049
72766281
72429096
69117957
72706391
72358181
72342779
72446729
72478074
72783890
69169842
69151583
69137611
72325069
68961072
68853992
68541864
69077360
68497112
68936705
68977388
68814344
68517970
68870233
68829039
68791663
68839048
69094289
68919803
68784006
69107380
68802884
68388052
68437743
67282682
67250183
66823018
67221781
66938059
66787877
67196727
67310799
66771352
67393346
67350525
66836223
67330909
66810345
67263172
68359096
67444649
67235913
68376085
67463396
66381555
66735950
66631470
66595834
66237468
66156691
66756334
66660585
66117920
66346123
66763098
66395585
66641344
66667842
66612409
66417572
66746108
66648981
66366367
66137964
65905033
65675496
65972941
65539066
65510927
65936250
65583095
65329261
65615692
65918170
66022940
65707137
65651396
65530225
65571633
65378875
65926670
65307927
65991994
65601490
64742786
65274185
64762214
65180451
64786135
64813727
65086188
64725622
65111589
65289502
65153264
65201109
65167463
65075953
64826952
64845342
65064438
64597266
65055160
65132540
63613978
63567026
63540073
64312821
64234485
63514064
63455167
63434576
64268078
63526682
64532152
63483460
63468786
64039900
64547343
64564615
63632976
64250586
64549558
63994852
62960303
63151643
63039392
62730635
63211567
63078213
63422290
63024566
63134345
63192197
63227772
63125548
62942676
63015573
62668615
63103265
63051057
62969811
62933251
62749833
62507117
62621641
62521612
62602260
62523859
62145959
62213371
62129065
62161902
62589316
62545869
62640136
62230871
62110047
62253332
62097861
62532873
62568616
62499697
62178630
61625449
62072128
61752967
61460162
61649001
62014820
62086371
61602771
62045596
61443407
61314962
61999187
61637496
61408571
62058843
61470881
61611288
61498944
62034712
61378331
61162104
61227611
61148571
60953069
60634742
60868418
60907155
60973044
61025244
61005377
60924923
61032798
61200324
61289917
61262236
61056638
61015028
60996700
60831222
60948969
60029760
60004342
60238995
60554853
60112192
60542329
60502217
60480652
60090620
60209670
60600702
60016726
60148148
60130039
59842537
60064784
60008215
60569681
59990412
59847449
59551138
59430946
59634075
59349772
59539240
59742136
59299764
59764028
59721001
59443503
59393496
59570103
59586621
59454671
59414550
59560825
59324989
59275114
59595813
59649805
59251490
58666323
59207725
59104953
59088227
58752082
59117739
59135763
59176483
59125634
59094941
58808665
58745586
59239203
58712445
59160304
58724409
58905874
58821036
58645356
57811144
58265635
57947311
57861681
58596544
58276891
57842490
58212055
57789305
57974058
57774764
58236943
58219497
58623193
58313239
58630418
58616626
58637783
58246589
58254086
57761228
56745741
56507008
56744249
56520093
56757899
56484413
56459886
56375094
56727109
56323004
56394149
56290074
56305392
57748188
57739146
56746925
57721574
56352135
56441277
55770416
55947302
55716249
55896824
55927909
56020065
55988315
55883245
56263621
55860222
56275012
55834197
55777377
56237275
55941910
55902051
55725964
55792772
55707557
55815953
55130769
55090664
55033455
55383050
55375410
55111687
55439647
55416594
55003307
55328314
55345410
55173688
55156961
55076512
55018770
54994455
55696033
55354571
55403023
55338831
54933733
54745258
54620355
54785147
54918319
54597478
54940423
54761224
54641252
54520064
54928116
54724962
54957542
54505894
54948714
54659971
54690216
54487961
54540086
54476214
54461743
54297679
54028277
54448368
54119177
54350918
53951802
53998009
54063160
54271457
54331620
53964569
54439344
53703376
54316779
54156196
54143070
54047503
53976834
54089552
53493554
53415779
53683562
53428244
53179174
53578248
53481746
53418558
53196224
53230668
53650206
53425196
53624358
53503195
53436733
53524904
53467966
53450142
53594093
53462716
52926611
53161943
53107991
53128411
52893890
53083836
53123273
53139844
53064016
53076537
53010663
52809913
53095958
52878697
52774198
52717343
52996642
53022790
52800384
53071653
52477793
52562553
52728899
52506168
52407490
52713543
52385419
52392181
52368567
52241044
52358875
52528970
52723019
52377362
52434179
52744212
52735782
52485220
52352098
52344635
