1132217114
1132794473
1126925705
1135339259
1131889115
1141724452
1141173647
1127949755
1126218423
1136375681
1132336715
1132111083
1141839356
1132436615
1188304787
1141785620
1135203313
1147199054
1135078970
1127758889
1106299160
1106187976
1125781868
1108375913
1106478267
1125950776
1125399362
1106751252
1105936056
1125295843
1108607848
1107623256
1125490488
1106634698
1126072167
1108489243
1106889771
1108734998
1125884557
1126171597
1102851737
1101110267
1105837836
1099315073
1098954888
1102756510
1099778304
1101472693
1099892435
1098860068
1099440666
1099181598
1105450516
1105746375
1101602392
1102897853
1098803730
1098681053
1103012570
1102947839
1095710107
1097531324
1097138708
1096727662
1092008268
1097453622
1089860293
1097636411
1095809871
1096806425
1096270644
1098600953
1092102991
1096503931
1092196746
1095632557
1092046416
1090400524
1097755495
1090854169
1089708456
1087481068
1087323337
1086508579
1085838102
1086594283
1085749916
1087616524
1087721915
1087410609
1086139021
1085201921
1087824310
1089756509
1086392073
1085147110
1086702045
1085910536
1087549771
1086269634
1081650432
1083902538
1081554367
1082059110
1081796083
1085088687
1084447601
1083739082
1082842089
1082668572
1082332988
1081335816
1084239792
1083624841
1082770436
1082888678
1081719175
1084358029
1082200687
1082939331
1079866783
1079209790
1079325455
1081187034
1079136990
1079169860
1080430151
1081101425
1080495005
1077541832
1077617534
1079366199
1081276600
1080337419
1077779541
1081220510
1077691031
1066077737
1079262169
1081148524
1062111875
1059508870
1060603477
1062011050
1062060262
1066032994
1052368674
1059662781
1052457350
1061977140
1052409656
1050439676
1052574876
1060893337
1052514348
1060697942
1065967672
1059594499
1052402451
1060830425
1050257250
1048213907
1047710133
1047368687
1047241594
1047609733
1049285919
1046740345
1046165842
1047805424
1050310841
1047514579
1050360208
1046240831
1046104319
1047078240
1047673683
1048331177
1048278762
1046368132
1038404217
1040821403
1040756373
1038840673
1044511967
1040887916
1044671059
1041031393
1045044729
1039181003
1040958023
1038756660
1039015914
1038660231
1038583466
1038888999
1044782727
1038454766
1038240413
1038333195
1034500943
1032617201
1035460960
1032529778
1036420929
1036377103
1035106655
1034554720
1032731159
1032494368
1036295626
1032566685
1035595649
1035261641
1034450717
1031867279
1034876007
1032673745
1036483016
1036339933
1025828269
1030794423
1031767349
1027201079
1028597934
1028351929
1031368976
1026891703
1026055643
1030670671
1030714060
1028509143
1028430103
1025883804
1027059308
1030761601
1029487433
1025945667
1025765619
1030856452
1021877668
1022774202
1023933181
1024778620
1025712901
1023847403
1021911601
1022898119
1021834134
1024171591
1021951712
1023800839
1023746218
1024052627
1023982041
1022647764
1021994743
1023705751
1024900263
1024582236
1018155831
1020335907
1018634478
1018217525
1018262660
1018782516
1020247182
1019917076
1018692441
1018889922
1018493323
1018552474
1018306909
1020030928
1018033216
1019984528
1019143304
1018087073
1017998149
1019043466
1014192835
1016702683
1004881964
1004921174
1017184342
1011328146
1014775192
1017062003
1014049559
1005059573
1017324516
1011200560
1015058389
1013951857
1014899069
1011239642
1016641022
1005008020
1016572445
1014638111
1002827411
1001162622
1002786676
1000941271
1000862103
1002925811
1001258646
1000798740
1003477853
1001380675
1000713930
1000987316
1002860640
1004837652
1004805824
1002994675
1001075462
1000757340
1003046455
1002877018
990180592
990717376
999745294
991089329
992981844
990850447
989927269
990097114
989877694
990037431
991918323
992831924
990440723
990258487
989984436
990567809
999864588
991964459
990956971
991884811
982052995
982454330
984648500
982798829
977926036
973709949
982287394
988713409
987111180
986952798
982129971
988323671
984768638
978424584
978310800
977294232
977335750
973800405
973761919
988247408
972700445
970975200
971770471
969610050
973582963
969422079
969737183
971936787
969824742
971825987
972591291
972496291
971881029
973652035
971735185
972186264
970717774
972390031
969893942
969454681
960511612
962205660
961246536
959937377
962946741
963141125
963084946
966930965
966981680
969377189
962976117
962140162
963792204
961215046
963998740
963040101
961991302
961148421
964027627
961179323
959343099
957940866
951362517
943587063
959391788
956061110
959557604
959775455
947654888
959608565
947967994
951846910
956361773
947826728
944067986
956521233
959303717
944188884
959461653
953702200
914782063
913209190
913088920
907994374
943352308
908389064
912896553
919156064
915110470
907866941
916821344
914845272
915039392
908665665
910874710
908746775
942097988
916754369
908532144
919050050
903779013
905824466
901820705
899789532
891033870
903923256
899845225
887649894
885149347
901967482
886966279
886771904
906238308
885346859
886600793
906023453
900231175
900353302
887339852
887094326
824404926
824329036
841438162
835084383
833318512
825612030
836438366
827387426
834967418
825876708
825694767
825523578
833213964
842842923
842931583
833423227
827475811
824462807
842767453
833135296
822534582
823579669
823530303
823388333
823094391
822471403
822397882
823031497
822337664
822275763
823769085
823659107
823470320
823187983
823969575
824056628
824264199
823309836
823866642
823257944
820229400
821404369
821308332
821627062
820636407
819706640
821921883
821468342
820505420
821235166
819620421
820323294
822218902
820753988
820128275
820679263
821985033
822113697
821200439
820442942
816426151
814740059
815798442
815112794
814519829
817622962
814607866
816306331
817984139
816546005
817565427
815058399
813132467
819408360
815745109
818313605
819369453
817020095
817885586
816706671
812453104
810784685
810673392
810603909
811059369
811138626
812131735
811242361
810931917
810849050
811001591
812899171
812980774
813040605
811353864
811235520
811190428
811304639
810517668
812180437
809004686
808140048
810165080
809285168
809856596
810253138
810345816
809208060
809070816
808695288
808404927
808235250
808470639
810428313
809158819
808596290
810106760
806979180
809267151
809328460
805035854
805408404
804765574
805719299
805541071
805104976
804945436
806767126
805461814
806692522
804858408
803643023
805686337
806604856
805167291
806111927
805598310
806883296
805649210
804682851
803281342
798776268
798562863
803571342
803395101
803455989
802756833
798642216
798483779
802866160
801601531
803049160
803213974
802669054
803145953
802968086
802525029
801642719
798974425
798876832
767867328
726237293
766908399
724732227
767923077
768029056
766342841
767962125
724619889
767276917
726908978
769563024
767000905
726287053
766403257
766291462
798423733
766201783
767075027
766779466
707540208
678971059
672054173
671620164
670575175
691338231
709406275
670369902
670288135
705363001
681958862
675431853
692892818
671682165
724586847
671846248
690879270
670837642
709569173
670470179
656759063
644888775
664810894
652731901
667214575
667326553
664497073
645323974
644355879
670103245
664432727
657323806
669978229
659379166
659296461
650509508
646394887
647243314
664682908
650385904
634880967
632409751
634743848
643785003
632297202
632217585
638269271
636466515
632353160
643845543
638225747
631635954
632003543
634781547
644202985
636380953
643689220
643745623
631684922
636412991
628255517
604364232
628011962
606242343
627976624
620375024
615505702
605966796
628875809
628164705
604257311
606140870
622221970
604277919
625249669
625119266
606080263
615598038
624085662
604325180
592515529
602525164
594973703
597705811
592453022
602923704
602804598
593795658
603807537
597618393
593009810
603842188
597795964
603901849
602441956
602480453
602553751
602415434
601408550
595351764
586859253
588744650
590297807
587432446
588195682
588296951
588673314
587832353
587750067
591526233
589806575
587802479
586947626
588242754
589611042
589015340
588951774
590925485
587701385
588333635
581183328
584808726
585387131
582706248
585497588
586825083
585573147
581102421
585200091
582817365
586516974
584897280
584621588
581479951
582761317
581425436
582670416
582880300
586757077
582978600
568287188
581077529
577760552
581004542
581043288
577081655
579887425
572234811
569619699
577707373
575788174
569563447
577024182
569579299
579684678
580453307
577643956
579106926
579838470
568585919
562821467
568072291
568199727
567962096
566408579
563459301
566039163
567388566
567358187
567319294
566941731
566865587
566775131
566339761
566111188
566067006
566020284
567335180
568270706
566274096
561514620
559700351
559819676
562171466
559754741
561730251
562306318
561548153
562228379
561669298
561581215
562105074
561425854
561000981
560453581
561627273
559797893
560348009
560419078
561471481
555845013
552504458
555738948
554085544
556963326
552597223
552451215
555787585
552714171
558340533
559571955
549664367
559544661
559623975
555595552
552754060
554011071
552655734
549772065
557005194
548175412
544136985
544081906
544304517
549005831
544371841
548633451
548597709
548514903
548471834
547028303
547092505
548966879
546481428
548120661
549040372
548226520
545295465
548546589
548357540
542555312
540694758
541809795
542447907
542684507
543289538
542773206
541833849
540641731
543341503
543274650
543550687
541895756
542390776
542602262
543669918
543787802
542720778
543864342
541179557
526643051
496258598
528555667
528569315
498573200
535164894
499592965
540582171
498659317
496315138
498599253
498725803
526724082
526688112
508432512
520875843
520822526
520006548
535208347
496186905
484681180
475738559
475361705
476036281
484630373
484583674
484637260
475996264
484526432
475427107
496116087
476008846
484741811
484557715
475966152
475543287
475679622
475928474
484651915
475613524
474050049
472769136
474007728
474131606
472823252
473743783
473835202
475264146
474197961
472778759
472997872
474298304
473042628
472872386
473918676
472924309
472816721
474353920
475186396
474258610
456344287
469620308
454465064
457673251
453876351
454521338
469172454
457624253
457233503
456469917
456219876
457735741
457339278
457812822
469653493
457531054
472719939
456280401
456415759
457876947
440109210
440156482
453840293
431308043
430539448
453189070
453128098
453232756
437560640
453775082
453803536
453331682
453071991
430503996
453279758
431209056
431159319
429075952
429033532
431271617
384402630
384175326
384493686
408985661
384386700
428852003
384216533
428776935
408935135
428999978
428893783
388454168
388356409
408980277
428809313
427578736
428928914
392322310
392274127
408957315
378029457
376799708
376228977
378067952
377347634
375549491
381829616
379954941
379574034
375545336
375829440
379541151
377998323
377423079
375482656
375356097
383023422
376176609
383093202
376845866
371448908
371156512
374437789
374338763
374330802
370951655
369453724
371928095
375310756
370860586
369795271
369541016
371958357
369859401
374514658
371076725
374565885
370987853
374466005
372020352
363080877
364979122
363817048
365498928
362939872
362443090
363059760
363769413
362987169
368022466
368813709
365011998
363110299
362964090
363899198
364867265
363038930
365563840
368856889
363304302
361402898
360984691
362392800
362072468
357443602
357369949
357277502
361990064
359797676
359311128
362346188
359629427
361204233
361914331
360898207
360645610
359996613
361445539
359846186
360061243
355980126
355093992
356778094
356343885
355144776
357217185
356384185
354804230
354991236
354896477
356867883
356726673
356026330
355656498
355215972
355239705
356308924
356755390
355704331
356816000
352432434
353204942
353174012
353739506
353025100
353605286
353989401
354405766
354562526
353096941
353045827
354436244
353619013
354040553
353004114
353246515
354490575
353812632
353694048
352063575
348733136
349485180
349136807
351509897
350804763
348703584
349917574
351458777
348427834
351371237
351324676
349184797
351978945
351160996
351426514
351254484
348646332
348596715
349874488
348494767
347647828
348314045
347582127
346575219
347120404
346238617
348261187
346817633
348382298
347623138
346861727
347249151
346684167
346646739
346625974
346607437
346534981
346314444
347183319
347051642
342623756
345087526
341858941
342800544
342363103
343440170
345397111
342677247
341899542
342192147
344959992
345326267
345233639
342764187
345038571
343509458
342850351
345264532
342116675
342540781
340738000
339695559
340244950
340315975
339207747
338972236
340639549
339602671
339570425
340365755
341193590
339029061
340293660
339541329
340344754
340697006
339087364
339127714
340675346
339166547
337377041
338139161
337964731
338105998
338007032
338897991
337057009
338874789
337099040
336952961
337443427
338757356
338526966
336992321
337471655
337138116
338494251
337420498
336865781
338057602
335025361
336587247
335336206
336486071
336751988
335341141
336542921
336803315
336695731
334102398
332795134
336403551
335412170
333825754
331421900
331479781
332848172
332290379
336622228
333590076
327930619
325323322
330060471
328536868
327908720
331194918
327856840
330371647
326862470
327818222
330438413
331251290
327880656
327096856
328380943
330252471
331220838
331150701
330094874
328477367
316175499
316210656
319406047
321957318
318169625
325265341
316258744
316590175
323137997
320819278
323197779
316638856
323875592
323855381
321894998
318116830
316519574
316695768
316458531
320365146
313471034
314438124
311153903
313409805
313277283
312106727
314492095
312057525
312417259
314537633
313009930
312466894
312208600
314568771
312003818
312546920
311095456
313096353
313354076
312360120
310129818
307453255
306743534
307522424
307037987
308832237
308737429
308625761
307086114
307385979
309955333
308791590
310000299
309994368
308305906
307284771
310180857
310093649
307579909
310029185
306665993
306175912
305605187
306461739
304641444
306576099
306417543
305255344
306614787
304575289
305559919
303379675
305666446
305481026
304511423
305287170
303966707
306347801
306692785
305217754
303153650
298858310
299918272
297871254
297821801
297113099
297016647
298848841
297845823
297826524
298926863
297059100
300366203
302996185
298881100
303178271
303081218
299953384
303334157
300430474
296907146
296900360
294796419
294603979
295252553
295044910
296852890
296929977
295690637
294971321
294931902
294694038
295116291
296858079
295180317
294734024
294574486
296835784
294173098
294656615
287475752
293281669
293455166
286952589
286909306
285121583
285083930
284562321
287565735
293324968
294132378
293504228
284733974
287529550
286998345
285229106
284671307
284610360
293365490
284518322
283670065
284047675
283567171
283966771
284334364
284397152
283520492
284079833
283423878
284512135
284462770
283332170
283377682
284115532
284012594
284157792
283262491
283203037
283474734
284274049
281865810
283116094
283002790
282966263
282312940
282913301
282258716
282081544
281936197
282551939
282470788
282511561
281991245
283045348
281901804
281820673
283053770
281870066
281796836
282123751
279636163
281692851
279599956
278995764
279744548
281040152
280764645
280665031
279807224
281766015
279923135
280799973
280960628
280115919
280852214
279667743
279976212
280895181
281298318
278806716
265636389
265607302
265486759
271342063
258536072
271384755
265581647
265535654
271250262
271222794
258222067
265573935
271295566
258589960
278401233
277264492
258569003
271419828
258625613
277211839
255701729
253051522
255669256
257706633
253849750
257786246
251362376
253010193
258077291
251431107
253035095
257646230
258108959
252855683
258175299
251109611
251042318
257674111
257582767
255664099
250227840
250063970
249971662
249776358
249560869
250137927
250448364
250175467
250508815
250093219
250753378
250585721
250027243
249605385
250948910
250474344
250646708
250821031
250694193
250268353
245629798
245308626
247917533
245987569
245888269
245549676
246377397
245492327
249066642
246139668
246051919
249469822
245457591
247980684
246091862
249142111
246452504
246417490
249179473
245911861
245161288
244734301
240044133
239413704
242843012
242541782
241640802
245183865
239544128
240280245
244385524
242570878
244289091
240837014
244768358
242622099
241655796
244389944
239467936
245089077
236299959
235652547
238267442
236347686
235801046
237730285
238235994
235757412
235753672
235528950
237690539
237759366
236809931
235779493
235474485
235829945
235566672
238291458
235393001
238203427
234515312
230593151
230550362
232391308
235058787
229583727
235359158
235333204
234209172
230534903
235234555
230569814
229559752
229822442
229515082
235216960
234796371
232962244
229386979
229482414
223642596
229082819
227246411
228849414
227093304
226806054
227198403
226465657
223218532
225990575
226821726
225970150
225274312
227139166
228815631
227739563
227651858
226765303
226850820
227629482
220906439
222936671
222281600
222154798
221089762
222974876
221120021
223085801
222172876
222230203
221536268
222922063
222208823
221518629
222952273
223129597
223177794
220946920
223154824
221484005
220850128
218173555
220776308
220752447
217486728
217597579
219014423
219075872
220597018
218970818
219032719
219001744
219531366
217311300
218188410
218985787
220612966
219586615
217569311
219048393
216996032
217041305
211905231
213100734
216927753
215619981
214872216
214804928
217166711
210419469
217266049
215651479
215372612
215208479
217234143
212786551
211926796
215691785
211950269
215437997
210312002
210393356
208100255
208029788
207813994
206961974
207176527
210133504
208271879
209790550
207569383
207879503
207989424
207837515
210329209
209830699
208068416
207022235
206987075
209729468
205687817
205637545
206602272
204741299
205605257
204416054
206682729
206642283
204717926
204667803
205567652
205792630
206185799
206472314
204894699
206724600
204452657
206510406
206424136
205740032
203583844
203612131
202784976
202745408
202435143
202676048
202500616
202396151
202307902
202286875
202564176
204057459
204373612
203524697
202525609
203278924
203356613
202461198
204011151
202595751
199572174
199358784
201533716
199700686
199625461
199374061
200273119
201494829
201129982
201949942
200896206
201006788
201191144
201063323
200127687
198939473
200319562
202252893
199659485
200948427
198727023
197761255
195281185
196588470
197117408
196453988
197476447
195502772
198894198
197055986
197787672
197102972
195473695
195444629
197069145
195404875
196469986
195432778
195533259
196540752
194769124
193945739
195131886
194735756
193132490
193575197
193612833
193634000
194759709
194416489
195140572
193807008
195061423
194465397
193932724
193656962
194497483
194702038
193596375
193064260
191348525
192294409
192105553
190929409
190982422
191382686
191814129
190957008
192052417
190794669
191355818
191091728
190770328
191144196
190273071
192259099
191366860
190723596
191327736
190202599
188570112
189337949
189066147
188708846
188688372
188926027
189456282
190014176
190144610
188895504
190071980
189353344
189724197
188951731
189036922
188750666
188591166
190123041
189474840
188844526
186508555
187937787
187956090
187093070
188558143
187750371
186251565
186838515
186848635
187880948
186894926
187988441
187829458
186090355
186115858
187765022
186104293
187792617
186855354
187810972
183132225
185697827
183314908
185664027
180851259
184659198
184524628
183238923
183276713
183166971
180747580
184687138
180903662
183173337
180852565
184636866
183109795
180828623
180761729
181441659
180428777
176364564
175850133
175824315
180210606
180397983
179650013
176230019
178922973
179534191
180123473
178887935
175787675
179584864
179624304
180139577
179558234
180116597
178853815
180193737
174956033
174595765
175762246
174971828
174566332
173867497
173021485
173008083
175667355
175091125
174498160
173811584
172963686
174997636
175054943
175023809
173784563
175126367
173241310
175165095
172019272
171963679
172116576
171495614
172146367
171428786
171520064
172175916
172054731
172218665
172091181
171995472
172925276
172397306
171907209
171930929
171886818
171603244
171568634
171465887
171324249
171399291
170486580
170424094
169794742
171227205
170608300
171196386
170736810
171288431
170078341
170739808
170055574
170568090
170467274
171250958
171174822
170508409
170776829
171221963
169771773
169672522
167018043
167240071
167591927
166949826
167622594
167672778
169301408
166875998
169072731
169334311
169647563
167560321
169660403
167532130
167268740
168978472
167069548
167512525
166757463
165282514
164888242
165955528
166194206
165174684
165539050
166860272
166276578
166016067
165311080
165366265
166070219
165987476
164854100
166808949
164610064
164812081
166218627
165170127
162374627
163196569
162336514
162639188
162553295
164208481
164495134
162838645
164018236
163866071
163100621
162847075
162424773
163807453
163173962
162517604
162472228
162583468
162161302
163981023
161975031
161645630
160922843
159754182
159976191
159782829
162093960
161879953
162022019
162139953
160985920
160887607
159842937
161929527
159811800
160592710
162063475
159730069
159679670
159660437
159586920
158361069
158219543
159086213
158244398
158079508
158899852
158162038
159549853
158184806
158055938
159570287
159628610
158454223
158023217
159139451
158289520
159608290
158133562
159054193
157219631
156712399
157310304
157444555
157214337
157143550
157776670
154673531
157514312
157398464
157548753
157356235
157133867
156765290
156669332
157730806
157196914
157594743
157997216
157631189
153190649
153716203
152399759
151189751
153729954
153459680
153160089
153746082
153469733
151098180
154454650
154431024
151198594
152590388
154620592
154076613
153741943
153013354
151152196
152560138
150058748
147861179
149874830
148495505
147182551
150778349
147048125
150187854
151029082
150890130
148055686
148786604
150385451
147837395
149976308
148022462
148757239
150983588
150445960
150133623
145152465
145777441
146485231
143894472
144759059
143422698
143474176
145161125
147037173
145355469
145106644
145188093
145876413
145731090
147028207
146507731
146446437
144011178
143522147
143383880
140356713
140301854
139512278
142445366
141226559
143253964
139854609
140324813
140272321
141866018
141783195
142086362
141767784
141204955
140332226
140293379
142811436
143109490
142544235
142784262
137032161
137037196
138319271
138011443
137013076
138777046
138655883
138943084
137084857
137332785
138732998
136985627
137097609
136965545
139032233
138741623
137962882
137392553
137832469
137053804
136842202
136914573
136465822
136765325
136548435
136238355
136172100
135887984
136346254
136411303
136877815
136708033
136424049
136792283
136509179
136953024
136380119
135337955
136281718
135760257
132547599
130917152
134391512
134360078
131500521
131475841
130884519
105517658
133824469
131436408
130953500
132349835
133228643
130836677
134340016
133875856
133915302
124199105
132486900
134464393
103291065
101054070
102027563
100188550
102010380
101452954
98633982
99196174
99164203
100927698
98625310
101182452
101218155
104688788
101993549
99149064
98910649
101374243
100161417
99115543
93571783
93071540
98109968
93113358
96394085
95525088
93512638
93537324
93584177
93140656
92528404
94559065
92478213
97788879
93556077
93480291
93094390
95505412
95761293
94606939
91715111
89138745
91200883
91789908
91155527
91014588
91090915
90962561
89198999
91866448
91244132
89124387
91065532
91740888
90966170
89903971
91114831
91824674
89938170
89239152
87431318
87193294
87764363
87059072
87401321
86433527
87030055
85131042
87228613
86362836
87091246
86407584
86781191
86326333
87167316
86730750
86387721
86753637
86351600
86337262
85062340
85041736
83519551
82766143
81929101
81501922
84579420
85018731
85029886
83172430
84381927
82062438
81897122
81483595
81798255
83811627
85084633
81485261
85091031
84330711
76479523
76664210
81204670
77032567
77387238
80036805
76505666
77399905
77599135
76642113
76862940
79305202
78699615
77487564
81183457
79943725
76463722
77997131
81460522
77389551
74184499
75252307
74281414
74925803
75632876
75495827
74698986
74178479
75592840
75542539
74764857
74216442
74675504
76446064
74661880
75608684
74233588
75514391
75655923
74947586
74154407
73373269
73964391
73729672
73279443
73876005
73739297
73931510
73475831
73402865
74164191
73355007
73002896
73696193
73906886
73712159
72984130
73511798
73225813
73426077
72266747
70644745
72852047
72281881
72872441
70427240
72801258
72463247
70593447
72492003
72789086
72834036
72253634
70470793
70392200
72778288
72234580
72769217
71671568
72810677
69808837
69304036
69828871
69870769
69230134
68900432
68877600
69689748
69257474
68941570
69674154
70234460
69663297
69240049
68590309
68924628
68756990
68765481
70162952
70181978
68519121
68301752
67332400
66571438
67453956
67390924
67358469
66768793
66547686
67483320
68404978
66779749
67310799
68551442
67409174
66806066
67762154
68569875
66756712
66747373
65728825
66006732
66212670
65883501
65742675
66467727
66174690
65954090
66189865
66373334
66100067
66120687
66357737
66137964
65974955
65969525
65878409
65985964
66482390
66501451
65452561
65535793
65245491
65524618
65482282
65267720
65043173
65032535
65211293
64221391
65563236
65460964
65548131
65239738
65221823
64278599
64258387
65468302
65710085
65286930
64001768
63725892
63419670
63202323
63663227
63186725
63505995
63139264
63990246
63689404
63701729
63640356
64059254
63165574
64039900
63744749
64164798
63143430
63122365
63666505
62557017
63107752
62829792
62504814
62516969
62943228
62770116
62579506
62596076
62385092
62401985
62521612
62646721
62790773
62977460
62842680
62806119
62747867
62984384
62632693
61884002
62367186
61658796
62323557
62176590
62136669
62060745
62212878
62151932
62303405
62251446
62122750
62069967
62164332
62048265
62234116
61909331
61921027
62345277
62193098
60270046
61606869
60472399
60609322
60694464
60665098
60555916
60288342
61648176
61628082
61633070
61624207
60601553
60181914
60158253
61588904
60140900
61641383
61617190
60120144
60045807
59659014
59693266
59628767
59540526
59592812
60087353
60080992
59262616
59243938
59709468
59673266
59534767
59611025
59520323
60056320
59990968
59723869
60103273
59980693
58811829
58768111
58901291
58787989
58828560
59241406
58292415
59090998
58662395
58327686
58339209
58293913
58280487
58265693
59208019
59089466
59100230
59223360
58849011
58823925
57356312
57261110
57235096
57218369
56774984
57292473
57336825
57711103
57437505
57408013
56986140
57453180
56943526
57388705
56762716
57249390
57278023
57460631
57457697
57371079
56441277
56301123
56357097
56389027
56754844
56243926
56420805
56751204
56268598
56416641
56309853
55947791
56259105
56285836
56399472
56272627
56740923
56250258
56375094
56459886
55454212
55383050
55332754
55778395
55516673
55827936
55748669
55738459
55784248
55766800
55416594
55793382
55472287
55941910
55736812
55937104
55837989
55539383
55442059
55488137
53667339
54156196
53634037
53976834
54939366
54171770
54061086
53963949
53691839
53991049
55088734
55325953
54090342
54105326
54124416
53608907
53962177
55120512
54143070
53707582
53586808
53230964
53270270
53193472
53336584
53480963
53207536
53521507
53121951
52959104
53097396
53493604
53083038
53136596
53110203
53508497
53470689
53538417
53102580
53086251
52388903
52734018
52730760
52819879
52862300
52789752
52765459
52394843
52382404
52839859
52501879
52743976
52878372
52739231
52413849
52369217
52723966
52526519
52404994
52429387
41852889
42088635
51634329
52016119
52066915
51624567
51813420
52144242
52167219
52190557
52021403
41917467
52037980
52074419
52053991
52027031
41884590
52133504
52010981
52032109
