1095733627
1195422860
1148904564
1102274018
1095924685
1152282174
1152183077
1149257973
1185645444
1095892546
1195082919
1095808457
1195193678
1185830615
1149128027
1177544547
1101906827
1102142495
1163562662
1102032059
1054211531
1093599138
1053345724
1072163635
1093422600
1067754711
1089298253
1067689492
1069773054
1049938984
1067947325
1054355674
1054424981
1050043708
1071972546
1069717240
1072096328
1089423511
1072036663
1054286826
1040640698
1045753224
1049630774
1040506765
1040356836
1040214599
1042891163
1045466138
1043233479
1038113201
1037975378
1045669873
1043065451
1045260365
1037893067
1043325400
1049794631
1038075921
1045828118
1040612543
1017698701
1035840087
1021559810
1015854043
1036179386
1023454925
1019591495
1015995258
1021471377
1033978864
1036245913
1034055976
1035945761
1019699030
1017579505
1015931030
1015769777
1023355250
1017471056
1013608420
1000026645
994910070
980925414
1013497241
987713629
1000191154
987568586
997829095
999232440
982210989
997528105
989347205
998964974
1010541993
989561570
999076688
1010708399
997700106
1013377236
995082389
966639359
968578192
971336264
960959203
966077825
958980420
960864189
966532209
971489114
972863403
968771062
977664969
961017975
971209078
970919244
966702101
980759671
977768234
979499454
972743466
905273044
903214053
900984381
937836562
900873297
956858794
956980767
942726907
940244825
913821105
905037546
913924613
940159479
929843121
904941042
904799984
902982876
950496116
937544365
905236913
872749983
871088236
869638422
884102497
872858201
864077083
897259097
884030055
881902683
885877371
879263766
886025355
897349605
872484037
871013314
869714480
897154147
867815943
865443715
867709424
860330734
848657880
846458727
864040175
860392138
852410522
848708499
845412786
852226562
852486096
836728032
854889445
854999112
852285714
852118180
846523645
861704045
848592097
840528493
854926067
822691499
821140630
828462768
833007351
828554635
828519803
822733825
821097990
828572479
828505286
819383963
834937794
830482120
820810243
821037376
826666315
826618057
836581941
822606745
822758914
770724297
769337333
819259764
817182755
771196094
770826349
774318898
769408915
819207208
817471338
771125367
817260167
817153639
774247535
817104170
819320561
819282303
770995607
772554830
817225599
768808772
685929410
694778170
765816652
685991944
698794493
698738263
698646635
769083280
765876986
686061056
767698877
769166153
767570030
767304257
765748974
765679459
698819355
767633099
694708041
684232556
661796577
658794490
657138638
659912531
658752961
662051194
663816066
661951244
658404890
658278419
657046570
662024558
657096883
662090746
658709879
684268996
660010732
661626366
656972961
641675471
643231908
645005099
655409151
643128080
651434407
656881036
655458805
643403227
641524375
651373030
643318695
639522623
649703125
639442405
646550775
648002013
649777113
644928319
641540918
629117142
607195955
635782841
635858665
629014166
622806027
609155864
632760427
622866735
609062393
610451558
612068138
617678943
609104992
632712609
611805511
613149649
611706372
621393415
613258812
602478239
598249980
602681362
602413445
596565621
596835406
596707862
596804100
602538529
598175753
606984722
602631005
603850491
607082419
601312055
603980007
601283046
598505403
596778739
603934254
590730709
596456585
590696230
594536160
590436483
596503839
594671067
591798786
594810120
591705499
594738252
593144800
596259295
590764421
590652288
590518928
590348637
590585114
589271708
594418464
584072133
579204706
576408704
589230400
577908082
584106752
584148650
576560135
584278952
581236034
587807555
579124117
579316346
579167556
587772635
587858778
584228114
582410800
582316591
582368354
568589012
576310994
572741156
569649581
571079506
574558669
574456339
573082154
574934690
573108311
571491105
571358498
574389576
574837839
574624185
574845050
572799434
569932239
568559472
571021065
561302507
565953411
561107455
558649577
558503538
564168853
558566905
560032462
568530907
555761459
567179826
561282610
554202740
566023718
568239566
568292112
560059676
564209414
558717682
555695962
549871145
547527359
544697692
552795096
544635644
546121854
549905033
541582727
547466604
554096320
546097105
541279786
550075312
545836792
544663742
541566466
552757997
547353076
545885194
541335502
538680953
533024719
534988741
539055489
536183530
532980794
539076058
536239227
540306695
537747541
536097060
534952900
540282929
536241780
531879168
531792131
538615658
539112190
538487013
537790009
529793236
520935641
519529058
519492750
528197604
518339130
519194965
531766330
529698566
523039184
523130955
519377533
518261688
518252685
519304863
523553088
521084524
529548608
520988031
519587904
513121287
512994321
514554449
512808678
517967240
514665960
518223320
514719787
514760013
514638136
512960697
514536493
516133558
513025360
518047362
516100373
512801293
513189448
514694971
514602889
508961653
508900897
512741219
508704344
507520943
511368814
508849982
508616252
507420526
508486338
508530768
511617084
511537186
507478908
511640990
508659172
511593472
508586978
507471119
507441178
502678158
507180349
501751323
502502871
500657745
501721564
501922761
502764436
501873131
500565016
500379549
507390754
502393740
502590211
502053527
501688820
502854959
500599916
500407914
500529474
499858498
495953505
499009989
495769684
500093532
494125637
499028603
496000632
494144173
499944042
498925636
500168014
495828654
495545842
495365696
495614935
498956715
499045638
495824729
495464696
490273622
484563902
490501187
490469604
490418716
486136086
484536881
483076653
492282427
488730255
486107392
484507505
486094346
488832608
490364627
488797274
492245716
488583353
494015581
488802981
481453778
481482598
482885228
481487083
482921028
481437848
481263295
480205458
480126050
478830076
478820363
479977815
480103448
482938681
482913240
480079513
478837980
478781576
482928286
478738456
465445424
467957004
465484458
471769907
467972591
466831005
459209741
473189670
473128930
466841779
471734170
465422762
473183362
458376303
456992557
474741007
471753375
467992658
473164673
467932345
450380323
450354508
447484552
447452508
446102534
449088044
447668911
443006176
445793524
446303568
446273570
456953066
449036675
450444282
449069608
447536942
446078827
452150924
447641964
446130110
436305932
437767089
441185870
437300503
435834777
437710085
437794789
436267919
441415058
441231559
442968282
440359167
436232066
434735622
437740761
436336283
436189641
434707217
437681939
432854935
423559319
432828040
432806336
427312782
428733174
427333823
425696211
427245407
427229911
426953454
421495959
427006673
427276714
432766132
427201666
427108265
428775242
428849142
427062942
428822872
418327598
421252849
421307341
411059451
419610584
419664230
413800984
421348252
421238913
418362958
413770821
418404627
418304176
418386594
412194111
411077885
411044273
419557303
412307951
418423002
410801363
396746182
410627288
404010435
408636420
403021501
403065447
397186531
408784693
403098077
410845868
408697166
397123032
396953367
403949678
395809310
410920968
397312212
410740706
403888090
390700866
395619067
393217609
395692502
393232018
393173276
392898068
392996039
391875889
391729021
390506371
389397967
393260717
391660898
395763307
393199855
387412670
387331294
391818555
389363704
381328505
377506636
375066071
386983251
382506635
381469806
377578107
377803816
376169424
377724015
382516084
380322564
376474731
376414048
376096175
376443070
387082201
381433234
377788964
375093735
372609705
369109506
370262450
370486201
370316930
370130125
372548694
371500501
365704201
369023971
370527545
369143214
370596049
375009316
373995082
370547696
370572600
370192154
370533195
373822884
364337412
357490723
357539463
357434937
357684550
356562281
357673552
356478929
365643556
357712998
364271115
356415703
356359097
364308254
356451987
362085585
356365882
362159901
356276901
356199712
351135264
356184008
354140502
351606863
351607594
351585494
352661817
351602133
351186580
352731534
354166359
351561953
350190603
352594789
351647088
351111476
353012026
352996451
351652261
352654495
350050482
348565633
343008310
348705839
342962629
342906852
342927423
342943288
342982901
348640372
346610435
350065709
349008886
348984551
345504908
341809874
341667499
342866370
346613889
348965217
339353689
328843177
341627298
327530975
327501544
326301539
328851088
340426280
341645380
328818809
338250645
328754329
327682574
326335444
339393225
333428271
333628040
341608936
338325662
339372244
323482164
319670773
320716132
319704046
323534612
326071414
324863542
325058403
324850347
322491988
322419115
320725989
319684941
320701130
319659259
321617642
320728199
326089974
323818738
325102853
311711314
311688782
309108396
313780288
310406129
309137214
319637402
311732584
310427194
312765844
311751666
309176713
315403642
310460325
310382663
310381672
316986726
309065587
318373833
313762404
303489402
305937281
304872303
304828592
305920286
304852632
305964281
303625275
302377055
302318899
302218872
305978984
303642571
307922788
309069987
304926646
304906404
302267225
304948808
303658224
300905004
290654425
290617574
300990250
302197108
300939650
299746214
287267119
287083791
300968014
301062409
290641958
290634299
287121743
288322579
296659499
292883571
300876040
288331672
288401967
262392411
268920193
263451354
263688319
264459306
263565113
262504787
246460628
267885392
263663368
267826531
262520933
262357611
250138349
263584058
263406210
250111197
262596112
262575056
264422834
237534942
239863908
235886241
245855432
246424113
239939218
244816918
239909384
245853246
239800659
239150211
237500905
235868750
235834516
239131865
237490877
244934806
244847293
237553731
235857014
233538510
233493876
228186665
228140344
227326911
227363428
233570396
228069471
228031199
227298308
228928137
235707612
227205963
228102950
228162157
235748500
227988113
227919465
235810492
228903472
225813887
224294934
220210873
220128662
225020767
224276443
221081974
221051473
221126134
220072963
217310829
217385031
219419688
227164491
225751000
224260766
219499543
217336554
220012177
219987154
214860161
216717351
213303072
216358622
213201681
217273201
215745550
217257942
215777204
213377088
214900865
213226795
212436787
211579543
212508503
216403545
213344396
212552823
212481476
213269116
203287139
209486866
207569056
207563616
211476436
211433329
209469991
210845477
211524975
209330662
207642863
207524157
210876191
202352940
207494642
208355888
203136612
202977455
208385437
207609679
191677015
198385926
189020242
189813427
191767049
199182444
199220015
192579452
192551073
189788093
192625712
189104049
194109804
191716066
189833915
189059517
188884101
202276838
194060940
188926959
183144555
183105382
182269698
182655567
184458395
183641839
183632465
183502602
182608891
182239104
184041867
183476813
185226903
185945874
185964981
185185348
184009699
185921435
183564119
183673185
181956305
178640136
181918854
174004184
180816984
178349227
172464198
172367744
179520977
179484192
178553687
178391154
180834115
173969326
172642424
179557515
178494648
171689233
177857348
178621773
169425909
170277787
170180637
169375503
168807080
168734222
171653887
171682025
168053807
169458393
170201257
170111080
170067714
171684614
170247808
170230080
167957156
170266416
168769698
167953260
155011638
156105141
160346796
154899737
156961297
161140437
160340898
163557581
156883282
154958230
154267808
154148991
161096667
163595755
154294867
156921095
160909402
160964555
154189947
161009830
152801068
152140292
146962284
146048216
146207862
151383196
145542543
145524573
152103806
152056647
152741444
151431832
146179585
145556784
146935641
146141335
151465084
152842256
146062486
145992754
137731098
135897134
128623938
141627848
144595879
140914419
139132830
141603267
140953992
136043882
136061218
128583891
135929192
143783733
143698803
136005522
135975636
143740807
132073888
139154386
126497390
126441978
117885121
125632905
123030529
121356432
122176512
128528827
127382647
127335924
125643999
122214117
117762656
125577006
126650034
117736621
125595188
119315664
122991265
119347825
111825015
109140758
108125497
107182869
109385738
117008439
113653331
113678103
111076315
108289286
109207993
108155577
111233221
111033950
108310178
116982909
109191661
113679955
117037299
111876535
106558753
105784860
96888319
95498914
105081706
98575709
96241169
101773513
98399000
102634945
101708534
96903257
101211734
102632797
101179029
95472821
102655790
106576015
105805048
101163598
92740923
88962139
80396644
90186418
91558339
88826612
81575859
94805901
90200013
81524902
81043665
88218435
92715883
81024409
75881845
80368483
81540128
88236086
80418781
89669512
67199243
69651838
68252739
69649205
71606130
75715032
75223898
75808857
70102912
66709993
67584498
74099055
75226965
70846020
70824111
71583194
69662281
68260300
67655201
67637249
64440057
54737247
60399706
64442400
59028080
55281514
66245585
66251132
66676679
60389680
63929724
59024249
64449924
55732881
65882317
55661272
54763343
66182587
55678234
54444068
53066359
53013765
53424941
53884856
53042759
51583601
51165027
51989986
53058068
52316645
51574344
53417366
51556620
52680616
52709759
53373558
53062568
54419511
51982908
54440770
49979836
49741985
51132121
50858727
50279038
50833893
50827425
50266463
50857494
50532052
49746772
50284733
49969901
50792885
50540331
49743261
49011553
50786273
50292311
49040180
47834108
48738497
48713791
48427283
48444210
47502286
48437971
48732099
47499641
48117188
48744540
47521272
49003984
48996571
48098361
48966638
48702937
48151849
47201424
47767878
46677002
47190448
46374324
46333191
46800380
46052581
47095941
47133686
47125880
46666298
46794087
46643448
46747292
46368349
46327430
47151328
45783421
47183870
46753139
45778399
44962914
45770064
44944291
44556363
44581849
45241363
43780768
45246464
44909985
44565686
45486187
44844603
45490781
44581413
45511667
44934268
44576634
44028871
43814066
43556498
42617351
42672298
41583564
40001100
40247608
41576029
42363253
40256978
40252939
41086400
42238736
42591226
40492481
42679207
40499376
42611097
40252520
40027263
42632764
41080760
38377995
38638826
39194935
39454344
39433006
39184677
39173160
39163048
38881987
38362606
39474707
39229678
39211375
38899415
38632049
37307486
38369472
38847941
38924246
38136526
36039771
36264265
36028658
36075732
35819591
37091652
35865209
35887029
34551968
36082092
36098103
37086655
35891619
34783843
35860032
34825580
36102309
37095808
36255449
35811738
34044890
33896449
34535877
33811815
33843147
33906574
34155294
34134559
33866626
34098685
33602560
34166421
33906122
33877634
33834043
34029258
34147054
34118536
33898274
33851781
33314624
33414606
32920616
32912196
32960720
33373256
33339225
33398906
33580601
32896359
33547816
33382193
33362133
32962840
32882070
32890358
33405105
33130528
33394636
33345935
32238051
32657948
32707790
32668261
32617739
32404209
32642611
32496438
32232139
32462481
32639842
32439032
32413670
32676919
32701494
32422388
32722073
32598775
32469425
32244539
31723376
31895228
31975957
31670976
31531582
31656831
32140131
32210699
31904924
31885518
31967980
31713998
31733047
31677849
31986847
32123279
32220796
31875669
32180009
31959104
31512593
31231127
31191176
31526328
31296544
31194459
31425048
31439307
31255675
31412817
31490682
31396265
31216734
31285551
31243425
31499402
31219630
31501484
31479793
31292512
30756491
31030412
31185463
30705852
30831433
30965634
30552884
30808624
30947291
30693946
31171764
31019869
30559328
31158561
30750779
30738287
30722133
30816731
31011676
30977684
29375839
30307260
30535565
30073126
30439569
30211925
30007521
28796282
28718127
29413678
30279298
29405010
30289903
29834159
30541978
29845352
29393541
28705062
28558268
29364063
27548643
27758660
27528199
28348649
28329333
28341493
28120147
28100287
27524320
28155844
27936251
28531211
28132304
28148522
27763456
28539252
28124866
27750641
28109381
27734951
26714615
26658780
27138044
27328299
27317551
27125570
27051421
26909780
26531817
26915928
26539272
27042254
26317101
26649858
26340599
27284067
27088334
26336334
27521933
27132456
25502370
25449321
25507597
26134366
26298982
25879458
25332521
26105754
26039310
25493713
26127448
25866370
25697144
26293484
26030838
25889411
26113121
25873278
26309710
25687780
24194682
24778531
24200127
24359972
24187089
25141257
24783826
25145268
24566262
24781998
25098643
24560673
24373525
24909112
24196275
24377238
25326397
25135066
24307975
24587012
24182742
23820487
23221344
23006429
23000337
22988879
23160256
23188900
23815358
23993708
23565275
22994158
23631808
22984571
23152391
22959375
23825050
23215095
23999704
23554518
21754369
21759493
22802072
22792324
22270148
21921355
21750074
22813049
22797350
22410852
22285143
21925217
22413497
22936983
21932183
22612555
21884968
22629810
22473081
21873871
19799804
20062897
20458649
20466447
20454298
20116302
19784780
20314288
20584109
20131948
20472669
21742277
21179632
20282227
19954310
19651107
20464030
20270401
20477121
20122930
18909872
19049771
19009484
18574149
18566230
18833445
19062729
19063645
18571112
18570752
19065143
19042917
19639428
19643055
18896151
19066339
19635600
19052176
19045949
19060011
17714925
16488221
18421524
17711747
17567941
16470507
17972480
18417649
16602300
18130821
16480592
18560726
18564180
18414741
17564739
17962237
18375947
16637738
16474871
16484427
16014730
16460685
16137614
16100371
15837630
16119927
16356348
16361885
16112026
15792079
16357741
15783222
15672983
16359056
16464147
16134466
16105718
15998776
15842921
15808642
15505454
15635757
15226825
15492845
15668573
15639619
15481392
15378737
15217386
15206526
15395330
15512610
15501158
15526497
15625385
15486209
15372356
15665099
15387536
15645223
14957345
14587580
14785815
14581948
14535429
14417277
14408839
14954624
14952399
14523958
14781782
14764387
14423532
15198461
14937659
14770777
14604791
14399436
14933571
14953019
14388279
13948350
13907150
14263560
13897092
13791809
14120054
13944116
14211718
14069526
14119471
14077923
13778882
13787997
14252738
14269179
14250285
14114475
13782338
14087695
13592536
13587145
13618515
13420389
13398242
13235283
13236179
13227442
13093238
13238377
13085499
13074092
13078971
13239747
13401349
13414554
13245539
13236377
13418351
13614415
12935471
13067440
12771306
12923629
12739903
12927248
12864242
12639612
12730217
12851621
12707454
12784764
12781591
12755749
13070891
12777592
12749795
12948015
12941168
12877398
11984416
12445080
12624729
12382955
12368164
12578418
12140546
12025276
12018818
12028850
12563631
12570275
12166804
12035742
12211714
12633596
12196816
12176314
12557903
12047107
11739077
11896683
11863014
11716058
11871575
11876586
11843253
11604534
11886135
11565417
11612706
11608908
11904953
11973795
11710080
11902107
11854055
11881867
11617420
11599729
11303641
11294590
11283183
11259295
11237741
11461607
11314693
11271687
11279163
11248151
11434226
11307977
11302028
11468330
11444599
11228566
11475771
11289550
11426019
11415504
11218064
10979686
11086634
11222176
11075869
11102365
10965937
10965631
10945840
10853079
10848222
11136198
10952890
11110967
10984706
10976322
10989722
10963941
10949654
10839198
10611570
10704758
10709670
10598329
10814335
10716166
10695359
10808150
10592130
10586694
10480811
10369118
10340580
10820785
10483429
10365102
10450897
10616057
10700877
10445441
10065891
10200781
10196821
10079058
10205440
10049649
10216463
10238644
10234655
10241506
10221016
10098566
10096055
10212189
10112408
10100674
10096327
10322673
10108622
10085383
9811301
9975898
9836699
9866066
9806864
9957851
9869926
9943393
9952580
9764273
9831864
9929534
9869338
9828443
9933694
9946652
9846878
9925870
9823481
9972969
9434050
9755265
9715483
9476551
9444692
9721966
9717114
9446908
9602907
9752244
9702921
9599088
9759833
9508508
9484525
9441514
9731668
9633970
9497328
9489601
9312807
9224234
9331139
9334810
9299568
9229475
9336338
9423014
9335100
9301485
9214645
9240732
9329556
9302868
9332154
9309031
9303631
9428413
9299950
9210659
8992412
9187233
8960018
8998178
9205302
9100911
8982010
9175529
8956408
8880979
8874272
9096349
8985771
9175881
9090709
9071721
9002753
8877460
8964184
9196613
8869503
8849702
8844852
8750458
8771671
8866086
8599598
8830752
8604549
8485395
8628155
8775145
8563019
8739257
8624572
8843759
8582375
8552848
8634347
8764594
8458845
8434003
8425726
8449683
8352651
8438148
8481070
8310960
8341748
8254909
8416484
8250294
8452962
8247796
8439674
8337663
8305488
8445042
8356716
8475917
8225773
8134014
8233536
8160375
8089856
8084202
8081138
8154574
8168208
8162996
8165684
8243005
8152698
8138514
8172064
8157936
8087512
8148651
8091889
8222311
7917306
7969503
8076758
8056010
7972208
8052010
7963378
7913664
8011375
7903655
7887262
8060881
8067641
7993913
8008811
8001491
7901477
7907266
7891824
7998100
7714256
7677549
7880273
7769385
7803386
7681949
7629401
7707453
7689353
7685978
7695928
7626410
7798587
7766370
7720165
7711016
7614514
7700842
7623653
7716718
7603719
7490777
7564113
7469999
7460775
7414828
7536786
7527091
7529946
7566548
7491712
7599438
7555630
7525155
7464606
7484717
7489841
7482846
7551234
7533010
6758527
6744449
7412086
7379730
6770752
6773850
6677286
7405402
7321289
7307591
6754957
7374379
6760940
6680530
7318344
7408869
7392940
6750024
6769093
6752170
6585553
6579238
6605256
6541988
6671182
6664906
6655881
6674454
6548004
6609323
6595053
6582277
6545828
6544093
6590498
6595003
6668085
6602219
6594150
6537382
6530575
6405060
6402699
6533226
6457452
6449159
6442006
6463763
6455808
6465774
6439286
6393917
6512002
6522380
6452523
6528035
6408552
6396791
6411237
6406549
6336739
6232508
6379064
6387220
6343372
6385086
6341800
6234257
6231423
6331543
6382075
6260823
6227144
6263372
6229155
6188302
6269909
6266816
6181512
6184403
6082490
6172354
6037667
6090959
6030638
6152163
6094278
6024828
6041957
6174716
6152967
6107363
6179478
6033469
6168421
6158410
6153239
6027735
6089547
6044441
5837684
5891072
5973886
5968958
6018587
5905811
5874237
5828369
5839137
5908835
5835287
5967422
6021264
5912225
5878296
5886665
5971968
6011904
5841202
5896172
5528708
5663280
5472863
5770267
5763111
5760312
5670196
5476446
5667780
5765732
5672786
5659561
5757407
5754975
5748173
5741314
5480994
5548532
5551772
5744719
5402927
5407524
5349883
5359924
5341597
5357612
5400746
5394872
5358365
5289093
5280241
5286237
5398429
5277725
5339473
5405136
5470292
5392426
5346239
5418440
5184943
5193875
5208931
5131524
5217090
5261661
5269026
5265012
5219427
5214584
5197033
5138668
5140857
5206380
5200687
5125397
5190492
5129431
5186696
5275366
5005994
4948141
5054976
5052144
5000971
5079407
5004080
4941857
5071810
4981554
4940178
5057997
5081491
5010571
5121946
5048817
4998354
4991079
5007939
4996962
4922250
4798517
4854975
4870679
4794737
4707929
4806145
4722381
4702460
4805010
4864337
4720494
4716717
4924721
4654022
4859717
4807822
4868557
4779128
4927571
4647558
4513526
4651341
4518069
4565599
4621642
4562943
4632638
4625378
4576634
4652614
4580032
4561138
4575000
4629620
4559114
4520336
4515706
4574188
4556860
4292851
4495281
4508890
4498809
4380813
4492997
4447574
4426849
4377733
4334755
4451001
4384725
4372174
4457881
4507156
4455254
4300751
4453089
4295114
4429877
4250774
4052560
4216317
4193804
4265311
4196096
4121443
4092069
4212637
4279009
4270447
4254856
4200037
4115667
4088677
4053987
4203774
4124357
4090118
4089628
3994435
3984568
3996903
3998644
4039527
4027018
4052113
4001809
4000809
4046493
3988150
3981137
3995582
4044621
4042284
4043114
3991691
4040553
4034604
4049160
3927295
3912656
3919033
3884959
3939014
3882396
3881783
3875653
3877618
3937371
3913616
3809149
3970038
3886444
3919799
3973432
3978040
3810462
3923012
3934574
3720941
3804433
3798700
3808546
3766077
3801370
3795599
3727009
3719722
3733332
3715859
3721753
3781968
3806397
3802662
3731834
3786753
3724684
3721037
3725043
3609555
3712411
3693588
3643747
3628305
3613076
3628689
3600298
3638535
3634862
3702371
3680530
3572164
3696855
3619977
3622434
3644508
3699121
3616984
3640715
3517798
3437731
3566094
3545108
3440121
3503017
3437188
3564359
3459805
3570211
3519346
3506550
3568124
3460594
3543079
3464559
3508341
3462534
3521581
3411091
3250956
3313584
3339786
3332776
3272444
3312561
3263373
3336350
3246873
3407204
3386768
3326466
3409281
3408019
3323400
3270098
3266207
3262184
3255029
3318475
3186067
3170094
3238900
3101123
3166150
3114457
3181589
3167913
3175992
3122833
3241422
3120983
3113643
3236311
3105569
3243175
3103957
3118422
3124151
3116557
3073327
3078559
3031106
3079743
3060093
3076620
3071723
3025176
3022460
3075524
3068783
3029532
3023716
3058774
3026418
3027816
3055658
3062927
3025168
3057757
2923169
2866302
2978343
2977551
2979251
3012737
3017868
2923758
2917484
3019600
2907326
2868461
2921387
2978070
2980596
2972370
2976178
2978580
2913315
2974257
2799449
2802465
2856853
2820949
2804612
2852232
2818944
2840455
2809175
2801877
2822254
2819421
2819040
2812411
2818955
2852555
2797132
2854027
2820557
2807360
2760123
2727974
2756024
2793907
2748888
2722639
2761335
2758287
2726366
2723845
2762758
2768527
2730508
2725262
2790934
2771148
2769620
2765536
2722176
2766829
2703503
2660299
2654193
2618392
2610333
2616665
2604004
2674674
2623101
2620328
2651798
2673453
2697839
2719502
2679670
2656536
2701396
2622067
2613389
2675970
2564149
2532594
2595852
2567237
2607283
2575181
2573362
2569480
2566273
2565521
2557231
2570388
2595000
2560638
2599353
2531661
2561621
2572228
2529958
2564776
2418417
2528868
2476333
2478392
2468791
2467537
2455003
2417557
2416098
2466766
2457007
2469403
2459878
2471098
2451148
2420882
2464230
2462638
2527545
2449635
2350621
2393633
2366005
2410105
2415041
2350554
2358678
2365513
2357343
2351789
2348022
2349946
2360234
2352845
2354148
2367105
2347271
2307275
2308812
2412018
2248992
2289628
2238170
2290214
2242400
2233855
2236229
2303848
2252181
2301708
2292798
2290106
2300397
2248118
2297253
2285403
2250404
2294475
2288938
2282021
2191562
2197078
2193643
2189901
2136886
2132688
2195516
2192415
2138558
2187490
2140901
2126383
2116694
2142210
2082635
2079748
2076632
2139820
2134804
2119958
1932140
1999975
2065307
2059744
1939083
1934416
1999358
1999899
2052683
1945784
1944264
2058256
2054680
1899361
1991145
1930278
2003765
1993772
1988861
2074985
1843811
1789610
1898417
1777491
1774579
1726577
1835403
1851747
1722025
1790753
1842071
1878030
1789119
1848666
1729810
1724421
1882226
1876805
1884359
1786744
1698608
1692879
1645715
1573511
1714394
1663208
1607729
1579136
1576425
1555425
1721247
1569365
1695950
1698779
1665596
1555907
1657406
1709761
1577277
1555638
1504772
1504067
1517621
1452445
1465013
1457750
1508914
1524638
1461294
1518425
1466325
1468599
1525884
1522927
1452533
1504510
1515195
1554975
1527658
1519803
1164832
1163518
1072376
1017781
1121288
1076960
1391865
1010673
1073694
1166406
1242553
1394063
1239242
1125268
1123748
1075239
1016467
1452236
1239334
1106311
859604
872156
861216
860954
849396
939421
851632
849542
845437
848340
936253
919823
849459
923462
861079
869094
860683
859914
927196
853866
646679
682315
794778
716149
652799
649283
681604
770800
684410
651039
726529
773420
725088
787591
686822
685678
680475
687745
653819
682762
535568
615527
582175
536701
586061
617254
643893
544385
461101
584634
588881
611632
578612
542089
614386
615865
576996
590825
587589
543611
417116
431011
425731
447681
422055
419651
418510
446901
454039
454999
460912
450416
423844
404596
452471
429714
420449
428867
460153
403769
401977
340039
310840
349438
307904
342717
341891
344905
402966
397368
395220
303094
338691
378182
399277
311683
309242
401084
306644
398467
254865
273379
273846
264452
250659
240708
240257
272395
254010
270438
300658
271900
271672
255275
251361
297238
273064
254509
249855
238634
237226
193923
237824
192304
232757
222819
236710
193107
235373
195951
222385
234945
225229
224585
224164
189837
179289
175425
178200
236375
94623
94035
123665
94170
92372
122848
97027
96812
123071
93909
92449
124166
97422
93927
119635
123286
94545
92323
92144
94486
89837
91863
90573
90111
91902
91993
90024
89939
89749
90388
88141
87610
92092
88209
90526
90438
90210
87821
90311
90250
85951
76714
85396
85106
85871
83130
84695
76770
85270
83311
85794
87486
85042
87335
83316
77862
87433
84833
85740
85561
76207
74548
74200
76563
74032
74082
73990
74369
74137
76638
76222
76402
76240
74073
76074
76196
73970
73963
74302
73906
72077
67933
67721
72362
71770
70240
69269
67768
70036
71578
70119
67989
71806
71685
72158
72432
71957
71932
71846
70055
65116
67368
66800
65253
67454
64597
66675
67096
65192
64724
62563
62452
62015
62672
62068
67347
62137
64472
66438
62202
59840
58077
60089
61642
59936
60295
57965
61942
61435
60181
57895
59998
59679
60321
61377
59767
61525
58288
58215
58139
55538
55265
53220
56939
55017
55621
54651
55389
52940
57651
52766
54907
57093
54801
55156
52828
57727
55320
54753
50897
49524
50682
50516
50736
47912
50371
48144
49960
44612
44358
48010
50831
48198
50261
50134
47451
44960
44815
44342
50018
42671
42420
42882
41238
42777
40902
40940
43740
40721
42208
42810
44011
42497
44127
44074
42750
42368
42612
42836
44324
38125
39432
38249
38066
38033
39612
39800
39833
39756
40695
39516
39876
38302
39725
39648
39793
40646
39675
39473
39577
34800
34718
36523
36282
36134
35767
35587
35698
37946
37994
36191
37877
34590
36239
36459
36336
36102
36381
34685
34650
34189
32717
34140
33903
32269
32180
34084
34097
32317
32407
31857
33989
32493
34510
34369
34455
34305
32657
32639
32574
31839
30013
28840
30637
30729
30033
28737
30218
28461
28458
28780
28397
30618
30579
28900
31748
28803
28879
30683
30106
26899
26858
27271
26735
26720
28287
27214
27339
27015
26817
28219
28279
27323
27383
27438
28329
26951
27242
27180
27077
25870
25814
25626
25410
24393
25347
24355
25747
26653
25601
25131
25680
25793
24327
25993
25232
25901
24480
25385
25105
22617
22538
22397
22715
24011
24213
23596
23648
23597
23570
22212
24064
24119
22343
22449
23476
23857
22285
24267
23787
20952
22048
21148
21940
20917
21696
20966
21122
22148
21984
22113
21023
21880
20944
21095
21193
21683
21801
21811
21725
20471
20489
19728
20370
20867
20765
20460
20362
19715
20881
20846
19681
20771
20368
20466
20744
20887
20802
19713
19685
19666
19138
19112
19137
19613
19121
19656
19355
19268
19342
19363
19294
18914
18889
19304
19663
19612
19253
19277
18900
18412
18247
18484
18732
18268
18886
17945
18861
18464
18442
18449
18348
18273
17964
18744
17948
18878
17932
17977
18429
17077
16736
17502
17231
17056
17220
17096
17307
17844
17778
17067
17222
17903
16795
16725
17085
17889
17047
17296
16803
15941
16244
15926
15860
16250
16278
16225
16275
16212
16257
15946
16475
15895
16263
16054
15880
16066
15907
16182
15846
15335
15586
15557
15311
15794
15623
15269
15299
15343
15329
15647
15602
15281
15830
15632
15386
15782
15359
15295
15367
14802
15038
14964
15003
14969
14841
15046
15266
15010
14863
14826
14811
15022
15053
14984
15092
15085
14997
15076
15245
14666
14651
14421
14698
14754
14509
14430
14523
14419
14721
14741
14536
14475
14786
14569
14411
14390
14682
14638
14489
13736
13878
14359
14251
14230
13892
14217
14222
14218
14264
13857
14380
14370
14271
14241
13835
14258
13902
13913
13804
13242
13604
13292
13332
13419
13352
13638
13708
13377
13588
13652
13693
13490
13671
13508
13402
13270
13667
13422
13262
