1185645444
1095924685
1148904564
1102142495
1195082919
1195422860
1152282174
1102274018
1185830615
1149257973
1152183077
1106741811
1095808457
1195193678
1149128027
1101906827
1095733627
1093599138
1102032059
1095892546
1089423511
1067689492
1054211531
1072096328
1072279672
1093422600
1072163635
1072036663
1071972546
1089298253
1069717240
1054355674
1067754711
1053345724
1067947325
1069773054
1049938984
1050043708
1054424981
1054286826
1040356836
1038075921
1045260365
1043325400
1037975378
1045466138
1037893067
1049630774
1042891163
1040640698
1045753224
1045828118
1040612543
1045669873
1043233479
1038113201
1049794631
1040214599
1043065451
1040506765
1015995258
1036179386
1021559810
1034055976
1015769777
1023355250
1019699030
1019591495
1015931030
1023454925
1013608420
1017579505
1017698701
1021471377
1017471056
1015854043
1035840087
1033978864
1036245913
1035945761
982210989
1013497241
1010708399
998964974
999076688
980925414
989347205
1013377236
1010541993
997700106
995082389
994910070
987713629
1000191154
1000026645
997829095
987568586
997528105
999232440
989561570
971209078
968771062
972863403
966532209
968578192
966077825
978942278
966639359
961017975
977768234
980759671
971489114
979499454
966702101
977664969
970919244
960864189
972743466
960959203
971336264
937544365
904941042
913821105
900873297
956980767
956858794
902982876
937836562
903214053
905236913
900984381
958980420
929843121
905273044
905037546
940159479
913924613
940244825
904799984
942726907
871088236
884102497
872858201
872484037
879263766
886025355
897349605
881902683
884030055
871013314
897259097
885877371
869714480
867815943
872749983
869638422
865443715
897154147
867709424
861704045
836728032
827487679
846458727
852486096
848592097
836581941
846523645
840528493
852285714
834937794
852226562
833007351
827667491
852410522
827840971
848708499
852118180
827576795
827768364
848657880
823749481
820907596
826506502
820785014
820995511
823919315
820938518
823549941
823640232
827396335
820969457
820875260
826483621
826583818
826343618
823824032
826391028
820826619
826232401
826284950
816984179
818006118
815168711
815007505
814685083
818318188
818145393
817054635
817155342
814762566
818080068
817926538
817107011
820659872
814583494
820743529
815083230
814865369
814948221
818221896
814042412
809051162
810919539
809132335
807204795
814265704
808940525
808865473
813882138
811170044
811016966
813757315
814164637
814103242
813826744
811076728
813955317
814440103
814358938
811250435
806367433
806192796
805964277
804017512
806824372
806093983
805873071
803989046
805922948
806006559
806451671
807072193
806514214
806683082
806586219
806244789
803918656
806143219
804059146
806934837
801890997
801541485
801438135
801841499
801958151
801915545
801597965
801654563
801803935
801374142
803726435
803757303
803681324
803945664
803619108
803831964
803801296
801767590
802027941
803866438
801059236
799777139
800006162
799395059
799856551
799597291
801167540
799306887
800950713
799754987
799222037
799807815
799692554
801223168
799442683
799946291
799145677
799919149
799645884
801301384
797932062
797815116
796126941
799049951
795979319
795918640
797990536
797848251
797776115
797647535
797683804
796419593
796368040
796029755
797893538
795951490
797572484
796219011
797721178
796276551
778103613
781902358
787453665
787345302
781875906
782373395
781837425
785298771
781935404
778174337
785453168
778142778
795891855
785785899
776604027
795850733
776632052
785389859
782267535
782310586
774908895
769337333
770899986
774875929
774408225
773138837
771189448
768904872
774494025
769292746
772349165
771088857
774553984
770652491
774622831
773094533
774854255
772561129
774695687
769123500
754006359
754879722
758497083
767594655
762402889
762247786
758453661
753117894
758475016
753048839
762355873
767504026
767350156
755762256
762262040
747154300
757904390
767634737
767201207
755866322
739778382
739710167
746620303
741382511
738881726
745321098
739009634
736397059
741191947
747066559
746284330
736369043
739956003
746741443
739906124
739854196
744709051
738981977
739550207
736293767
729355170
735842926
729641505
729137043
729729975
733898469
735715757
733509445
729195290
733837747
732996842
729492644
732898991
730762266
736257963
734024957
733091519
736224668
733478237
733017624
722975560
723482159
729114600
724015106
729089767
727477483
723637942
727518317
728973198
727391029
723850342
723334846
727293043
723952356
723063647
729060225
723729189
728577089
729018207
723197844
722187017
722113814
713154609
721218162
719147675
717522142
717948842
714118607
717694696
719244347
721350977
714960743
718117304
713421151
721042113
715102519
717877430
713261065
718065498
721518754
713087286
702062262
705457742
703507276
709595717
703710668
709490202
705354423
701419606
701641819
701951588
701862355
709696163
700586999
703631306
705547520
705254443
700543114
701770217
701506757
700327927
696295581
695839668
694103391
696394813
694422393
700151857
699980961
700476153
699891147
695991426
695910105
696522299
694340466
700402791
699776624
696581277
700246289
700073275
694562561
686370030
689496410
693352093
691698487
689067653
691343290
691795935
692988649
689142388
688267401
693670840
692251487
688344510
686438108
692153529
693280282
689402321
689243378
689313613
686404785
673146405
672877802
680818181
673258977
673169966
683087195
683298089
673189901
673079592
684877172
680877378
683416616
673220151
672938229
684794165
674350052
673105960
684966681
673046183
682693472
636092733
668018902
665928820
637877228
671088179
639708256
637937888
670970858
655011938
667948401
654747270
667164591
655163036
654642244
655226059
662309291
636156609
656446359
671187750
639623558
622131954
633752304
630185898
628275541
635990229
623828682
623509907
623684307
633659689
622853532
623585772
629956250
630088610
628484826
627967543
633847452
622921434
633932831
628398985
628035748
618555126
618510765
618594915
618324456
615021144
614972055
614941591
617112189
618483433
618408353
620504733
614520154
614901432
617162831
613669773
618455144
618426332
618363140
620538967
617091102
613525553
612325089
611804398
613580889
612289480
613550665
609221982
612360202
609177908
609156923
609122026
613641048
611720889
609197939
613511731
613468951
611936738
611877061
612285436
613606380
605547286
604371403
605613997
607256975
604295026
602341542
605542862
605408197
603798571
607156396
604320588
607050960
602201698
604262212
607341962
603874302
605340785
604400876
605752534
605577960
599893646
600841581
602089950
601152155
599795431
599732001
599837283
599942525
599680090
599397488
598505403
599860177
601185101
600011982
599978051
599818149
599460339
601013504
599620767
601072579
596671563
598393687
596692563
596630210
598441895
594924715
596264515
594855754
594944174
598346110
594738252
596381013
594882853
598417389
598475232
594671067
594810120
594899971
598366141
598315501
590348637
591663567
592819913
587458382
591945462
589019302
587641946
592734374
587572896
593279588
590518928
585967852
587787685
587697475
589126704
593210743
591915720
588942979
586047368
585884778
585410699
581423492
585481125
580567275
577176540
582197797
580257485
579257098
581223044
577893660
581356585
582410800
582368354
580574912
581264730
582316591
579110043
578631592
578014785
577957891
576200937
573355569
577049064
573297874
572790697
572165012
571822572
576348201
571491105
571408585
571443058
577111925
574564736
573671044
573427834
572499591
573579561
576291420
574622614
573495533
567062678
570272835
564168853
568848044
564110762
568799282
564473436
564058265
562388126
564414688
570046781
564442025
571374974
564209414
568222982
562438346
562103349
561068032
568394580
570012649
556114277
555773229
555906951
552757997
554396565
554400685
559659532
552666626
559778139
556045765
554186935
554144777
554289897
559873834
561066176
552795096
552698643
556081674
555997240
554338876
548663383
549637335
549707073
546947860
542414628
548587951
546058019
547447215
547405311
545964857
547221826
546136597
548608793
546109175
548631009
547425753
549830140
549780240
547281953
546012937
541214266
541076846
538882608
537599715
538494260
537143051
538855139
537639354
537560870
537549150
541361832
542263076
542336988
538407852
537475520
541333568
537221474
537073626
541364364
541280517
536028045
536327075
535631762
529869144
537029419
532901939
532847823
527677281
536299607
527560558
529882274
527414445
536345677
527615955
527496702
536142990
536958340
536379524
536083286
535733490
522524076
527368164
524646594
524317084
522757840
527263058
524776021
524241359
522440927
526302052
527315920
526355406
522940651
522655895
523130955
526211576
524395641
522856890
523039184
522104591
517317769
516653264
516603898
515835254
517459360
516794679
516538594
515442983
515514074
515674791
519304863
518613683
515729952
518550751
517147266
516900149
519377533
517967240
519194965
518510544
512734494
513721243
514385044
511781075
515313710
512135648
511789803
515393064
515149153
515100532
513808557
513589152
512815649
512070600
513670138
514965737
515223757
514904753
514317582
513626493
507628438
500355541
508616252
500301463
510367201
509531444
507498334
509494112
509639558
508659172
507533216
498737844
508262588
508034605
500344803
507888681
510287954
508586978
509908803
499326215
497463654
494015581
498620995
493540684
497684274
493840144
493157140
493328863
493609803
497445713
493701825
497407442
493241746
497459703
497393667
493822185
498710915
493071524
494641100
494628236
492998201
489358873
492924313
480372238
492319302
492287265
485997390
480404164
492254614
490273622
483176272
480443711
490327964
490403364
492429850
490435202
492340713
489350662
483234552
490378195
478942263
480174272
478814582
478794210
480197347
480121095
480018186
478841120
478780877
478747314
480062506
478864136
480235248
480150548
480304958
480333444
478957541
478895874
478706347
480091342
478699850
477365966
476899495
477484775
473827720
473677780
477435000
476587770
476819204
476963764
473780563
473731210
476756793
476643032
476706584
476594943
477506149
477403463
477461828
473619039
472086267
473003360
473050381
472970560
472922089
472316422
472129168
473126647
473084015
471699487
473143436
473114043
472513540
472453378
472163454
471659801
471620860
472259842
472382200
472196250
470711912
470535003
470630332
470449415
470653453
470242782
470594533
470410066
470566217
471586311
470092336
470683364
470561905
470430688
470268376
470200229
470500033
470185074
470465636
469333577
466849814
468062488
466873150
469159200
468164830
468131035
466897729
468098041
469182574
469310777
469287852
467927800
467478189
469242026
467965110
467999460
469209996
468038061
467950028
466923569
465198483
463767778
465237223
463842020
466753741
466806190
466777606
465302843
465266361
464568788
465241103
463905626
465328410
466821514
463799490
463735209
463713403
463667963
463637064
466737630
462328769
461802761
462428587
461696113
462404463
461008060
463608591
463109742
462081552
463582833
462041055
461741576
462316891
461905830
461861801
462305683
461997238
460989989
462351954
462387495
460731664
458265542
458365584
458259902
460442268
460520813
460962957
458213998
460581736
460699405
458302910
460769536
460453576
458339235
460647382
460927221
459492732
459162929
459337206
459038110
456473432
456895641
456654162
456754255
456339412
456174476
455210742
455181343
456797593
458179399
454872255
454848526
454612236
456541209
456415495
455154959
456102808
456712886
456837488
456610471
454484260
451161447
451095388
450506705
454387800
450449822
451250045
451452953
450483613
449887957
449805774
450413365
453262657
453164462
451515756
451314689
454560351
451384337
450357975
450527158
448668820
449136642
448880030
448846213
448119707
447531903
448808954
449003374
448970430
449061310
449111405
447993595
449748531
448890573
449027353
448039332
448612032
448754062
448080346
449083476
447396080
447226219
447186385
447052969
447478146
447336254
447288955
447447618
446936172
447119542
444030493
443797847
443304435
443245473
443971660
446992404
443904217
443721339
443406020
443353851
437395603
441579909
442414832
437210576
442282351
410998945
441530181
442489322
441525773
411005707
439857544
435405404
435241081
436757281
410965069
442336192
441616443
439523899
442548265
437453906
406616929
408918646
406938276
406611545
406909262
406880921
405531499
410896545
406743924
406843373
408074811
410579997
406858151
409657452
406670007
408103965
406720666
406570895
410931938
406958910
398671393
403160451
405457989
401907416
404336243
401854407
404370033
403127871
401785912
403191418
401940982
405483144
403809617
402802670
398625409
404406370
405426537
403209935
402101318
398697872
396899795
397053421
393029879
398236767
393122692
392798820
398329485
397307130
395799889
391399282
392742453
396837635
395688380
391544881
391537465
391473074
397186531
395591214
395854711
393081055
390736522
389304365
389201258
390200377
389469434
390717255
389441611
384812592
390697838
391338339
384552848
389417738
389194344
389392381
390173845
390669888
389359694
389333306
384950836
389247351
383063513
383422940
383123120
384117205
383021884
384287973
383554961
384491525
382985346
383498917
384190810
383340247
382956139
383255439
384277883
384311413
383503183
384415408
383595295
383192670
382149738
381851727
380696551
380612214
380642538
381465226
380840973
382206781
382083598
381909586
382913175
381951955
380737206
381438019
381364392
378893182
380911966
382015931
381399233
382027260
366438006
374166835
378407450
374445338
378781534
374522131
378365098
371048567
378699058
370970118
378574404
376852947
374179657
378504418
378623355
378851018
378551515
378299818
374145383
372949062
366404402
365215180
365330770
365445189
365184245
365234969
365305196
365276378
366343814
365360285
364194509
365414332
365201818
365162237
365390363
365258851
364233691
364253128
364288033
366323839
362813680
362751778
363888872
363777765
363989516
362785758
362548743
364016008
362608133
362844371
364139660
363788151
362884170
364158137
361862515
363938390
362707082
362864593
362497150
364105852
357683944
360303315
360549987
360504971
360039003
360322264
360362745
359009027
360449375
360088005
360283875
358932821
360136594
358960466
358982362
358343072
360264653
360246719
361817022
361796322
356451414
357524884
357661119
356416589
353972606
356365882
355415595
357641007
354937932
356276901
356199712
355445014
355387897
355369866
355322363
356184008
355348527
356359097
357619380
357574017
353142695
352945267
353007216
352926105
353019514
353114595
353059947
352686986
353892875
353805307
352900282
352599230
348850314
353083495
349893280
348821532
349979765
353035239
353103643
350026348
348626099
345504908
348777773
345520686
346459844
347652691
347722252
342314500
348699445
348564710
345543589
347540625
345502865
347715675
348502094
347368185
346402290
347453419
348750709
344300384
338708241
338235216
337749050
337176199
327498637
325800516
342252245
327642452
340295409
327632516
327433138
327606687
331411237
327660038
324655885
327557957
339276946
337708113
327586659
340252993
311310301
316868576
309365404
310202132
314934139
308799310
322522052
314568346
310025589
309256702
311667111
310111878
311544149
318181740
320320805
311388775
309978787
309308215
308861578
320531944
302108962
308557245
305861323
305074208
303545656
307807197
305048022
306730627
308622337
308668381
305878398
303441012
303508829
303348596
307828095
304665947
303275661
308686371
306761420
303207377
299869819
301849272
299719284
298671141
300667124
301933553
299694145
299667733
299808603
302013524
299731470
299683034
298648555
302076168
299756300
299830351
298640176
299854562
299715255
299783374
293009198
295315255
291890251
293576717
291910491
293849081
297609365
293617517
293528282
298607168
297622993
293664344
292955435
293473389
292988767
298623394
291937764
293417788
293467574
297638270
288458419
288374065
291868112
290032088
289464328
289531766
291848037
289498007
289427819
289512043
289396225
289322952
289363044
288468533
288439566
288394774
289286406
289545479
288417015
290089910
287228463
288304490
288349380
285993722
284909180
286701044
288268491
288328187
288240305
287251148
287134351
286035273
285981116
285954446
285936209
287208620
285392468
288307925
287169143
286013668
283817702
283792201
284849609
283928326
283761513
283776235
283736363
282636725
283860583
283801682
282761815
282713536
282689597
282601746
283891924
282739296
283727016
282557961
282666524
283837340
279391009
279383707
279365320
279312020
279287911
282472941
281585587
279346480
282518463
280444462
280490683
282422582
282387105
280421182
280388949
281611217
281628983
280469945
279839409
280994107
277586629
277940133
278166310
278145684
277944996
276667267
277684960
279249630
277466048
278130685
276613876
278105074
277526867
277995962
277632681
278072200
278037437
276554447
276464601
277900888
275689944
275408390
275621145
275497062
276171775
275305001
276217207
275188009
275546382
275454478
276405219
276410381
275346693
275723210
275662005
276161709
276339571
275750763
275577531
276277559
273366661
273930937
273898816
273426584
274244274
273990430
273986503
273332271
269997044
274285724
271031541
274036616
272905720
274173962
272915519
274230149
274337142
274105822
269982336
273398755
265715023
265732949
268005174
265666405
266859187
265747487
265643360
268034243
268126422
264776382
264747870
265604792
264702843
264682033
265685233
268092848
264726038
265795507
265769453
269951517
261229124
264629820
264665017
261163292
261131210
260543360
260384478
260497153
261375267
261316427
261290616
260563847
260517154
264652510
260475511
260438075
260411808
260613437
260584578
260460015
260281463
259433903
259462068
259258011
259330227
259369564
260350045
260312763
260249269
260178807
260193329
260136427
260103039
259420936
259400119
260307809
259148533
259202777
259477559
259287144
258009966
259107571
257409442
258387396
258347584
258404068
257755850
257383458
258369536
258173408
258070323
257917794
257800939
257709568
257365647
258143420
257966545
258096280
257862725
257337084
256259402
253687599
256315237
254122591
255752649
254138082
252567685
256287265
254521648
252045939
252017313
256343128
251977022
257304422
252524668
254578878
257270432
253640275
254107258
255806523
242923762
250046750
246071236
246024762
245424426
251116091
244317549
251934426
249979285
250019270
251081208
244292595
242927624
242900857
251882242
251836324
251774000
251044884
246044077
245496373
239154769
236404115
240275670
239100199
242685443
236427112
237518673
233605534
239143949
242716427
240241187
237693630
236518474
239104468
242972666
237660841
236378697
237680762
239126899
242755218
233573311
232016056
231992058
233601030
232659997
232687322
233440351
231853410
233396663
231886664
233475447
233505389
232080028
232715488
231936774
231816926
232039139
233533555
232619023
232055965
220954235
216357579
231768859
230473532
220088900
216319014
231114065
220836502
231224572
216526237
216488804
231261855
231249567
216496249
217843960
218828317
231788997
220892650
217975525
216534463
214932260
214952495
215899916
215885694
213418899
215827812
215592357
214034531
215542300
213974179
213405211
213372677
213374933
215912027
215860282
213387269
216292557
215845517
213416082
215878399
212586617
212243587
212184250
211616812
211515668
211001451
201340215
210989515
200544319
212516499
212534764
213356700
212575007
212556896
212568746
212481171
204418160
200441101
212316050
212283757
198470322
199099576
199229143
199193987
199936628
199184523
199167760
197174095
199644817
199771898
199248782
198453693
198435896
198415878
197160810
197157097
197202988
198856458
198487537
199139612
196949405
196550190
196916665
196801820
196958093
197136250
196035178
196077720
196226928
196271940
196194397
196936809
196525891
196671852
196245754
196901856
196711079
196288080
196836228
196257264
191516503
193912420
191189882
191147297
192166962
193115205
191136810
190739803
191591936
192198360
193533517
193510370
191559565
193328802
193165206
192164215
191227104
195849287
190882453
190793196
190430358
188751210
187999202
186189325
189064563
190718675
190345316
190296630
188075407
189227501
188053064
190185723
190494330
189534718
186999100
190402067
189570346
184703276
190460350
188711025
181145483
180827508
184584302
182037662
184129721
181424131
181852823
181987629
181415278
181404880
181939881
181178158
180816158
184612943
184558438
181794910
183409358
181441895
181454509
181729764
176229547
174890300
176192014
177545310
180730222
177787527
177650495
177588070
174889007
176174846
177412255
177712154
176168091
177466754
180706894
177753420
177358643
179334198
180720603
176219197
174625514
174208186
174764239
174249833
174848564
174229045
174177962
174749989
173717888
172753584
174240857
174861330
174871436
174836498
174263364
174825438
174778951
174734841
174712124
174680337
171743941
171706052
172631493
172660925
172611136
171732492
172726218
172135544
171686881
171801672
171666636
171721022
172692291
171013271
172673489
171787729
172599910
172708277
172649695
171001151
168810349
168789043
168847267
168610543
167904210
167836775
166613676
168216462
170980714
170670101
166650285
166709635
166776144
168768851
167871616
166633112
166745158
170758610
168830962
170730920
165683135
165832478
165710518
165793505
166572939
165816352
165086682
165805976
165769787
165758184
165742529
165111939
165100259
165098213
166586035
165781339
165110355
165069924
166600086
165842434
164449294
164428435
164383452
163741944
163705831
164997480
164408028
164938777
164878354
163753453
165029659
164417949
164439183
163721308
165054505
163731374
164398504
164967279
164913931
164460624
163609495
157936908
161236353
158714378
163629943
162677073
161298231
161283023
163572365
161267930
158701246
162787922
157884091
162775354
157000149
163693824
157042888
157023673
161253365
158724286
152294246
152140292
152283361
152103806
152306810
155162614
152247165
151498430
152258287
152271953
154216806
152270185
151467519
154133950
154178683
152235497
152056647
151432656
150680333
156981165
149836574
150666158
142395951
148307912
142358394
148353201
142385320
149353298
142403593
141749109
142369216
143036416
149756023
150646241
148284261
149821771
149771350
141741355
149809270
148342980
141705231
141026377
141012496
140105111
140986149
141081879
141732993
140002011
140167238
140182295
139980920
141039096
140957367
140927035
139689915
141048882
140993182
140904654
140126241
139362452
138412511
139193188
135800792
135968305
139214627
139171412
139297514
135759882
135262884
135938763
135274752
135866416
139000874
138577397
139313974
139343092
138562078
139084714
138359920
135896197
133088784
135225417
134901179
132152362
132896107
134731342
134867939
133214916
135243648
133145099
134808481
133129717
133114899
135211961
135191816
135078084
134943674
134782878
133185539
133165831
111302175
111286063
120043258
111288016
106197001
114710991
106969258
132094057
114638065
106229639
114674738
132112680
111318323
111304311
132128078
132104883
132108279
122565486
115736370
114739684
101916312
103066517
106160494
100957819
100978217
101889001
101878328
102643048
101901588
104353005
101292914
101075413
101008237
101863387
101037976
105878457
105869734
101541907
105138804
104368383
95131183
100365560
95044079
100591471
94785292
99600737
94748060
100392479
99574012
100612957
95057340
100631586
95109951
100331046
95153016
99630154
100293513
96690266
95158436
96404986
92291256
91617241
91580556
92358319
94274581
92973720
91631845
94710308
91605022
93028172
92284352
91593766
93003223
94730875
92994407
92333613
92319078
92304977
92273524
92260440
90848215
89663742
91484427
91557666
89652263
90907253
90265906
91567773
89683319
90278536
89561110
90883804
89691987
91502381
91523196
91538932
90871973
90862823
90894257
89577181
87599911
87574685
87497622
87556688
87520743
87530200
87510869
87484071
86847442
86891105
86693996
86835154
86670661
86863413
87542416
86879874
87586639
88237173
88235356
86721382
84888497
86182649
85666258
84944536
86228799
84907719
86213242
85618412
85653575
85610403
85505006
85627265
86629325
85494345
85634074
84962117
86197660
84924037
85608046
85679803
83132599
84876144
83088678
84668433
83065989
84097070
83846729
83779810
84708392
83814055
84728921
83249057
84634576
82450492
84074407
83349133
82474943
83169462
83740258
84772202
82179400
82420094
81561917
81410569
81579343
81626988
82014618
81659685
81435317
82376505
82351048
82067863
81394591
82314052
81358787
82119797
81594548
81630986
82028721
81635426
79687812
80201655
80119026
81247232
80095627
79743189
79532121
81228331
80248260
80050931
80076902
81211225
79716122
80026160
80324708
80299617
80273482
80349170
79764929
79740351
77840647
78695585
78981478
79515462
79060518
79055714
78055245
79480989
76959465
77753227
77831431
77853842
78070133
79007913
77748850
78815016
78971364
77645880
77073910
76980813
74380868
76351714
74272635
76475280
76492179
74453478
73300921
73317089
76412815
74347551
76375484
73285999
76364029
74327194
74430730
76426903
74297104
73149334
74399348
76170173
72752478
72760222
72769442
72705724
72178703
72170214
72695099
72684443
72126260
72674896
72139769
72716991
72643212
72105936
72739274
72725396
72657295
72187501
72196981
72155215
71314037
71348296
71366619
72045332
72087773
70435462
70726719
71956416
71999472
70738942
71215594
71483737
71950608
71286976
71465736
72016552
71246180
71194074
71498328
70758689
70057205
70080277
70068188
69995398
69640558
69982740
70152916
69599342
69650302
70137506
69903707
70038801
69949286
70132053
69659990
69922116
69875292
69612092
70019250
69587869
68942110
69155311
69129873
69186507
69178758
69002190
69413672
68996681
69164041
69016444
68953831
69496077
69424139
69544643
69150333
69530325
69509829
69463422
69120153
69109734
68735815
68454532
68236702
68730071
68712005
68654749
68547059
68250825
68588776
68243081
68226764
68215930
68693735
68721362
68675409
68702416
68922062
68666626
68565894
68480198
66210592
65387981
66222485
65301929
64464954
65401737
64433465
68124124
65323042
64444945
68209797
66138323
64141749
66110440
65406318
64788119
64455131
64138333
65417485
65418651
63638293
63577193
63602493
63548447
63530690
63629972
63299700
64117329
63574507
63506126
63281038
63257671
63242852
63210085
63223295
63307237
63292828
63494914
64122381
63272379
63133285
61280951
61840159
61186208
61790913
61249110
61214303
61166903
61151412
61211651
63161409
61116580
61918376
61233457
63181784
63151609
61903029
61815203
61130389
61865726
60545441
60619909
60667352
60734468
60714549
60923656
60895989
60640022
60808344
60831660
60791164
60695111
60568123
60531865
60762343
61109187
60866275
60582567
60049550
60602916
59744908
60005401
59692266
59985413
59953007
60029977
60014624
59944122
59776879
59652610
60027907
59999022
59968027
59976890
59676133
59709799
60040460
59762476
59978111
59729017
59061955
59051578
58613475
58580077
58827570
58629908
59037748
58709399
58845868
58691665
58621262
59636230
58866411
58693219
58593523
58808474
59050256
58884463
58568106
58548841
58192039
58158155
58198585
58524352
58064941
58227850
58169296
57274500
58209541
58183528
58144995
57324355
57307748
57289984
58210670
58236945
57264709
57248539
58244487
58534267
55686243
56174321
55989163
56664541
56720859
55970785
55647115
56750556
56197425
56123378
56186285
56065716
56737950
56018614
55703198
55695118
55688047
55674111
56729517
56105461
55331830
55316848
54916054
54883077
54857448
55289438
55277330
55302895
55249594
55188621
55620424
55236689
54924487
54871713
55337304
55169316
55310503
55326095
55593632
55298987
54654468
54382906
54697245
54409087
54772785
53943984
54810879
54676454
54392682
54372513
54159082
54838019
54789862
54721600
54190559
54749338
54439212
54431493
54418424
54350552
53826045
53917225
53899474
53864895
53763941
53421399
53426805
53936399
53445947
53886824
53932790
53852658
53436256
53457835
53911106
53874751
53842287
53902568
53924663
53733166
53234154
53388597
53399354
52867845
53029253
53252297
53412311
53050623
53347968
53036164
53319143
52918342
53366345
52899637
53378076
52881560
53295122
53044010
53416314
52852238
52641994
52601045
52505768
51510633
51423302
51380988
52521593
51527019
51091525
52692667
51402349
52688419
52830324
52681929
52484534
52627043
52703187
52612082
52466491
51107024
51004976
50247004
50751299
50929718
50702989
50256391
50153411
51068927
50945547
50137296
50275268
50685643
50648522
50270560
50261617
50731225
50279736
50965591
50665116
50631210
49725180
48555810
49806007
49881044
49855704
48321526
48569464
48541509
49662842
49864857
49643087
48372450
49843371
50111921
49696397
49822366
49687417
50121434
48359657
49831805
43957630
48307592
48274517
48212221
43997165
43971750
43913237
48259750
43758591
48288302
48225896
48194684
48239628
44218597
43948146
43925778
48202212
44246985
43935772
43748657
42195764
43238817
42580038
43493761
42450187
43252835
42459854
42263291
43517149
43222047
42208221
43688757
43684252
42256649
43280144
42239550
43295857
43288997
43267689
43672511
42186690
41594363
41720383
41575177
41809788
42164532
41816068
41795796
41786499
41568005
41581620
42174193
41596082
41589903
41802165
41961458
41953604
41971583
41709994
41992022
41295394
41339808
41257388
41229646
41218585
41325557
41460810
41319546
41450297
41444628
40969329
41271716
41245214
40954864
40943862
41334242
41346072
41282990
41351004
41307363
40911858
40499434
37128219
35889993
35885700
36082092
36075732
40665767
36100528
40925377
39323074
40651296
40904995
36255060
36036525
36028891
40626470
36094199
36262994
40635932
35643398
34564917
34284738
34783843
34766089
35649398
34292124
33431067
35652924
33440797
34793313
33435638
34571890
35811732
35851639
34330334
33425291
33419656
35819384
35859818
33109402
32960720
33123038
33089014
33170800
33341356
33407272
33359716
33389471
33098752
33165523
33322486
32962840
33130872
33378119
33415566
32967638
32977874
33147792
32972078
32391100
32715591
32888501
32467845
32947616
32863696
32403902
32163890
32899409
32732186
32443790
32735902
32660504
32852341
32745111
32458687
32876382
32723072
32954135
32429259
31756665
31714358
31895228
31740212
32148419
32140279
32143639
32144961
32138746
31904924
31734235
31728744
31703649
31747374
31885518
31691586
31661466
31679119
31673086
32142201
31638746
31650411
31033026
31044477
31176464
31205208
31193906
31059964
31493714
31475143
31507573
31223106
31183373
31055667
31483933
31016906
31501283
31165265
31025801
31051050
30579151
30563294
30545290
30924122
30828617
30817656
30555821
30572050
30513530
30715882
30056188
30688948
30480244
30064720
30997742
30699624
31007751
30935281
30822169
30729967
29551102
28434918
28732265
28119961
28099892
29544871
28408810
28127414
28415324
28112387
29567732
28444310
28426436
28812421
28722524
28715333
29537317
29562018
28706465
28419041
27745097
27710579
27535858
27516634
27901976
27963548
27957000
27531880
27893553
27748372
27949727
27719514
27738898
27522163
27512233
28088130
27701874
27527850
27913671
27752468
26907073
26901671
26884367
26869926
26939722
26773695
27096056
27102050
26894516
27048665
27231493
26950402
27284067
27110124
27254316
27062833
27266583
26956407
27072889
26945155
26522602
26722264
26285062
26083621
26521708
26532777
26731820
26651691
26759582
26736073
26765345
26717436
26685592
26674952
26662739
26516387
26275622
26095709
26526570
26727204
25393795
25984610
25796951
24377557
25577208
25970652
24726059
24909112
25609554
26066512
25558687
25779084
25547183
25632959
26001844
25590280
25789128
25430283
25401999
25387060
24179291
24291553
24321518
24284565
24366883
24188514
24260676
24098228
24372856
24196424
24192632
24089265
24270042
24334796
24173337
24182776
24341456
24248872
24104993
24278603
23525945
23806096
23602097
23698761
23360488
23507122
23811531
23800961
23706923
23715595
23516081
23930359
23943504
24010775
24000722
23937008
23818660
23921998
23539197
24005290
22693159
22624563
23134696
22630726
22796017
22713755
22725456
23204419
23193651
23318091
23300219
23199430
23144619
22791132
22789459
23308709
22720247
22709272
22703378
22687049
21984316
22584906
22277615
22563918
22618708
22598616
22291079
22571692
22267251
22614276
22180047
21991073
22407989
22606680
22189259
22168465
22196400
22399586
22272363
22285143
21531342
21511747
21665380
20867421
21889682
21843233
21878311
21536012
21505878
21100459
21526612
21858118
21519275
21500558
21674437
21870270
21651421
21978456
21899006
21659421
20692836
19751539
20596828
20590652
19805556
19721478
20700701
19870668
19792491
19760129
20767113
19896672
20360238
20435759
20855800
20760617
19881546
19786506
20774258
19800834
19479279
19226694
19199008
19057121
19320624
19461867
19201396
19188807
19193204
19331183
19643556
19211887
19205352
19065127
19472796
19326771
19222308
19068253
19060862
19432410
18923659
18905277
18745759
18980421
18719132
18759794
18753353
18739475
18667709
18919477
18910193
18833445
18730758
18725875
18738925
18734587
18915939
18926842
18912862
18901324
18542611
18549945
18401511
18057824
18546117
18517764
18404161
18125496
18564011
18128374
18062235
18568764
18559790
18399006
18395820
18381978
18014410
18010729
18141969
18555463
17264675
17709332
17470421
17392230
17569904
18007616
17993236
18003204
17394420
17261809
17564383
17999673
17990285
17995483
17712677
17567784
17038392
17573262
17560621
17558105
16839243
16503271
16847543
16625138
16984717
17035625
16979214
16632645
17033501
16613750
16627758
16621655
16912900
17031587
16646224
16643132
16909879
16611066
16617195
16589795
16359065
16355523
16207355
16502974
16323250
16140235
16136353
16386997
16381385
16195771
16132329
16251511
16329016
16252877
16361885
16137884
16318903
16385040
16469831
16437957
15790051
15969291
15846617
15925500
15799304
16046247
15828704
15780898
16036941
15834004
15917541
16042316
15842448
15824070
16128875
15838663
15804985
16034455
16030809
15963478
15641695
15751249
15621240
15534804
15534966
15534457
15713860
15535210
15535848
15692875
15536866
15769754
15694700
15765551
15689483
15634053
15688271
15654012
15617719
15755996
15255916
15341336
15360940
15336002
15266001
15259630
15532371
15270271
15317155
15518026
15262873
15533153
15324484
15512610
15493059
15533477
15368380
15500418
15478719
15356193
15082583
15078747
15089694
15085707
15222105
15248597
15188173
15105418
15042728
15182797
15074078
15096821
15252107
15202157
15195071
15093365
15101938
15242398
15212168
15208485
14866769
15019717
15040991
15030289
14951946
15031730
14913940
14888927
14942473
14941369
15016239
14943539
14955355
15018105
14902038
14924088
15014618
14880247
14944531
14932349
14757925
14852280
14750725
14751386
14844650
14839441
14752014
14749951
14728791
14842760
14841028
14749157
14848532
14683186
14707826
14850560
14761566
14846867
14768153
14764915
14522671
14482217
14389587
14364609
14485930
14642136
14649391
14495578
14586067
14662584
14390629
14585168
14641059
14668619
14535357
14499710
14391844
14541086
14391669
14584002
14233842
14238926
14257963
14261987
14256312
14239748
14223914
14218681
14244144
14259949
14258939
14256980
14360265
14241116
14352280
14256767
14261016
14255172
14214429
14207163
14097465
14194169
14202187
14086267
14183354
14110027
14188614
14106055
13972931
14090095
14088199
14115166
14076927
14094197
14093737
14088819
13967394
13963358
14118300
13959180
13895689
13946265
13756510
13588852
13604208
13618840
13601562
13596217
13754247
13614981
13891563
13608813
13608217
13726789
13940798
13956229
13950786
13792730
13788225
13784317
12911717
12950641
12753627
13510808
13392283
12916951
13222106
12935632
13573090
12923179
13226095
13422075
13580975
13585682
13169750
12945003
12939672
13429835
13529047
12907449
12453655
12438680
12449161
12432783
12400318
12393210
12633863
12625651
12615950
12422297
12629451
12443492
12437103
12253238
12746923
12620762
12638854
12443996
12386778
12413065
11816163
12176314
12009490
11848914
11862924
11817990
12166804
12236199
12003411
12230092
12124793
12120576
11856903
11823900
11809110
12241319
12033252
12117355
12247099
12110745
10809930
11693416
11405449
11249757
11704120
10697430
11676465
11549550
11808513
11554094
11378392
11691049
11227742
10800457
11386157
10693665
11696766
11681638
11418227
11410983
10680781
10571971
10490464
10499539
10576469
10483601
10477573
10458215
10461168
10679849
10481208
10494534
10472463
10597329
10496673
10582340
10487232
10466657
10690623
10668452
10114348
10186319
10209223
10376030
10155226
10365489
10355204
10200307
10161745
10109911
10168072
10152235
10193443
10361503
10370885
10372581
10226081
10203208
10175378
10358174
10086807
9996905
9988603
9992170
10072313
10105631
9970730
10069168
10049630
10098253
10094568
9984921
9977537
9946681
10084487
10090556
9972971
9981381
9975374
9951178
9725866
9715873
9499184
9816689
9711887
9832202
9940049
9551955
9491798
9487529
9487022
9486082
9495412
9452739
9824548
9838332
9747923
9932530
9831605
9721622
9326559
9420897
9422212
9405180
9337973
9437660
9422840
9314876
9311609
9429932
9434584
9321060
9301124
9332098
9293098
9439912
9447948
9423296
9286146
9306288
9280633
9271305
9271961
9192164
9152699
9211658
9199405
9207401
9177590
9162215
9153529
9195232
9150085
9203801
9285199
9214597
9173149
9151213
9149424
9163158
9074611
9051912
8958654
8944092
8925037
8948655
8924313
9077863
9067363
9064119
9059593
8970790
8928592
8965568
9139823
8938184
9086020
9146828
9082605
9147918
8828116
8851200
8840928
8716719
8858216
8682736
8579192
8611298
8726490
8798520
8864912
8583518
8571333
8861019
8834107
8575393
8566721
8855080
8721325
8845586
8451648
8541782
8536376
8458540
8554368
8553302
8550182
8462506
8436612
8440707
8430639
8415142
8558966
8551718
8431426
8445659
8429790
8410070
8562857
8532078
8310475
8394453
8390389
8230406
8302077
8382006
8294534
8212930
8307472
8399308
8226597
8209662
8407915
8295889
8236883
8403239
8386556
8297333
8222283
8322828
8149446
8138514
8143989
8063493
8125369
8187231
8197785
8206808
8189701
8140935
8128379
8145902
8206134
8192293
8144985
8143471
8059739
8194645
8200770
8054739
7847832
7984200
7974637
7941247
7934561
7923139
7929382
7844047
7874896
7971031
7953066
7946079
7927153
7930481
7867073
7949218
8021022
7943253
7925661
7859014
7658513
7827162
7841964
7651252
7603144
7837294
7643195
7762278
7759654
7709714
7653509
7705434
7656187
7832198
7830502
7751466
7755817
7649017
7712807
7835329
7333163
7335158
7381885
7478912
7598684
7470474
7473519
7383543
7300354
7290574
7279175
7338240
7481208
7377230
7327725
7273427
7387222
7330252
7476424
7601186
7165162
7226460
7139307
7131181
7272790
7141805
7123198
7231184
7135919
7134114
7168061
7147207
7166187
7125137
7160434
7234632
7228798
7163125
7127468
7145176
7064869
6927088
7032047
7055484
7052060
6959607
6931238
7061565
7045024
7032436
6954029
7070965
6967979
7059360
7075279
7067844
7077168
7040517
6963205
6929499
6905593
6850112
6847851
6754313
6766940
6923289
6760677
6913632
6758514
6763879
6893352
6750670
6845397
6924407
6841272
6900893
6886303
6897100
6848872
6751264
6661829
6747847
6712826
6610603
6567333
6714408
6668603
6664878
6659501
6716721
6738392
6642251
6607115
6571980
6578867
6734441
6639587
6636224
6574560
6743025
6512273
6472040
6470041
6533365
6465559
6481240
6469844
6461699
6467831
6566272
6527056
6520869
6468206
6479528
6528667
6474920
6464223
6530224
6509304
6473466
6375497
6438325
6429707
6398342
6387428
6338771
6379812
6400730
6459991
6456071
6451882
6447613
6393001
6389942
6442006
6383971
6370461
6394515
6434508
6432103
6246803
6337302
6254408
6289329
6249273
6318245
6169626
6146699
6297212
6144849
6321372
6243860
6251959
6175300
6290304
6301312
6298877
6314068
6233241
6230317
6031321
6064163
6026968
6093054
6104763
6070835
6138832
6102827
6142347
6061489
6029668
6100490
6080068
6067832
6020611
6097308
6073968
6076708
6033508
6035947
5998440
5939900
5931398
5905795
6016937
6005370
5951803
5900619
5942903
5937132
6003076
5928928
6008681
5948242
5996047
5993307
5935396
5927241
5903911
5898656
5656629
5895921
5871003
5879634
5770673
5741463
5733137
5891224
5774993
5715730
5892290
5887316
5877484
5779841
5874064
5895309
5726214
5896771
5770218
5736070
5501835
5618117
5622238
5603998
5448013
5414632
5412878
5649665
5503485
5499249
5457198
5452217
5495453
5536124
5460361
5454506
5497515
5630721
5455370
5625384
5371555
5367302
5411424
5405649
5381763
5299651
5399834
5365792
5325560
5389633
5369393
5322155
5271593
5301329
5386623
5274550
5297551
5408864
5384239
5401511
5268850
5262958
5226756
5219144
5257223
5153998
5223978
5266658
5157682
5256222
5172056
5154979
5220602
5255296
5243300
5240641
5221507
5155943
5237931
5259211
5147618
4914033
4924943
5033977
5152248
5028586
5037460
5054075
5146334
4918216
4922483
5040095
4911701
5149618
5144146
4921508
5030904
5150924
5056156
5050580
4861700
4891274
4883828
4812892
4881528
4893789
4903893
4895219
4888999
4887555
4886009
4808702
4859274
4882542
4903160
4892409
4889694
4896936
4856394
4810721
4804006
4783661
4735312
4730467
4722190
4779204
4797468
4801974
4799284
4718105
4794403
4723804
4727607
4788864
4720387
4716272
4725763
4806931
4791334
4732896
4654705
4583560
4577372
4697553
4637829
4649785
4701487
4646186
4634904
4640184
4705354
4712751
4643346
4704126
4652265
4580942
4579467
4574520
4572241
4647561
4506017
4516835
4508711
4518619
4512470
4449983
4554640
4441113
4451124
4570266
4452371
4514177
4519755
4568032
4453614
4446605
4442078
4437548
4447903
4444374
4251375
4393871
4256487
4370641
4427891
4389059
4267712
4384343
4355090
4386155
4391357
4264444
4181631
4432205
4362371
4366914
4356973
4382546
4270045
4380449
4097926
4034436
4172271
3937873
4036355
4030500
4111047
3970629
4086976
3971921
3974986
3935792
4099419
4175813
3988555
3986527
3978311
4101405
3934816
4103144
3929298
3925215
3912675
3767804
3931218
3801040
3916695
3919820
3905760
3788916
3771902
3769542
3907973
3856255
3804653
3802922
3774919
3865841
3859592
3797933
3615760
3727411
3720274
3725642
3608274
3692131
3717824
3707100
3716710
3684386
3680291
3728984
3703538
3666230
3617568
3721706
3723711
3717522
3712896
3613615
3510052
3566527
3605883
3597505
3553764
3603047
3601032
3543048
3560598
3548047
3511869
3570492
3565190
3600717
3568817
3567648
3563316
3561697
3544672
3513841
3410074
3489137
3492720
3439920
3441505
3437556
3435174
3432739
3450696
3428278
3408740
3506426
3496049
3447087
3443398
3490897
3508530
3431131
3430186
3481962
3404984
3383849
3389591
3393083
3363152
3363439
3386106
3331948
3326401
3323805
3402543
3398016
3362942
3396264
3362724
3328434
3407128
3333884
3400936
3366925
3214835
3311377
3211809
3208591
3283698
3314677
3306787
3234714
3200838
3204224
3287566
3237630
3281228
3305301
3304830
3293517
3286061
3308963
3317962
3290100
3159080
3142056
3115480
3144421
3114124
3151298
3148693
3193391
3161312
3134854
3165091
3140320
3146485
3199664
3112195
3163090
3142901
3138046
3111053
3195802
3064847
3044915
3067495
3071064
3089150
3069137
3066064
3094908
3073384
3072423
3096531
3102681
3099849
3093728
3098515
3089953
3058927
3092084
3074644
3108597
2967577
2916816
2990590
2971514
2986915
2965723
2868518
2916163
2865725
2956152
2989329
2969780
2991887
2988263
2867439
2870089
2993308
2968127
2985682
2959910
2864203
2849301
2855183
2805818
2800245
2792320
2797424
2804643
2862364
2790226
2793993
2856532
2860809
2853412
2808050
2851236
2794696
2846656
2801909
2858324
2718329
2787504
2718898
2689839
2754112
2745420
2758742
2714549
2756558
2751979
2748888
2789164
2694747
2712086
2689108
2778361
2743006
2690937
2692681
2744371
2573921
2575289
2669731
2571977
2674401
2640814
2631542
2630195
2671650
2673248
2635890
2686561
2632581
2687722
2572653
2638704
2634371
2629057
2627983
2636613
2457513
2461702
2425643
2528628
2426741
2469372
2544515
2527135
2524212
2464152
2543103
2531519
2541774
2525753
2533172
2530326
2526393
2455114
2428135
2540711
2423828
2414048
2376104
2373233
2364091
2378905
2410885
2371383
2417251
2418931
2372322
2362072
2412345
2422490
2421076
2409520
2377646
2374917
2415591
2370556
2283640
2350282
2284024
2355843
2309836
2312958
2302468
2281030
2278266
2288297
2298469
2361016
2359401
2314321
2357989
2301056
2285706
2304663
2316016
2311478
2197257
2139800
2256104
2201058
2138639
2193047
2125390
2190842
2255039
2198653
2137969
2199836
2121989
2202700
2114810
2133996
2111635
2072420
2257134
2074775
1942936
2070190
2038562
2008543
2004609
2002253
2006735
1989735
1946253
1993644
1996870
1995233
1941886
1998626
2044266
1986776
1997839
2001597
1944594
1947764
1875263
1924725
1877922
1893643
1892138
1894789
1890298
1940032
1888987
1884783
1876818
1879357
1886407
1882226
1933873
1927574
1921800
1917857
1915816
1931838
1846776
1847597
1835155
1870805
1728570
1758101
1818633
1832556
1788442
1872416
1870325
1844078
1771096
1842486
1775608
1829817
1767658
1827163
1762231
1792760
1695917
1691007
1658232
1661324
1659934
1708021
1725661
1727025
1718376
1715373
1665838
1711686
1723467
1720108
1704842
1663825
1651303
1662556
1654703
1692879
1640301
1649311
1600921
1612490
1595904
1609723
1646339
1597395
1614221
1605859
1644103
1636532
1639188
1611214
1599191
1642635
1594428
1613342
1602885
1595043
1559593
1560633
1548402
1592212
1565632
1520202
1512081
1514804
1503186
1578209
1575055
1569430
1562611
1576624
1557103
1593129
1506801
1501523
1517858
1567326
1270278
1444054
1427494
1497901
1424605
1275955
1451852
1355586
1349490
1424455
1359403
1440121
1385479
1427944
1382927
1389481
1352866
1452289
1432784
1429793
1208833
1256077
1253115
1262367
1115951
1196397
1193762
1099916
1191239
1182033
1214845
1252396
1212771
1210922
1259269
1202629
1198275
1187018
1182461
1101706
1058537
1057226
1001809
1070827
1042600
1054436
1049242
1072174
1045393
1061058
997687
1062941
994196
1047365
991866
1056352
1005519
1069190
1051042
1067027
975291
975561
907371
977349
830217
811014
914553
807452
808602
869045
977194
870768
917633
812783
834398
911593
977848
909970
964659
977401
765520
754661
773148
803273
781885
784387
756651
765580
779553
742796
805385
712747
777573
743220
800624
743574
800145
766496
802111
770054
710203
663085
694716
695835
658944
711007
700008
697217
694104
629510
658240
662204
698383
660516
659753
699663
661356
660885
701140
630322
623408
588359
548657
628432
549911
626345
593517
590627
627262
622385
589738
587678
586103
625242
584531
585705
624192
551100
587544
550043
459807
460499
456931
461875
455779
546620
469757
545706
464056
468881
513477
467740
509475
512111
466463
458630
511263
514494
463044
510632
453285
409568
420726
406660
407131
409081
431514
405736
429571
421782
451951
448669
419163
445982
430153
444838
407865
450273
405007
446901
402918
379149
383577
339347
379870
403718
336495
335278
333502
401084
341110
337832
367172
377733
380663
376753
404345
342375
381716
401977
329889
251999
331296
269521
265104
303641
327320
276075
273716
255091
267402
254387
268422
255918
270680
253700
253051
277158
254816
277992
207365
249791
206542
222690
195309
222808
250823
209405
208765
235702
206541
237574
205974
195824
194338
236974
239983
234870
223358
207913
164029
176615
193715
178141
172651
165679
176222
165264
175367
174758
177727
177224
192045
175822
192947
174056
173432
191528
177941
175270
148244
148373
163477
149200
151313
158756
158654
150146
157782
157007
152095
151648
151019
147753
148686
142857
143433
159579
150537
149636
137325
141481
142314
141118
138438
134786
142152
138081
137098
142592
141327
140989
136989
137859
141965
142427
141684
137688
134914
141246
128785
130090
128568
134033
129173
129536
133844
128994
129930
133633
134481
129758
130426
134662
134363
133913
130609
129386
134181
130280
123825
121925
117294
116370
123576
122832
122396
123971
122644
117604
116819
117370
122171
117388
127863
128010
123211
123045
124255
128216
115723
111171
113356
113235
116119
112582
113148
113503
112878
112790
111260
115589
115849
111070
112504
113385
112700
110995
113444
113045
110374
101970
105102
106205
101888
101781
110886
110720
110520
108079
101829
107967
108289
106282
108369
106045
110786
108509
108653
109843
98694
98990
101415
99373
99164
99612
98430
98099
98493
98382
101226
101734
98562
101147
101484
99501
101635
101554
101288
98827
98067
97118
96889
97894
97658
96585
95041
94170
96773
97064
94378
97405
94072
93085
93169
94399
97706
94296
94518
94457
92805
90493
90055
90840
90903
92777
90805
90662
90256
89877
90732
90414
90321
92961
90151
88128
92870
93022
90557
89979
87451
85887
85848
88030
87930
87853
85435
85217
87747
87681
85319
85773
85098
85948
85491
85618
85706
87630
85745
87540
81528
80437
80571
79514
81028
80712
81410
80240
79860
81286
80987
81562
81122
79748
80071
79328
80350
78976
78578
81716
77043
76376
75824
76535
76945
76113
76206
76028
74642
78470
76844
76272
76705
78535
74741
76454
75937
76594
76586
76633
73830
71977
71522
71869
71768
71755
74090
74028
74567
74277
73955
73642
74308
73534
74189
74359
73727
74449
74394
72101
69494
67678
70022
69949
69421
69727
67615
69565
70333
67364
69296
67507
67457
69846
69269
70098
71599
71506
70188
70250
60788
62672
61094
67193
64632
64518
63574
61173
65183
65032
64836
61027
60994
64707
64936
67282
60910
60732
65107
60841
59841
60026
59767
57715
60499
57813
57858
57678
60234
60327
60684
60089
57925
60619
60569
60181
57775
57978
60379
59929
53335
53378
50292
50056
50388
53450
49631
53027
52828
49790
53242
52727
52633
50457
53097
52763
50581
50154
49911
52940
44300
47800
46743
47655
46460
42500
47565
46276
47902
48010
47960
42430
48190
48100
44154
48285
46140
44099
47727
46589
42043
41984
35373
36022
42012
42294
37838
41879
41802
42130
37065
42232
36076
41943
41849
41721
35957
36136
42175
36973
32106
34469
34001
35303
33903
33636
34275
35160
32143
33817
34165
34264
33541
35215
33313
34400
33729
35207
32047
33387
31435
31481
30430
31389
30354
32033
31748
31324
31797
31305
30557
30529
29862
31531
31885
31960
31850
31675
31573
29910
26376
29406
29612
25370
25770
29770
26534
26475
26457
28293
29546
26844
28297
29487
26981
26905
27094
26805
27040
29726
23833
24029
25310
24809
24841
23899
23243
25105
24911
23393
23656
24979
23952
23696
23177
24097
25305
23590
23471
23313
21525
22091
21909
21597
22971
23030
22323
21795
22391
21683
23102
21636
22301
21469
21974
21419
21760
23152
21872
21841
20193
20232
20051
20302
20596
20188
20155
20583
21325
20064
20021
21362
20253
20149
20012
19969
20175
21290
20100
19980
19230
19493
19467
19609
19447
19198
19942
19902
19523
19162
19217
19540
19235
19592
19922
19616
19507
19623
19437
19580
19067
18744
19000
19079
18974
18779
18663
18994
18764
19049
19146
19094
19140
18806
19020
19115
18960
18637
19080
18677
18624
18591
18195
18557
18169
18114
18505
18186
18211
18604
18618
18535
18119
18611
18603
18191
18519
18577
18140
18581
