1167012989
1158685146
1196271183
1196830939
1165201399
1162108852
1160078865
1162705888
1196011576
1160638325
1159960420
1166745403
1166875260
1165098168
1162044821
1161883594
1162598097
1158784281
1160025102
1165307843
1158574122
1152469902
1154202545
1152315560
1152361048
1153958655
1158021719
1157238835
1153858943
1156307300
1153638182
1157098495
1153770962
1153543688
1156700935
1156398369
1152254384
1157168491
1156214053
1154079451
1147582150
1147497479
1139954663
1147100211
1152109074
1147638214
1151976320
1152191546
1144450262
1140058075
1151893296
1151820374
1146893091
1146997561
1144180738
1147170380
1139736919
1144321983
1147385556
1147284796
1137194036
1122589530
1139598286
1134340625
1132935715
1125412229
1115708877
1125534071
1134453776
1122922416
1133047489
1122763137
1137014541
1134602156
1132629004
1120275414
1110904067
1125688039
1120696024
1111056620
1092428865
1105548024
1095163559
1092631016
1095400950
1095334431
1097200730
1097392124
1096589151
1105471098
1095034333
1092466335
1110411865
1092324621
1092262657
1103886888
1103759760
1092375927
1103659216
1097084291
1081913969
1090448345
1092202383
1083418930
1083511640
1091134143
1087732763
1085541357
1090364303
1087966730
1077285418
1077210958
1085328863
1077138967
1085449848
1092122549
1081727602
1090963171
1083456954
1087846900
1077088537
1072096328
1075072770
1067754711
1054056093
1069525544
1069900932
1074852170
1074945493
1072036663
1065744963
1058155812
1069369094
1068164979
1053313160
1074779457
1065786332
1072163635
1074664017
1071972546
1044796221
1045678829
1046357985
1046286324
1047418820
1045340424
1044669702
1051535973
1047691455
1051399671
1047579384
1044929134
1047266242
1051734523
1046408204
1051635331
1045095322
1045219753
1051874857
1046231609
1021344006
1021252757
1029718016
1024249833
1024144010
1020198110
1026596203
1024332663
1017783330
1044451193
1029005950
1031078175
1017864986
1031003488
1029487433
1044551021
1026497435
1024507945
1031223431
1029157260
1016869867
1010519786
1015112688
1006063841
1011843173
1017098262
1017715729
1016962870
1010296095
1012618656
1010400033
1010198380
1006372549
1016784245
1012898863
1007336904
1017643796
1012748710
1007268164
1016671075
993326668
1001189625
993189214
997276611
993102927
1004240581
997777006
1000068848
994423853
1001311768
1003334771
1001120834
1001047838
1004143400
1004421709
1003164234
997146465
1005176367
1003242134
994300146
980055852
978323024
993053918
975681172
977862846
974899602
989477755
976520830
976414015
974396685
980894203
973961176
977795523
976664252
978442149
974292978
992932330
974039878
973894206
975749971
968781611
966396055
967840239
972145938
966706491
968608459
966503640
971427318
970975200
972063810
966584955
970164525
972269038
971989921
970817469
970579894
973836330
972569442
971358836
972442566
950302838
949987621
946379634
946696831
952594529
952516046
957221060
961946595
946807508
950033080
966359455
946517898
957867046
952026450
946268398
946608534
952639755
961847249
946749492
957804090
938324598
936323629
934979409
932499155
938895783
944756534
938442504
936442011
945634197
944224898
945713468
938567123
944677540
934845029
945770823
946142661
944577611
944348713
944461678
938691299
931737929
929588218
931001861
927569289
931192700
930901615
931947059
931268053
928778189
928501065
931890306
931657416
929685255
928615081
929447222
932433330
927660901
931831735
929892143
929651872
916761363
926529661
916679226
926661207
919577914
915859713
926404430
917987421
919290614
921685322
916955042
917432902
917310459
924650132
924449423
917077123
924851181
916617075
921479562
916888851
913686917
915683244
912811861
911677606
914790603
912868159
915580429
915105298
913437527
915178751
911563494
913346767
914582945
913088920
911838886
913209190
914728334
915362717
914648816
915477402
906201404
911058863
911470901
910560072
911356530
908899798
908748066
906877583
906081800
910873176
908654502
907845439
908218677
910669984
910750245
906310071
910302324
909002885
910473010
908526913
904404306
902216840
904323175
904173222
902534506
905900322
904747510
905828549
902616750
903986117
901979815
904653863
902497719
903927911
902101431
904893026
905706666
905631759
905589344
902816699
897958820
896717611
900353302
900622870
900514896
897870703
899739207
899902064
898906752
896527345
901737694
901685170
899970660
896633701
896360568
900738059
900998394
900231175
888756288
901842662
887574838
886769621
886639774
887795713
886016062
884646752
883819459
884901697
887063505
888529429
885954994
885149347
887662099
884089262
886605802
883510805
886865526
888688886
888475191
883748718
882873020
875371735
883146827
874942027
883386046
882715566
878404569
877729953
873301547
880834635
880747481
877644573
878550648
874989663
875581184
883278035
882948795
882806417
875477630
882661967
872100293
872632529
870410759
869214696
869111651
871693143
870203017
871810177
870253163
871039311
870806532
870902545
869472507
872557135
870320918
870368336
872743097
871767099
870288998
871968538
867665979
864538445
864966817
865714288
863008477
868990926
864486710
863223940
866819910
868874836
867233106
864702324
867602114
867115937
865222288
864599457
869046102
863330153
865110403
866418030
850980487
859618481
859533899
861239325
862839500
857926988
851302619
859817394
851482371
851365930
859905845
859692610
861860372
861185402
859948195
850542987
859170490
850989218
857848609
859129250
850262984
846887158
846819805
846354055
844140270
846133130
850215757
845801591
849327856
846442487
846915518
844052691
843895895
843778054
846769635
846739179
849382673
846265811
845876971
842674630
833135296
827902734
827978640
841914890
842516430
842600295
842382231
829828499
828999189
842035317
842083357
831622079
842288823
835802091
829708840
829640183
842441383
841972484
835781174
829225968
819685639
819587726
819427446
819749900
819554447
821383232
823301832
820568172
826088844
819902917
827825172
826018310
822998784
822302507
822118120
822220357
820492923
825936643
823370516
820049082
817042753
817866980
809899352
818004056
819376695
809767047
816843840
819335543
818475901
818250074
818044197
818584427
817954050
817105133
816746514
816623469
818349512
817823964
816922116
818649017
804070980
802995279
787804519
803790080
787737213
804512991
804146921
787943161
800289550
789590883
789518247
803831327
787453665
789645621
787871901
800423363
787900748
804372712
789453600
804433937
785785899
783330532
776561067
787345302
778334178
776641027
782072186
776809973
778501293
776750259
776708383
776604027
773086615
778368526
776526906
778542973
783390334
783470838
776678767
776146112
769348520
769219194
767481166
770858488
766047199
772867375
767526136
768978223
771189448
770995607
772822306
768924317
767671293
767296035
772436958
770777219
772526898
770569057
765978402
772924449
756159263
759332499
758022373
765945090
758207580
765876653
760061587
765911920
758100371
764426653
760417287
756346808
760165983
760333750
755258360
759215679
754797558
755552101
756270987
759962541
742452566
740947472
740716733
746922137
742328435
754570680
754732566
754668052
754400554
752612322
752512510
746821658
744897019
742509400
742393375
741427044
753569311
752359258
746692382
741485528
737496462
737366541
732939971
739750470
733804020
733002529
737669922
740622246
732605939
735223773
731233301
732564018
733984065
733475002
733397956
732748511
739813358
737964024
740688451
739104497
726391109
726237475
725706934
730421251
727045230
728587006
730269184
730358425
730588903
724891083
728401418
728019224
726937836
729649895
731154333
726800461
726284896
728712124
728488243
728117611
723135509
723060561
721902296
721734868
715752733
715347158
715828662
724386340
723829921
722900897
724320350
723358996
721659727
718476067
722587430
724764119
719073057
721807073
723255188
722527990
702723431
704668455
698020786
702013318
708058430
706572571
698108772
702215679
708605850
706633251
708159015
704574043
704626736
707945932
704062917
702458651
698211914
708637304
708531484
708460724
694632558
689061547
686756683
697858963
697641089
697575725
696394032
687046653
689207108
696137473
685031073
697730482
694510426
688905823
688792507
686910669
690932827
696296276
697963345
693418290
678511450
677245237
683087195
675900622
677382549
682883716
681268786
679452434
679191352
677933531
677536780
676984178
676126131
679296829
682954787
684724841
684929541
684844980
678236735
681360158
662650061
672353416
666752817
670896685
662935260
662583651
661809850
661852646
665375099
675811934
666855796
669133961
669202766
665467227
661924605
672836772
672770710
667843092
672445431
670968860
655921907
655852614
660294520
658046487
661529922
660328544
649189981
659296461
654634254
658160491
661426923
661326894
648955123
649079486
660240589
660123695
654479334
657966315
660358937
658255717
647509993
648667065
642191951
645536364
647757962
641914656
645681481
647608814
645463595
645605118
640540200
642128533
643087156
648587425
640423018
641961229
645344566
648806370
644145132
645406646
640284399
639094287
633049185
636380953
634891674
640231812
629832730
623724251
623344463
631646416
636466515
623474936
623677778
636412991
633096516
623281070
634821269
634723316
638973434
629927117
621993180
613740015
621783491
623227551
618030535
616132625
616482777
619885137
614402082
621966779
614477727
617754552
619232889
621236884
619938101
622437650
617373223
617273588
615485179
622032526
605068636
606156403
605434918
600273529
606294080
605001925
605293416
605379520
606717970
610248236
610179828
605225860
598788521
602205701
606805079
606229791
610362322
605145007
608734357
605482217
596310442
595825128
598274697
596435480
597621761
597558013
598188116
597807682
598696029
596465289
598740235
596247749
595716701
598296470
595270248
596385049
598226970
597904998
595351764
597714707
592388216
590526084
592515353
594619372
593756074
593023461
593933580
592422677
589704808
589622662
593218161
593799259
592331932
590064046
590559534
589651972
594515491
592454763
589580143
593869652
575225193
588518724
574357876
588590487
587742183
587183825
575343171
580259827
588738414
579898768
588657786
587817212
587053959
577471826
586688157
577345180
574405513
575443386
577755830
586614486
561433768
571144791
571099025
571200376
570253166
570206837
567548206
562815868
568039573
570116996
566321605
563307866
560889551
574036878
560309364
559025218
570156985
568333895
568276651
567941630
552136931
557866786
554904598
552251581
552354777
552114271
551831752
551751186
550498679
556820731
556368295
553707711
554860832
553527313
550412426
553456710
556900198
553875050
553755499
555076796
542487791
548066562
547930550
547740392
543306324
543457906
546355375
546567148
547986550
546385893
548130935
550374354
547647925
543258910
543551055
542390297
543349685
546521956
543187592
547711011
542056555
538015373
542224264
542019478
533753940
538050417
529773806
529547772
536543893
542163261
531420385
529601548
541932880
540485089
542097039
541098898
539836900
531511862
540447220
539765592
529282590
527071657
529340620
527280015
526832707
521491607
526940889
527024101
525587547
526993177
517767844
517682579
529209093
529407704
517926833
528495528
526965480
519238795
525560326
521567783
511965274
511750301
515784045
517283462
510732915
508242855
511789279
508707079
517575750
517378625
513626620
517503538
508183195
511853679
517540190
508104813
517447953
515695918
517645952
517320885
502372144
502203221
507202041
506075279
502355744
507902596
502391556
508038244
507165197
506743725
504060679
502308508
502107454
502184612
502068609
507059076
502328094
505478046
505377380
507966668
501046949
499351934
500991076
500126471
501480596
500940508
500261979
498517679
499409655
498585304
500886352
500202449
498226146
498909816
498821804
502005283
500402296
498775177
502041194
498863567
495503696
495427681
495301150
497916835
496851695
495236145
496116087
495467200
497977238
496356880
497376956
497118649
496230121
498087766
498155820
495172080
497316925
497249144
497194228
498041681
493913986
491571138
495024820
491738800
490254459
490262628
493696124
491248718
491459400
495098662
493548609
491091090
491019978
491151645
490136737
493466358
491387542
493859358
491593704
491864123
488591889
489763169
489994377
489943763
489662985
489570235
489356473
488585169
489896963
489671559
489851749
487101640
489789571
490072574
489555185
489509461
490097765
489776722
489644586
489424626
486983447
487013055
483973413
481036267
487067777
481144124
487056068
483963784
482435265
483989368
482450236
481046961
480920852
482422362
481364498
480931774
480650609
483860016
481377479
481359824
479393386
479656924
477905258
477834399
477575777
477729644
477558929
477638880
479594049
479336365
479734645
480420353
477784493
479241207
480627354
479490974
479667898
477606742
477841864
477914603
475842311
474672442
475551944
474680218
476804781
475894250
476718700
475756219
476050389
476711503
476638203
476085783
475798866
477151746
476123527
477142277
475948952
475742801
476008718
474685727
474016210
474604871
473794194
474475392
473067447
474407681
474524225
474652991
474281248
474645419
474332110
474510169
473716069
473022805
472993338
472933359
474090982
473101287
473059650
474575415
472821043
466812513
466769235
472293118
465678510
472837806
466788581
465545221
472876870
472609109
472482587
472470935
472525722
466738364
472382806
472832658
466719753
472889388
472719939
472770540
459529751
453257594
460987719
460816848
465494629
453180777
453028461
459580021
460888934
453323002
461059204
459489298
452919626
460928145
465450340
452982164
459545054
459543756
461034913
452863393
450265704
452603698
451547303
451477135
451602291
452678916
452503945
452726658
451674161
450156663
449894782
449991899
450090808
451611793
452370399
451382776
452816842
450205350
452446147
449953758
443930116
446462488
441789234
448227477
446613374
444033733
443376682
442360124
448145617
442299285
444108287
441749292
448046676
442705025
442579481
442166921
442662958
447990561
442074251
446529345
440168051
440950254
436791097
441694657
440106764
435649803
438847709
435735385
438669335
438718156
438620595
440869168
439537745
436866086
440224405
441652590
441050270
439919608
441015192
439607138
431633826
431662776
435557979
432387033
433363471
432179497
429603685
433454016
434084377
433989234
430428068
434315371
432337889
432472406
429675981
433303224
431719906
433923091
432245926
432099375
428133930
427753097
422691468
428966531
418089778
424580486
420121455
418037668
426440146
426566119
420204584
422724460
426291830
422525695
424706208
422437079
420816195
420065116
420720192
418674509
414832987
416843588
416873336
414893486
414993762
417981368
414953439
414690055
415023434
413369667
414569869
415012261
417615320
416925548
415022503
414571967
417623997
417438525
416950091
414620757
408632693
406660219
407989602
410069763
410005699
409039464
409975599
409280886
409080008
409007470
408307393
410028101
409241489
408238462
406607496
409347103
410143625
407103683
406206139
406442298
406147071
401920583
400684695
403426742
400568859
405282259
401837584
400647130
406039707
401202397
401077513
403383813
402400054
401947219
401619735
401760085
405226424
401179576
400724665
402786796
398090550
400449469
400364979
399909162
399483048
398350834
398156821
398984320
400168551
398033838
397856458
397729628
398283690
400220924
399584996
400292762
399439357
398389826
397915412
399937619
394198693
394920548
392986695
395269733
392738294
396085971
393182634
394859537
393043181
394140966
392855153
394008292
396326438
393644599
393529017
393022163
396138644
392647348
393691711
393158585
390610792
392600472
391218150
390370798
392407956
391747685
390545458
391808913
390504038
390991905
392361956
390427125
390317810
392451391
391683624
391283459
391123902
390647208
390634207
392277961
383549349
389520276
388639658
389823238
388543124
383278310
384556757
383491301
388451254
382193080
388954162
389492296
388747340
388401436
388201931
381970822
388351823
384447041
381967805
388907960
381024011
379401104
379423163
378029457
381899010
377368144
377998323
377282553
377295202
380720457
381229814
380846177
380506722
378067952
377218220
380535232
377402654
377160504
376845866
376799708
372746839
376556458
376520846
373162464
370688470
375840706
370646048
372670615
371196251
376528582
372161690
370748318
374396888
371133448
375304585
370685439
375356097
376590570
370791786
373125046
366044032
364961818
364513541
369719159
366139074
368867090
366169021
365658566
368752714
367317817
370614178
367266614
365018854
367419691
367207110
368041689
365708297
369654299
368804767
368568980
356291890
356376523
356230445
358166870
358091459
363746989
356333391
355820261
361243943
364236699
360480460
359864049
361901851
359786976
357356178
363689030
362440817
361869858
363785121
355900483
350113887
350138910
353025100
350865233
350809358
349054009
350517339
351310495
351287968
353045827
351186970
351124389
355096663
352089068
351054024
353004114
351809403
350950235
350458763
350092120
346392828
348191290
347645498
348607279
345707024
347009524
347669087
347072046
348077206
345745512
345784409
348673193
348494767
348571511
347588760
348787183
346339661
348722033
347552274
348755418
345509983
343108172
341850421
341837886
341416529
345532974
336719000
340903892
338526966
338494251
336793922
335795305
340816287
335866468
337890200
341353608
345557568
341978406
343879334
342792647
334601976
330835958
327445661
334691100
334555690
333712331
330964556
333764348
330954567
330932374
330868082
330357224
329040387
327153977
334164796
332774798
330312936
327500356
334645722
334222117
322545975
320213793
327032124
324603458
320060299
321541601
327082405
324144208
320116674
320190340
324754583
322598849
323315292
320039600
320260614
324659915
321509348
325399250
324710808
324221294
319541887
316266785
313885224
311543299
319122525
311582876
319012608
315655012
314028306
319975099
314466540
319035399
313972947
311683564
319598117
319574377
314507688
316064450
319032412
311698889
311412126
309338147
308110732
305081449
306225300
307384691
311496193
308166914
306820063
305564033
305022359
308299331
308077477
307453255
306197114
311384408
311276653
306273383
309419779
310773109
300055893
300007674
302971080
303921886
303185639
299916053
300369848
304261465
302505488
303250387
300308472
303043064
303373461
303308444
302583214
301011986
302456317
299947711
304325502
301040716
297580272
299220593
296973306
296748817
297560395
297523196
296723245
299501448
296823056
298929946
297153476
297242100
299538042
298899123
296942030
296980518
297113099
296891543
296857663
299889405
294505683
295160256
296188005
295780883
295799698
295102767
295690201
296310345
294734024
295752826
296129424
294982905
295843565
294566873
295037521
294561886
295873567
294694038
296265251
294862923
293451653
293559992
294411537
293282650
294432924
293344292
293442905
293175998
293151653
293094241
293075550
294363048
293770094
294317791
294386430
293311034
293674642
293124232
293394888
293786370
291962305
291931562
291913177
291893070
291803651
291297726
292027943
292169496
292081878
291989713
291864252
291227237
291142061
291940082
292355107
291353058
292233661
293020473
292143557
292016988
290558444
289606227
290203253
290619847
291061655
290338348
289545080
290265191
289180544
289116010
289035058
289585697
289517393
290990161
289415199
289496020
289579054
290584273
289560756
289459882
286905915
287080605
288365461
288346631
288302231
287132426
287043082
286953555
288279689
287240076
288339001
287886814
287174803
287206185
287988867
287931095
288965055
287809323
287085712
287000675
286634084
283837050
284590788
283856267
286823667
283941494
284707783
284757158
285807485
284698900
286498044
285845530
284858916
286847066
286680376
286316422
285888171
284828282
284796933
284572222
283053770
283094094
282106634
281994540
282359585
281880666
283780734
281565510
282270372
282058869
282350790
283304304
282407514
281941770
281522716
281495816
282116107
283405086
283805942
282191876
280037184
281314264
279982650
280089789
278846676
281465268
280949498
279665992
281433505
279848881
281356607
279926061
281023958
281403229
281279838
280350065
279711644
280301284
278926904
278908032
276121957
278370970
278630681
277706517
277227563
278707333
277844723
278443361
277394573
278489597
277656053
278773076
277907894
277289960
276305302
277760898
278399402
276206876
277130607
278566856
275239615
274362235
274427552
274323267
274466617
274261487
276094048
276051044
275227127
275123317
275068559
275867816
275964657
275846913
275804880
275826783
276015763
275788157
275923089
274983770
272281679
272315000
273319619
273958508
273381209
274003356
273350280
273123857
272253626
274069730
272372124
272214135
272123594
273835978
272178332
273912170
273424093
273388995
272334522
273208055
268642997
269133150
270542305
271011753
270362086
272060505
271574899
270282066
270196329
269568874
269324705
269252072
268586843
269435070
269382437
269489820
268248644
269644100
268594258
272042398
266867578
266544292
266384175
266947675
266137195
267077449
266515051
266315251
268154231
266234568
267207447
267300437
266304155
266889224
266178121
266985342
267576020
267955151
267256130
268048064
265873524
266047425
265905299
265241889
263932137
265813994
265837062
264183357
265572475
265297903
265789288
265935049
265145856
265783472
264224598
266014521
265513725
265356507
265193215
264094106
263887562
262499368
263064480
262473889
263892993
263844707
262779389
262736813
263874991
263777954
263781860
263187363
262820713
262457421
262862001
262428424
263710990
262900384
262568773
263119133
261571435
261837268
260699374
261791436
261595734
260805025
261748363
261500364
261648049
260764984
261517602
260616030
261406811
260647539
261449464
261834639
261483177
260836066
261618110
261348740
258570940
260040743
259638236
260583501
258463379
259671502
259949487
259423864
258606105
259857942
258409949
259999753
259706860
259734441
258520751
260552353
258481511
260528075
259771866
259455534
257871499
257970927
257827953
257395592
257932222
258291634
257997082
257772653
258238005
257181562
257042938
258364348
258393311
257379091
257089358
258362507
258205192
257779505
258152244
257146310
255325809
256697813
255616092
257005484
255701729
255985226
255795295
256577712
256970197
256014611
256658367
255950994
256901236
256610001
255898538
255351940
255299000
255751353
255850049
255669256
253003510
252934235
252746701
255107661
252701894
252975761
254783186
254705075
255072955
253024783
252850735
254070878
254025254
252782791
254734884
254656511
253983861
254948788
253810518
253860093
249702758
249066943
248976942
252539202
250967330
250832077
249936482
249632849
248850394
252660289
251112162
249882341
248786508
250755652
251822733
252496389
251900372
251939870
248908203
252614089
242704134
246181422
246934931
246329707
245980195
247214790
246111993
242027483
242743728
247841792
247980684
248724600
247006520
246885064
241977566
244737426
241013480
246696224
247043821
244698413
237056722
240224923
237675679
236322223
240136233
238112528
236352750
237088655
236239452
236849559
236401854
239249726
238067558
237348718
237287757
236285124
237319938
238026091
237860975
240074559
235865279
235911467
235753672
234908401
235892760
234932908
235757412
235203258
235978524
235958885
235874994
235801046
235779493
236000436
235622864
235320453
235217561
235709306
234960821
235929786
233063697
232612435
231893795
231850059
234823778
234857880
234113888
232186518
234087038
234794222
233214402
231292407
231316883
233100946
233387856
231305745
234216941
233794620
233433111
232572289
231278522
231036202
231069487
229416753
230583397
230564768
230253880
230060459
230041403
231220431
230196353
229807399
229061595
230281602
230135438
229375145
229165221
228741206
231009670
230981779
228299041
228685233
225755839
227882588
226151123
225715388
227220105
227856995
225665901
225671862
226189677
225787701
226628721
227584688
226366805
226644278
227540940
227612411
226593134
226983946
222469421
220887348
222511354
224406992
225375797
224871311
225009252
224426688
222158375
222503579
225480709
225442635
224448198
220928538
222549951
221584040
224975630
224903859
225336137
222578186
220829322
217901505
220853074
217385403
217397043
220195604
217848424
217415480
217870510
217446703
220703549
220289118
217476837
217497017
216948702
220774205
216922232
220802412
217436605
220748567
216631195
215959009
216441165
216500488
215976865
215398000
215877207
216884923
216617752
215864878
215851037
216577238
215491537
216676145
216693819
216403989
216226486
215947844
216602877
216269780
214629537
214270493
214767735
213653868
214546006
215002418
215348530
214721419
214197980
214165293
215019336
214250778
214217699
214589478
215029756
214676753
214177681
213627198
214237160
214151212
213093460
213189530
213602193
212974341
212668873
212190944
213526815
213023804
212117238
213223824
213055267
213136195
212032787
212313993
212585831
212231484
212642778
213505269
212279990
213547949
211772434
211827553
212004733
211753977
211412159
210558495
210498918
210237324
211335209
211274772
211736659
211793783
210617122
210248121
211805067
211310150
210528039
210220640
211379574
210645980
209370085
209204427
210117455
209690531
209312716
209133321
209657640
210140943
209266386
209140310
209339996
209353390
210048194
210187052
210001850
210150351
210203814
210088885
209293668
209049073
206708079
206671103
207453657
207807760
207782737
207091555
208030933
208271879
207879503
207841300
208069656
207569383
208951910
207285277
207063207
209003385
208456914
208096973
207995766
206740197
205567652
204760642
205792630
205637545
205605257
204391753
205903576
206424136
204350647
204699117
206472314
205897869
204904865
206634062
206510406
204731284
204678156
205740032
204485527
205687817
202520948
202586160
202623152
202298590
203588992
202818007
202325584
202660424
202794376
203524697
204338565
203475883
202477989
204234582
203341066
204241078
202767644
202423513
203308341
203278924
198890274
199846706
201063323
201006788
199430689
197787672
197761255
200948427
201536249
201722862
199109987
200273119
202271676
201511607
201803980
200896206
200319562
201949942
200134164
199581241
197275625
196540752
195281185
195133830
196412658
197353222
195074059
193108093
192675970
194473001
195066775
194490323
195148827
194800347
193213037
197304567
193169023
196588470
195750915
193936254
189760078
192294409
190982422
192647416
189103613
192108633
188951731
190957008
190655375
189425266
192259099
190073234
190019901
191022851
189365464
189362182
190273071
190783213
190929409
190209517
185759001
183533804
188926027
187848958
187829458
185718112
187792617
188844526
183495664
185677709
188708846
184181247
187880948
186543199
188895504
185512793
187810972
188265508
188688372
187093070
183132225
183475364
182536843
182463265
182435440
183082405
181660815
180408678
182565248
180903662
180123473
183238923
179650013
183109795
180441652
182503206
180139577
183276713
183173337
183166971
177612066
177572657
177306262
178956287
179624304
178561219
178552312
179558234
179584864
178590797
178414905
178358308
179534191
178990558
178301169
177745912
178049940
177523460
179040579
178570087
175762246
175824315
175054943
173008083
173784563
175568140
175126367
175023809
172925276
172420933
173811584
172963686
173154255
175165095
175091125
175787675
175850133
177241347
175200710
173021485
170061612
171521030
171494838
168606004
170019659
171298296
171405815
169738539
172169976
169361486
168636490
168340377
168318956
169944862
171444964
170717744
171339765
172317386
169987904
169078785
167912627
166875998
166072925
166993677
165584945
167858575
167255773
167306644
167947376
167339208
167042540
167356752
168269203
167283888
167203032
167095520
166037708
165561578
165366265
168261118
163517798
164628778
161903674
163866071
164218036
164120186
163474110
162071572
162027912
161552520
161977224
164160516
161933161
162640433
164021245
161007727
165224114
161857451
163981023
165249913
158211005
158028198
157219631
155258056
154937276
155482173
159623717
156324545
155751366
159904370
157214337
160043346
159985070
156753752
155261540
158893336
155788363
156749435
157196914
158315088
154158194
151912752
151858286
153729631
151878235
154673531
151803365
154120389
152393649
154187783
152755396
151956335
153190649
152712258
152560138
154081626
152044329
154620592
152513366
152555819
150983588
150008766
150924890
149559451
151497235
151472223
151524159
150058748
151534614
151240841
151431351
151337046
150414100
151029082
150205744
150794349
150133623
151098180
151286115
151272299
147855433
148067028
147056221
148095559
146784171
146507731
147985201
147734083
148146959
148854236
148829055
148125864
148802941
148757239
149505291
148025774
147503718
148732743
147068851
146481286
145040988
145300474
145266089
145793562
145766096
145071839
144733892
144706675
144439662
145823737
146446553
145355469
145186197
144396730
144347275
145659941
145677258
145714601
145102643
145231616
143241600
142456632
143139718
144051730
142799170
142762205
144011178
144100216
143600693
142847544
143527908
143557304
143481733
142544235
142443585
143422698
143891539
143901582
143909783
143210812
140639971
140954028
141589329
141108491
140613749
142172653
140833315
141644512
141509845
141866018
141208205
140951148
141623050
140945934
141241842
142133864
140861669
140895842
141598356
141479302
139477059
139354848
139512278
140324813
139837157
140074103
138651140
140394485
140020041
139888148
139032233
138739814
140332226
138971986
139382820
138925895
139486086
138725798
140435019
140356713
137962870
137718940
136960813
136989246
137121258
137008508
136925132
138629366
138649571
137093121
137124796
136949081
137130919
137771452
137830722
137788843
137807782
137745054
137990843
137090965
135317718
135283983
135249745
135848808
136105469
136792283
136708033
136059290
136658801
136041664
135375870
136116531
136765325
135817734
135784329
135300259
135267321
135670559
136019203
135716214
135167448
133910788
134258509
134861774
133250282
133277255
134816025
133977145
135091623
132898845
135132107
134214657
134229047
133944825
135099488
133928252
132930361
133601720
133007826
133615762
131890500
132188175
132174529
131841793
131938304
131400710
131698031
131734485
132727731
132230343
131789820
132009853
132029768
132207570
131976680
131457348
131421848
132785670
132291548
132256784
131082287
131367959
131337268
130748044
131118858
130421623
130838198
130791833
131031948
130403527
131386460
130457068
131352488
131325271
130935325
130994879
130716949
130881015
130437259
130383965
128693608
128667172
130303849
130074858
128591726
130028586
129424239
129389045
130320912
129981410
128718026
130212924
128640218
130269604
130354256
129458594
128982263
130380659
128734428
130115729
128544878
127754306
127866836
128399184
127734243
127971160
127213688
127774652
127704196
127151376
127919033
128450642
128277394
127720158
127896513
127818027
128511256
128312997
127264092
128358463
126616943
126681014
127107065
126631516
126143150
126332467
126461236
126112504
126567440
126535402
125903892
126367832
126192865
126988479
126651549
125960441
126491880
126433818
126236331
127037329
125812807
125002493
124580021
125348008
124973991
125227971
124491575
124618399
124423462
124921924
124630325
124584910
124543229
124446305
125388790
125460521
125769998
124383268
124944126
125301718
124119996
124352316
124101544
124061898
123837469
123814718
123747273
123586984
124082177
124166827
123552371
123635394
123646095
123702516
123879274
124317232
124151926
124135654
124225417
124205007
123013764
123047623
122973231
122765901
122635785
123121424
122813167
123514657
122705490
122599569
122893925
122817069
122731915
123458971
122824691
123427545
122862295
123085478
122935418
122667424
122040099
121942274
122150926
121194276
121061999
122245801
121248585
122091878
122320634
121162922
121977385
122222582
121010202
122178315
121661410
121630038
122304990
122280552
121220962
121122174
120050209
120961371
120874331
119868667
121003140
119959595
120738768
120619112
120657324
120839813
120695579
120915990
120147609
120586097
120005642
119911858
119789749
120776976
120107026
120525059
119422421
118605169
119443783
118504213
119474450
119140322
118618197
119501919
118869597
118654694
119460755
119433747
119398449
119488380
119379463
119360612
118962237
118922914
119088265
118640398
118311575
117843888
117756504
118335013
117265526
118072930
118104492
117873474
117809466
117590164
117532376
118134210
118369076
117886516
117245069
117667976
118160985
118465744
117818108
117634907
116371651
117094397
116344288
117039868
117205020
116604600
116362543
117125887
117227818
116787369
117139718
117057325
117190680
116710386
117175482
117021981
116987892
116744873
117114543
117076862
115551925
116315553
114938287
116283167
116012528
115058618
116325227
115009590
114869547
114777765
114773764
115558518
115983969
115502301
115104723
114735106
115939305
114832257
115881433
116070483
114085614
114233426
114645154
113971789
113915790
114563854
114494206
114047373
114471814
114140035
114006308
114192733
114229304
114535703
114668049
114098024
114690605
114603656
114514721
113959725
113613464
113208433
113570566
113848179
113328219
113590309
112867459
113823504
113176944
113512814
113409212
112846766
113881732
113254310
113250321
112907381
113803417
113586738
113436997
113545854
112152920
112542009
111705202
112506699
112448481
112320974
112231876
112713678
112608552
112192229
112797887
112395191
112167609
111764790
112781449
111372761
112738569
112642171
112683309
112282840
110852549
110451695
110411954
111235801
111331602
110479006
111252426
110912353
110551440
110529770
110434593
111012704
110963853
111268593
111056088
110813444
110513078
110494549
111349634
110463402
110379321
109836044
110340807
109869489
109338858
109447406
110397765
110059823
109432025
109408599
109991259
109292687
109208120
109752914
109390771
109919889
109416070
109256276
109317606
110091725
109095213
108529585
107696860
107902967
107756010
108409363
108656624
108577650
108465582
108508494
107853370
107792187
108546523
108321039
109171405
108486800
108695327
108342672
108390118
108371237
106916162
106337050
106741226
106300652
107636743
107011449
107124043
107596466
107552683
106830832
106839595
107169851
107512327
107089966
107006959
107484045
107053056
106784580
106960669
106887879
105522944
105386373
105341583
105485554
105560634
106177002
105316693
105437886
105280311
106058996
105599741
105573222
105789794
106134606
105805074
106097249
105764864
106258300
105639518
104958957
104128552
104679174
104569092
104923933
104195550
104165809
103732867
104890184
104830447
104223267
104297303
104711434
104865532
104645812
104608366
104780013
104747846
104345092
104320438
104266060
102910079
102449432
102993110
103289814
103390837
103356686
103333395
103244704
102952360
103032895
102528740
102962713
102876466
102472985
103415973
102573016
102386342
103085636
103451526
102500912
102194464
101816318
101551673
101905606
101852601
101218155
101838923
101893386
101948688
101581787
101785168
102198146
101244784
101488195
102356625
101966886
101875868
101235363
102083741
102119126
97125454
97036175
97170517
97078597
96408063
96699582
100928298
96670009
96872797
96857456
100962987
96432412
100530478
96645138
96335664
100960582
97057397
96805842
100957679
96615230
95755874
94856708
95131526
96303949
95538385
95777699
95929918
95469570
95194552
95088377
94863315
95990700
95514209
95244363
95798196
95431458
96316116
95161185
95272978
95221394
94511669
94767649
94575903
93375860
94240696
93283724
94642627
94473919
93967574
94702778
93343458
94253361
94545812
94674660
93933169
94793900
93825367
94605319
94822618
93799931
91789908
91824674
91076940
90436881
93252179
93085712
93219142
93071632
91244132
89851033
93113358
91155527
92158163
93167614
93161325
91200883
89938170
89903971
91866448
91114831
86414371
86362836
87030055
87239677
87285733
89821091
89124387
87091246
85965949
89198999
86394865
89239152
86351600
87059072
86125119
86079234
86108324
86097881
86013514
86039249
84614745
85320984
85705581
85427149
85291004
85227214
85101537
85131089
83990492
85685358
84361696
85259624
84645923
83956041
84695971
85020383
85421375
85053795
85033692
85918990
83850285
80321307
80228993
80264599
83095413
81897122
81929101
80255519
83542405
83123103
80299163
80037607
83880792
80879797
81472682
82284803
83811627
81467597
82362446
81210061
79374877
79647303
79692068
79333254
79313685
78699615
79604973
78820404
79721392
79569451
78720694
78753176
79674075
79507521
79039913
79350363
79001959
78968712
78787694
78937978
78256670
77599135
77199385
76479523
76641629
76505666
78293584
77388437
76863811
77398029
77002002
77172167
78672200
78323811
77179710
77651922
77039344
76672488
77628706
78656230
74969004
75726523
74667724
74153422
74127682
75936412
74178561
75008443
74166308
75704066
75948568
75683746
74698986
76445349
75667503
75920068
74652274
75611160
75029436
74279516
73734254
73902898
73394443
73511798
73226060
73757671
73692821
73415644
73713675
73700090
73372300
73001868
73906697
73281213
72984130
74111262
73231325
73217985
73674553
73024847
72886234
72269369
72289039
71968795
69957956
72810677
72790262
72801258
72851915
72230102
71994727
72251925
71726538
69859336
72869938
72831809
72766992
72460905
72775573
72261419
68569875
68877600
68721111
68315736
69132116
68754928
68526267
69240049
68900432
69834115
69134878
68307584
69689748
68299392
68074877
69304036
68924628
69257474
68733453
69230134
66913947
67982196
67579322
66927559
67704825
67953006
68003162
67895249
67695374
67551448
67627031
68050603
67016942
66997456
66950318
67036639
68022831
67484989
67680585
67453956
66757420
66735651
66212670
66132852
66769033
66014758
66189865
66524255
66174690
66894592
66784461
65964410
66748508
66501451
66588631
66614252
66569086
66008651
66117225
66355523
65749079
65459688
65217051
65473687
65242318
65261823
65870521
65535793
65336077
65318746
65736895
65764087
65524618
65043231
65882120
65452156
65030860
65548131
65712765
65480464
64655201
63755229
63979931
64788255
64039300
64332320
64259724
63993704
63690206
64351871
64742606
64404945
64060807
64236147
64434760
64766237
64004400
63726796
64674610
64086808
63144773
62730635
62747867
62596076
62632693
62977460
63419670
63651377
62646721
63115061
62930305
62581715
63209642
63392958
63166208
62984384
63505995
62499162
62355677
62502948
61628082
62251446
61606869
61658796
62193098
62136669
61617190
62122750
61641383
62234116
62069967
62176590
62151932
61648176
61624207
62335342
62164332
62060745
62316969
61633070
60394899
60163833
60356387
60485352
60197556
59735462
60684928
60665461
60147655
61376051
60383526
59716226
60562495
61401458
60133378
60369638
60056320
60328715
60119512
60345031
58249315
58237268
57457697
59687628
59107745
57408013
58280487
59709618
58265693
58836356
58293913
58862598
57460631
59100118
59649766
59346254
57346808
58292415
58242460
57381732
56309853
56754844
56943526
56399472
56751204
56389027
57261110
57278023
56459886
56375094
56416641
57241239
56420805
56762716
57292473
56740923
56357097
56774984
57249390
56441277
56285836
55975962
56301123
56268598
56259105
55836096
56250258
55777749
56272627
56243926
55937104
55808979
55784248
55941910
55827936
55763608
55748669
55738459
55947791
55793382
54105326
54061086
54124416
55442059
55416594
55120512
55454212
54920468
54933029
55539383
55389015
53991049
54143070
54156196
55472287
54652611
54090342
55488137
55516673
53976834
53962177
53608907
53951081
53521507
53493604
53634037
53207536
53136596
53963949
53586808
53508497
53110203
53538417
53193472
53651111
53480963
53121951
53230964
53707582
53672789
52549229
52839859
52862300
52959104
52819879
52526519
52974892
53086251
52878372
52723966
52765459
52743976
53102580
53083038
52730760
53097396
52789752
52739231
52734018
52715343
52016119
52369217
52394843
52167219
52413849
52501879
52429387
52144242
52053991
52066915
52027031
52133504
52444889
52404994
52074419
52021403
52037980
52382404
52032109
52388903
