1190253304
1195193678
1195082919
1190132783
1195721286
1197275568
1195422860
1191068669
1194748533
1196959247
1194580562
1189014743
1193276973
1197502215
1197424777
1193135570
1197052508
1195559594
1191019853
1195600574
1183833965
1182523696
1182586287
1179168508
1176340464
1188972105
1185319260
1182303473
1178171310
1181338055
1177108620
1180325820
1185115773
1182395487
1183806789
1185485690
1180520454
1178563499
1184964497
1179429053
1165015436
1165565579
1166773815
1164774001
1166915070
1174296265
1176094755
1173879695
1165154218
1165220746
1173971468
1174380751
1163627736
1164904822
1175213609
1174182884
1176006258
1176234989
1174081660
1166649212
1160125941
1162434416
1160387262
1159675918
1162523235
1162139143
1161285976
1160305884
1163321523
1161415595
1163392431
1158888692
1161368210
1162234963
1163546716
1162354652
1163443693
1159718665
1160188795
1160059878
1148118279
1148074086
1149882248
1147956947
1158111749
1153317305
1152518001
1149743910
1145684899
1150677112
1148287415
1152403518
1150625453
1148205994
1152743202
1150184142
1150149443
1148354576
1157398674
1148003924
1143374425
1139008811
1136195600
1141245416
1133859355
1133749464
1136174861
1134708110
1143418986
1141198749
1139096119
1145524771
1136364311
1136249617
1143271826
1139114678
1134863395
1136283977
1133800123
1133524739
1126309796
1123188910
1116192992
1115803582
1123727323
1123341178
1114753960
1123924446
1129015966
1124174220
1114944709
1126350920
1123137556
1126829812
1129068217
1116322935
1126260938
1126597727
1126679444
1128953423
1109091272
1112209887
1109848341
1113329131
1113175286
1114154682
1109637236
1109989272
1113864861
1109206001
1114071011
1113992220
1107533939
1109318784
1112115660
1109747669
1107733555
1109428515
1109881349
1111967092
1101906827
1102837948
1107380080
1105000229
1105190404
1107098177
1102032059
1102274018
1100492000
1100243003
1107176671
1106910983
1099841684
1107294559
1105143005
1100568258
1102142495
1105226690
1100358527
1098365942
1096151850
1095892546
1095733627
1094010157
1095808457
1094243921
1092129057
1092011327
1096193362
1098241261
1096026213
1093847642
1095107671
1095924685
1094081356
1093219385
1094147599
1093921838
1091979107
1092163482
1086960480
1084085593
1091855471
1089455381
1088303527
1089393661
1087069916
1089682788
1086637939
1088692129
1086467432
1085172453
1085128452
1085095534
1089295974
1088498989
1083151697
1091781969
1091042017
1089508322
1075836892
1077357780
1079094138
1082794868
1079122729
1077236878
1081027283
1080234655
1080963991
1083035900
1083116616
1076340494
1076197895
1080665668
1082438227
1076426069
1082129576
1080803299
1077434250
1075983159
1067907401
1067494162
1071896008
1071427162
1069772508
1069839096
1069558470
1071439927
1071042250
1067866678
1067625238
1075747107
1067213818
1072038878
1071305348
1069802533
1067830198
1069689797
1067788003
1067422535
1063794265
1058529089
1065415017
1058688841
1067124289
1058228981
1063751683
1058873948
1062897020
1065832526
1065785969
1065729451
1065818621
1065907569
1065689906
1066921536
1063178276
1058356555
1065318869
1063828456
1049710260
1054424981
1054064700
1056043677
1053345724
1050115557
1049015519
1049259285
1053745264
1056581864
1055873443
1054355674
1058087350
1056509688
1053198802
1050012697
1049829712
1049347460
1048924552
1053890714
1045938514
1047601947
1043046511
1042893534
1046003170
1038004017
1042703753
1040506765
1040640698
1037911761
1047326648
1047416916
1045601434
1045530085
1045454641
1045368555
1043145608
1040612543
1040102129
1047684604
1037193107
1035480972
1031366908
1035813284
1035280447
1035121305
1034052192
1033981511
1030284424
1037052741
1031546387
1031898571
1035670463
1032027051
1037330055
1034108972
1037812939
1033917230
1031697111
1030348109
1021233321
1024997866
1021760055
1027848629
1021723180
1021344067
1024854072
1025439003
1030195344
1025303820
1030104405
1017949468
1025195855
1025540052
1021684035
1023569684
1027714927
1017990476
1023594938
1028500719
1017227406
1017744895
1015647012
1013654666
1016829758
1015769777
1016738972
1013614381
1013362497
1016075727
1013123648
1013281180
1013699177
1017657143
1016665352
1012473826
1015854043
1012015402
1012964699
1012118080
1006831793
999381476
998618430
1005276533
1011069995
1008898255
999611341
1006952589
999227188
997223255
1008802178
1005344868
1011182225
1011056754
999051747
1006788721
1011095717
1008927684
1005421819
1006898450
987058405
988210603
987585582
994335514
994017983
993902916
987523957
987433001
996677394
993949099
987368539
989187113
994264963
994096603
989551440
989296272
996133466
994197600
989605771
987173612
978618049
978291685
973446670
973201228
980331707
985254819
977919889
985463984
976775749
985240844
973443345
976825554
976872600
973513529
973465797
985546528
985054421
980080186
973414503
981907272
971713737
969314871
969278529
969238544
966108310
966473317
969347929
966857345
966938205
966669443
969413732
973088007
971637456
966897712
971671362
964829393
966816694
969380702
966932319
971612699
962258342
964797990
962173509
962928984
961130724
957391429
959333785
961153459
961066427
962886434
964692778
957347344
962906454
962859681
959283711
959344733
959194086
962150405
964640586
961104012
950658400
948791597
946358968
948102700
946926736
946894602
946176690
955256269
957290977
955234659
955026182
955058639
955271196
948770905
946902608
950559202
955223703
954954022
954992332
955285150
945104909
945160605
944983330
942947739
943061099
942593567
940631921
943010397
942726907
945144402
944576226
942434616
940488177
944648364
940433229
940602471
945108597
943051930
942975634
945054770
934143432
940373782
934047223
933067795
927411176
935990769
931824247
938073611
939722110
938056713
936085366
931934981
935954050
936059532
935876914
934084392
935678110
937697531
937371184
933547928
915657640
918779429
927310792
926749194
924779927
927082204
921876773
917088985
917560967
917326123
924608339
925003962
918972900
917004476
917631512
918861227
921155147
926927129
917220658
924875808
907311785
906778382
915305733
910097928
907418035
911733453
910053091
909504996
907411888
910014395
909744259
905379715
910148358
906621787
907345750
915444728
915524499
911548874
909975738
908790718
899118441
898277285
903320342
895980331
903294386
901109944
905341403
899448209
905166134
903163195
904638208
903087523
904336278
905236913
898975183
898833368
899385132
905273044
901225118
905037546
895801277
889699953
889837361
884237623
884192463
895718013
891658593
895908311
884280861
888987487
884102497
885869189
885758958
891872666
891126345
888900170
892980573
893159814
888881717
893296462
877177625
874740515
881286607
879690574
879554861
874781622
877023854
874321045
877089342
882271391
876006747
879462411
874815140
884030055
881257829
874378458
873928672
882251482
874537557
879617434
869869034
870528711
871341420
868618451
868121285
867237743
873011480
871382296
872984081
869827963
868718532
868582460
872909511
869870802
868661549
868850892
870614527
868746738
872946263
871420918
864129876
866244252
866153320
864011275
863643317
866026474
861977032
861926683
864068591
863245072
864090896
864053862
858355656
863338020
866266382
863131949
862053714
860260781
859961268
863943240
851735272
858339421
850459992
850263830
856473787
854646384
854254288
853808357
854345675
856514754
858292747
852712863
854190011
854727319
854641042
850674644
856422671
854109829
852486096
852410522
847016441
845739131
846983099
845875032
845221262
841540515
845201395
848459040
841642467
841434772
843333839
841681296
841500166
848371397
847054572
848804282
844818128
848289261
844871863
845151725
835641147
836575190
837602447
841421641
840423153
835808159
841364862
837577116
834819012
841320551
839534035
834670406
839276823
835783312
836728893
835584276
839510997
837555521
835530077
840699240
830164696
830963016
832130955
830295132
830272236
828349646
832141064
831316616
828372335
829214181
833930634
833179318
830235829
830206975
832934524
833098353
832010677
829463445
827726957
830307843
822480569
824578988
819971310
821501225
823310238
822544440
822408873
824573331
821461658
822668703
823884759
819917721
819734042
825462221
822709904
824540160
823715785
823587950
823493290
822590624
816327542
814898919
818127261
815019674
814557006
816967316
813335540
817876429
814350539
814247935
817937228
817115893
814167362
814609212
819098470
818015659
815184881
817826444
816880390
819128986
808892204
810136760
811978480
810070682
813265347
812924503
809968791
812476125
810289293
810213484
809271310
808631028
810029313
808684993
808810858
810392090
808951052
810349292
812663226
812048989
804406457
804334547
806578451
803443590
802909835
806378407
805274718
806309865
805113124
804560716
803358913
803290762
803021047
806499843
804458954
806184226
805180986
804277621
807095630
804231126
800434049
800543304
799143145
800254441
800085120
798540767
798887255
798358682
798670757
800418063
799331828
800349804
799387724
798802517
798745926
798463753
798614341
800155154
798418517
802835546
795865869
797222670
797084165
795963216
798038028
798092451
796037872
797956550
796560457
796489188
798286337
796633575
796237661
796102254
796383275
798214572
797991843
795992668
798149402
787938599
782128869
787884551
778893590
786141466
782172624
779872314
784003886
782052385
783976940
779821946
779940403
779775027
786224336
786384176
783945146
782094899
778839009
786296208
786462212
782014375
776861060
778467689
773605329
774656792
774746691
778339409
775479571
778782857
775097056
776925342
775350629
777140936
773466251
775164136
776456600
775113672
775238088
773523160
774692037
777214443
769244255
773413911
771371738
765484066
772849202
773391669
771491152
764226041
772871211
764092139
769202774
767924063
772807637
764132523
771432987
765584336
769267548
764248239
767987721
772896588
758391372
762440314
758371370
762059002
754872264
754818142
758441436
762348211
762262040
762188633
763817982
758500201
754677285
762468375
754607044
762413398
763896424
754935114
764062465
763744502
753018951
754217965
747640526
754183748
751986419
745416306
745283242
746894367
747685926
754548268
746956872
745354794
753114143
753148282
751927245
747718726
754405339
754498619
753057895
753098038
741871304
738120746
743655600
743649709
741912297
738084886
736290489
736260728
743643130
738170107
736222753
736124312
744438738
743328858
738225680
743269892
738206393
736181683
743228118
744544599
734098880
733998233
733661984
730723429
729835920
729814478
730442524
729490656
729928385
730963892
730638239
729948480
729598083
733713492
731485086
729938258
736055178
730814097
730528927
735978604
728717895
727278648
729015221
728551426
729149358
728465743
727667800
728626650
727397631
728945975
727622143
727519160
728822616
727218446
727343177
727453446
727561160
729373375
729258100
727705603
725340441
726955699
726737142
725567334
723580124
725442004
725502280
726665699
725364192
726502535
718823159
726565664
727008724
726819141
723639228
727145684
726424786
726898773
722223778
725641741
717974013
717626032
718677641
717269874
715653574
717726068
717019418
715870137
715833765
715311026
715737861
715532076
717818416
718755665
715076434
717114895
717881710
715225681
715390371
715146978
705790389
713126409
712374738
713213427
707682475
706017344
703453454
707554095
713062432
710186908
710095191
703571421
706551019
715068455
707728679
706580009
715001084
706509167
706144674
707873543
703189769
699497563
703273177
698608041
700083939
700237277
699436556
702221070
703347251
698522287
702303362
699366198
700325280
703124430
702178811
699579912
699993390
699715673
699650008
702533261
694387229
694645838
694283102
692044224
690730355
685278012
696583426
686067609
685196365
692037052
691899753
690894510
696682327
696384345
695883508
686125483
686089508
694471149
695812306
691060985
685147907
683300315
683689782
681915018
680628125
683949082
680470817
683374616
680594467
684084787
682311594
680655595
682374982
683782650
682406682
682435463
681999237
684017244
683497569
680003044
677456941
677738476
678360536
679501763
673907671
674854986
673044372
672957965
678213665
676600099
672166440
677895646
679789578
673082562
677350933
674031928
678060154
673013730
673114867
672291324
666019961
671395395
666863251
671467180
671271894
670458683
669705939
667749440
671422250
668081784
665993939
669734050
668105866
671363010
672040807
670543347
669045179
669679481
667653086
666799386
658365062
654875605
665713159
654738421
654560051
664481887
658613029
658581166
654474946
661575925
653455783
658281560
653490762
664587723
652573573
665328851
665135978
654435949
659610947
661682896
649360798
649718161
649823684
649757651
650703838
651139186
650985352
650596123
649856499
651518240
649789994
651493081
649903550
650875422
649290554
651070334
652494170
649882316
651527750
649417142
644111599
643259036
648005989
643152956
648145043
644228877
642965757
648851535
644296647
649241409
646634953
643082284
643317704
646481325
644390926
646598404
646521801
646451642
644161318
644050278
642303827
640241945
640744197
642140663
640289409
642210777
641999132
641954466
642750509
642847504
641872172
641832208
641817913
642063311
640833199
640353649
642392793
641911364
640341286
640478566
635482920
640097574
636189611
637188218
633590256
640222987
633681973
635311151
633494582
638040814
640036480
637886079
636062406
637620547
635772748
636109802
633422172
640162845
637934646
637544497
632802955
631746775
629191292
628245133
631231157
631689395
630620086
632025177
630726602
630270183
629136932
629289257
630853066
632328896
633374350
632779037
632748866
630432003
628407413
628323269
624437529
627375202
626842877
626453178
625891003
624411884
625349513
625282081
624162807
626517150
625916934
625496351
625609594
624375430
625055285
625854185
625555346
626652918
626632144
624977599
623929573
622901078
622852475
624051092
624109821
622356355
620622980
620510258
622432256
622921455
619346094
622769307
622524495
623855950
623517946
619910776
620706450
623700752
623504844
619939984
614840795
612831006
613139584
614927742
617175983
614796705
614736999
613482217
613450404
613421985
613258812
619231757
617655120
614884076
612772906
612720820
618880534
614958544
615676374
617513863
611591469
610626374
611284863
612661405
611124108
611382728
610600669
610363820
611423235
611786780
612631781
611971156
611752604
611675812
612566043
611499274
611224892
611175553
608845323
612507364
602533598
602493292
603371584
603827348
603102059
604001648
601674217
602455216
601011397
603793989
608751471
603289425
604430187
603226998
603047878
602561553
601968926
602400956
603163907
601130357
597277442
599421057
598992168
599212851
600382989
600419731
599047413
600936052
598913868
599720250
598280944
598178830
598095808
600309443
600268594
599518615
600495474
599666680
599682781
600841581
595275129
595587392
591956767
592582114
593210743
591737947
595348458
596295309
594539867
591433046
591837762
597223488
596187902
596560817
593051940
590564615
594663476
591989056
594610092
596602149
585137563
589157786
584238283
584016852
590000424
589276772
586157646
589829041
588824256
589304318
586124885
590386847
586196252
585750944
588565109
586940102
586225188
585214730
590320439
585979261
582387177
578056332
580910356
583855639
580607270
580962960
580931242
578649091
583466195
578592115
580211682
583767201
578696490
583681095
582338656
581997669
583197856
583525976
581522530
578000025
576078780
575739960
577117214
577013702
576000847
572863684
576980968
577227076
573550689
572226934
575665991
577060851
572833262
572777142
572617013
577369186
577284234
576156290
577169291
576371885
568884612
569127128
567690540
571817869
569185958
568484949
567770549
570482575
572014524
569607667
570557230
568982133
570363600
570674232
568420315
567851676
568505228
569057014
568939455
571945899
565433628
567018954
566447650
565100019
565826647
566987770
566511412
565796464
565259463
565864402
565514095
564081178
567081398
566370068
563901784
567112369
565580729
563999328
565009632
565642279
559202529
562216616
559841899
562579167
561782411
560445981
559168153
563893511
558668369
562250678
560489690
558435090
561147076
559135149
561106711
558205722
561842052
563726671
563879092
559453597
555197769
556747455
557440203
557392254
556109391
556073327
555294127
556693547
555152773
556053659
556876382
556793819
556112996
557356976
558028094
554419569
554384490
557419900
556617767
557981195
549780240
551741094
554024267
551866509
549401042
549637335
554270255
553930180
549707073
550341149
551992589
549317936
553788344
551686460
549212979
550964932
554180392
551936161
551806177
549888197
549149461
546548622
549023604
545249266
543620285
545335827
546996571
543682617
546814277
547212421
549101646
547034286
547979328
548408676
546719198
546585641
545400275
543495943
543444382
547061054
542095833
541986791
542506940
538680953
542713054
540857776
542856183
542248493
542817089
542564732
541888412
539460099
541848380
541940199
542027823
542769898
542620042
540739737
539401749
542153784
533016951
532398631
534626858
538211167
533719777
538615658
538147408
533828714
533099916
538254912
534150636
536276985
534002197
533790361
534520069
536239192
532901939
534081596
533910812
532847823
532277973
532350814
530891426
529552458
532099876
529750504
531973646
532198331
532012057
532155467
530787378
528000457
532067195
529970416
529647693
527925840
527517707
528042591
530979546
529994161
526122036
523324617
525916574
524422939
522121398
526570237
527304911
527250881
523288633
520478897
526009621
527371944
526486395
526176911
525961391
521706793
527442783
523235138
524314813
521873805
517945737
517163905
517037613
518335802
517754954
519569318
519192450
518308787
520305181
518131808
517850386
519590277
518364090
518240420
518085662
516015051
520367538
518177954
517290574
518279009
514470154
502152549
514160527
514073618
514212814
504037834
508711356
507208129
515156392
515737314
514231543
514504978
512749098
508744287
515547019
501844003
515664437
512864092
508682322
515951187
501811586
500946554
498600825
501454836
496730073
501370685
500176011
497305610
500109730
498506682
498399845
497250545
497186605
496901096
497083747
498336753
497125814
498451101
501779521
499597148
492974010
491176330
492258684
493114211
493173181
492348589
492087377
492037484
491944223
491332396
493022540
492147295
492127684
491245679
493015389
492303617
492366914
496539301
496471696
492267708
488164902
488677154
486876971
490052011
489774875
489574847
488616307
486625240
490063764
489722775
489649073
489329063
487201260
489978495
489387768
488261139
490058756
489967202
487113468
487017417
483926031
486458840
485517631
484183546
483464484
486619608
483984047
486398083
485461862
486578787
483836771
483830580
486377510
485349374
483536538
485259085
486391993
485568782
486531110
483757867
482024202
480787090
480637191
482397488
481048448
480697824
483386532
483328413
482081616
481995777
480492362
480978780
480840918
482535186
482334664
482168156
480921620
480601539
482628925
480550074
479267599
478254247
478494647
478751346
479518541
479599417
479133077
478318114
479858131
479354460
479199793
479169829
479750194
479320418
478428970
479825300
479847716
479645944
479334635
479099965
475376494
475954634
478035943
477266579
475257911
478113561
478030086
475878400
477971798
477825241
474554660
477120687
478209019
477171714
475736217
475683102
475912531
477882284
475576094
475321725
470770413
470813000
472203419
474514007
474274755
472080638
471120241
470860863
472163454
470903623
471459967
472313089
472256260
471126147
470697679
474417933
474471068
474208089
470731750
471605583
470368403
467098882
467007650
467070149
469678580
468623636
467641211
470238292
470330478
468868048
470036754
467589796
468519826
467702595
470277777
470355720
468810534
470083446
468728931
467674725
463165342
466085768
465771822
466463434
466009112
465840396
463415961
466445681
465724149
466236108
463251436
462091002
466339692
466176034
463381327
466508302
462048898
463317104
466549919
462017607
461866604
458622975
461827295
457993901
459062095
461588452
461401078
458670723
458677953
461446931
461541998
457890549
461344847
458985937
458579953
458541082
461749154
458688301
461306852
459112980
452407682
455548007
456170182
457773371
457578409
457187577
457064290
455467305
455349196
452275569
455435089
457123272
452371339
452072874
455500981
451000315
457155316
455400829
457819856
452239178
445516617
450808424
449323134
447368377
446398018
446345758
446191774
445837624
447653547
450851243
446441649
447442652
450903135
446305421
446403508
446233698
445903466
450958027
446265032
445570997
444087216
443393586
445468504
445429702
445113656
445175013
445229765
443502416
443015809
443441433
445027160
444274491
445342289
444201805
445287010
444024803
443552503
445068418
443048361
444075404
437423132
442516848
441207164
442273063
437616621
437257589
441248186
440590486
437492290
441446159
440639460
440621153
442045211
440553431
442577174
440573712
440255042
441258041
440933123
441980413
436014160
436377693
435678652
432380295
431511700
436424643
435985869
436531924
436484042
436445605
432851746
435892919
435843083
432923701
436559146
436408180
432897737
431200327
431339500
431474250
431152693
428421263
428664783
429795079
428429836
430113405
429978455
428644570
425167311
429942750
429672400
429610551
428277951
429911758
430807244
430182191
428114544
426506896
430022109
430873550
418769691
417736344
417172187
420474963
418325304
417678819
417187368
417813287
417166739
422393295
421339394
421300321
418828718
417766956
417200761
418354550
417721663
419464099
419490344
421245170
415467206
417147493
416103906
412841110
412642054
412582977
416669435
412089502
416131335
415394037
415568510
412697570
415865536
416536340
415917517
415769388
412155720
415721153
416586517
416630265
411392225
411258886
409550124
411302293
409186955
410874847
410203514
409269684
411825764
411323426
410808055
410677311
410332654
409701819
409646633
412037224
409234398
411427210
411364053
411620414
408703324
407129659
407229185
408103885
408517535
408158568
409119226
408229815
408168098
407174941
407093121
408130034
407119875
408266352
407681261
407668677
408078025
408201609
409152589
408650931
406646376
406594899
406295066
405885568
405849190
407051150
405953644
405751964
407078554
406503519
404930393
405806309
406070795
406650440
406027474
405811335
404599705
404646022
406576862
404547237
403243950
403320888
403219718
403152465
403285744
403109145
404462104
404503003
403350441
403107116
403838991
404430710
404402408
404373773
402455277
403131252
402422419
402380209
403940586
403887484
399442837
398061545
401108273
401178620
401291045
401854013
402306439
398612614
396396871
402338271
402267994
401259606
401342089
400630720
399737181
402239537
400755380
399852947
401213249
401140473
390025293
396184540
393230693
393109318
388377513
396188182
396253256
396050183
396195853
394563291
395417607
393354855
393476318
393217920
389908446
389959981
394593230
394804354
394651436
394778347
388328032
383837488
386317236
386044268
384414183
384571610
382750313
386401004
382728549
388278553
384445415
384574985
383322996
384558682
383722339
383397468
383746609
382726540
386208615
386144542
378699645
381467741
379380601
380378046
379372148
379070677
381533448
379160890
378454169
378542725
380029816
378625002
380488817
379187173
380323593
380214178
379398654
379964276
380354865
382487035
375131251
376751859
375153360
374150103
377531579
377100891
376926668
376716656
374124360
376975551
376349520
375249712
376691731
377338575
375332569
377154173
375303578
375219353
378397633
377056616
372838057
370800661
368853677
368811281
374100304
373593033
372859568
372307749
372421601
369018501
372856064
370771412
369111399
373925758
373893995
372889146
374030146
374073820
372872726
370835851
364974496
363499826
364807889
366406774
363279199
364614724
367610916
365062485
365676595
366373383
367275126
366378994
363560494
363204052
363240620
363182763
365021217
367642947
364783597
363146100
363119554
361832685
361796322
359775171
362636356
360313948
359894300
359842166
359608043
360311004
361424009
359990233
362793505
361853045
361818619
359663946
361677537
362697508
360281715
359532714
358278325
357592644
357176240
357041832
354716289
357125371
358907412
354857300
355851758
354574271
358734552
354613877
354782352
357618359
354667844
356415380
356446995
354851724
358606778
356099319
352188274
353413598
353442976
349415157
352499460
350783859
350810634
348823939
348801254
353322778
353505012
353563527
352350333
350949833
349980125
350089404
349496771
350011832
353348271
352419156
346576622
345452997
346600143
348253490
345427113
345088294
344828705
346016006
344870209
345028498
344233298
346102892
345475576
344193826
348171303
347687651
343885150
345018221
343636861
345039199
340890394
341181103
342044852
339895990
341437601
340269277
341307270
342108420
340295700
339890258
341409499
341467583
339568905
343520049
341363537
340337212
340317683
341247665
343565110
340355676
338523016
336689527
336612043
336554995
338828669
336511293
336879607
337687447
338693085
338460288
338551922
337638396
337176665
338755305
338519515
337143920
338589454
338641105
338487773
336736122
336076755
333021778
332940147
331536592
332013562
336065389
331791745
330851888
332037307
331699978
333215508
332607244
331625220
333828981
333162463
331843828
330805001
335526420
336477050
333258566
329119844
330288988
327314511
328143582
329251068
329169787
329045445
330242081
330785931
329020360
327635831
327616944
327329383
323785830
329075720
328087872
329185075
325533739
323772967
323728641
322661689
323116764
321055910
323029817
321622383
320303832
321104998
320051618
320049422
322378066
320005405
323011255
323711308
322643032
321165031
323212226
319971108
318342973
323067021
323171206
316418990
314751808
314295702
316573834
317016857
315385984
314766902
317091778
316469628
314780651
314568346
316984321
315885659
318012685
315866800
314796833
314757740
315908069
317013359
315886929
314092729
314126784
312450355
307834043
308875766
308983963
309033211
307356063
306817803
308968527
310414014
307815143
310430355
307795018
314183501
308445417
307464227
311634334
309016615
309000538
305921047
304218858
302247610
302151868
304097672
305196203
304149115
302251152
306773646
305892933
305877659
305242723
304282755
302218040
304485125
305908336
304033230
302275054
305183496
306802434
300538628
299169145
298085628
298498912
299566290
298920712
302126163
298520428
298994864
300171636
298605406
298477239
299600996
298626765
298128879
298026931
299598398
299052194
299931759
299496701
295167914
295046707
297614242
297887125
297916960
297588366
296668322
297854388
297945885
297190629
296723811
297275433
296705793
296616539
296601769
294978628
297623412
296686851
297625016
297982195
293045998
294825403
292910403
291856566
293924806
294809393
292955435
294819637
292904847
294894664
291832481
293041089
291893836
294866880
294970337
293020389
293998139
290888547
292990170
291914268
289479021
286974827
287225910
289395605
290748074
290771801
290655762
287249849
287066023
287117189
287033168
286927558
289491591
289450918
287268537
285974826
290649753
285835683
290798284
288339489
276133828
283550558
283183006
281016037
280927401
283560262
283621540
276176546
283233715
283512074
277642272
283096115
280873558
283680064
283281572
283728776
280966194
283149999
276236619
277586441
270404989
270154480
272578671
272772133
270233896
270191598
272778508
270383241
270333059
270274578
272715599
276050747
272539209
270143450
272672575
272871166
272823706
276081571
276029058
272621386
269221350
269984031
269255175
269216044
269200572
269260265
268133741
270020343
268170534
268101558
269134191
269175642
270076972
269124816
268071721
270112345
268062909
268033704
269953224
269074424
264630100
259829317
266989310
267026217
264603156
264229642
260983713
267055793
261068330
260021766
259802736
259968571
259849763
268002701
266939079
259932550
264578794
266950443
261022026
264223205
258284290
259431133
259761004
258657564
258261536
258820740
258296543
259341675
258954027
258914764
258872053
258291201
259281028
258728066
258776476
258239036
259321815
258649569
258692918
259367427
257795334
254387994
256569232
257783337
254417971
254528828
257725785
254461004
258210797
254616564
254496667
256612017
257228076
253752881
257682761
257667597
256624371
254573996
253704890
254655827
250549264
251427522
253444616
253583024
250146725
253465376
249878331
250579232
251458242
250125357
249776390
253545532
253408808
250986057
253620628
253691069
253504638
253667927
251405080
249831664
247830229
249595828
247602234
248745105
249623861
249642944
247764878
247668869
249707395
247800057
249743167
248795896
249573977
248789593
248627749
247719544
248678320
248248493
248717289
247637638
246710658
246809412
246884321
246973679
246781845
246754184
246731975
246049899
246007247
245917558
246862583
246083988
246840129
245954890
246938914
245982477
246748025
246902487
246035919
245862638
244352096
244285579
244562387
244306145
245507068
244331923
245907374
244516685
244485103
244401641
243575857
244600109
245152368
245207052
245139553
245243919
244425025
244375127
244355109
244276867
243617945
238960917
243406569
241516414
239050957
241798823
239137768
243552696
243411174
243408076
243392165
243527278
243409890
240782440
239006691
243427036
240800351
239119657
243493036
241540000
238802290
238381146
238926870
238072078
237534218
238836363
237514853
238010467
237494983
238395072
237933254
237566324
238049491
237277868
238359726
237940331
238119133
237553632
238347697
238883486
230133338
231200318
231613433
236457543
236319927
236296567
236652515
237218148
237056190
236234807
235777185
230370178
236961247
230236111
231179156
230400957
236263790
230328431
230173006
234948973
227036221
226905012
226844446
230082162
227016717
227076682
227839778
226955249
228102950
229561249
227107831
226824387
227869186
226933792
227284480
226982603
226874172
229344191
226822185
228140344
223437463
224549495
223798478
223392960
223149661
224454465
224521344
226281682
224473646
223417139
223347850
223809806
224169409
224826300
224577974
226475401
226462154
224501213
224136905
223764451
223026893
222920275
222311739
222293810
221695142
223116361
222264741
222231743
223004387
222403318
222637723
222216567
221912931
222943798
223061488
222661032
222238831
222971050
222359387
222378870
220039559
219917181
219888249
219991784
220885221
221606581
220174782
220387067
219547075
221670167
220712583
220825429
220018655
220013609
219945632
220707228
219976408
219513191
220797718
219489953
217992990
217941854
217635089
219449280
217604151
217910583
218410551
217805452
219411431
218506072
218676791
217727115
218025796
218433002
218714521
218641353
218559878
218368335
218534409
218052595
216345487
217250155
216895083
216855553
217201614
216825526
215660224
216992161
216405629
216309461
215510294
215457298
217571301
215218200
215225849
216773623
217537468
215698104
215177856
216791876
213521505
213583106
214330689
213602579
212853113
212818651
213561804
214387131
213862998
214056573
212799581
213607349
213916516
214270953
213804982
213775843
213023516
213644984
213618061
214018371
211043839
210243015
211267020
212755536
211034244
210857002
210823248
211020123
210876354
212711795
212377212
212314017
210280762
210268778
210746881
212732635
210254443
210659745
211292873
211243831
206885249
206864095
209391014
209256568
207864754
209314032
209365648
209353165
207840901
206099493
209815471
209338529
208220579
209404474
206840455
209209746
207822751
209377963
208354442
207240535
204466984
203736103
205966444
203727392
204521426
203751523
203624768
205085636
206093129
205480462
204557856
203764325
205197283
205729251
205690079
203711517
206080534
204480229
203692710
203675572
202938041
202154564
201785097
202919899
202896633
202185061
202676050
201749672
202729091
202851800
201303019
202178866
202014118
202756457
202908852
202165338
202056193
201720822
202905960
202878684
201063654
200677150
200421024
201107668
201015365
201050479
200939410
200641953
199998474
200530232
200916423
200659504
200495316
201262337
200644350
200022767
200008496
200287535
200374049
201172057
199893895
199890434
199201453
199832517
199178240
199868913
199227003
198826221
198948340
199935918
199916752
198417810
198859443
199034317
198402261
198335917
199112379
199154087
199492035
198795581
197752572
197653576
196845605
196523091
196234853
197722521
197685108
196209217
196609484
196656107
196800213
197671480
196250560
197732054
197711341
196643076
197698979
197440742
198080256
197760397
194884963
195458644
196202736
196174648
196120824
195608868
194938573
195580076
195904132
194906472
195649783
195640355
194927282
195974595
195479029
195879889
194984346
196148781
195852807
195883080
194573814
191245002
191973254
192198360
194556234
194860373
191982850
191862404
191940831
193977206
191807705
192166962
191651036
193319890
194835877
194607204
194035956
191587904
191623138
191970352
189505002
191206628
187456910
187931503
191179491
190766115
187958487
188040299
187562036
187877592
187241737
187189013
187388136
188075209
187202934
187279354
188003767
187906032
187883701
187179676
186547341
185684955
185877272
186265325
186173008
185821855
186407014
186993725
187096990
186372354
185719914
186297017
186679361
186587967
187053250
186334938
186959832
186226266
186198930
186191320
184969519
184930659
185056609
185079056
185527665
185460575
184547893
185591335
184067819
184041687
185566033
184766353
185484780
184002142
183894029
184300997
184252469
184728994
184091510
185624936
183044112
183876933
182734914
183251821
183080088
182176142
183851812
183519190
183562924
182298224
183447988
183099040
183018185
183337927
183487501
183051476
182153527
182219542
182194572
183867587
182130569
180685414
180671074
180647442
182090189
181427549
181320722
181308051
182084552
181457154
181443550
180626820
181416969
181282981
180661693
181288409
181338279
181159370
181474835
182113353
177836162
179647602
176915910
179671362
177804373
179989679
177681417
180513404
176930024
177613489
180540391
179973245
177243054
180605713
179716953
176941633
177820928
179369776
179807941
179278118
176877119
176150631
176764870
175733199
175479345
175432280
175784119
175450413
176473997
176166131
175983097
176899062
175858841
176808282
176911405
175816985
176180602
175463270
176195114
175963267
174079975
175160210
174788733
174421849
174398460
175303929
175398775
173143410
175260982
174054563
174716114
173287010
174774734
174367440
173775985
174724167
174741474
173321028
174754865
173186104
172015007
172067189
171672647
171399031
172062060
171244520
171738346
171349954
172245576
170936401
173050089
171461217
170882962
172520847
172359519
172011033
171707635
172498223
171611266
171206079
169949209
169817111
170235131
170222204
169391092
169160622
168708196
170187055
170541825
170475816
170702265
170063943
169264394
169057848
169741162
169109955
169937070
169242478
169866623
170083212
166477695
167670115
168379112
166985613
166439254
167785736
168436416
168397081
166934713
167980215
168092898
168118021
167212506
167866007
168071492
168530721
168508838
167336623
167263156
166471163
166109725
164609418
164605881
166019471
166183717
166147583
166282873
165499029
166341276
166041709
166081530
165009550
164810083
164903056
164636454
165726458
164770606
164980856
165260897
165024200
163688669
163700705
163181347
163900800
163153218
163101956
163128369
164277368
164588569
164160605
163215688
163161167
163242385
164535879
164331737
163886027
163661202
164518134
164235243
164557728
161208006
161278169
161262957
161289505
160303661
160342728
160307815
162203603
161368447
160363279
161228576
160278041
159998180
159941935
161302314
161341086
161386615
161249931
160321990
160335205
158970188
158694307
158608177
158477698
157855356
159431109
157875060
159420323
159466250
158683335
159451981
158584141
159867137
157817725
159480987
157902116
157891748
157842581
156284234
159503300
153624464
155930505
154352533
154876023
156072332
154997195
154104625
154065960
154672895
154280928
154256878
154597427
154229762
154771748
155878162
155148886
155799161
155976541
156012978
154191429
150975223
149509554
149551896
152899546
149259621
150489324
152395008
151466037
149211257
151102751
153591236
149603286
150524331
149166535
149186680
150427312
152883557
150459844
152466991
152577951
148000712
148662879
148062751
148203168
148867476
148482932
148444245
147933713
147809475
148553673
147790814
149128215
148503097
148587970
148547570
148959626
148916388
148525647
147966792
147775587
147030886
146657498
146455071
146417478
146470269
147053222
146226863
147027305
146269240
146148324
147043747
145540548
146617196
146409321
146998292
146005448
146437147
146253254
147020673
146100301
145331355
145371745
144627296
145519338
144724749
144720373
144640962
144572546
144621565
144597668
145489714
144426772
145327122
144251173
144706245
145536225
144656839
144565777
144198861
144221064
143812606
143799589
143660884
143507978
140976426
143776611
143323131
143831462
142323587
143419568
143382860
142708085
143548526
142983820
143756512
143034575
140705996
140584268
143592055
143354155
139222250
140010565
140524859
139711616
139691399
139301299
140558353
140127144
139181132
140494652
140175056
140151733
139646501
139617932
139094932
140163115
139656440
139287573
140549547
140040768
138458804
138803986
138484984
138249221
138375957
138409564
138141526
139058151
138839341
138968544
138524741
138538501
138505195
138160265
138052775
138026090
138564503
137997755
138586031
139013008
137162697
137602341
137216000
135637320
135788918
137645332
137514114
137298977
137623877
136006836
135560835
137122433
135680305
135935890
135664467
135112649
135739879
135174209
137558274
137239449
135088943
132595885
132766929
132513899
133736727
133951763
132333895
135028736
133476521
133432665
133696684
133528202
132864188
133880430
132361484
132466959
133632303
132971732
134532954
132543305
131942532
131025774
130933495
131462934
132306754
130787439
131969337
131153588
131434032
131639721
130886350
130920213
131573204
131418059
131451645
131163610
131763196
131498511
131603398
131105563
130751278
130602950
129985509
129830940
129720664
130653848
129325472
129942414
130584980
130557306
130135965
130038688
130781220
130680670
130711627
130119722
130080437
129869624
129784639
129743053
128562684
129272340
127772623
129199214
127220417
127493510
127395368
128652468
128017112
128901741
128618124
128933179
129245432
128966787
129279781
129041800
128873906
127451474
129127924
129005388
125696748
127013551
126771742
125783908
125165119
125997776
127145228
125880329
125662967
126729984
126795100
125832580
126895129
126859440
126820261
127063622
126070134
126931695
126707328
125719485
124210961
124150657
124491748
124403084
124336273
124954411
124310836
124631933
124185245
125112499
124237137
124121709
124939474
124137706
125081176
125012312
124353179
124977644
125137277
124584986
123313366
123788672
123520647
123244181
122484920
123826034
123263143
124079311
124049855
123224094
123564408
123588177
123222059
123274256
124109778
123472717
123335534
124067079
123294178
123436385
122456267
121088353
122165788
122366911
120417159
121123249
120513847
122266572
122075835
122293161
121356726
121351501
122422027
120629942
120585269
122268420
122111518
121294971
120493503
122347605
118990564
118632158
120161496
119850380
118647529
119429093
119070967
118602256
120205014
120130666
120305138
119399494
118587179
118615090
120265897
119406395
119322262
119107548
119345978
119027367
118511736
117016718
116282912
116946029
118228409
117029825
117315737
117861849
117865034
117851842
117832973
117427895
117099394
117057241
116301694
117773002
117085835
117349180
117324666
116243755
116058481
115985660
115933264
115884244
114701568
116144187
115772073
115732588
115347701
114731755
114678022
115063653
116093231
115856965
115015032
115329540
116020413
114903677
114844673
114784651
113553210
113881714
114369985
113070649
113931834
112814634
112790850
113148517
114015662
113602057
113986175
113912214
113482975
114290022
113110539
113579441
113189046
114321683
113273596
113858589
111947012
112711175
112762753
112629076
112492996
112283386
112553446
112307484
112392359
112217475
112683011
111768525
111820907
112366309
111972098
112337179
112259903
111869352
112786095
112239835
111046387
110172322
111737966
111515463
110530239
110124823
111382353
109830939
111018795
111425757
111487871
111397299
111013406
111131682
109875020
111598040
109964845
111534552
111441896
111466203
108109386
109741987
108944356
109207993
108554545
109653899
108903315
108634337
108683470
109794171
109577064
109070070
108875248
108575480
108807308
108533906
108608994
109696287
108184855
109610456
105925489
107509203
106697249
106283384
106724655
108026689
107689067
107537006
105963167
105893823
106703415
105933332
107730269
107182869
107767679
107850161
108075338
107972829
107801784
106744416
105879922
105168796
105151605
104721191
105340753
105273055
105212344
104508705
104490358
104441792
103914779
103574545
105196050
104407931
102419063
104546688
103302171
103252603
102700091
105300655
102120808
101455338
101932533
101554794
101527076
101355981
101954018
102371986
101363169
102032644
101969645
101439532
101892620
101414183
101402647
101497061
101469289
102013491
101639720
101910463
99493305
101268920
101150845
101186016
100005566
101033934
100190906
99930648
99519322
99948644
100138919
100215808
101115394
100162419
101229903
99992946
99475865
101209876
100230468
100033214
96325935
99429393
99330518
99262927
96847829
96300279
99399865
98496403
97049982
96265400
97248916
96806060
99455660
97708751
95754136
97746957
97316511
98530070
97232330
97760942
95711272
94905608
95625280
93543461
95694121
93973241
95723824
95739557
95591091
95559751
95084830
95100832
95634620
94963397
94912916
94895485
93877533
93556766
93498322
93539186
93391463
92099356
92611254
91520042
92128772
93363388
92029126
92021075
91528099
91156918
92567336
91084523
91500715
91400930
90008278
92068671
92592500
91295148
93426050
92212043
88079286
89338780
88122211
88448679
89601946
87915018
89942373
88475743
87998501
87988996
88105813
88642890
89900114
89631489
88684553
88427378
89971410
88698869
88723727
88499550
87308874
87157604
87530849
87184533
87107716
87406235
87385900
87526056
87893187
87433675
87367708
87088996
87831368
87720856
87236392
87873718
87519229
87498712
87472020
87051655
86590568
86836799
86443325
86388983
86121548
85910545
85886335
85856413
85834142
86386121
86427852
86789651
86823283
86078995
86503960
85996915
86018808
87035441
86459194
86526692
84856462
84650786
85320435
84545009
85159307
84896318
84431703
85208171
85351302
84709857
85188595
84469029
84503023
84097283
85124340
84582840
84912378
84615945
85443861
84877867
81910384
81478487
81951396
81873504
83906284
83622487
83859600
81308608
83823115
83933033
82484103
83118595
82924262
83683992
83151058
83093107
81976104
82878066
80885365
84038246
80850065
80315592
80636765
80725119
80760410
80700954
80340703
80105466
80053068
80083687
80297266
80644136
80669716
80126090
80068895
80286509
78116882
80390137
80813534
80881464
76246668
77496863
76262065
76235644
75782571
75762249
75469060
75465585
75770858
75743798
76781863
77553419
76812781
76760028
78059118
76203552
77527948
76271580
75794015
76771305
75029720
74900612
74252911
75146984
74235959
74092184
74072399
75057556
74063222
74048540
75158782
75092863
75177514
75140295
74962606
75011232
74040573
75110470
74865251
75437981
73255734
73553543
73286911
73775473
73821009
73249091
73600125
72892134
73831356
74022607
73620577
73525208
73272825
72947382
74007188
73543845
72856424
73264735
73535970
73568144
72601846
72153189
72187724
72140404
72649692
72759244
72842732
72736311
72746972
72706034
72784279
72696681
72678934
72800645
72632695
72162356
72830330
72380245
72818494
72723107
71860401
71184173
70694004
71118363
71797216
71483251
71377335
71341570
71496181
70594580
71077511
70786302
70652030
71211080
71160630
70631053
71826475
71207660
71204898
70774799
70549900
70375068
70022438
70364279
69786214
69745106
70416589
70565015
70490221
69273821
69306682
69288269
69279583
70034670
69731375
69963290
70384755
69756863
69742636
69804381
66419969
68488024
66627232
66402661
68918349
69239917
66336383
69120153
68194326
66464107
66479703
69259097
66379042
68960655
66366630
68171310
66439933
66550442
66355534
68225766
65919474
65949889
66012789
65937558
65682541
65566880
65555921
65542944
65165597
66334371
65985107
65581931
65963930
65911449
65703368
65931617
65601279
65127910
65529919
65810023
64405392
64332304
64310997
64381248
64986626
64169872
65088428
64701639
64255230
64349082
65096612
64424440
64226294
64681931
64734567
65118584
64383825
64371167
63901731
64981895
63256258
63073454
63889495
63786453
63581177
63160878
63288106
63195569
63031506
63718574
63009443
62844979
63829738
63317166
63304855
63236303
63855104
63545242
63767559
63208503
61659289
61724999
61848464
61677337
61784865
61890381
62172955
61803276
62804683
61673099
62141126
61713002
61701453
61631360
61647667
62662150
62159370
62564103
62578637
62149119
60742700
60664331
61338306
60646258
61376460
60944982
60616642
60625642
61260273
61382873
60758548
61316404
60715087
60325261
61527742
60303953
60934779
60214655
60956120
60777460
59561770
59846994
59679446
59415904
60183856
60035474
59642760
59368797
59575676
59589244
59403735
59387352
59353188
59577988
59564694
60027414
59615070
59602572
59457023
59769064
58611955
59150460
59240681
58544200
59218329
59232786
58562122
59193240
58899960
59182768
58715839
59112056
58827570
58703383
58620164
59203955
59164178
59255758
58918871
59172888
57429798
57882751
58457095
57602399
58487810
58082164
57982664
57585040
57699873
58172776
57898404
57931903
57963338
58162889
58514075
58078644
57916098
58389352
57866640
57444201
56617339
56794430
56823386
57172277
56844829
57350670
56774684
56914842
57364251
57181126
56783506
56965957
57161664
57000905
57415764
56604716
56981141
56803368
56899831
56931474
56112214
56473968
56086893
55973571
56549429
56349529
56145322
55992302
55914807
56127276
56507294
56526070
56395531
56582570
56328857
56159600
56141094
55957528
55942819
56446623
55456204
55480321
55561253
55377410
55864005
55776524
55268266
55803976
55421143
55392448
55279435
55357773
55407185
55255096
55341256
55900201
55880678
55435287
55524507
55793102
54987614
55018265
54685249
54744058
54198063
54869984
54767848
55097141
55063437
54306328
55006151
54576018
54302707
54213959
54854274
54789275
54269122
54598440
54844560
54964883
53177688
52985704
53243413
53382961
53235773
53197928
52950899
52794287
52835170
53169914
52861690
53295091
52811233
52928366
52823406
53368975
53022229
53159861
52908088
52778848
52455154
51898347
52158901
52499543
52764201
52749146
52520995
52208548
52427196
52273603
52120354
52100421
52109169
52446796
52628362
52567774
52640743
52435092
52133149
52184384
51683826
51853267
51360236
51279806
51253154
51701483
51265285
51215178
51180771
51658496
51791394
51776175
51740706
51713354
51207131
51197563
51728548
51188464
51186747
51770632
50784963
51133976
50852490
51153114
50942316
50901265
50893241
50809119
50912379
50858074
51122346
50824274
50803715
50793398
50841411
50924459
51170441
51162589
50851518
50833173
50456021
50519292
50215625
50490002
50472848
50136134
50188473
50524514
50536445
50480666
50372575
50695529
50409632
50438164
50268724
50419079
50260616
50224955
50550605
50746716
50086405
49840254
49865970
50105872
49803394
49989561
49922197
49782927
49697465
49962388
49790761
49771122
49983959
49950014
49938738
49898143
49829136
49707319
49968140
49777958
48795228
48784572
48635078
49225671
49534707
49650818
49564196
49667431
49209921
48808953
48695618
48702283
49355769
49369025
49616830
49552867
48667208
48659605
49378045
49680590
48524741
47538753
48608693
48522659
45855370
48547237
47788673
48490500
48341078
45823669
47545790
48506552
45872333
46043050
48499201
47824212
45834475
48536908
48513221
47812577
45360121
45707659
45761494
45673497
45575396
45817508
44557765
45787608
45811301
44566330
45346552
44382364
45113211
45110743
45779778
45767369
45774165
44561659
44367114
45099071
43918574
43652167
43884554
43351907
42926991
43179911
43666290
43961811
43124542
44028632
43291942
43091774
42935447
43487945
43112209
44258673
43970429
43751902
43644100
43504013
42773615
42267128
42210944
42250723
42408097
42184788
42234187
42170896
42914220
42223787
42160461
42446608
42771597
42420876
42897281
42432174
42146014
42195936
42491357
42721958
41757299
41961458
41937086
42037370
41926748
41720837
41771453
41662225
41651203
41677121
41666740
41915072
41711705
42137093
42029729
42018374
41782024
41703687
42043359
41987148
41477206
41446474
41554148
41434221
41534417
41301571
41191346
41511350
41182736
41255795
41564431
41431253
41270075
41234964
41484336
41544511
41202074
41172774
41158167
41417977
40939810
40732555
40728947
40730620
40881465
40952499
41014883
40962739
40921423
40671684
40698351
40930905
40913138
40692684
40904091
41033649
40893630
40867590
40880440
40860415
40448091
40424058
40208481
40342573
40570162
40197413
40169481
40353821
40410735
40329524
40369987
40183768
40310519
40577332
40393915
40604484
40357370
40560800
40617339
40459596
39592669
39944896
40130761
39643725
39585846
39579541
39970707
39630864
38953774
39653982
39585210
40066716
39831325
39620943
38985421
39718238
39956885
39884053
38961405
38974735
38478990
38387665
38663616
38737252
38439892
38401303
38658505
38490912
38470871
38714871
38730523
38759927
38522861
38459580
38452123
38946657
38512565
38647260
38943676
38640143
38138631
38260463
37956330
37703518
37696129
37672545
38132625
38236442
37870925
37864462
38145638
37887454
37716714
37857904
38285342
37970566
38251240
37979447
38268849
37882658
37275529
37330096
37467345
37520657
37304708
37260898
37508165
37615566
37617229
37559622
37492059
37359379
37239502
37288142
37545607
37339910
37458969
37479565
37314490
37249163
36879298
37126200
37061258
36912994
37068331
37111992
37082036
36951624
36929095
36852409
37142283
37139443
37223574
36919416
37238021
37089514
37092942
36887226
37099371
36940825
36824525
36711826
36614466
36595273
36588206
36579151
36526361
36534248
36518084
36607624
36550480
36840103
36568346
36491790
36780226
36795713
36737074
36745911
36845888
36810207
36019914
36310694
36242383
36348736
36337015
36301627
36289859
36273282
36231308
36223468
36061072
35990783
36037960
36478666
36328908
36008396
36258302
36320197
35891678
36342029
35869523
35625269
35637807
35863046
35826542
35542455
35608203
35805449
35877479
35778755
35645016
35857460
35505903
35484783
35636805
35616161
35760976
35883697
35848671
35886213
35225220
35254896
35278231
35166311
35132486
35152554
35037338
35144533
35094864
35203634
35140465
35284451
35184044
35161547
35054773
35246377
35190065
35133495
35213547
35004703
34865384
34669720
34821749
34610479
34649980
34707867
34659702
34556655
34783450
34762605
34873332
34753686
34838639
34725992
34575504
34541881
34714297
34388009
34654377
34596636
33635787
34015017
34358414
34175168
34306321
34366688
34070008
33628170
34119488
33967265
34289522
33895621
34059339
34025812
34382872
34298581
34169172
34050205
33876953
33992611
33031026
32918477
32928324
33367083
33313942
33179233
32951313
33328650
33349676
33378668
33140910
33041187
32959485
33526358
33396801
33128026
33335345
33294565
32958058
33172720
32730479
32499168
32490624
32592405
32484230
32859108
32478409
32462875
32238375
32700497
32838479
32466942
32872099
32870279
32232584
32716087
32585379
32605749
32908339
32876792
31731703
31757632
32159906
31638260
31799194
31940972
31738231
31952124
32143134
31872214
31724372
32185714
32219588
32117324
32164119
31512760
32176269
31839590
32212392
31628794
31216783
31164334
31427951
31379994
31418322
31276104
31482773
31496738
31180796
31244464
31033173
31447930
31460264
31267153
31234279
31019921
31462189
31251311
31146077
31205769
30479064
30597527
30691037
30970545
30703647
30677857
30666195
30662395
30437227
30510854
30982845
30980770
30918134
30196618
31008221
30938434
30798724
30663642
30505915
30414133
29723556
29953279
30155509
30020483
29990483
29980164
29929430
29853531
30161760
30183377
30014523
29975235
30172531
29961574
29734223
29863657
30009066
30033866
29967703
29938849
29523844
29311581
29577897
29629233
29573009
29358709
29305160
29236214
29218832
29296032
29395663
29227223
29413544
29330671
29321458
29563635
29537469
29515754
29511428
29348402
28599027
28503305
28823606
28952193
28607818
29062740
29097257
28818523
29083970
28491384
28657215
28811658
29053449
28961085
28573209
28566441
28636440
28482678
28834219
28625384
28317535
28280519
28380081
28411015
28321805
28310028
28165639
28406118
28444382
28159812
28143002
28149847
28138036
28395671
28417475
28434827
28388645
28335020
28296821
28329690
27937773
28101962
27940606
27913080
27927656
28118490
27902754
27971326
27905040
28110845
27816909
27803126
27947520
28126363
27920354
28131070
27807566
28121330
27933724
27977529
27482181
27567588
27445613
27511797
27732631
27544252
27750828
27746667
27738248
27520669
27757054
27790666
27797361
27462899
27585844
27742307
27576457
27529628
27496602
27488263
27112984
27271646
27090874
27099044
26881134
27306683
26902585
26906466
26806077
26720946
27006593
26892833
27311313
26815172
27283621
27016512
27300033
27248227
26895850
27317485
26430022
26667572
26423136
26611064
26708939
26714921
26438835
26446784
26415987
26637588
26700040
26464195
26401491
26678710
26480058
26456192
26386652
26657880
26631165
26498621
26174587
26112863
26266301
26082146
26076362
25886815
26189281
26103265
26371681
26009610
26230699
26369189
26198233
26280023
26238565
26380523
26167859
26107338
26363060
26038087
23888389
25473853
24319102
24166627
24170677
24161541
24183622
25467563
25491020
25822638
24177818
24145813
24254758
23993201
25877741
23805174
25403210
25871127
25800809
24069021
23785038
23798504
23189824
23703109
23699175
23500643
23071141
23294271
22972410
23306944
23570830
23115025
23584280
23287219
23720965
23196921
23092178
23523078
22965396
23080906
22859969
22863725
22806056
22540766
22430529
22364295
22879557
22872958
22778867
22378500
22383072
22279004
22531566
22709410
22552233
22940578
22355902
22372686
22798898
22701759
21898888
21849851
21577848
21894146
21659572
21985003
22179320
21680626
21663963
21992452
21669971
22074922
22079647
21900127
21702662
22016360
22010229
21908443
21999676
21745278
21357771
21217126
21343819
21260799
21400915
21208287
21556984
21525728
21353038
21269867
21547194
21563903
21534846
21397739
21276484
21237936
21265307
21223722
21232437
21515921
20706315
20688972
20853762
20670128
21125134
20716245
20697859
21200829
21042659
20694385
20718421
20684586
20758790
20955961
21193940
20947100
20825854
20728325
20838824
20711051
20532087
20259888
20547653
20453815
20435130
20309774
20251430
20469006
20589195
20372383
20665151
20463205
20240905
20597599
20542630
20311811
20316191
20468071
20556972
20458649
19785490
20091058
19858778
19791328
19954310
19780707
20119935
19772696
19852540
19934954
20115814
20024561
19930300
19866798
20067588
19957578
19951618
19887704
20033558
19948785
19555309
19482448
19539413
19544438
19721478
19486304
19710867
19711772
19693812
19715511
19628921
19589186
19698832
19620237
19665305
19448811
19758312
19677727
19752986
19454333
19413578
19388918
19187917
19332052
19400171
19311940
19275792
19157132
19124781
19319519
19268930
19185523
19118398
19175176
19407357
19193683
19165911
19025278
19150957
19160940
18868511
18804012
18719795
18798912
18969327
18737835
18991172
19011316
18954589
18905627
18734294
18818022
19007086
18724905
19019360
18885241
18981319
18729103
18962312
18973487
18613234
18530821
18550340
18462083
18344945
18382729
18364333
18373843
18618817
18546367
18491573
18519406
18484302
18692074
18469423
18455536
18686224
18449878
18352449
18539547
18116811
18051385
18201741
18221761
18238673
18319839
18104956
18313325
18326566
18228461
18221027
18093180
18063388
18256978
18053031
18252721
18251351
18211234
18056508
18270190
17807064
17801802
17959061
17919745
18042403
17825538
17928885
17904124
17985111
18051931
17952566
17798127
17914644
18032790
17892873
17981831
17967355
17830380
17812927
17819027
17536495
17528818
17550125
17678773
17692268
17671085
17780709
17710890
17553447
17601683
17612591
17627879
17782039
17619184
17608549
17704860
17701135
17635053
17777335
17787582
17349606
17341959
17486175
17477555
17370865
17195510
17249884
17206167
17323646
17522594
17246468
17189509
17357858
17242683
17447066
17365155
17436141
17331005
17201871
17373951
17121319
17187247
17095016
17076005
17008370
16999462
16974013
16955531
16884005
16963557
17012262
16942182
17132112
17097965
16979214
17080914
16947000
16863667
17127632
16968405
16762440
16752127
16553169
16818001
16758494
16466130
16823068
16489550
16470593
16834798
16843171
16856269
16767592
16681404
16604253
16674694
16754714
16670074
16608384
16838075
16402864
16447352
16310143
16347509
16240225
16357743
16237989
16428840
16341251
16237273
16435772
16212295
16441373
16406198
16460226
16454560
16326044
16339445
16303363
16316525
16059132
16185620
16188168
16180122
15956623
15797215
16200696
16081285
16048006
16191368
15788081
16052394
16205092
15804916
16104527
16207531
16068906
15962256
16074733
16099598
15755799
15627543
15738438
15733032
15728376
15648757
15604532
15724064
15577590
15491559
15779901
15632143
15713860
15762374
15562995
15618066
15570714
15581973
15596025
15568701
14643355
14690428
15220663
14720585
15442957
15344772
15400327
15348341
15303589
15482403
15295054
14707637
14651496
14736951
15435873
14712998
14660144
15469450
14669057
14636056
14167636
14063686
14193306
14007153
14184312
14159367
14176803
13851306
13843008
14056752
14213826
14077949
14207682
14289335
14021487
14151586
14201279
14163812
14155460
14044252
13834213
13837538
13744835
13748730
13680970
13750622
13829760
13738446
13691047
13683515
13669270
13725422
13749789
13751488
13685386
13703920
13719418
13823339
13746840
13747631
13508373
13493150
13318088
13457386
13478574
13475216
13518686
13469356
13558122
13535864
13551126
13498156
13566845
13485152
13388731
13318988
13463864
13653879
13541289
13451462
13168943
13034815
13006894
13171417
13274630
13128289
13136179
13213285
13015675
12999881
13157039
13183123
13174489
13117814
13007182
13168068
13007787
13005695
13205711
13149539
12832907
12890863
12733723
12826367
12819551
12724357
12750886
12835595
12875612
12744081
12756901
12865671
12703413
12896649
12714667
12698640
12815831
12852149
12847200
12841125
12601988
12538040
12604923
12692415
12680537
12584062
12573705
12560667
12549454
12516653
12502472
12581921
12495672
12485566
12689989
12565687
12510298
12528796
12603764
12490020
12292460
11992621
12416644
12090183
12083332
11985469
12202161
12158976
12190003
12144884
12130847
12299755
12214767
12175045
12005737
11975037
12208763
12398198
11968403
11980179
11947635
11839895
11820240
11793833
11810074
11955653
11847949
11794268
11923238
11927541
11921187
11934262
11809256
11814373
11942771
11799189
11830250
11815509
11795330
11810859
11642059
11644551
11635622
11714347
11549287
11703277
11664563
11682649
11709981
11692158
11657636
11653382
11647597
11566708
11785972
11554995
11550531
11673029
11774894
11677464
11532283
11267005
11422082
11525294
11368054
11358001
11501517
11506215
11511964
11522376
11351360
11547070
11408013
11494108
11498268
11394074
11378022
11398433
11373227
11340680
11087011
11041045
11033736
11024455
11052272
10920082
11056051
11252579
10926823
10910472
10854685
10876561
10805484
11171716
11069050
11014522
10880019
11010984
10936553
11046699
10569093
10641620
10691150
10637149
10673833
10656702
10663145
10545195
10729121
10732295
10653803
10585751
10778869
10680590
10579749
10559338
10792217
10649844
10551489
10787008
10322216
10339258
10423115
10527510
10534505
10418212
10343960
10318508
10541367
10325701
10331937
10320783
10461858
10329282
10454633
10524028
10529929
10435829
10409998
10429425
10080179
10297413
10152183
10199167
10158627
10056533
10219523
10075604
10278066
10293125
10315902
10282030
10211534
10214222
10153551
10069435
10287210
10137995
10162762
10141194
9897582
9938443
10045948
10029041
9838557
9796501
9910428
10022205
9830131
9819250
9903603
9826244
9919017
10041882
9928548
9811997
9941115
9924509
9913603
10035411
9325277
9716121
9679522
9599956
9584088
9554552
9705956
9573381
9593277
9677164
9565469
9784720
9725214
9606070
9792665
9695983
9672860
9687184
9577821
9392749
9177224
9185507
9283598
9258231
9250448
9145473
9293620
9142014
9158672
9304199
9318085
9276923
9254133
9168153
9150960
9134766
9124243
9189422
9180672
9139228
8892242
9026980
9116863
9019900
9016850
8930213
8917537
8921365
9044249
8840430
9121519
8935413
8896920
8905507
8909100
9061262
8902350
8938600
9044423
9038798
8588231
8830521
8704318
8818533
8807694
8803998
8672109
8794673
8730600
8594982
8661850
8790011
8839258
8679598
8721636
8699046
8814448
8582915
8687387
8709829
8461793
8401917
8403038
8410841
8577107
8416388
8316594
8524169
8457373
8562820
8446235
8435095
8528574
8566899
8569354
8518760
8452669
8559064
8540318
8428746
8313413
8217437
8287012
8293101
8274147
8268616
8227046
8270207
8182879
8059638
8056012
8296480
8280706
8190453
8193178
8180010
8188542
8127708
8134268
8202748
8036967
7937122
7877303
7774825
7930481
8029060
8032241
8023801
7970660
7940394
7925661
8030711
7869531
7829703
7959897
7955795
7932492
7820341
7770545
8034149
7648720
7594826
7533559
7647488
7610036
7650330
7507403
7598616
7667550
7645379
7744252
7530381
7658540
7588938
7663117
7747809
7749012
7653613
7586237
7536306
7351727
7278272
7392932
7360595
7206895
7362535
7311262
7197435
7265282
7306540
7212115
7285812
7291178
7268779
7386416
7261315
7296368
7383217
7215562
7302483
7036471
7018305
7097848
7017568
7109060
7040510
7097572
7016158
7118811
7125335
7050191
7187964
7029618
7023179
7019939
7033792
7184589
7102223
7046477
7096569
6745827
6807522
6811902
6796270
6738847
6890538
6876796
6871153
6899722
6790968
6935131
6803572
6874329
6823804
6967312
6885530
6897258
6933943
6799547
6867509
6630356
6723105
6705287
6659272
6709352
6656375
6644851
6725355
6703125
6642076
6713823
6732516
6651831
6711343
6636578
6627406
6624469
6639227
6663303
6718719
6565205
6571708
6549611
6567214
6503898
6552307
6621725
6581064
6617443
6578890
6575579
6567990
6551031
6508943
6555700
6546959
6554307
6619228
6513393
6557336
6474164
6381016
6427728
6372049
6425701
6492798
6384088
6366833
6359694
6497383
6429625
6357589
6376848
6369799
6361787
6423310
6387274
6419198
6431497
6422599
6206847
6242813
6285199
6210724
6320782
6150148
6346154
6317216
6320468
6214582
6249826
6145152
6232590
6223302
6239639
6165755
6228233
6154935
6159084
6325761
6118883
6093690
6000843
6133890
6064163
6059867
6009142
6086402
6078220
6057140
6014521
5995426
6066397
6137738
6025229
6090601
6071679
6117312
6053295
6003440
5877905
5936744
5874668
5932318
5867321
5987340
5986405
5989036
5919718
5991091
5947164
5881288
5870298
5864678
5957037
5953278
5884656
5859178
5930061
5894411
5731158
5724028
5810451
5705174
5856427
5699131
5787141
5778793
5807730
5753807
5713565
5727590
5716362
5702099
5694880
5719981
5803652
5789411
5812835
5748331
5590406
5497155
5506569
5495237
5605347
5599408
5512329
5635451
5611512
5607270
5526100
5517882
5592660
5595734
5647147
5639255
5626476
5500466
5622414
5522583
5430488
5452118
5425311
5433131
5436032
5425470
5492603
5399507
5442601
5428927
5425636
5445228
5434509
5453934
5456447
5449680
5448570
5459889
5437725
5431983
5384792
5379053
5380458
5339387
5324582
5383152
5393412
5387095
5339284
5372830
5321996
5375124
5377641
5328231
5396824
5342878
5346562
5331805
5316314
5350612
5285856
5203839
5166808
5242629
5240516
5206421
5187769
5180182
5207077
5170277
5279587
5235702
5245616
5254273
5263524
5312316
5238470
5199105
5192374
5272739
4935220
5135433
5023300
4983267
4964551
4973415
5062449
4962799
4980929
5026107
5164743
4953693
5108669
4968139
4957482
4930651
5093884
5100361
5110644
5132437
4755441
4782721
4925045
4921633
4795253
4758201
4857627
4905453
4829362
4848720
4785451
4839606
4776673
4834808
4764087
4852108
4915816
4907831
4875172
4843956
4562774
4685260
4608455
4750940
4697242
4605626
4702289
4636298
4677178
4700376
4674914
4680128
4597257
4752863
4682584
4606907
4748646
4610858
4598658
4566500
4552108
4427120
4465796
4497113
4415774
4412656
4431738
4477049
4502166
4474887
4493434
4533304
4548672
4499234
4479521
4472780
4535682
4540404
4538235
4468977
4336502
4352002
4241635
4356112
4243558
4334833
4328381
4261272
4358750
4407444
4342393
4366602
4339321
4277363
4249178
4235814
4238882
4284614
4404259
4266033
4007769
4031020
4164019
4010778
3962629
4195187
4149720
4016730
4014609
3976766
3955070
4175859
4012336
3957910
3974741
4071622
4160530
3977801
3959212
4190711
3950180
3898595
3953689
3775585
3771728
3760216
3703706
3861623
3905996
3765454
3924764
3894903
3953872
3765254
3754861
3915208
3922502
3904585
3912072
3767141
3608872
3681638
3587014
3583604
3581112
3658839
3597690
3595104
3701035
3663164
3653135
3591492
3611971
3670931
3654911
3598786
3676992
3592886
3601653
3660437
3551618
3464767
3520137
3462771
3474531
3461510
3447014
3555258
3427282
3372155
3579699
3521612
3509517
3397556
3535993
3534535
3513690
3511493
3476442
3557377
3155593
3172884
3215372
3139417
3362910
3204371
3358638
3317465
3328858
3141995
3326413
3288067
3229968
3290269
3154204
3320442
3172433
3365052
3323439
3211117
3112471
3139061
3102610
3057621
3088903
3110746
3100175
3116230
3105853
3091059
3086233
3064849
3067122
3110830
3103645
3084544
3095933
3114404
3062486
3088138
3006954
2990429
2944400
3008269
2995415
3040934
2989159
2991473
3043908
2947472
3051924
3010972
2942366
2998576
2992730
3035427
3038406
3033638
3003630
3009160
2870038
2939275
2796511
2785105
2786486
2906347
2897727
2884561
2894330
2887498
2809529
2915529
2801620
2794883
2779302
2705637
2911562
2788617
2891426
2749984
2592109
2576046
2628566
2554250
2703156
2635164
2633632
2631663
2581022
2579027
2577244
2554830
2553831
2555106
2556446
2555916
2535288
2575160
2648164
2555459
2479806
2476500
2448232
2444496
2437763
2503928
2505403
2438760
2500789
2495252
2496548
2491598
2442155
2507583
2493722
2489239
2482285
2486910
2498976
2485041
2377807
2432677
2368791
2421506
2396677
2387074
2426367
2431290
2424101
2435058
2379444
2396919
2389508
2429435
2427729
2397192
2395667
2392123
2425044
2380840
2256183
2260621
2342625
2307133
2259126
2331077
2337233
2366782
2327307
2273599
2271648
2332137
2335737
2328124
2277318
2338084
2266300
2263691
2258110
2309030
2197690
2223097
2200851
2199011
2149899
2145437
2252327
2202295
2147074
2170889
2172755
2144773
2220623
2203941
2221563
2250684
2142659
2218916
2216515
2225282
2042151
2107429
2020125
2025397
2141256
2105452
2042497
2084574
2040620
2079184
2028999
2017547
2042294
2014032
2138912
2042749
2080705
2033838
2023360
2022491
2000611
1997262
1933557
1955232
1909254
1995233
1951679
1937344
1900530
1952668
2010909
1948920
1899023
2006799
1934890
1941082
1934807
1934725
1902100
2003688
1879054
1858563
1898117
1822684
1853076
1857191
1874488
1883158
1856397
1855688
1851961
1872184
1825259
1800226
1798873
1877530
1821868
1896466
1838807
1869858
1738607
1690391
1688698
1702864
1706638
1662250
1665334
1731382
1726537
1715422
1721944
1667042
1710343
1735839
1703961
1797949
1729810
1732762
1718294
1661565
1639675
1561104
1659065
1651484
1629780
1645405
1657077
1569713
1562500
1655687
1600001
1636362
1644732
1632614
1556290
1610651
1613122
1661056
1590577
1649523
1320589
1549927
1376651
1553496
1544111
1393856
1399628
1381272
1323558
707879
684158
1547562
1386055
752744
727469
1394295
721879
1397604
1541479
1047233
649230
569679
565799
608498
666009
664068
650839
634642
357276
640652
561503
661214
478338
393960
662988
633083
667164
573347
562847
356059
317124
352763
314243
297372
318920
260616
266299
316542
265622
279787
312181
296505
264609
333480
295016
263810
260131
354864
262495
329697
247479
227469
226142
232241
211754
234155
211333
204466
225771
242581
232903
227151
258610
248615
215307
248072
259745
249096
226288
205554
202541
145160
104012
145206
200564
157026
203821
103134
168213
104804
105941
201942
168779
168514
200242
156566
187420
144795
145406
198884
94239
101057
91859
96872
98416
101147
94493
94245
92254
98430
96810
96001
96229
95792
95675
100802
96834
95533
91806
100891
87455
77380
71534
71275
66880
88807
87627
87417
91471
91565
87731
87517
91455
71723
87855
71405
70735
71617
70592
88754
37087
42186
42852
61180
37131
38125
38663
64231
42912
38720
63809
42807
40209
40139
38796
64352
64304
61514
66715
37685
35622
35539
31841
35349
36013
36290
31444
35100
35752
31216
36106
31669
37059
34949
35866
34848
35202
31519
31770
35941
28388
27000
26968
29733
30268
27084
26742
28340
30578
30198
26805
30189
30001
29937
30494
27176
30529
27707
27135
26868
24889
26368
25738
24863
25059
24841
25291
25764
26235
25700
25941
26400
24934
24997
24248
26311
25879
25129
25231
25898
23350
23635
23852
23193
24152
22368
22201
23171
23880
23750
22335
22260
23691
22316
23245
24078
22248
23602
23208
22214
