1191068669
1191019853
1190253304
1190132783
1189014743
1188972105
1185485690
1185319260
1185115773
1184964497
1183833965
1183806789
1182586287
1182523696
1182395487
1182303473
1181338055
1180520454
1180325820
1179429053
1179168508
1178563499
1178171310
1177108620
1176340464
1176234989
1176094755
1176006258
1175213609
1174380751
1174296265
1174182884
1174081660
1173971468
1173879695
1166915070
1166773815
1166649212
1165565579
1165220746
1165154218
1165015436
1164904822
1164774001
1163627736
1163546716
1163443693
1163392431
1163321523
1162523235
1162434416
1162354652
1162234963
1162139143
1161415595
1161368210
1161285976
1160387262
1160305884
1160188795
1160125941
1160059878
1159718665
1159675918
1158888692
1158111749
1157398674
1153317305
1152743202
1150677112
1150625453
1150184142
1150149443
1148354576
1148287415
1148205994
1148118279
1148074086
1148003924
1147956947
1145684899
1145524771
1143418986
1143374425
1143271826
1141245416
1141198749
1139114678
1139096119
1139008811
1136364311
1136283977
1136249617
1136195600
1136174861
1134863395
1134708110
1133859355
1133800123
1133749464
1133524739
1129068217
1129015966
1128953423
1126829812
1126679444
1126597727
1126350920
1126309796
1126260938
1124174220
1123924446
1123727323
1123341178
1123188910
1123137556
1116322935
1116192992
1115803582
1114944709
1114753960
1114154682
1114071011
1113992220
1113175286
1112209887
1112115660
1111967092
1109989272
1109881349
1109848341
1109747669
1109637236
1107733555
1107533939
1105226690
1105190404
1105143005
1102837948
1100568258
1100492000
1100358527
1100243003
1099841684
1098365942
1098241261
1096193362
1096151850
1096026213
1094243921
1094147599
1094081356
1094010157
1093921838
1093847642
1092163482
1092129057
1092011327
1091979107
1091855471
1091781969
1089682788
1089508322
1089455381
1089393661
1089295974
1088303527
1087069916
1085172453
1085128452
1085095534
1083151697
1083116616
1083035900
1082794868
1081027283
1080963991
1080803299
1080665668
1079122729
1079094138
1077434250
1077357780
1077236878
1072038878
1071896008
1071439927
1071305348
1071042250
1069839096
1069802533
1069772508
1069689797
1069558470
1067907401
1067866678
1067830198
1067788003
1067625238
1067494162
1067422535
1066921536
1065832526
1065818621
1065785969
1065729451
1065689906
1063828456
1063794265
1063751683
1063178276
1062897020
1053198802
1050115557
1049347460
1049259285
1049015519
1048924552
1047684604
1047601947
1047416916
1047326648
1045601434
1045530085
1045454641
1045368555
1040102129
1037812939
1037052741
1035121305
1034108972
1034052192
1033981511
1033917230
1031366908
1030348109
1030284424
1030195344
1030104405
1028500719
1027848629
1027714927
1023594938
1023569684
1021760055
1021723180
1021684035
1017990476
1017949468
1017227406
1016829758
1016738972
1016665352
1016075727
1015647012
1013699177
1013654666
1013614381
1012473826
1012118080
1012015402
1011182225
1011095717
1011069995
1011056754
1008927684
1008898255
1008802178
1006952589
1006898450
1006831793
1006788721
1005421819
1005344868
1005276533
994335514
994264963
994197600
994096603
994017983
993949099
988210603
987585582
987523957
987433001
987368539
987173612
987058405
985546528
985463984
985254819
985240844
985054421
976872600
976825554
976775749
973513529
973465797
973446670
973414503
971713737
971671362
971637456
971612699
969413732
969380702
969347929
969314871
969278529
969238544
966938205
966897712
966857345
966816694
966669443
964829393
964797990
964692778
964640586
962928984
962906454
962886434
962859681
962173509
962150405
961153459
961130724
961104012
961066427
959344733
959333785
959283711
959194086
957391429
957347344
957290977
955285150
955271196
955256269
955234659
955223703
955058639
955026182
954992332
954954022
950658400
950559202
948791597
948770905
948102700
946926736
946902608
946894602
946358968
946176690
945160605
945144402
945108597
945104909
945054770
944983330
943061099
943051930
943010397
942975634
942947739
940631921
940602471
940488177
940433229
940373782
938073611
936085366
936059532
935990769
935954050
935876914
934143432
934084392
934047223
933067795
927411176
927310792
927082204
926927129
926749194
925003962
924875808
924779927
924608339
921876773
921155147
917631512
917560967
917326123
917220658
917088985
917004476
915657640
915524499
915444728
915305733
910148358
910097928
910053091
910014395
909975738
908790718
907418035
907411888
907345750
907311785
905379715
905341403
904336278
903320342
903294386
899448209
899385132
898277285
895980331
895908311
895801277
895718013
888987487
888900170
888881717
884280861
884237623
884192463
882271391
882251482
881286607
881257829
879690574
879617434
879554861
879462411
877177625
877023854
876006747
874815140
874781622
874740515
874537557
873928672
873011480
872984081
872946263
872909511
871420918
871382296
871341420
870614527
870528711
869870802
869827963
868850892
868746738
868661549
868618451
868582460
868121285
867237743
866266382
866244252
866153320
866026474
864129876
864090896
864068591
864053862
864011275
863943240
863131949
862053714
861977032
861926683
860260781
858355656
858339421
858292747
856514754
856473787
856422671
854727319
854646384
853808357
852712863
851735272
850674644
848804282
847016441
846983099
845875032
845739131
845221262
845201395
845151725
843333839
1191273823
1191222579
1191196632
1191164686
1191035924
1190352427
1189179167
1189132386
1189087636
1185767708
1185675121
1185543044
1184033921
1183980916
1183766732
1181642491
1181571800
1181505186
1181469272
1175710321
1174509899
1174247746
1174071308
1172989298
1172918043
1172766731
1170341357
1170246150
1169082878
1168958622
1168247947
1167584062
1167345183
1165729528
1165582594
1165514045
1165447043
1165235521
1165007952
1163914632
1163738083
1163522860
1163490188
1163452696
1163379299
1163307029
1163054191
1161781810
1161739064
1161681594
1161629256
1161587692
1161547968
1160731491
1160611382
1160515519
1160304936
1159571815
1159532866
1159497722
1157543356
1157448376
1152976974
1150123394
1149138756
1148009388
1143401903
1143384093
1143346042
1142286071
1142161932
1138861907
1128902998
1123984590
1123924446
1123593042
1121360558
1118708518
1116182234
1113631105
1112048779
1110980078
1109846107
1107520281
1106625881
1106497693
1105059449
1104852567
1101708773
1098778800
1091933614
1091840644
1091720495
1091606377
1090869243
1087066295
1083488901
1082294892
1081707255
1081632701
1079121574
1079095676
1079065366
1079024838
1078384763
1078243766
1078116779
1077098484
1075572066
1075433877
1071807244
1071650934
1066917129
1053195638
1049486852
1047355861
1047211305
1047112563
1047038734
1046892562
1046772621
1045599395
1045363535
1040179248
1040036596
1038086986
1037809957
1037720559
1037027458
1035120824
1034169250
1034108972
1034052192
1033981511
1033917230
1032254794
1031366908
1023995632
1022832163
1022692441
1022587635
1022498600
1022395684
1022332372
1021763454
1021730451
1017883769
1009659062
994442440
994335514
994264963
994197600
994096603
994017983
993949099
985715182
982950383
982709358
982617926
982495110
982296875
982173052
980853782
980752756
976986156
976919015
976851357
976822320
976754279
960980756
957367762
957340005
957290628
957235605
946358968
946176690
935173034
927411176
927310792
927082204
926927129
925003962
924875808
924779927
924608339
921876773
917631512
917560967
917326123
917220658
917088985
917004476
915657640
915524499
915444728
915305733
890683814
889304013
889195321
889107343
888987487
888900170
864952613
864847846
864041694
864003369
863963275
863923512
863864799
858344702
858321848
858214364
855543054
855431641
855383920
851365763
851284931
844344041
839431192
837535200
834923293
834674911
833817333
832171728
830313510
830280701
829498242
829363027
827601998
826559754
826505001
824554939
822722672
822689623
822643016
821980771
821705800
820851312
819096537
818127261
818061739
817975645
817890397
817316862
817268544
816279600
816220179
810404163
810312098
809565751
809539977
809481106
806861945
806159716
806117719
806067970
805697063
805647560
804872014
804808784
804682166
804609754
803867000
803797550
803234295
803130997
802814687
801877408
801831246
800857535
800724153
800468019
799698379
799272969
795875613
795858353
795794289
794945959
794815120
794727742
793836932
793796187
792738304
792579422
791745055
785757681
785718452
783845247
781900447
781865502
781169759
781104673
780986084
780093502
779561842
779276194
775563838
774783576
774121423
774001859
773903022
772892977
771015876
770899398
770772741
770712136
770646338
769279522
764216784
764176121
762349657
762292773
760530156
759877122
757630540
752665854
751227272
749324049
744257319
743563066
743510666
742395687
740727108
740661480
738017003
737946126
737859710
735039419
734934510
734210785
734158864
733434222
733342415
733184229
730826543
730689030
730611049
730502928
730427443
728282621
728191166
724726576
724102049
724081021
724050751
724018398
723089318
722315972
722288771
722263823
720300483
720254469
720229514
718240881
718205115
718173582
718146311
716358671
716328842
716283129
715362780
715278857
714374861
714335137
714286484
713352405
713268815
712474566
712448828
712424428
712156249
710584442
710563029
710534326
710507255
710477619
709533159
709410005
709347946
709273184
708625377
705349077
705266172
705203591
705103992
703443467
703375949
702955017
702882589
702831897
702786695
701818431
701458429
700735246
700713019
700683703
700666629
700603269
698698794
698657659
696860067
696818759
696781967
696738897
696670703
695776759
694886719
694857416
686545148
683141291
681401058
681313139
679382733
677336656
675656506
675592492
675515195
675338155
672452598
672359049
669823935
669792498
669718419
669135576
665410181
665319747
663189365
663109547
662893698
662825052
662742878
662702645
659423705
659370522
659299285
658790187
658768349
658742344
658212695
657836326
656174799
654748742
654642402
653489835
652433702
652348817
652245901
651541570
649451824
632355633
632279109
632218993
632140569
632088430
632020364
631946660
631865491
629368386
629295764
629148652
629073035
626861773
623921492
623851390
622319900
622241782
622150979
622089020
622017740
614859358
614803669
613989645
613924298
612976540
612926711
612824826
612752612
612706734
610630821
610612406
604718308
604653175
604602319
604551297
604008662
601820024
601614657
600570764
599219477
592609828
592539578
592490206
592441320
591457771
590062217
589925750
589862907
589827673
589777500
589294120
