1188623086
1195165327
1188014961
1190665109
1189623063
1188294946
1197655197
1199114824
1190413255
1185807432
1199272483
1190268728
1187897737
1197468805
1197577819
1194971200
1186087049
1190539832
1195039847
1188190394
1181193858
1180950547
1181284875
1179994376
1176957968
1180708910
1184961106
1180860576
1182830566
1176868453
1177116693
1181071305
1180190673
1185108272
1182995316
1176794308
1182687681
1180073562
1185645513
1177034414
1172496320
1171822593
1168760749
1167693515
1163449522
1163498035
1163283492
1168646465
1167803876
1172381297
1169580233
1164852819
1167485331
1169440065
1172622007
1164941116
1171925363
1161386262
1167355155
1164740161
1158547489
1156412938
1161271456
1159270348
1158332309
1158063571
1159423629
1156318505
1160690616
1155056310
1159036164
1159459986
1160419542
1160593694
1159375216
1159181140
1158865218
1158159089
1156683112
1156585565
1154319512
1144732911
1154858140
1154738134
1147133827
1151535155
1152403518
1152518001
1146839288
1145115308
1146656937
1154480250
1154110987
1151748018
1151188883
1151347076
1150811297
1147576130
1144765351
1154947767
1142018037
1132194246
1138168034
1141914301
1140877920
1139843311
1138415710
1135693668
1137405359
1140690395
1140586875
1132845154
1132948295
1142157370
1138309067
1140446490
1144577418
1139728200
1140777143
1134507322
1123459025
1123252328
1120951047
1122518407
1126169325
1127178251
1119758321
1128103676
1121209602
1124960051
1127510185
1123391047
1127092182
1118511245
1123612665
1125874525
1122672637
1128252788
1122422865
1118292105
1117255388
1112981747
1113864861
1111747763
1117152739
1111812293
1110380736
1104458265
1113988664
1113481060
1111153362
1111498827
1115480741
1110454922
1109546527
1109470160
1104807922
1111315340
1108811201
1111638353
1096691242
1099866623
1103605961
1099310540
1104082538
1101934137
1101770504
1100218557
1095815538
1097565422
1102020896
1100857384
1097685514
1099943762
1100043062
1099496923
1096874167
1095873630
1100147939
1102119039
1092532651
1094856349
1091706385
1091609828
1088334558
1091927657
1095330190
1095436845
1094929435
1088468183
1089064718
1095762877
1091801064
1095535918
1093395219
1092474676
1091858531
1090975660
1093503607
1090904196
1086837845
1084856030
1085948456
1084715138
1086732635
1084489567
1080390118
1086099288
1088087658
1084242144
1076692596
1084620572
1086272948
1078076195
1088184021
1078195542
1084799918
1082719706
1078861456
1078786798
1065453828
1065243406
1066569578
1063563596
1068525753
1068665402
1065482732
1067399675
1063468681
1069073868
1064552706
1076565193
1066668825
1063449020
1066847997
1065112524
1063414624
1067271449
1064658914
1069224868
1053537720
1056380236
1055648781
1063042834
1053890714
1053745264
1063331001
1062713528
1049925953
1055325167
1054064700
1055481657
1053087995
1052173886
1050018976
1062938015
1053231521
1052121039
1056276718
1062810661
1042272887
1048995593
1044900845
1045435489
1040411780
1047416916
1040500922
1047503387
1047326648
1045240369
1047622408
1042077125
1047186346
1041852131
1045059011
1040568643
1049515796
1042891163
1043065451
1049341036
1032455282
1033778740
1035670463
1033585020
1039340736
1033866881
1033404550
1037333143
1032197017
1032003828
1035813284
1032110073
1039946582
1039505663
1036082151
1032384324
1035256101
1039797412
1035984043
1035156252
1025381779
1023370285
1025214319
1021532030
1022897536
1023010122
1027736727
1025118781
1021584525
1031882079
1021196650
1023278669
1021095275
1031493487
1023443943
1027593931
1023126180
1019786481
1021288518
1021383568
1013188373
1015989986
1008424396
1015938389
1006602605
1013608420
1013497241
1013377236
1013029525
1010897018
1006441356
1015865337
1010969349
1019262383
1006727494
1008738101
1019712809
1006305574
1008668519
1008519426
1004078584
1005737591
1000530846
1002600446
1005506059
1003648004
1003684320
1005413022
1002533495
1000460083
1001396762
1000308686
1000226003
1005659524
1006126579
1004432839
1001493755
999982656
1000063720
1004521828
986758007
989095802
994952297
991196870
993012508
997852913
996722977
991307105
997406229
987433707
994757048
999864237
991444156
987305983
987179118
987644059
997949274
992871898
997520835
997649416
979007753
985057514
978807208
976058563
984678694
985486425
973278654
985180585
978273280
978909928
973003459
976275943
982177127
978602008
974488868
984537148
985659747
976151390
973327079
986660127
964583309
954648134
967883472
964311423
958193210
958290397
956858794
954737202
964120222
953488653
965886953
954143193
972855072
966585813
966316122
964656442
970119059
972174902
966191843
966496343
940201437
925415539
940058149
946101230
925574123
931678500
939912486
933811420
939128956
931803655
952468580
948342478
953327179
935867523
948453344
946265313
948197381
924648039
953414563
924088814
917976311
907058476
904244364
903214053
921342872
907146304
903102496
917100822
908344603
904638208
911997102
909523648
913826585
906765117
923728699
904346437
923951478
921530645
909614535
918763309
887943609
898421140
894330769
888996022
887527461
898533647
893159814
902226251
889837361
898247139
898311639
902561635
891430458
889407716
894127161
887850053
893296462
892980573
887645496
902698184
876898517
879202325
878245309
880719198
885735312
883834135
879232371
881312311
883401892
879219261
876308958
881488675
878158878
876820084
885843652
887249597
879400197
878423105
883275034
883613697
876144350
873509566
873435742
874492904
872683219
867041732
874295289
873469152
869267386
873974938
872825668
869110602
869374143
866850532
874201839
866972295
874403304
874292812
872590955
865120339
855521583
864986028
858906348
855313633
855443946
851437934
851365826
862771956
858846730
851291261
863338020
864926977
863501951
858972177
850649341
849474630
862700515
863245072
849629529
862879742
836224860
834884803
834822515
845816831
842329609
849423100
836495016
834572877
836280537
842197996
849373938
847930221
847845441
847780505
844226743
844130386
836350531
834748722
832700016
844035736
831904041
832028445
825325052
832576085
829260536
829203699
829157036
829086043
827340098
825838936
820234071
819043007
831963691
829026893
827520935
832630677
827407548
825249690
823727996
820130154
817048342
818923871
812395208
815040772
808578370
817158697
813227712
812317619
808512984
815332272
814406239
808440349
808414787
812006682
814322500
808330171
815368066
814231198
817106980
812087647
796776966
802913088
806737830
802835546
806687703
803086406
797657666
796624060
798217855
796567008
806423373
806309837
798664419
798416948
796495221
796246269
798368486
798266812
802990992
797615262
792738266
791347560
792451692
790944205
792649204
791013515
790573474
794720004
792575603
790381389
790325414
794575850
791271841
790493499
790262564
788897232
793326274
794476168
794403441
793540355
786630556
786471732
782955889
782450227
788527506
786414832
781591332
781701441
781663333
782552560
786747336
787084921
788581610
782412418
782867796
781803616
782784630
787238275
780931513
781775543
778969972
774027958
775846301
779046997
779498109
777763141
774375376
773727993
771743636
780741088
777851275
774246393
773953257
780566758
775725644
775650981
775064989
773490121
774430640
779565082
769730269
770087921
768295259
768047844
767143419
768003707
769788322
770216067
770143454
768757581
768151869
769946525
768661049
768844611
769847680
768913025
768376146
768109436
769958894
770500054
766701812
766774797
766540906
763550713
764775165
763813093
766412986
767077611
765387986
766681651
766482585
766448022
765779017
764859494
764722554
763924625
766605833
763652626
763261355
765668893
762191607
762001274
761625007
761287641
759923062
757910488
762284542
754281645
761409136
759985703
758025305
754225395
758212393
760043741
759910540
759807777
754487970
763051325
754372758
762082421
746163734
750547749
750065233
752792247
745939995
749878495
750458061
750679604
752857097
746057689
746424765
743375002
743233473
749096956
750638582
746320373
744161616
745077095
743330102
749948489
738873531
739577927
741535011
736970198
733009162
737016793
731573227
737410486
739280766
741147121
742738267
741080930
738953828
731651583
732931161
738688328
733090709
731728564
738811220
741469902
729178065
728214987
727408317
726795166
726504903
725819751
726363980
726890633
729485573
731171009
726559659
728330093
728109116
729360973
731009459
730850834
727241135
726303874
730917398
727507196
724693105
719027977
723884683
724453519
722831980
724529053
725771763
722918697
718961885
725437897
724416574
725494942
719931857
723783013
723734142
722014387
718782537
725671371
717932521
723089318
715943126
714020160
716724329
711232434
717495739
711173308
716692382
717879335
715885604
717154924
715995599
716981248
716820397
716764476
716051285
710293405
717221378
717414229
716923850
713057232
699448978
710216926
707249320
699848233
700458176
698075614
705299107
700065648
707356250
698006364
704322352
701134162
700520323
699942840
699530366
702199397
702272075
699324797
704952611
705237473
695729188
696489585
693747792
696232516
693356950
688693374
692159551
688830296
692258101
693861726
693235741
692081143
688765427
696570864
688968464
695955626
693096923
689630060
688582839
696420679
687294241
685288635
685920922
685459818
688412190
688522481
687381464
687223111
688468355
687817376
685851269
685806309
685980441
688343544
686721506
687765196
687050586
687353728
685391302
685231030
679189429
682013207
682276164
680387707
682181487
680333298
679642341
679564976
676437788
672853768
672902458
674305061
679435785
681928520
678498488
680459960
679766877
672756714
679245611
676341742
653925848
647956333
646402555
648030743
644856606
644903115
646491684
649685500
646306103
649130222
644789647
649017861
644605709
644962810
650962344
649756364
647870997
646152149
646237362
645470136
644198608
642982457
642715636
644066400
642295115
644307438
644111817
643901473
642139061
642206522
641504025
642465338
641316014
643983224
643241463
642884760
642405224
642082804
643061361
641576478
640889144
640565797
639054348
638430202
637926606
639146629
641030315
641231317
638558618
640900284
638738765
638488238
639250254
640967036
640508072
640618601
640772913
638955239
640667517
638646253
637617746
635719619
635809511
634763407
635900603
636804593
637352145
637145449
634836316
637441510
637240889
634178153
637007394
635082267
636665465
637845268
637692344
637083324
637553270
634959001
628917279
627065639
627003801
630911204
628254412
633938042
628074140
630175947
628144910
630833943
629007214
630767088
630261526
627972938
633348122
633301976
628359358
633773998
634081872
633849616
626573490
624026815
623431836
626908991
625489121
626822278
623810820
623399009
626512043
626446545
625193235
623721025
625538821
623491746
626396817
626280856
625410686
626323578
623615226
623547312
620807275
622840875
620687861
620594013
622680805
621109741
620892088
619727784
620431586
621346602
620550106
620471258
622042187
621226019
622796884
621985494
620739692
622738623
621148732
622619466
619667941
610948882
615575239
617296090
617177166
615947234
611124108
610401333
611235821
611171771
615838482
609894671
611074451
617031134
610884214
610921681
616972603
610840686
609809080
617538392
606797207
604603593
607211269
606745192
607262706
605908344
604930307
607106673
605363786
605953661
605420177
606059731
604475598
604803581
604551297
606942997
606855740
607013080
605990101
604673145
600852866
604361485
604434957
603797090
603553760
600776003
601573859
601441148
601544149
601467397
603657103
601886751
601769497
603488280
601505887
600714926
603726024
601456635
602327994
601734711
598760181
598727934
598678703
600347140
599203253
600460523
598914079
599468656
598649720
598041092
599268832
600403814
599415703
598856672
599130151
598091506
600533957
599520824
600630379
599321051
591413971
591349180
590318260
590140799
594345570
594177670
591213605
598001910
590231944
590414654
590511703
589156395
590996950
597275071
592631985
593142664
590373449
588796739
597851869
592555551
588656319
584963491
588704921
587062196
583088563
583541730
581844813
580165944
583162986
581770885
581455606
580068709
588501090
583325756
586971531
585031631
585390245
582081180
581516115
581412616
579963900
579166830
579793521
577126561
578609852
579852078
579221658
578824322
576980949
577417585
577296556
577235836
575376056
577345117
579264166
577776677
577046873
579889131
578894872
575323036
570718465
574442292
570797585
570596869
570381197
575258042
574519022
572421933
572127928
575194852
571842059
571976726
568919463
568877252
570493677
571909482
572230496
568972657
570535001
572339509
560534699
568835604
566487778
566323689
566375087
566276407
560964922
560847478
560615852
562120719
563942082
559193232
566409790
559315769
561931757
561790309
561693817
560731539
559243568
563990240
554811310
553659209
558240656
556441670
556581267
555052991
556906471
556480324
555393529
555217402
555178726
555295167
558326126
554774336
554732203
556622200
554988827
554911936
556530063
553757615
551846231
551814477
553206901
550604912
551716695
550801029
550745799
553348139
550480206
552079415
552168711
552421332
551675444
553408516
551900908
550666070
553265256
551645013
550518162
552490708
546747625
545262160
543943792
544338153
549234569
548202418
550443745
550257961
548139721
547091909
546837560
545898133
547198484
545538642
546701801
550296764
545323034
544001227
549171100
549132895
541945211
542065022
538730113
542248493
543356588
537202503
539259740
539717125
542692892
539319975
537051844
536956976
542122909
541104199
539670066
542483656
537002298
541995958
543390453
537112335
536119156
533609683
533832775
527576886
527437801
533902152
526552527
522904827
534455446
532768446
534093538
532824903
534019772
533957984
534513672
526495669
526422378
536053251
527504176
533666734
517667884
522259180
522160321
520370744
519176730
520157489
520074203
520760573
521702230
522843393
520636207
520321911
518972581
520007110
517733284
521788586
522355461
518943104
522188913
519319063
506610728
503838811
505989875
500206942
510275035
516897596
510229698
509509041
503780080
503833001
508254409
517025666
517003943
508548227
504037834
517555798
514116258
508387385
508479441
506416294
493635145
489534318
498710620
494972443
494919470
493077623
496730272
495465540
500147630
495517488
496642180
496720470
489970964
489872665
498187545
498460462
498198637
493158148
498113070
495568994
482325715
486836545
488079569
488505770
486851010
486768583
483483652
483557344
489191757
489243668
489199035
488460122
483467255
483803865
482651324
482268343
488057165
488158609
482433079
483640767
480978541
479853722
480590713
480637191
480846088
480696120
479334739
479481249
479224964
479189434
480551351
479394723
480535472
479386179
480920637
481212467
480543986
481046625
479284567
479422606
478007288
472441202
471459967
471079988
477167011
470117165
479144557
470901038
470719197
477219428
471145472
470772957
470837948
478151146
478047426
477959434
477126512
474163455
472388993
478100515
462056129
462189188
469766457
469715896
458996550
462108277
463053017
464372375
463177143
463111402
464108640
457879401
464426592
464169691
462156491
459467609
464101601
459432335
458750555
470081875
457632055
457719742
457838563
456462130
457401358
456487756
456382428
455034256
457542956
454910654
454749610
456341344
456532618
454683712
454335127
457305457
454247394
457249759
456604508
454842379
454002412
450301509
452850533
454074293
451628395
451669965
451264400
451202952
450133780
454191530
450440583
453104282
453227078
452988076
451767268
450370538
451949598
449946444
452763250
453185285
446657655
437162316
446599782
443451341
437280399
443394985
442086022
442355724
441954346
449899962
445555407
437047836
440662520
447445059
442134384
442010396
445829225
447543244
442520535
445783885
433280461
435589787
435975350
432518091
436656292
434186577
436821430
436755963
436617648
435399401
436577437
434382197
434270398
436962867
436896671
435272851
434120380
435661603
436691536
435348522
428243373
430579297
429050861
432471177
431792686
432204839
431202666
430417430
428374747
428299984
431749315
430658172
430516765
429185467
428451470
432120461
429006405
431996432
429110441
431709852
427944367
426436468
427863413
427786718
426489955
426358950
426655056
426107204
425369037
425320375
427622148
426289372
426710072
426162921
426209065
425996236
423248823
426541098
427843367
426070049
420404106
419188861
418869758
422327534
418875139
420164027
422937263
417725855
419999634
419126826
419923560
420495551
422430394
418654891
420099783
420744468
417667020
417628742
418687401
420072746
415774370
416498791
416547886
416973130
417598769
415289477
415782920
415285475
416457261
415603799
415667763
416508095
415404001
414394093
415544660
414408017
414468150
414386886
415608909
415332311
410793668
412627289
412682086
410713437
413449872
407436419
411518171
407112333
411566962
411611288
407074533
413456488
410768676
407353901
412733510
411311514
409178521
409112300
411744635
407398443
404525572
402287695
404548228
406004938
405933050
401194465
401143527
403863322
399071741
403817103
404553359
401735247
403391058
403502772
404013439
405242746
401500096
401259041
399176511
405205720
398955161
394064464
395162888
396436101
396232832
392986038
394801021
395284619
395092516
393954743
398858930
393571077
395326218
396040261
396351182
394753061
394722614
399018919
396109341
393908181
392465193
392310414
391380841
391455155
390286676
390481655
390398567
390189045
392624985
392411290
390991777
390277710
392924865
392257315
391044201
391589272
390488126
390271889
392285713
392261175
390064080
384309446
388870380
388909181
388830010
389757865
388601314
390143117
388265615
388538256
387006794
384357823
389789624
389649079
386037711
389626831
386092712
384222914
388783257
389728963
379545896
384099190
384182149
379520318
376832893
375870874
376889167
384066190
383175172
383315036
378397633
378358061
381064743
382377195
375811677
383256126
384134543
384034139
381834639
376780909
370872244
374907127
373742565
374628758
370823110
372352333
370923759
374708711
375728057
371142683
370862974
374968288
368189117
373355449
371258218
373309811
374567052
371199746
375666700
371091014
360053224
363542588
365910630
366950561
363589426
357387206
353681175
357340271
362224325
362291998
363643606
360866228
361037230
358245354
356287087
354865166
352617000
357128019
366898479
352629434
348312767
351372145
346308750
344026956
349290115
344998743
344011268
348639030
344822287
348321792
348263738
345060993
343898497
346347781
345171183
348326134
344936832
351350417
343958495
343606141
340913596
340843919
343438016
341863355
342078362
340737261
339072615
343533208
343384132
342208579
342139085
341276015
341341879
341265853
343483277
340778224
340715819
341898220
342062782
341929156
334002495
338729818
336687935
335230932
332888632
332878492
336795717
332621162
332642117
335724589
336503568
335776179
335513393
336461845
332521314
338788279
339028387
336738162
335268149
335186478
329640491
329505815
332481819
329379273
330754025
330423416
327213956
330443495
332420117
327447919
329695032
329428161
332415199
330386348
329723853
328488540
326877837
328201749
332476820
327384928
324282965
318981056
326774941
320088527
325514397
323261713
319448481
321445984
322105544
321138127
321378501
325220957
322491061
320161115
324637503
325361334
319324404
326817752
321489970
324475394
313319015
312350459
317626896
318267236
313360816
312208115
312450092
314244159
314204050
313200320
312483751
312435922
312097190
318212448
318115569
316508282
314167434
313406500
317669675
318158020
309367950
308268137
307238912
308259342
307212597
309887735
309555018
308323242
306585566
311404182
306648934
308378091
308263998
308383557
308373458
307173397
307166726
309809828
309418467
309994476
302938095
306356487
300281923
300210351
298218577
302987429
300152956
303117928
304375456
300405253
300141849
302862838
299302251
301274443
299376384
305304308
303079989
301269843
300349933
299357131
294740831
293471772
294705387
296177627
293336960
297492568
293384681
297408576
298170213
295092318
294846472
298124682
294783643
297526568
296093302
295082891
298090517
297435677
295159162
293512462
291185928
291012124
292544296
292116029
291365610
290917378
290249456
292023227
293289183
290198925
292301729
291628454
291240471
291312258
292471098
292497052
292062810
292222034
290987622
292152741
287597788
287530730
290133424
290010715
290190136
287074223
285720654
286414058
285865928
287659176
287017880
286466250
286371936
287968718
285811080
287915892
287132549
289973371
290062994
286536357
283633754
283680064
285601565
285408158
284324246
284012718
285644801
284149528
285256359
284121443
284041445
284273182
284224613
285317712
284475403
285209406
285465269
285179113
285324223
285376504
283129385
283240300
283164649
283065783
282022568
283112675
283123603
283394173
281844760
283331000
281983370
281802530
282202748
281461093
283571108
283092242
282997723
281915476
281149642
282567592
271648098
269679667
270650996
269448484
270414517
269805745
270615485
272017101
269775842
270393313
281011864
281116554
280929287
270757295
280863629
271464185
271438053
270446844
270324901
270274578
268369078
268167696
268079349
267534989
269319199
266028213
265234252
265104801
265017457
264977882
267466554
264254968
268305716
265991561
265938685
268114429
269192601
268410692
267397555
267297985
264103186
259799159
262154047
263995323
261940731
263063784
259721633
263236585
263024276
263922470
258671674
260808176
263991246
264041299
262971443
259919954
258104698
258017221
259271578
259222127
254017630
256866133
253955416
256671099
256620806
256808584
255658610
253966404
253552302
256567278
253493744
255969304
255049846
256030325
257859854
255942662
257975235
257910272
255996846
254770006
250605220
249607098
250518418
253433120
251444214
249663105
250513609
253397910
251983030
248737600
252583128
249756502
248781921
248702126
250644063
249711410
248841125
253357415
249628054
252416709
248259501
247011155
246241618
247953719
247743908
246905085
247917786
247825380
248235100
247993432
247789293
247783298
247900523
246820801
246281342
248635115
248214459
247300047
247309094
246982716
243052714
243014753
244469836
244378185
244400338
243816915
243098729
245214067
244349536
243684741
243609473
246205761
244594334
245969851
245252680
243653230
243577084
243501677
242774157
242739462
242703844
233191518
242708173
241962581
241273537
241147693
233489634
237283780
233548445
233287444
241217618
241203672
241917445
242104656
234944057
233521137
233232521
241997168
233104742
241318922
231510377
232766099
224564150
228689936
228663614
232591464
232561884
233074208
232339752
228625490
232729324
231855463
225360651
224799100
224746477
231166668
229418673
224621743
232302967
231204312
221818752
217571406
216072974
224423647
224495289
222257711
219256836
224528315
222345502
222275494
218720275
221790103
222160140
222177412
224445668
222229759
223231520
218781958
222143772
222205855
213934751
214606546
212867414
214536292
212851676
213564619
214474823
211999028
215997573
215428456
213539529
215979004
215481263
215563231
213516430
214429269
212095298
214693285
213863487
216005624
211939328
205823416
207410928
211910343
206625428
204986622
211605792
209146656
206442527
205125745
206399776
205885820
206330378
206469348
208841100
205033213
207963997
206370493
211566286
206592440
203168414
203422156
203121883
204930275
204223616
202715857
203920469
204213187
204901362
204163593
204292662
203142056
204372372
203093506
204339690
202679300
202613584
204890716
203952039
202540830
199686422
198889873
199720527
199089411
198779225
201864585
200354856
199584844
198206741
200434102
197856259
197809533
202270491
199635329
201767326
200950642
198941077
198838473
197887966
199059312
193924111
193797153
196590958
194607354
197359829
196140047
194739234
193190918
193883995
194635425
196168763
195321696
193957299
195370825
195336744
193840575
196770540
194643928
197342854
194556638
187900236
187116409
188652789
188908942
188347167
187961128
187231553
193124875
193073135
187870078
188854195
188975927
188188370
192265460
187284913
187998208
192402897
192371259
188951342
188312507
176509289
187027192
175935391
186230624
178255220
177278540
185421450
187059916
177325543
185693452
177394732
176485474
186256141
185446341
176668856
185725462
175973483
186591448
186292150
185848964
171521454
164137902
175069938
173837548
175101698
175881080
175326200
174036972
175245779
166880394
164101131
159148767
175295022
174475617
175210682
173891340
169344822
159175704
164196732
173808791
157471641
159078278
156657752
156772603
151259844
151171582
157649882
156732986
151037170
159137837
149429360
154025789
155932183
155897811
151307938
157513630
154875008
156668717
151077937
148793571
145249963
147353421
144148741
144106955
142783334
143971874
142834326
147444737
145956356
145885480
144044059
147397897
148125893
143950436
144983632
145985286
146811767
144054114
143424221
143448569
142635484
137432852
142035901
138134543
142738040
142106677
141470415
138101819
141509947
136635199
142485428
137238865
140519432
138309907
138778289
138255650
137486864
142166334
138178553
138210060
133798062
133915532
132701910
131497679
131032878
134407165
134454217
133738220
136542364
134610924
131766809
136586082
132535548
130682785
132764681
131895556
130985680
135713986
134812174
134937107
129245657
128213642
128174160
128006021
129979423
127483716
129256597
130192624
128054690
127336737
128357509
127531566
130056682
129931253
128495263
127058518
127379583
130229188
130018478
129278483
123744007
126028885
123788483
126289013
126230632
126965151
120828851
126172947
126154784
126070398
122565412
121505808
120883017
125989601
126854913
127001928
123583271
119752923
121569560
121535591
113439344
111598373
112323462
113883785
111605138
116007073
113245952
112293823
118351555
113413001
115960245
117362004
113849622
112583827
113333414
116601340
113373027
112549366
111591841
115062059
107698487
107613564
103410276
110978761
106381531
107002817
102986700
106070871
104778167
104689700
106282184
103278009
105347159
107036899
110943462
106034133
106337509
103221774
104735580
107642529
99862810
99784908
100131848
100266594
100164078
102333150
100333268
102168016
102134141
101075061
100432077
100183092
101057853
101121230
100200459
100445762
101711135
102919067
102895416
100302761
98223306
98949622
97969776
97176233
98376348
97139583
97110213
98026235
98708418
96711861
99184819
96647865
96770334
97303885
96531711
99671712
99733885
98829897
97267433
98735610
94613304
95708004
95726697
93223317
93198690
94760355
93934458
95152016
92594152
95180893
92537334
95117589
93787308
96476325
95081784
92998625
95099355
93835509
93309129
92660741
91662216
91670548
91814330
91240907
91152006
91113495
90542668
90530269
91997076
91020627
92022809
91201895
91145790
90555976
91717792
90723764
91853267
91946698
91108657
90736859
89993291
89042373
88791689
88774937
89926557
89413552
90116398
89122067
89051012
89059672
89266362
89986058
89427263
89185700
89940394
89974123
89114580
89159259
90519518
89449201
86405115
87038407
88580622
87081325
86741327
86386374
87677311
88503008
88405360
87662324
85982555
85802402
85814658
86651203
88537549
87055670
86365588
86040836
85790650
88755678
85730611
84504810
84743812
85717971
85778623
82994304
82958757
85769954
83834788
85709091
85051743
85058596
85737065
85079644
85084672
85108702
83819466
82975152
84728711
85744588
81826266
82925180
82910787
81882015
82812454
82730958
82103993
82789134
82776706
82078763
82765737
82057874
82742195
82875518
82034546
81848813
82720309
82941289
81836692
82753774
78256380
78670308
78649932
81264132
80151631
81170481
78200906
80113306
78746012
78783369
78065456
78166582
80060063
80671943
78694694
78300388
80091724
81186634
80758743
80902615
77144758
76947715
77987608
78023466
78045744
76968132
76142928
76100887
76039903
77666280
75619320
76547021
77694985
78002972
77673962
76632549
77602707
76008373
76114492
77025832
72523965
73002202
73353738
74840076
73470392
75350340
74178495
73434853
72454114
72380915
75537799
75403803
74332657
73898833
73034861
75565370
75373996
75053267
73400930
72567012
71749022
71204932
71356086
70900123
70606440
71025311
72025684
70595175
70342696
70561624
70360441
71685280
70390653
72336244
71245146
70645934
70943067
71712222
70920849
70997134
68943408
68450669
67856439
70223338
68021126
67985443
68968343
70243350
69957740
68436570
69979566
69291653
68531706
69272871
70204704
69489763
69316153
69261487
68410902
68910761
67384665
67021679
66450891
66497409
66886047
66900223
66942893
66569231
66768023
67435597
66993502
67508724
66757527
66832029
66792812
66466949
67359905
67334194
66816549
66850472
63295995
63572096
66128084
63670187
63728129
63697819
64663265
63542929
64808587
64274463
64705795
64333281
64647106
64097820
64304376
64850278
64690405
64832010
63524288
63498117
62270116
63264226
61400773
61379521
61847005
61823274
61352567
62250533
63287451
63223568
62751892
63275030
61735909
61699089
62734496
63091749
63066016
61719636
63248574
63147092
60159444
60130428
60741281
61159017
60764033
60248070
60078273
60706537
60625215
61219519
60232651
60724257
60176730
60788138
60067829
60689888
60215689
60116640
61141155
60648691
59359217
58877190
60041423
60003184
60018475
59732886
59346067
60009506
59268304
59227470
60051329
59251755
58932973
58916078
59297384
60033067
59210795
58861384
59750997
59784414
57873592
57824488
58354928
57436220
58389808
57980578
58842774
57320408
58025721
58335442
57333741
57383183
58288397
57404997
58299080
57828692
58263237
58050786
58323604
58044808
57261817
56816948
56851597
56786439
56920952
57001158
56762116
56939822
57023769
56968828
56839222
56900251
56778068
56805904
56795858
57274083
57052446
56826999
57287027
56769915
56453730
56071822
56752341
56392711
56017821
55913364
56524442
56458565
56033581
56415662
55977823
55897531
56556625
56579521
55995970
55929060
56433667
56505941
56478083
55952468
54644545
55033396
54565863
54133126
54590200
55606377
55534389
55588579
55881627
54610230
55584781
54661418
54205969
54538610
55050895
54036186
55557733
55088742
54043751
55063053
52868128
53703024
53735743
53518499
53489763
52839956
53285685
52241640
53597100
52227928
53507343
53717945
53312378
53500221
52852761
52558188
53522572
53296043
52897294
52584457
51004575
50959247
51824664
51055537
52122739
50928165
50897154
51028771
51374039
50948512
50918709
51268949
51351503
52160675
50982688
52192626
52103613
52141582
51368552
51295640
50200405
50136957
50394845
50887400
50483381
50214939
50699672
50171331
50882025
50119236
50453032
49922335
50156605
50871863
50187849
50442046
50724121
50467938
50407467
50735084
49311719
49163304
49824856
49863301
49470952
49142203
49618457
49301264
49244015
49127707
49644722
49270062
49604318
49489948
49546580
49236553
49848276
49627121
49562087
49178893
48796365
48765502
48585940
48252845
48286595
48901951
48857486
48016887
48589917
49082321
49093425
48922669
48882589
48760445
48572044
48845089
48620193
48886773
48811441
49116237
