1199636567
1197828370
1190674854
1199853594
1188623086
1188169195
1190988389
1190902485
1197417471
1188519458
1197326742
1186548719
1195737688
1199758559
1188344903
1193123917
1197773510
1186588746
1190793847
1186506567
1179066185
1183914413
1181153226
1179379729
1181584120
1181549306
1180797784
1180957392
1179479230
1183800725
1183736286
1182871595
1181071305
1180707173
1179348488
1183017401
1183850639
1179417233
1183602990
1180889898
1169580233
1178293665
1167485331
1174646021
1172381297
1179011154
1167355155
1161297531
1161210878
1171822593
1178446024
1168646465
1172622007
1172496320
1174740880
1171925363
1164941116
1164852819
1169440065
1168760749
1152518001
1159049495
1158723574
1154480250
1156389049
1157019837
1154110987
1154319512
1151347076
1158955698
1158839621
1151535155
1145871215
1152403518
1145780258
1151188883
1145717156
1156509886
1145614198
1145555093
1121498333
1120775641
1113864861
1145193845
1121373637
1121324827
1145034125
1145478517
1145314231
1132782129
1143041555
1121436264
1120892788
1120552448
1113988664
1143192010
1120661929
1132666704
1115480741
1143270694
1104082538
1102119039
1113481060
1105155587
1100218557
1100147939
1101934137
1111638353
1111315340
1104458265
1111747763
1099866623
1100043062
1111812293
1111498827
1111153362
1099943762
1102020896
1105205870
1101770504
1097685514
1091858531
1091706385
1095762877
1099310540
1091524713
1093503607
1095330190
1091609828
1095436845
1099496923
1091927657
1093395219
1097565422
1095535918
1091801064
1093027543
1091234358
1095873630
1095815538
1084620572
1087199534
1087155050
1080390118
1078787229
1082087104
1084489567
1084715138
1086272948
1084799918
1087259942
1078640140
1089548025
1078860488
1084242144
1085948456
1078528587
1086099288
1082719706
1084856030
1072075648
1063891637
1069073868
1067785636
1076565193
1069934008
1067755157
1065865173
1076040303
1065820626
1063851710
1078365025
1063738675
1076692596
1072150732
1067825516
1067704926
1069224868
1065774667
1063813537
1063651342
1053890714
1052042597
1052121039
1054064700
1049925953
1061781738
1053537720
1056276718
1063291732
1061866718
1061822916
1063704457
1063344613
1056380236
1055648781
1053745264
1052173886
1055481657
1050018976
1042891163
1049222092
1045774400
1042077125
1045323669
1042272887
1041954143
1039946582
1039505663
1045547944
1043065451
1049766589
1049341036
1045472593
1039797412
1049515796
1045654210
1047622408
1047503387
1047359415
1035813284
1036082151
1032021230
1031910605
1031562200
1032384324
1028360502
1032197017
1033866881
1032455282
1035670463
1035984043
1031832165
1031721462
1028424471
1033585020
1033778740
1033404550
1027736727
1027593931
1016156921
1021288518
1019712809
1023374908
1021383568
1021196650
1016120185
1021584525
1019786481
1023459359
1016124224
1023425769
1021532030
1023508294
1025750064
1022897536
1025685394
1023126180
1021095275
1023010122
1010897018
1006602605
1013608420
1015989986
1006441356
1013029525
1008919494
1013377236
1006305574
1006727494
1013188373
1011172994
1015938389
1010206973
1008967541
1015865337
1011226694
1008878358
1013497241
1010969349
1000722412
1002809027
1004432839
1002736301
1000530846
1000460083
1002860659
1002251608
1000677516
1002600446
1004819781
1004521828
1004170282
1000628377
1002533495
1003989627
1004272202
1002358561
1002117173
1006126579
995767158
991303660
999714148
989095802
998113710
1000063720
997937799
993012508
994757048
999982656
989562814
994952297
999864237
995658955
987644059
1000226003
991196870
1000308686
999604735
991444156
973327079
972861594
971696573
983251252
971634254
969378973
983154607
973590101
969328893
978909928
983547746
973003459
966919234
979007753
971739485
987179118
987433707
966864042
987305983
973552472
966191843
966316122
964311423
962161215
964763289
966496343
958472333
958290397
964656442
959236762
966823109
962886891
964583309
964120222
960108160
959271417
966585813
962847012
965886953
964737058
946265313
952468580
950620521
953925051
946101230
955033992
957394922
948342478
955001843
954143193
953800798
954948208
958193210
956858794
948197381
949863748
947858986
948002615
950656647
948453344
945057072
937117857
936914992
939912486
940058149
935867523
942991182
942849702
942950968
945820058
944620311
944519672
942899075
937985881
945018486
940201437
934785866
935131880
945971207
944994413
933974566
925574123
924648039
924088814
917976311
909614535
921530645
932910477
931678500
923951478
921342872
934013022
911997102
931803655
923728699
913826585
925415539
933602656
931908356
933811420
909523648
893159814
889407716
902698184
894127161
904638208
907146304
907058476
888996022
892980573
903214053
904244364
894330769
906765117
903102496
893296462
891430458
904346437
889837361
902561635
883613697
874201839
879232371
876898517
874492904
885735312
874292812
883401892
879202325
876308958
874403304
883834135
879219261
885843652
883275034
881488675
879400197
876820084
876144350
874295289
870738601
848753135
846936849
846876733
872825668
844317953
865183735
863501951
870810472
863338020
850491109
846981507
870663950
846825276
872590955
848718856
865106656
873974938
863245072
872683219
836534939
838326816
844209982
819903926
814883726
819848475
825838936
844130386
838468693
836482884
832959091
820141793
823727996
814703070
820257142
834963614
833039784
820334694
829647121
819992953
805226083
797842958
810614080
812993588
811201785
799758870
797898575
801798029
797864862
797804444
814621549
812840509
805707916
812664828
799719606
801869012
812936482
805295520
805134979
801833283
793628426
793541393
793809759
795078947
791996329
796722081
795464573
795739420
795362199
795694909
793682619
797078403
796964866
795277261
796830032
794970071
793844365
793897893
793493096
796859305
781770893
789886845
780073036
791953125
787244850
791430758
791616965
787390715
789802926
791715542
791504306
789847502
789307417
781882330
781854690
781817113
791910852
791573527
789147103
789928854
779547196
778214990
779977605
779742232
779801285
779528680
778304513
779616620
778039266
777982323
780052063
779483238
778267506
778246465
779941710
779700176
778163432
777917115
779899736
778334695
774789345
774457383
774364202
770525257
767616120
774890321
776611516
767660824
774655399
776648082
776736522
776673249
774854032
774827382
776545854
774778832
767625210
771056175
776578714
774695023
765978061
763896207
765313589
763964197
762483709
764145852
760091720
764185356
764357463
764100901
762400090
762455251
762437193
765944473
764122015
764435482
764318858
764300241
764395966
764382881
754611933
754678726
753199568
758594907
756520404
756206641
754943740
754743151
759938089
758619915
755041804
754784794
753165398
756569477
754994958
754913499
754557757
760006884
758571359
758655895
749336278
749230832
749190198
752903537
750494789
752626682
749112198
747531810
752739919
750331360
750666333
752958991
749435528
747500745
749411955
747452082
750412706
750578294
750707531
749372512
743714752
747034039
743671107
745539035
747265580
746977121
745572062
746830648
745496634
745103908
747226058
745468324
747302694
745195252
746749163
745615390
744857520
746691931
746898633
745288048
739806802
743631365
740046199
743459089
737984346
739685248
737921447
739891610
741830846
736369918
738200997
741874825
743342215
738179603
739989229
739949463
738143591
737865888
743242181
741895301
735461642
732086603
735951617
736343737
732058280
733408076
735717933
734368648
733281350
733762659
736005076
735765324
736073970
735839508
733560159
734274055
733701982
735563243
736312361
734328725
727466267
731970478
727437764
727522949
725860304
725525422
725552417
726880041
725704861
729984820
729886522
725895520
725378543
725752182
725643067
729924209
725440671
729851264
732007138
727735799
722192947
721641934
720263285
720234905
723957833
720022733
719877120
719603871
723828038
719965306
721430702
721828225
723902180
722219566
725310179
724055862
722251190
722102465
722283992
724094828
715597991
714418474
716248473
718227754
716009300
716213714
714387861
718144043
718178975
715859172
719545910
718123621
715698311
716293143
716057046
716175002
719417774
715916917
715762184
715520184
712333601
714308605
712468419
712078313
710483953
713872596
710417715
713979352
713746445
714050209
714357319
713804493
712391392
710514547
708671133
712442354
710264618
708624933
708549826
710539050
705777392
708498761
706574750
702664703
704494247
704340693
706544787
702581800
705669954
708281185
705880871
708366827
704383371
702611340
702547512
702512256
704525615
708431452
700761810
706504522
699956392
696506145
693985933
700343977
700245664
700486126
700149898
694301378
699849087
700054251
700429979
696432368
700710828
696591189
700734569
694215286
694108502
699788736
696354102
698949115
689976402
693913417
687774188
689901759
693827163
687681213
692628691
690007573
690042211
687928362
692579169
692212593
692080941
689794550
687888826
692322565
692374486
689936489
689851373
687844287
681998159
684374227
680314108
672428133
682264158
680472089
672680237
686195712
684354324
672652532
680401728
682199590
672764263
682088569
672577559
672514139
686180241
674923041
682315366
672814527
669148444
667770181
644997470
668099270
669507336
672332419
669040425
671410461
668126826
667642683
671367995
668963067
669353872
669224831
671434256
668074170
667846791
671390539
669294223
669453721
644871828
639814298
641590557
639761622
636174285
634448258
637832009
636234617
639517942
641622083
641525184
641669490
636265734
634480548
644935286
636206068
634393326
639862368
639883934
634418651
629354315
630879749
628591610
632791535
630302945
631288377
632812477
628735430
629120454
628491108
629288283
628826925
634367422
629173111
632854760
629324212
628537386
631143888
627510742
629230210
610568220
610536661
627299837
614975687
613146902
610505926
627448628
609193042
614926520
613383651
613218669
613413024
609163258
627246009
613442832
614943871
627467051
627178556
613471144
610572600
602573668
603831944
605608762
608583053
609029751
604018580
603763773
602552511
603948772
605636066
602529209
609110213
603983927
605547657
605429149
604038826
603654562
602418252
608981749
605483982
598191696
597553429
598341877
596456565
601090045
597666601
597657334
596508464
598369106
599315461
601054493
602327996
599440871
599724971
597952851
596655014
594886195
594848355
599770359
596674131
587681252
591286108
590904204
584247768
582503617
584128369
584218738
594800942
591795411
590727886
590599870
588902091
591383589
587933451
590841591
587909976
584168000
588960935
590875561
587615305
571320788
571241657
582460676
578093370
580792981
578125110
577842271
572879020
572914941
579273193
572843832
572937902
579361899
576602417
580919878
580727580
579357733
579324780
572708645
571352259
562574729
565309133
567187762
565224828
569816216
564250647
567154078
569834764
565469599
568504257
569865720
568478266
569767974
568447304
565871810
569733325
565384845
564292155
562599732
566961102
560030376
555996612
561201635
559986238
561185022
559829025
558688006
557492067
557463027
557440325
556026694
562212831
560006216
556082730
559862379
560985249
559898133
558708798
557446909
561158530
551200568
547425474
547374438
547278485
555929084
547397697
554077353
547351683
550906854
555947696
554320099
551302354
551190216
550964776
547272795
554269173
545609167
549871171
554141140
551237187
542916279
542946690
542887040
542756009
540242213
542542045
540218002
540176297
538979529
542595928
541454187
542674324
541478348
542713054
538954384
542799433
544529975
539005002
544556836
540181442
537800661
537744273
537636424
536399953
536471197
537829182
537714810
537667134
536440927
534798746
537694614
538909335
538887617
536304828
538903793
536417004
537767363
534777930
536492559
534844300
533002292
533100068
529991259
528144322
529969900
531813167
528110958
532911877
532781554
532942552
532696630
534088847
531838642
531782321
531489912
533145799
530044660
529582851
529513032
530016754
506184571
524997921
506264646
512574626
512369865
526830534
506481754
494764270
512453829
506313399
512289081
524910212
526851825
525079486
506420511
512517950
517952918
506364598
512651724
510913932
490675874
492478452
490632326
490588825
490546590
492791517
492588748
492920695
492574759
490230585
492706363
488971325
490481775
492581497
492842402
492441325
490513554
492524946
490683088
494661225
486001973
485955117
482951214
484631889
488699682
485877583
488968720
488785450
484681823
485827126
482992771
482917273
484558183
485965280
485917872
486022040
483025011
484602094
488934916
486042126
474822700
471875601
470229599
479871463
470145638
474789398
478842727
474724979
479813432
482887535
478917952
477602533
477523158
482866832
474767576
471918826
471850475
478900507
470185741
478867595
463596414
469292634
469021732
465319928
469128116
470094575
469268050
462453830
469093695
469156624
465461778
465430851
465403629
469053193
465248222
465372557
469316645
462415596
468969329
465342726
458376994
458286087
458452393
458419818
453739250
461998607
454961986
462386529
458395906
462289503
459793143
459817084
462061915
458249320
456824761
455010088
453709709
453683328
460384152
462363882
453635380
447837738
450533008
446092038
445485656
450511452
447780856
446163404
447911530
447888084
446264296
446233698
445630324
446130114
447812388
445572875
453585437
445747588
446199434
446161223
432920139
435926635
432790045
432338543
443769983
437725641
434053067
443997662
435851087
440291878
435786368
433979343
441410051
437580833
443909734
437698100
437619832
442877534
431256582
441375802
378043799
431210452
431121476
377978167
431062371
377960111
379298773
379372148
427263247
379380601
378009086
427230925
379398654
427235449
379306650
378079345
379336886
425719901
377919374
431161860
371705235
377704856
377731788
377792235
377502103
376512211
373995082
376449586
371737244
377764902
375214120
375258415
377624415
376482523
374030146
371710415
371711030
375237193
377560336
374073820
362549987
370387554
369030097
368882094
365021252
370467686
369004648
361724720
368913510
368839996
370486201
367537730
369082827
368836768
371689621
367479744
367567994
368809478
361742123
369045814
359682548
361136181
361031587
360170492
358915132
361238388
360031206
361437529
358876601
358754957
358802290
360935245
361390141
358895723
359954369
359762492
360101657
361317446
360825693
360269429
357316627
357636049
357531476
358635101
357601423
357452986
357389139
352981781
352966675
352339355
356170527
356390914
352979342
352942637
358602579
356275156
352638259
356357981
358699072
357614990
351184272
349977133
350846647
351495148
351466739
350063810
350762055
351172828
351133552
350797555
350692119
352274961
352218581
349915062
351437098
350026761
351553177
351043918
350641231
352160496
347417545
348490400
348792919
347561745
347434248
348770394
347646354
346511969
346479867
348825956
347339141
346585915
346551381
346601850
348845185
347504879
347603944
348498141
346572348
347676939
343849933
345160750
343859050
343938901
345259107
344311134
343650083
343776748
345213454
342952185
345303012
343711029
344273165
346415435
344318955
344289191
343840261
342934401
346447109
346330763
339289127
339074844
341251632
339307287
340358308
340337279
340372809
341561704
342183254
341321383
342124575
340306974
342252373
341535603
341510366
339323396
340269934
341312871
341578605
341504684
336033865
334700737
334663592
338249485
333325581
338224532
336040257
334463760
334263128
335848385
336080132
334316135
336106324
339019485
336103259
335898859
334472408
338242606
335974402
336923125
332041370
333267479
331938107
331814520
330876837
331890932
333189001
330710523
329784762
329755870
333295693
332066602
331984883
330963452
330847793
332084716
330946376
330759295
329718992
333223994
326885326
328735384
326308788
325907870
325760975
328777679
328574094
327498570
328396596
327535791
326970980
326044552
325695246
328757883
328521849
324686334
326343497
326327873
328459328
327572766
319585361
317998866
319554269
319348928
319006480
324639971
319614660
318959680
324582249
318163347
321617260
318409462
318109640
319411041
324412615
323755096
321589859
323736334
319194100
323770655
313722198
308986744
311550399
310364332
314725243
314747707
308969199
313698223
310379134
313714016
314697329
314627239
317926480
311605727
310342419
311573767
310323992
314763454
309015848
311501077
300782923
304843677
308925134
303557016
307682554
300823691
301331069
308820392
303573762
306773304
301194622
301172913
308946130
307864617
304867472
300804441
305911118
308937889
305894518
304882914
300772876
291723671
290610209
300779842
291803645
298591415
291766268
290571724
295464138
295423740
294822056
290459464
295555806
298619532
290625253
295497241
290452306
292678731
295536992
295371019
290362581
287981726
290388640
290305078
286409196
290107309
287991556
284852482
287238390
284877967
283469414
284829419
290396951
290049547
286461587
286453494
287217492
283477711
288179587
287927581
283335264
277459014
283401491
277553195
275615009
275485543
275453927
275432310
274479645
276892317
283233715
280389005
276856648
276762481
281301129
283193033
275559123
276813810
283290024
277883848
272147091
270383241
271456713
270403460
274050895
271526436
270419681
271419366
269747981
273929575
269638887
269668400
271466292
268416000
274126270
269283970
271615529
271560687
271475954
270344861
268358924
260908230
259159783
254745475
259118548
258072812
258104698
253930095
261001324
261210387
254457970
261172704
257996506
259115679
254373135
254422277
254402089
259308158
261043830
261092648
251062255
251052181
250212604
252929300
250191037
252900024
251187704
251041341
250914048
252982771
249325098
250154459
251157237
252964787
252883685
253066234
249277356
250876015
251090139
248180076
239083618
241543193
247244317
243245008
247364775
246578533
247326788
243265225
241560805
241574746
247181440
246564873
243301213
243287792
247214268
239154769
239107356
246546609
239132758
243319968
234924511
235086618
236527841
237085070
238974320
239024901
237052574
234960675
238325217
238291293
238214568
237420694
236497277
235844983
235684297
234994717
237022836
238937920
236982641
236626321
230227812
231635020
230371964
234891879
234286333
231263107
230296448
231996796
234856227
234867642
230802920
229650406
229624365
228143442
230772989
227984574
230833435
228163193
230458433
231667366
226529649
222628136
220777914
220972570
226576374
222536120
221094102
226502526
220813541
226628185
226610156
221068301
220867502
220838578
220397284
220931389
220373803
220309777
224742750
226229092
218005466
218008586
218669255
219198361
219280085
217973503
217941054
219485756
220274441
219682512
219545025
218819657
218047515
219455576
218703195
219421496
219657317
219300053
219247261
218781163
214917787
216598561
214496359
214058041
214466658
214729269
214634251
217375910
214761315
217908924
217887691
217305581
214568099
214460839
214725805
214431533
214596222
214404024
217392679
214527512
213187028
212496502
210113635
210072228
213163472
210146442
213334108
210966315
210037217
214015110
211660697
213290984
211632587
211606115
210954541
210172587
210181060
213355802
213330238
213979243
209743913
209666358
208997763
206791459
207447001
206054435
207454348
206034798
206016959
205899102
205820522
205884749
206814977
205294793
205932385
205959128
209639042
206696252
205902372
205860225
204267753
204213953
202787548
200641804
205176805
204064285
205278354
200579378
204022656
200691132
201222153
203557741
204561557
200697749
200622859
201323845
204180659
202815847
201252345
204547371
197955298
198023175
199772311
198989984
198949173
199901107
198916715
198057196
199958650
198905323
199739872
199973450
197985982
199929381
199820918
199873237
199257896
199243395
199233673
198854601
194965277
196171119
197591747
197488273
195625862
197495836
194978843
195510242
195488095
194845388
197952986
195594096
195609104
196277550
195627066
197924371
196140889
196259310
195458647
196269369
194284511
189262205
193527273
193511591
192991052
192499913
189247600
194232108
192431241
193113111
193493753
193070469
194296327
193472927
192692922
193041104
192673047
192471392
194256854
194307216
185980154
187676447
188355466
187664687
187440122
185073687
187117076
187979932
187160945
185165900
187511745
186244032
188414820
186693998
186730645
188392159
187475104
186746780
185996605
185191374
181342586
183537222
184401514
182868598
182850538
184329640
185009810
182040855
184413759
183641581
183631723
184302756
183477651
182893296
183504888
182021142
184423235
183626910
182043596
185053381
179992522
176906726
180644936
178559582
179889939
179122957
178631621
179205189
178531578
180670792
181232265
180658866
179066631
181331557
178603357
180626369
179917416
179241021
179283626
180598573
176887221
176013218
175945294
176632612
175468135
175452769
175451303
174730951
175437022
174776543
175975723
175399035
174760222
176669434
176875393
176877969
174789858
176594717
175423502
174700201
172379784
172557682
174034394
172234995
171649820
171646698
172526773
172298383
172332197
171611175
171673749
174062944
173117323
171695758
173387686
171666025
171568055
170885487
174009954
170905653
169417703
170832521
170684151
169549497
169463415
169295820
170856453
170795366
170722784
168814097
168854399
169559608
170755659
170246934
170222213
169571034
169370777
168841034
169489674
169337844
165758084
167948956
166442226
168037522
167989345
167307985
166859639
168160592
166521988
166492146
166470626
166413021
166829562
168131680
168097369
166510982
166331091
167280073
166300740
165762975
163646628
165009201
162121820
165733775
164262349
165026970
164320623
162093914
164987809
165077149
165669377
165064304
165752625
164368731
164226903
162061745
164370185
165691557
164385955
164300653
160283818
162052035
155145815
157715178
162035993
155118836
156990715
157829927
154334362
157810204
157759982
156961018
160259981
156928378
160232336
157822578
160200137
155162203
155101111
160303037
151498236
152902511
153611029
151472071
151443242
151409959
153628126
152911275
154323242
151526127
153641798
153583961
153637179
154319829
152922920
151419739
152941640
154304563
152879899
154271850
148961672
147657597
147646206
147616122
150526321
150381020
148936541
148811556
146301960
148855051
150436418
148985860
148177691
150658509
150632912
150557920
150475696
148310546
147630158
147595688
145478260
144580084
144269921
146223552
145221914
146259893
145503839
144557886
144531348
146210017
145023213
146225856
144606484
146277006
146291714
145050947
145064375
145475814
145443872
145183786
142947707
142266901
141669496
144232186
143019292
142321498
142307310
140941450
143752733
140994681
141007013
142992035
143805475
142977181
142285816
143674454
141538899
143708269
142350100
141687022
139551803
139088590
138578812
140167167
138562658
139203625
139211498
139107597
140911187
139154385
139136117
140151443
139244296
140863723
140892118
140481304
140180982
140111749
140518738
139962726
138544192
136803062
136862346
137667115
137604258
136768726
138499065
137697526
137683429
137624298
136726003
136024997
135190456
135145317
134899196
134820377
136893606
135165767
137647220
136885330
134769300
132973800
132946642
131856359
131215013
131199145
133782663
130245657
134069892
130325837
131843657
130291514
134108560
132833846
133739169
131176048
130207644
132890997
130150767
132779210
127506325
127438564
129479269
124705539
127382970
123930775
126472065
122259682
123947597
122221839
127596948
127558794
122970514
122928670
126515402
122193066
126543004
129428751
122231265
129460631
116991771
119352410
113572645
118554123
100004167
121330354
121299992
117020872
100013939
119409331
122057087
122090489
121321963
99987755
105758905
122084953
121294947
120046768
119383855
117039393
99947353
98294395
97757278
97692175
97738953
99967992
98587437
97701972
99335957
99929920
97790630
98574862
98556031
97775761
99312781
99906715
99371157
97761818
98346108
99352496
96788580
96154872
96899068
96249590
95905646
95614328
95597864
95978161
96916130
96117046
97670440
97370615
96767559
96016792
96270376
96219564
96233901
97648549
97415134
97635430
93946409
93594292
95426149
94931688
93619627
94892972
95540341
94297344
95336520
95553288
94219962
95393511
93986427
94918811
94260214
94866397
95586258
95567836
93995538
94307443
93446220
93344631
91920958
91976846
91546695
93554639
91529170
91812891
93568464
91538925
93390787
93542548
91560103
93583105
91844779
93399749
92845834
91898477
91944667
91871052
89953724
91219565
91188054
90823951
91274542
91351642
91323987
89931349
90862900
90845427
89986231
90806411
89528085
91299951
90025286
91241465
89549291
91453785
90061333
89921525
88203351
88711111
88689979
88161672
86830693
88767193
89497616
88764637
89517704
88739708
89474168
88659301
88911089
88163818
88091579
86846919
89522769
88927108
88178308
88187461
86794570
86202361
84926255
84813441
86749904
86186489
85560107
86108431
84913137
84841824
84693738
84881074
84899012
86066138
84644577
86813518
86083823
84790544
84729979
84767223
82265332
82273597
81974276
81994799
83835214
83312559
82549280
82529098
84141429
83794986
83297345
82505484
83277867
81690596
82209311
82563491
83756830
84077469
82483676
81948751
80888408
80768458
81535014
80732073
81676286
80440142
81554346
79673184
81000002
79743189
81011763
80856581
79740351
81024227
81590279
80824994
80797835
81515480
81656261
81575544
79028920
78686599
77975925
79620253
78464870
78387941
78408029
79626211
78650093
78362947
76649779
76386845
78452454
76912201
76888581
77962403
76900729
78434055
78717382
79006091
75487446
74639748
74189957
74260907
74243727
74214131
74728409
75512462
74160953
74671340
75448206
74230914
76228509
74683636
74169225
74708577
74666960
74202616
74179020
74651409
73414514
68498092
73120313
73172419
73141148
72971016
72923379
73056043
72891424
73149240
73159482
72948977
73615713
73020762
73391256
73603260
72873031
68645010
72894910
68474656
67649506
67544579
67685766
68224858
67698089
66675316
67595454
68111301
67094064
68097164
67673950
67519279
68074439
68234297
68210104
68055923
67606083
68130376
67602657
67083230
66219343
65816932
65808587
66652912
66249947
65832008
65805794
65762188
66112056
65779648
65774594
65760298
65839813
66664402
66237430
66130658
65824301
66232175
65790051
66585923
65394390
65416428
65406331
65367658
64440913
63883476
65735505
65261633
64460196
64415411
63914511
63867333
64383407
65299047
65275359
63769872
65384292
65316416
63928007
65714206
62428441
62419819
62781647
62409722
63700478
63743731
63328762
62378278
63580533
63338839
63296423
62879819
62393960
63600730
62865505
62872123
63605910
62440014
63653285
62857195
61988211
60891977
60410831
62369239
62009496
61529405
60982958
61000740
61999118
60965876
60428833
60402277
61567621
61553489
61543533
60777361
61515210
60422612
62016045
60912101
58946462
59478830
59845434
58965615
59326813
59041103
60368565
58998628
58921783
59487789
59455645
59938317
59466222
59047528
59029426
58979353
59899446
59472065
60380677
59025716
56650150
58582097
56634403
56628013
58566563
57133477
57125839
58154649
57151608
57174301
56526272
57894795
57161318
56493680
58173540
56477110
57005688
56510412
56458554
56436812
56056229
55997212
56192341
56174615
56131601
56350786
56028335
56008738
56165314
56420202
56369577
56118492
56401230
56385634
56323017
56087451
56353641
56104685
56336309
56185019
54868247
54038688
54856298
54344669
55688819
55573285
54076017
55593758
55697598
54248258
54090175
54072211
54271612
53905853
55611970
55979586
54104479
54877959
54846517
54885886
53031535
53026934
53892726
53344148
53038451
53658378
53873651
53674476
53427271
53860682
53280026
53581253
53636533
53294885
53606911
53877639
52979082
53389638
53361886
53374985
52302751
52284896
52668443
52931357
52544728
52631675
52315435
52321458
52566242
52596445
52293835
51718510
52608269
51745422
51543405
51734771
52959233
52654002
52519978
51498270
51276962
50530311
50456598
50772756
50515489
50522708
50810508
50432055
50818185
50919753
50760616
50374983
50392868
50539137
50467333
50823289
50907613
50740290
50814196
50477818
48409867
48673515
48405311
48595804
49971565
49857053
48688003
48418540
49842888
49891460
48414209
48631239
49910186
50178409
49976963
48681319
48398681
49963687
48664190
49870200
47497224
47281545
47811972
47416614
47489571
47476637
47507405
47404969
47764873
48392710
47392697
47755028
47775878
47805123
47742197
47504780
48065832
48052283
48319263
47462762
46935012
46889040
47095578
46562351
45998328
47104673
47123213
47080232
46906449
46030580
46018221
45956740
46024749
46939196
46005915
46748399
46872741
46029227
46013103
47113232
45224893
45733763
45493621
45201538
45738927
45488449
45670635
44768445
45233011
44890816
44788295
45658973
45747120
45897145
45910277
45152412
45219157
44896783
45755062
45683446
44732316
44272300
44240772
44364782
44534213
44255763
44368805
44376794
44410980
44554200
44543640
44440603
44711469
44284520
44387070
44289316
44278878
44752986
44546450
44264993
43097285
43881964
43228735
43870868
43769067
43461914
43240702
43110861
43775263
43130547
43274341
43943432
42931853
43860206
42920608
43922053
42907074
43142179
43167784
43781731
42571953
42057926
42309335
42291651
42823740
42796490
42773465
42764768
42549770
42482594
42305106
42739846
42053748
42724828
42495564
42891066
42217882
42560960
42580212
42063290
41576689
41036557
42039072
41065481
41552553
41799472
41048286
41198683
42049980
41814842
41327424
41547199
41316011
41178449
41806686
41560700
41295920
41070027
41571481
41059010
41003981
40229038
40480571
40238078
40197627
40926336
40221410
40688437
40489909
40455237
40874403
40912406
40770880
40860729
40969550
40907642
40761705
40466206
40495599
40678250
39171375
39754873
39976877
39968110
39735575
39357285
39333639
39749878
39180530
39301967
40178563
40190040
39677373
39315515
39352816
38990960
39687116
39329663
39001272
39943218
38095441
38782311
38889577
38795306
38587545
38579557
38542840
38072956
38880940
38108840
38807317
38301776
38356136
38288422
38832941
38819170
38552513
38102965
38569766
38362696
37431989
37763492
37440013
37273821
37780185
37792283
37260937
38041219
37828241
38032049
37500214
37483365
37425550
37466270
37452780
37540392
37819332
37776183
37284046
37508047
37067529
36812236
36822091
36579662
37215227
37251698
37181264
36573554
36777656
37202868
37171735
37081275
36559003
35082546
36788057
35073284
37074486
37059898
36586455
37193585
34037527
34081530
34060125
34391596
34575504
33981975
34357342
34365449
35063953
34347542
34333570
34069016
34374309
33994075
35070074
33866430
34587814
34049583
34043763
35056085
33817564
33143662
33636357
33856193
32927178
33576323
32893878
33776733
33620420
33628986
33571909
33765329
33758298
32903868
33798715
33731812
33750095
33133976
32913595
33788076
32382036
32717771
32411415
32890451
32206074
32151276
32710313
32675145
32334972
32312187
32891151
32301675
32399475
32322812
32705681
32163307
32372511
32352386
32665345
32718858
31898663
31923640
32074379
31911465
31687791
31951222
31458669
31826673
31845434
32122514
31855857
32063251
31707250
32082772
31685521
31697546
31834657
31484237
32113941
31474238
30982032
30679038
30668208
31009080
30700824
30990205
14063878
30733247
30746539
30659516
30756899
31249476
14077722
30725580
30715222
31226346
14057087
31221398
31001106
14083468
13899036
10956416
13904765
4831010
13864387
11516388
14005364
13917975
13891572
13885627
4828515
4833878
14020662
4836040
13924405
14012069
13876646
4684730
14049590
13915464
2923776
3764172
3718105
3322358
3332980
2926973
3320107
2920492
3335286
3337180
2925578
3715467
3804503
3775444
2924736
3806142
3772014
3768446
2922563
2928310
