1192590824
1188623086
1190281924
1192351599
1191534027
1194386277
1188519458
1192463902
1187859156
1187628501
1194089414
1191572524
1191641839
1188344903
1187753187
1191925457
1191855770
1189777148
1194279317
1190072057
1187434779
1187146196
1184857353
1186970234
1185090928
1184480302
1184243998
1183914413
1187330541
1181986534
1187041214
1187213443
1183800725
1184335602
1184594113
1184427680
1181854057
1183850639
1184961106
1183746192
1169580233
1167485331
1167355155
1181153226
1172381297
1181794565
1171822593
1181738700
1181071305
1168646465
1172622007
1172496320
1167683580
1176497744
1176343926
1176237984
1171925363
1164941116
1169440065
1168760749
1160294000
1159565083
1159049495
1158206832
1154480250
1152518001
1158116239
1154110987
1154319512
1159181140
1158955698
1158839621
1160131445
1158687781
1160593694
1164852819
1163283492
1160223988
1158560787
1164694627
1143270694
1145193845
1151347076
1145034125
1150780882
1151535155
1145478517
1145871215
1145314231
1143041555
1131553256
1151748018
1143192010
1152403518
1145780258
1151188883
1145717156
1145614198
1150876759
1145555093
1131504227
1116139281
1126253648
1113481060
1123940484
1113864861
1121240445
1123600475
1123892573
1126046126
1128862641
1118540041
1118460420
1126303269
1115480741
1113988664
1131450064
1128914766
1126166122
1121172106
1104082538
1102119039
1100218557
1100147939
1101934137
1111638353
1111315340
1104760577
1111747763
1104458265
1104670209
1111812293
1100043062
1099866623
1111498827
1111153362
1099943762
1102020896
1101770504
1100405217
1097685514
1091858531
1091706385
1095762877
1099310540
1093503607
1086272948
1095330190
1091609828
1095436845
1099496923
1091927657
1093395219
1085948456
1097565422
1095535918
1091801064
1086099288
1095873630
1095815538
1084856030
1080390118
1069073868
1079139145
1076565193
1083144362
1084489567
1084715138
1079102644
1084799918
1076692596
1079187516
1079229585
1077433011
1084242144
1081058543
1069224868
1082719706
1079050862
1084620572
1067599084
1067692639
1065923863
1067197039
1067843578
1065996904
1067631263
1067084817
1066947895
1065953499
1065886591
1066037189
1065832125
1067881055
1064006038
1063926326
1063998589
1063961255
1063675230
1063728933
1047503387
1053890714
1047866285
1052121039
1054064700
1049925953
1053537720
1049341036
1051975159
1056276718
1056380236
1053745264
1055648781
1052173886
1051991399
1049515796
1050018976
1048046610
1055481657
1047622408
1035813284
1042891163
1042077125
1039946582
1036082151
1042272887
1039505663
1045857536
1043065451
1038038420
1033866881
1035670463
1035984043
1039797412
1045395989
1045237390
1047254194
1033778740
1033585020
1041837665
1025118781
1023370285
1023010122
1025214319
1031827674
1031500217
1027107291
1032384324
1023443943
1023278669
1031956970
1027593931
1032455282
1027736727
1025381779
1032067957
1033404550
1023126180
1033268510
1025475919
1017211756
1021288518
1013608420
1019712809
1021383568
1021196650
1019127196
1017882028
1021584525
1016120185
1019786481
1015989986
1016124224
1015938389
1021532030
1017926969
1015865337
1022897536
1021095275
1013497241
1008613279
1008556043
1009109867
1006602605
1006126579
1006441356
1004432839
1013029525
1000026645
1013377236
1009016012
1006305574
1007971911
1006727494
1008975872
1013188373
1004521828
1000191154
1010897018
1010969349
986791990
986479911
994504700
994267040
986890767
997700106
990685140
987713629
997528105
991024920
994330318
991590430
989476588
988920442
990836021
987317691
989215651
990541331
997829095
991444156
981118546
974373601
980080186
974071057
968927214
980555072
979949207
978618049
981038021
986383141
975092041
974474373
974017183
969239604
981172491
976452146
972579097
976271268
982487922
978131642
962066218
960959350
961110056
961942153
961015472
966231110
961088370
968617513
962729059
968782642
965452629
965543799
961862933
965811424
964747575
964715747
965958959
962847012
962625102
962778222
957346374
958772532
958306920
958188860
957375374
949896617
957444461
960231383
950033080
959020353
946788607
958441056
950302838
949987621
960455854
959084069
958887434
957402871
946813049
958591538
936853861
934748511
936895238
936734353
937024627
946750409
937117940
934173492
936590634
931453632
934280211
936868488
932340864
937066385
931304981
936825836
934661628
937154024
931112727
932275824
916021145
925010694
930471397
916114015
923571401
912056397
922604697
924798050
915705772
917887188
909504996
922828973
930410286
909155180
925247137
912178662
911855476
924685577
911658630
909024942
900873297
907088466
899387117
906664902
900360449
906538190
899248821
905064545
900984381
902817942
894127161
893934338
906373181
893724814
904244364
900490745
894330769
906193503
904346437
899302420
888647368
887378971
888871340
888987487
887973391
887567453
886995241
885666186
893553591
888070096
891872666
885771331
886833678
885359777
887669478
885843652
889188120
886890492
891430458
885520444
884884312
884699590
884811629
884770396
878349784
885292310
885206215
877672692
878448263
877576348
875879763
878571679
875170653
875699110
878069644
884948431
884996801
875119806
878246492
878183996
873757458
869508123
874931810
873807203
870424921
870162712
870131275
870710983
869913879
869974662
870066416
869989569
870476171
870030959
873971284
870605618
870095449
869944209
869909363
869877587
864553843
864842878
865124835
865258535
865056663
867815943
869419118
864488944
864309115
865863204
864775728
865007467
864172666
864932066
864261799
865734183
867938727
864678146
864221785
867443750
860554854
863706767
860460910
864111043
863966765
861089338
861453247
863781667
860649536
864011270
863855994
863501951
860810626
861583391
863903745
860706495
860592774
864142729
860508235
864080973
856479403
857197803
857492900
860354907
860053213
860420727
860180922
856651917
856538383
856600043
860381063
857402984
860311795
856698016
856630782
856565906
860121537
859729321
856516459
860153722
847411093
855865297
848657880
847711783
852128618
847300647
847805221
852047554
856462561
847481718
852344599
847882851
847669978
847346172
848708499
847940038
852274054
848592097
852348313
847545677
839346904
840803260
846936849
846876733
840907834
838785978
838677559
836670052
847254186
839279947
846732745
846981507
841135079
840944265
841013715
836462705
838512833
836899530
846816809
841179604
829687500
831778520
834918235
835512268
834832998
826074694
830036227
830086141
834979184
834736777
831865642
831690079
829432320
826270971
829560846
829875946
835110763
825992048
823857469
823931792
821711064
818168710
823711253
810390160
821769345
818342994
823658207
823783202
810248803
821832817
816327311
811003868
818260102
812841723
818500212
810905022
810304520
808605242
822092694
821970737
806665713
802517313
808547388
799447235
789389773
801258912
777506028
801493367
806727585
795310849
802623932
777588216
801428166
802693846
801359993
799381660
799198840
794761202
806607274
803182115
772059014
757838904
757759138
757609145
776245787
776362059
776114647
756419280
775812528
758007371
755913344
755802822
775697592
756483565
754804271
777447539
776311513
776072046
757929251
756349766
744948239
754121622
752269283
744851829
750547749
749244161
749157822
747006175
752323967
752128445
747133178
746919810
752403715
747339927
754305470
754377021
747379159
747056810
749185839
747418191
737493402
731257427
729317690
744558414
741320769
733265589
731295180
737781554
737659888
741436647
729537325
729403499
728962079
739592308
737417289
739693756
739485243
737593498
742831321
739803606
710164593
715392962
727315440
725197930
725690243
725627272
714243933
714091919
727461782
727037057
715451313
713524875
714016117
716024864
728931236
714158226
711818664
711734147
710220879
727225811
705744212
702009454
698589979
700528302
698473402
699993390
705888246
700212041
699846379
698368357
710081541
704239625
700591653
709880003
701870910
700664822
700477907
710003357
700356053
700083939
691899753
685975378
698210328
692037052
687849322
685756823
692044224
696542764
687378277
685900192
686046558
689138574
691379256
687796388
687249638
696413580
696181684
691576883
691733098
689263703
682358976
679500572
675531964
683862775
685292306
682286211
682089152
679965676
685529751
680122260
678358416
685635220
680169019
683807744
679702198
678215169
678061731
677895646
677739913
677458214
655226059
658484581
666799386
669511276
666630608
672716956
666519677
664481887
666863251
674707662
667362348
667090902
674752174
664587723
660233445
658407011
655163036
672988259
660370433
667214811
649625551
647723776
650815638
650621766
652626970
647631229
649342206
649086634
652770064
654970145
650728662
647993145
654882358
647537890
649013288
652997387
652906627
648048223
649534531
652530004
635883340
640912952
644940512
645037586
641566653
639687234
641518654
639624457
641130092
642850168
639188843
643225111
639294842
641227037
643329151
640965157
640792745
644562437
642789640
639123087
635613317
633760410
627147792
635772748
631071273
632054742
632564645
625897499
633661218
632169219
629340007
628391514
627047141
625863218
625832623
634153148
633970554
625730926
632450867
629368386
618179500
613304339
621172284
613252539
624266133
617758600
612728186
618234919
625654428
622926170
619665076
618111020
612980925
624344688
613044496
619988823
619948630
615944496
622505669
621281665
602448559
605469664
609104992
602360165
606697067
608707822
606629362
609155864
609189003
609062393
606553591
605534655
602234406
602125647
610200391
610303762
609208508
607023371
602300808
610367788
597859722
597472349
597298372
600814721
601066509
597710853
601144289
596463890
599518615
597955093
597402513
599372802
600757371
602055748
600685200
600485388
601097934
599311230
598063647
597619990
590004997
587464433
587305689
595680869
595909170
592780003
590100676
587416191
595613630
588940811
590050500
596141924
588852140
587680994
588606097
588706152
592897716
595798318
591837762
596308610
577371068
573782097
575314722
585963815
574050490
585622119
587242309
586039571
577134520
576205107
578969075
578891673
576144740
576042443
579051773
575700351
573975281
577099587
585764182
575630473
570887944
571945899
566441582
572208919
568360341
570609885
572273426
570846806
571877983
572790697
570421625
572100018
570370189
568302716
567801092
573709617
568438635
568234133
567872442
572362410
564824685
563367208
562975511
564952158
563689863
562937901
564998683
564895050
563028821
565580729
563444933
566261687
566377148
565342797
565443561
564771696
565642279
566296080
565721646
563935328
561941903
560407930
561985824
561691076
559999742
562843991
561746253
560351994
560016355
559944131
559889563
559103593
559007397
562889554
561528878
559044154
559141751
559921392
561597607
562390834
554666936
554462300
554495684
554733994
558644973
552723716
558542351
558624230
553727209
552749519
554634607
554599432
554424867
556227217
556190437
553664891
557125337
552682533
553601608
558979509
552493917
545682310
549186668
547454562
543529800
543371423
551131715
545936174
552412703
544131272
545733349
544036373
547221826
547281953
549221616
549740986
545609167
547472401
544189674
543449531
539560914
543013551
540682663
542535665
539612618
540723480
541280517
541364364
542623095
541214266
540779495
542697464
541333568
540085709
540044630
539471430
541361832
543295543
540234276
539688641
533308680
532939218
539369857
533380079
537360699
535997960
533244339
537399112
539292275
533266458
539406692
539260037
539227923
533501837
533431204
535906685
533347590
533003393
539317877
535771518
529352290
529816343
528048556
532569719
531378479
529057255
529311604
529565454
527995950
531369254
531401673
529711220
528040650
529402305
529671892
528088370
529649876
528103440
531562552
531255722
525044289
523012185
522094390
526797727
526723502
521990777
522200289
522022335
525321178
526570237
526768459
524993753
524971836
526841578
527855910
523115891
525271269
519544151
526486395
525375840
519394286
515443601
514559948
514476107
512801293
514443417
519481662
516048799
514518335
515383615
519444782
514577736
514497640
512808678
516004361
515959473
519260375
515926553
515756870
516118060
502296143
512741219
507315108
502266899
512648473
508466364
502318163
512547937
502352262
507266554
508773420
507287858
507300893
510721366
507244475
502379373
509013158
508528011
502396932
502328571
501849786
500176011
502212660
502124796
502167582
501567004
501685361
501634503
501717275
502023926
499057475
502095087
502227629
499098823
502246401
502143668
499024700
502188515
499074978
501988339
494752794
496804865
494757525
493997092
493818457
494040840
498494316
493865950
493254149
494122736
494867345
494064722
493168013
494651533
493827402
494099072
498827914
494019025
494972868
495076253
491770306
490038851
490242858
489860219
492304773
490327964
489955703
489499743
489430097
492339468
490178480
492375293
492056965
493058915
489694193
490293427
489388910
492270925
492246676
491629398
489338288
486791879
486809128
486484102
488282932
485607205
485661259
489278356
485390007
487317906
488422908
488271700
488733397
488508023
486524545
486493920
488756442
487257680
486705414
486574673
481983627
483516361
484250720
483460252
485068335
483509142
481074100
480796738
482213291
481339157
480735546
484304546
482048933
482147218
481293165
482041531
485333483
481200145
483847370
481206341
479825300
479494941
479447557
478003667
479374488
478473415
478409309
478066732
476977940
479333004
479435097
478286830
477911759
478629570
479858131
478676859
478311082
479847716
479750194
480675385
476706584
476756793
469569416
474240168
471039198
476652566
473762211
473782021
476531121
470963422
476824386
476851329
476604832
476899005
473753683
474167982
473771868
474246197
469619928
469682228
469489289
467411579
469441327
468005058
467457925
467976097
466529502
469473906
466332698
465877295
467259110
466463434
467955537
466445681
465826586
469524636
466534959
467492138
469478194
466509885
458945521
461607209
461548526
463743286
461275975
461490166
461675715
461203259
459984192
465753509
461446931
459131342
459948008
462197555
459181291
459369974
459921122
461243731
460019996
459070413
458829279
458629518
457111083
457157903
455264651
458734645
456837488
458539652
458902918
455239108
455132228
456908006
458688301
458511266
458786506
458465945
456933060
458566135
458677953
457208510
445710230
441759229
443945314
442887830
441333860
440372452
454581779
441898521
438943006
442791483
440328223
440194599
440299362
438872431
442738204
454975526
441803486
441515211
441853858
438801943
436471872
432890972
432472696
437578490
432848858
436275980
434253666
432739491
432816770
436224070
434276746
437668483
436179494
436250747
432925151
432784719
432434064
432581947
438743158
436293524
430961002
430822005
431427415
431755545
432068689
431039317
431445995
431665169
432015085
431909728
431974882
431731203
431699737
431400547
431380422
431340077
431297404
431016026
432353087
431131359
428923592
427743223
428832286
427017801
427640786
430686614
427491748
427423436
425277894
430741514
428867355
426405560
427538650
427870778
426602526
427792778
426939706
428952935
427159650
426506896
422010463
421714929
424893962
422511710
423779062
425098278
421653927
425028826
421951076
421590286
423717382
423927460
425190853
421868646
421785097
422286751
422205391
421457357
423847220
421414079
419510223
419950727
417853653
421348341
420009013
418433367
418373105
419905101
420589637
420353789
421295728
419332019
421381346
419865681
420074629
420506611
419284141
417783654
419713161
419691732
417563069
417088377
416322614
417656115
417702810
417485768
417211404
417159418
417538707
417024847
417241488
417446589
417069902
417612169
417189402
417428688
417262135
417191552
417295246
417585511
416104321
414089472
415294492
415272984
416123092
414005354
414054226
415564629
416141644
415333914
416014288
416070823
416171216
415865536
416165554
416066929
415427483
414436647
414341345
415467206
412198920
413961603
412370438
413831082
412096852
412443680
412344176
413867034
409924149
412229728
413893399
411978002
409922276
409825318
412465923
412405771
410997173
409767822
410975454
411044812
407882676
409154976
408910185
409057135
408896801
408925732
409230442
409076765
409262674
408694756
408846447
408013919
408067950
407975100
407934725
407917090
407794663
409189447
408035438
407952198
407086252
405479253
407150767
405610896
405384596
405667215
403009069
407351151
405537283
407362033
407765566
407115483
407060167
406418019
405448320
405414253
402985415
407211690
407694194
407138239
402086915
402165788
401982301
401731044
400913795
402686001
402222902
402246555
402620080
402286210
402095643
402740513
402188955
402662743
402123114
402018210
402006939
401986634
401803299
400898378
391291610
395146321
397282494
397175490
394982681
393944736
400630720
394027221
392837346
397171323
397302821
399320623
397216339
392804936
391419839
388600807
395061474
397262986
388693538
397239457
384113780
388170330
388058595
385828081
382118394
382036332
381956167
383442437
382155439
388459221
388368518
385923078
385808965
384075003
383338140
387958506
384039270
379922861
383393475
379730531
378705209
377960882
378851680
377877864
378760721
378875148
377846799
378036785
379673818
375671376
375612971
375573628
375524888
375740786
375521971
377819979
377897775
375531221
372885932
375484176
360236627
359601261
372845950
366922095
366635458
360285385
359788327
372824353
367071595
367165809
360200697
371072759
360338376
365110481
364989807
358606778
358517221
372863437
366992302
360258279
357589264
357971094
357513980
356530329
357378635
357329578
356506811
357939592
355374008
358406645
358398122
358095133
358243932
356125924
357200009
355346022
358005697
355345109
355317566
355223918
355179908
353275888
353928234
353323602
353494239
353983378
354581772
353914463
353439433
354808376
354272787
354205794
355197367
353373837
354048858
353314331
352414634
353891366
354187587
354240284
346111177
346178871
345041650
346229310
348293544
350910822
349365341
344994658
344982264
344927486
349319254
349276354
346007937
352406953
348204835
349446995
350668564
346145971
352338548
346053738
337298503
342683964
341695499
341351669
341304958
337277771
341346136
341714948
337438591
342890798
341576368
337415849
342736426
341617311
342845444
341710089
341596266
341594041
337453430
342967168
334746260
333908747
334106483
337240276
334621851
335747757
334701717
335993767
335494508
335657539
335964400
335895600
334440159
334661380
337223017
337260157
335838449
334636018
330518730
334383418
322460651
330436972
321519486
327338829
324950034
330381544
324901245
322335204
324830242
330260571
323566835
327369750
327301626
327251134
321556145
321471168
321136568
327167598
322281547
330323431
320811897
321106307
320357176
320635151
321081923
320472714
320593023
320630922
320406381
318526213
318495774
320707995
320784588
318358232
318405764
318421321
318475162
318383018
320756687
318442098
316509066
317931706
318274404
318277190
318205896
313632423
318082333
315676654
318309240
316545629
314617299
312755920
317961888
316868576
313604501
312734087
315379243
313470539
316648833
313543701
308495171
312700611
310108779
306365716
305777219
304350803
312625131
305721737
311288182
312663168
311065566
305485397
305429824
312677198
312689201
311122896
312578306
312660451
311475311
312715320
302388534
302173892
302450447
302147464
299191452
302282586
302250252
302495324
302039032
299184916
299435145
301739865
302230350
302116542
301923798
302559034
302203976
304262219
302219117
301691898
296346209
292283159
291897804
292434413
298498912
296429105
292328599
296266044
296287403
295322439
298477239
292511329
296418011
292164937
292139718
292106746
298294612
292057077
299132362
299081138
291089491
291167498
284803033
284626356
285424264
291396295
291329679
284541738
291836474
285459092
291695464
285375098
284588772
291852612
291239498
291873544
284546357
291790786
291601613
291804422
283143372
282364097
282028579
284292757
282662646
276501265
283061151
281505489
282587925
283098371
282037724
282112021
278545628
282137803
282637073
282217585
276856759
281090207
284335174
281027548
273884164
271174257
271325084
274476768
274156504
271438053
271229554
276247994
271291373
276357921
274511446
271478406
274427006
271257220
275753454
273943085
276407031
271528302
276459796
271361074
270488918
270413766
269422941
268456376
266058348
269693973
267308938
267241854
270378546
269555762
270606434
266566142
266097976
266050840
266555145
269511989
270856748
270755476
270628753
269472650
265671165
260296417
261116625
265098058
261067219
265497169
265237879
264664508
261026664
264550176
261517562
265537984
264681821
264648636
264605218
265047645
264573942
264631377
260020917
265805004
259940235
258320940
259364014
259333123
258332782
257296035
259864671
258162573
258839063
257319679
258935254
259833941
259406925
258295982
258889754
259380819
258926039
258751745
258197083
258254742
256912489
254490314
256244321
255791794
254570690
255146978
257155956
256264350
256171936
257238646
254526141
254522602
254353086
257125351
257214930
257180279
256209372
255126999
257269696
254322331
250999037
250807973
250729735
253828304
252142587
253872195
252177000
253909645
252225347
254043073
252193903
252187246
253757675
252209005
253992002
253611351
254063278
253691422
252153794
250955811
248314963
250025603
249258044
250164371
250920053
249368402
250234478
250230827
248347418
249344477
249873113
249285357
249232479
248366403
250188852
249383751
250121985
249980168
249353514
249322455
246557794
244878391
248270421
247212866
245489104
246876666
244856681
247716716
246380285
245439034
247218838
246531393
246569659
246302779
248300396
246910250
246340314
247253599
247276161
247155939
242328333
244672439
244573756
244527398
242282097
242211514
244577422
242086670
243784655
243099379
243256420
244105806
242757502
242831988
243143605
242152186
244499928
242787433
244000752
243175288
241924309
238883486
238270633
242116293
240243797
240361595
240327786
240179367
238836363
241062394
240574495
239691811
239808802
240597568
238243239
241883833
240702080
239839210
240196482
239668010
234773137
236652515
238219562
236665610
233938058
235618462
234799787
234384809
234186491
233957495
237191594
237844964
237158849
237948188
236642425
235590235
234152725
237820151
234228067
235579886
232800912
232041165
233490215
233864606
233215517
233887932
233853488
233526527
232760274
232372945
233270853
232055845
232012765
232779928
231206631
231657500
233546200
232819355
233185435
233905664
229308258
230354970
230780501
230318169
230020332
230977685
231180018
228928731
228818178
228786836
230754436
231146492
231064699
230397791
230834268
231116625
231173084
230368844
230054864
228700928
227345320
227308791
225820648
224880353
225866119
228106254
227275948
228389761
225861486
225848279
227216252
225442936
224754587
228386302
227234612
224572457
225767305
228132929
224717348
228153997
221826982
223904954
223837494
223174242
221706812
222668209
224178559
224550105
223149821
223806398
222620588
222348037
221930557
224199490
221956945
221925245
221796820
223878918
223126544
222649726
220283559
221670912
221567108
220344622
219956628
220808916
219310005
220222928
219594915
221553623
220194613
220720823
220691511
219558799
219337135
220015051
219977061
221556679
220314300
220258879
214925122
218650805
216547440
215353453
217321543
219278507
214897786
215510294
217295656
217707277
216209276
218455739
215627981
218375396
218596659
218408224
218737724
218314783
218345465
215323145
214444009
212774270
212206749
214853559
214843003
212829250
214388795
211627649
214533123
213119200
212859240
212105100
212882553
211665446
212764256
214430469
212069140
213169804
212011454
212148129
210572304
209283113
211623699
210821151
211406036
209859160
210498951
210080488
210112639
209313950
211611249
210886759
210083663
211431430
211578642
210475037
209764789
210450486
209879220
211303213
201758312
205607121
202494900
204845643
209254320
209057051
201963928
206024212
204848997
204121492
204022656
201708722
204087898
202010070
201868573
209082310
205674654
209217110
201842197
204059323
196482330
196522132
197656087
199674571
197670550
198102290
198330788
199616006
197620401
196584773
200625189
199578561
199499651
200322643
198046573
197681384
198976872
200605113
199480841
198554963
193411260
195583036
195344414
196227232
192513058
194861249
193330983
194203386
195356248
195152458
195239997
195122328
193888807
196448969
195171673
192470801
192445787
193434384
192295824
193911934
189597721
188327759
189782273
188795468
189521202
189510199
188762383
191134304
190195941
189757981
189565324
188353366
189651458
188361915
192169378
190253403
190219917
191185867
189642539
191202098
187958283
187921598
187535706
187571050
187094352
186396243
188148926
187500484
188262561
188232402
187629609
187362720
188098240
186674595
186369627
187466466
188316540
187435325
188240070
188180172
185862224
185909808
186299949
184885391
185800167
185785392
185107342
184934122
184843194
185965863
185134135
184821258
185072021
184776119
186332251
185929775
185663233
185825642
184780654
184766294
182381161
177843156
178821909
179021154
178851314
178873795
178752689
178567856
182792446
183631723
182407330
178808479
182272497
182606138
180677023
181871950
178795003
178344848
183642573
180948122
176885572
177642905
177608084
176327829
177463544
176312277
176282814
176472199
177790279
176259468
176360709
176858719
177754922
176296401
177773305
177828990
176378961
176343860
176422185
177428068
174739255
175698209
174897794
174736204
174477272
172777552
175438110
175140608
174909032
172244376
175733321
172806871
175725953
176246733
175741887
174447460
172289799
175612881
174879795
174356439
159156297
162699841
161538823
160269246
164988239
160044004
167366614
162747340
160253392
165006413
159187632
159118996
167316380
159280121
165021213
159264910
165484798
158671035
171708800
159239862
157854015
157650800
157737690
157050879
156978631
158656254
156626106
157002280
156913253
157773428
157044995
158556795
157027852
156372271
156939078
156440476
156478028
158267924
155948910
158231804
154011354
153510634
152716187
152735439
152731327
151896983
155802277
153473256
155909266
154863747
152621395
152552171
155665847
155588813
151920996
151479692
155851670
154898433
155147221
152096281
149952060
150025027
150435456
146804169
149500569
146893551
146828673
151085792
149416230
149323486
148762096
148633570
151439067
149982316
146901931
150053799
148248232
147943226
149265340
150006101
146574237
146154639
146522165
145415184
145386558
145320509
145922508
146608951
145361030
145952610
146546124
145768815
144975372
145797800
145446883
146122998
145471242
146184477
145291261
144444840
140393421
140365939
143241878
142630957
141186436
141258886
141414283
141208805
144410790
142306775
140141112
144055376
143768364
143731005
142310380
142270259
141861756
141170871
142881716
144179098
137257877
139673435
138051670
137276042
139634151
139776196
138028069
137306258
138320673
138944571
138345556
137656380
140071280
139120652
138983067
139824949
139503665
139074452
137357476
138084096
137115018
133431754
133986267
136787051
132952965
137197940
134036789
137156757
137077868
133599628
135809142
137091631
137053376
132984065
131524143
137064307
131933165
137026555
136846328
133524451
127421187
124428524
124182103
127469158
128206177
125854492
125845687
128169599
129029472
125303338
127381497
124158124
126534398
124739171
124677489
125234389
124322330
124105913
126151990
125195640
118025586
121781357
119737398
118087233
117987349
118747542
119726799
122952116
122875009
120710611
118069493
118049831
121698311
118008367
124090291
119730961
123560289
121704142
118236956
120751416
113420290
117177186
109135824
114678461
113795472
111301258
114651797
113942457
113462044
109693274
116789051
110715319
117970395
117268454
117179354
111298645
116840571
109746978
113799643
113907775
107979806
104468833
103915487
108840823
109012119
108133097
104387472
109071313
104243769
103877446
103645119
108032846
108903458
108182466
108964484
108093899
103628897
104372204
107244457
108788274
97320969
102604897
102219171
97127099
102581530
95592298
102334961
98229508
102291905
97105791
96070437
98490293
101773513
102248282
102555140
101474662
98469463
98444707
98170740
102195745
94952691
94836669
94253017
91442391
93269030
91282886
94964564
94887498
95513534
93534639
92693793
92666915
94806236
91469116
95528801
94946580
92719306
94863215
95489575
93104506
85222259
85189590
81952185
89860124
91224300
86595361
89832187
90769774
84012422
90819590
83880520
81430804
90789799
80823397
89486433
84878959
90893366
91251633
89272959
90815513
79361285
79338724
78890576
79761409
78159256
78852522
80385928
79419743
79356903
80409277
79314848
79480188
78258976
79492690
79398811
78209368
77678380
77635157
80787683
78806633
76686155
74282820
72974324
68293899
69669497
74522034
74545112
74216749
74112268
74505015
74201341
74230914
74348502
74244523
74090292
74296969
68321024
74368802
74410356
68312755
68238440
67220416
67128104
67193675
68167369
68271133
68262581
68251799
68138983
67336380
67264540
67185856
67179059
67277616
67208701
68284455
67147475
68224648
68115019
68208210
63387919
65154597
63615599
63269256
65187044
65563925
67007334
65588781
65663112
65312876
63404672
63290960
65688818
63151342
63135219
63300872
63649450
66981989
63357135
63280357
61791126
63029716
59030222
60193689
60145133
61649040
59268455
60147878
62874633
63040145
63069589
58756116
62996436
62853913
59264586
60123000
59893312
61707228
62864654
61757206
56627786
56439206
56454945
56401691
56459293
57873032
56162212
57110928
57350845
56386087
56482759
58317052
56572470
58559144
57335495
56641867
56178614
56161083
56170327
56825237
55882577
54592937
55491134
55992840
52803400
55899116
53641402
55915145
53705674
55425037
56010164
55867399
56091297
55955412
54818786
56026818
55973269
55267271
53830601
54118599
51190178
52625741
51167682
51615029
52633413
52227109
51940010
51501452
51256713
51440314
51310009
51478680
51687429
51200083
51465205
52297138
51521551
51316928
51212226
51207004
48948718
48301861
50408194
49232990
51151702
49305693
49326802
49512965
49242909
48878433
50415895
51143276
48935589
50379838
49465608
49262829
48213467
49203881
50777621
51159134
47378172
47403093
46926181
47787505
47512535
47499798
47506491
47495564
47788843
47354618
47417018
46882559
47433951
47768737
47476545
47360172
47248850
46944418
47488026
47388868
46529084
46687186
46803116
46569100
46738829
46791715
46790671
46839087
46550985
46740860
46824890
46721919
46731276
46672411
46755266
46747921
46287958
46150683
46818123
46709861
43980885
43976311
42558138
43963623
44168625
44156745
45578359
44406008
43433206
44884544
43753663
44138488
43065018
45464146
44451641
43086957
42803698
42533003
43253880
45576827
41478740
42000484
41947502
42358630
41690338
41447457
42362792
42383077
41796587
42368424
41450801
42385108
41991640
41465801
42287269
41423955
41412548
42296381
41432034
42376898
39725370
39972913
38856910
40887752
39714423
39133333
38473764
39866937
38831716
41189849
40362780
39966597
38865783
39934420
39938195
40876309
40864650
39858102
41345430
39881473
37215509
35601207
35298488
35274718
36840933
37193169
35964242
36003741
37182786
35967193
35517278
37675642
35489165
35373075
37968402
35320244
36314872
35367043
38331643
35339959
34773902
34499381
34355470
34335515
34754267
34402884
34395061
34376176
34584661
34554914
34333558
34872927
34320726
34613582
34864193
34879961
35252642
34991956
35227269
34842715
33791979
33924406
33879604
33810135
34064012
34141728
34292728
34164528
34288109
34122114
33962226
34289725
34169172
34112355
34311193
34136723
33955260
34175533
34087211
33824565
33301062
33375574
33114911
33145819
33189360
33359173
33163543
33125535
33640341
33780263
33333411
33641133
33767103
33199003
33183407
33153525
33307970
33198424
33133032
33345822
32445043
32862083
32848087
32416911
32402094
32686582
32886642
32323008
32355668
32302059
32039123
32909375
32835793
32900289
32376033
32872068
32132526
32299399
32321185
33097552
31514118
31662660
31217664
31404227
31019718
31439020
31976610
31708020
31176741
31693309
31470604
31189573
31230658
31201445
31239296
31424103
31452110
31389125
31648308
31489629
30561123
30742813
30542137
30904219
30809749
30856693
30550592
30869415
31010369
30533715
30914901
30990932
30970990
31001941
30850424
30822342
30791061
30995854
30818282
30749196
30088388
29251247
29029658
29577099
29173584
30523969
29381096
30277919
29347544
29010238
29015800
30512122
30509875
29877367
29665244
29025433
30232135
29139470
30504678
30399200
28696551
28314034
28646677
28699232
28540782
28327854
28521095
28322538
28430816
28264752
28250404
28712709
28425466
29001150
28302875
28991481
28273701
29006555
28509354
28963122
27843582
27370680
28243989
27496663
27407139
27405662
27933061
28021559
28007594
27412807
27342303
28058870
28039400
27865786
27682969
27878820
27361128
28015790
27850280
27506300
26625665
26453467
26438913
27325213
26615173
27333980
26911763
26897212
26815862
26606399
27314601
26888987
26446700
27306755
26423352
26501470
27318003
26486462
26417917
26917202
26254599
25657541
25322685
25883234
26307680
26405298
26320530
25586665
26313533
25405217
25309120
25441625
25660309
26325348
25395687
26411795
25491052
25105409
25304470
25276259
23126842
23107354
24781703
24569773
24529132
25078079
24330990
23947238
25055118
24239575
23950481
24233822
23927642
23570767
24323240
24775988
25097520
23940729
23363764
24214054
22173123
22876223
22165224
22768992
21535645
21525824
22551751
22868579
21554689
22608293
22169119
22784490
21573895
21540013
21429349
22186401
22615028
22562502
22694598
21488156
20523252
20567585
21404554
21386119
21125203
20962802
20850946
20436219
20674654
20528839
20679827
21250670
20752692
20684501
20591038
21245825
20539173
21255969
20765799
21349606
20414723
20199184
20013406
19901874
20017436
20295828
20247729
19944219
19924366
19880957
19545433
20192996
20364379
20429075
19916050
19926149
20024107
20000583
19889902
20066040
19373833
18651600
19415416
19367667
19421581
19531870
19377677
19381165
19375188
19360941
18692518
19028861
19453553
19123188
18985122
18964115
18827432
18716749
18667665
18954058
18309883
18216178
17927739
18347089
18330343
17915969
18493253
18209128
18190059
17809574
18485870
17814740
18363358
18476516
18353052
17969105
17922974
18184708
18301712
18473625
17202801
17672990
17665020
17615491
17640719
17762992
17632661
17782180
17216157
17496349
17803447
17626669
17331454
17223028
17601407
17681464
17657450
17505364
17611346
17622069
16682284
16705943
16441309
16600849
16596009
16686011
16465694
16587115
16429704
16985081
16856532
16681457
16460519
16711953
16885075
16582745
16575099
16482108
16474248
16434484
16197949
16229665
16337025
15884982
15944398
16203815
16340193
16123520
16313435
15968236
15959164
16348838
15891352
15819588
15982626
15808116
16065611
16330697
15951260
15947485
15608726
15637391
15579902
15626945
15649648
15632423
15619422
15596116
15756467
15769832
15655624
15515059
15510621
15590841
15615331
15605160
15643110
15790696
15611649
15796462
15201130
15158717
15490283
14846729
15323025
15212106
14877204
15332733
14890426
15480957
15316500
15290738
15188412
15311493
15449120
15029306
15164940
15348489
15018950
15178781
14486113
14325737
14383634
14358641
14835494
14826512
14341440
14536814
14314193
14332181
14659016
14824466
14547953
14362830
14542835
14323660
14840209
14337387
14726711
14503418
14144920
14152156
13919556
14031815
14193098
14162211
14208212
13744694
14027233
13914043
14045322
14023266
14050784
13874006
13861980
14157679
14186125
14089766
14082679
13996140
13190161
13504225
13740820
13537933
13333099
13035820
13491083
13181009
13168526
13041669
13515094
13726699
13324940
13718344
13561032
13175805
13020307
13031719
13485328
13383861
11595111
11585635
11557262
13005481
12991059
12871379
12860894
12908856
12766038
12995090
12901339
12734406
11548360
11679411
11553135
12761013
11671966
12843651
12904820
12849389
11270192
11198075
11395969
11389023
11376274
11262663
11529801
11109797
11417946
11275682
11113229
11439881
11539382
11423788
11509972
11383713
11255439
11433292
11534632
11504771
10943595
11069017
10909666
10821227
10832339
10931392
10951403
10937994
10825951
10897712
10965911
10921869
10902402
11052988
10958092
11062850
10927226
10915146
11035793
10836237
10667504
10654792
10817670
10772882
10590735
10576486
10579511
10694032
10587153
10792017
10785323
10778018
10659796
10662174
10703292
10707176
10672034
10560516
10798266
10698869
7662083
7529801
10546258
10290965
7527441
10335654
10555450
10539095
7944304
7475364
10273837
7633880
7666908
7532271
7500702
7772001
7535599
7659285
7940877
9274531
6746205
6440012
7391439
6694007
6434128
6423643
6741388
6822541
6162630
6091643
6094621
6709541
6430665
7394892
6426022
6437481
6428124
6797939
6367727
6750677
5452046
2690984
5497856
5447177
5449712
2651708
5495890
6057788
6030796
5337501
2692056
5373789
6077562
6022514
6028775
6055850
6088640
6026399
6059967
5335658
2504596
2407942
2413055
2495764
2483093
2637425
2649856
2405790
2485004
2494342
2490026
2641049
2639117
2480931
2488129
2410526
2500655
2501505
2492091
2486883
2166879
2318228
2372873
2034890
2261282
2374607
2316502
2314635
2349059
2162236
2048980
2110622
2375793
2008706
2351875
2052208
2042356
2010972
2039407
2259504
