1191265104
1191217278
1191181012
1191155485
1191071482
1191019208
1190977657
1190845154
1189106805
1189078715
1189027147
1188998481
1188940312
1188899450
1188771852
1163600636
1163561235
1163521199
1163490188
1163367571
1161597795
1161567560
1161523481
1161481757
1159521050
1159474468
1159402149
1159331896
1159261659
1159176961
1157448376
1157407750
1157369509
1157333019
1157153617
1156990249
1154991070
1154910320
1154809543
1154747899
1154649546
1152193670
1151796174
1135470306
1135242357
1128811834
1126328494
1126283456
1126235566
1126137678
1126046877
1125782391
1125647013
1123935012
1123891894
1123854142
1123815116
1123739889
1121384846
1121335014
1121269120
1121202328
1120805551
1120693377
1118722910
1118663595
1118599030
1118552622
1118457072
1118378172
1117957000
1116369978
1116280129
1115892049
1115779432
1114193433
1114164740
1114124545
1107673292
1107591823
1107544393
1105289567
1098175952
1098149781
1098079016
1098029191
1097961172
1097426702
1096084087
1096046458
1096001201
1085144357
1085106820
1084979164
1084934582
1083144362
1083091347
1083046196
1083005729
1081177451
1081131688
1081097040
1081068743
1079229585
1079197550
1079133945
1079102800
1079022487
1078964617
1078899465
1078818575
1078712725
1072160445
1072093413
1072033410
1071970370
1069944993
1069905221
1049824523
1048029463
1047333669
1047186346
1045925427
1045869778
1045694598
1045593411
1045417144
1045332466
1040556804
1039505663
1032197017
1032110073
1032016591
1031923157
1031638398
1031493487
1030348109
1030284424
1030195344
1030104405
1021700754
1021666293
1019947573
1019926654
1019881121
1017733265
1016198601
1016153023
1011172468
1009030755
1008966754
1008931452
1008864600
1008441659
1006859511
1006823085
1004891599
1004854550
1004805890
1004784319
1002792823
1002751481
1002711858
998318324
993745738
993700144
993655872
991726684
991684584
991657382
991615082
991571710
978916407
978556246
978392345
978274484
977293230
977256555
977220395
973545319
973519975
973495862
973462094
971231905
971147781
966829404
966776630
966635600
966572999
966498235
966176390
966055771
964776853
964741978
964715747
964683158
964394222
964247654
963988708
963890140
963767905
963631338
962978717
962947762
962921511
962875544
962844848
962802817
962710149
962625324
961145195
961106882
961063277
961033498
960995755
960964155
960913160
960723748
960657748
960551713
960442684
959229830
959202515
959163582
959108201
959038408
958718040
958546403
957503615
957474036
957433127
957396598
957366654
954862791
943000630
942752524
942122106
940326247
940247061
940138610
932123788
932089428
932054038
928263879
928224381
928164382
928130165
928078742
928040127
927992978
927939661
927799925
925730537
925693502
925621689
925523677
924953752
920397103
920192851
920141819
920046482
920005883
919987540
919909306
919736641
918383014
918327578
918290200
918263172
918238060
918191103
916400244
916348634
916308699
916287272
916258549
916234213
914429988
914381564
914343582
914313653
914227863
914158844
914048900
913958387
912540755
912500204
912460486
912436964
912397414
912377958
912327638
912278186
910136902
910057911
910032467
909984973
909904964
909882438
909859575
909804918
909705897
907594454
907513466
907471620
907436070
907415522
907373306
907275991
905384970
905353390
905327696
905298749
897524999
897496443
897466698
888584913
888544091
882066648
877231848
877193454
877149511
872879395
868144479
868111614
866368756
866339666
866289437
866267749
866238475
866190912
866144069
866100849
866010420
865895899
865818132
865704320
865627794
865532914
865421569
861248839
860200912
860162300
858424169
850862278
850813092
850779259
848878244
848840062
847123247
847067336
847048592
847010102
845253497
845213288
845179294
843482359
843451552
841644182
841631519
841467269
841401981
841335020
841273946
835424676
835286869
834009366
833983447
786069228
786008826
783949960
783895186
782384647
782291928
782212896
782168690
782118812
782072186
782029511
781973980
781937442
781897808
781863917
781725701
781666206
776699836
776636285
776611242
776582193
776542755
772342935
771160983
771093543
770978831
770751678
770652491
769428118
769287352
769161952
769083280
768819456
767701332
767526136
767456280
767300227
765819412
765633633
755718144
755655559
755587909
755012668
753991708
753889454
749455484
749437481
749388157
749338954
749306817
747516801
747453858
747411482
745609635
745573564
745541291
745502911
743690806
743662747
743633820
721511609
716189927
715368613
715273586
715234354
714332834
714282788
714201044
714141712
698832526
698801699
696874802
696837242
696787464
696736520
696688097
688053061
688029585
688002560
687939828
684302503
684276741
684236137
684178772
682443837
682113617
682055152
681974467
673062131
649897934
649870839
649843829
649802689
649759204
649710169
645171822
645151065
645131931
645106110
645034913
643590325
643554493
643537631
643509065
643461216
643419378
643391383
643352512
643302131
639939740
639909358
639875689
639837651
639259091
634438000
634393257
634359036
634316994
634285412
634187535
630729013
630651713
629546622
629504746
629431300
629410847
629376636
627524754
626016920
625993242
625970093
625953758
