1192590824
1192463902
1192351599
1191925457
1191855770
1191641839
1191572524
1191534027
1190281924
1190072057
1189777148
1188623086
1188519458
1188344903
1187859156
1187753187
1187628501
1187434779
1187330541
1187213443
1187146196
1187041214
1186970234
1185090928
1184961106
1184857353
1184594113
1184480302
1184427680
1184335602
1184243998
1183914413
1183850639
1183800725
1183746192
1181986534
1181854057
1181794565
1181738700
1181153226
1181071305
1176497744
1176343926
1176237984
1167683580
1164694627
1163283492
1160593694
1160294000
1160223988
1160131445
1159565083
1159181140
1159049495
1158955698
1158839621
1158687781
1158560787
1158206832
1158116239
1151748018
1150876759
1150780882
1131553256
1131504227
1131450064
1128914766
1128862641
1126303269
1126253648
1126166122
1126046126
1123940484
1123892573
1123600475
1121240445
1121172106
1118540041
1118460420
1116139281
1104670209
1100405217
1083144362
1081058543
1079229585
1079187516
1079139145
1079102644
1079050862
1077433011
1067881055
1067843578
1067692639
1067631263
1067599084
1067197039
1067084817
1066947895
1066037189
1065996904
1065953499
1065923863
1065886591
1064006038
1063961255
1063926326
1063728933
1063675230
1051991399
1048046610
1047866285
1047254194
1045857536
1045395989
1045237390
1041837665
1039505663
1038038420
1033268510
1032067957
1031956970
1031500217
1027107291
1025475919
1019127196
1017926969
1017882028
1017211756
1016124224
1009109867
1009016012
1008975872
1008613279
1008556043
1007971911
994267040
986890767
986791990
986479911
986383141
976452146
976271268
974474373
974373601
974071057
974017183
972579097
969239604
965958959
965811424
965543799
965452629
964747575
964715747
962847012
961942153
961862933
961110056
961088370
961015472
960959350
960455854
960231383
959084069
959020353
958887434
958772532
958591538
958441056
958306920
958188860
957444461
957402871
957375374
957346374
949896617
934748511
934661628
932340864
932275824
931453632
931304981
931112727
930471397
930410286
922604697
911658630
888987487
888871340
886995241
886890492
886833678
885843652
885771331
885666186
885520444
885359777
885292310
885206215
884996801
884948431
884884312
884811629
884770396
884699590
878571679
878448263
878349784
878246492
878183996
878069644
874931810
873971284
873807203
873757458
870476171
870424921
870162712
870131275
870095449
870066416
870030959
869989569
869974662
869944209
869913879
869877587
867443750
865258535
865124835
865056663
865007467
864932066
864842878
864775728
864678146
864553843
864488944
864309115
864261799
864221785
864172666
864142729
864111043
864080973
864011270
863966765
863903745
863855994
861089338
860810626
860706495
860649536
860592774
860554854
860508235
860460910
860420727
860381063
860354907
860311795
860180922
860153722
860121537
860053213
857197803
856698016
856651917
856630782
856600043
856565906
856538383
856516459
856479403
856462561
855865297
852348313
852274054
852047554
847940038
847882851
847805221
847711783
847669978
847545677
847481718
847411093
847346172
847300647
847254186
846981507
846936849
846876733
841179604
841135079
841013715
840944265
840907834
840803260
839346904
839279947
838785978
836899530
835512268
835110763
834979184
834918235
834832998
831865642
831778520
831690079
830086141
830036227
829875946
826270971
826074694
825992048
823931792
823857469
823783202
823711253
823658207
821832817
821769345
821711064
818500212
818342994
818260102
818168710
816327311
812841723
810390160
810304520
810248803
808605242
808547388
806727585
806665713
806607274
803182115
802693846
802623932
802517313
801493367
801428166
801359993
801258912
799447235
799381660
799198840
795310849
794761202
789389773
777588216
777506028
777447539
776362059
776311513
776245787
776114647
776072046
775812528
775697592
772059014
758007371
757929251
757838904
757759138
757609145
756483565
756419280
756349766
755913344
755802822
754804271
754121622
752403715
752323967
752269283
752128445
750547749
749244161
749185839
749157822
747418191
747379159
747339927
747133178
747056810
747006175
746919810
744558414
742831321
733265589
731295180
728962079
728931236
727461782
725690243
725627272
725197930
716024864
715451313
715392962
714243933
714158226
714091919
714016117
713524875
711818664
711734147
710220879
710164593
710081541
710003357
709880003
704239625
699846379
696181684
685292306
683862775
683807744
682358976
682286211
682089152
680169019
680122260
675531964
674752174
674707662
672988259
660370433
660233445
639294842
633760410
633661218
632054742
631071273
629368386
629340007
625897499
625863218
625832623
619988823
619948630
619665076
618234919
618179500
618111020
617758600
612728186
609208508
609189003
608707822
600485388
597298372
595680869
595613630
590100676
590050500
590004997
588606097
585764182
578891673
577371068
577134520
577099587
575700351
575630473
575314722
573782097
573709617
572362410
572273426
572208919
572100018
571945899
571877983
570609885
570421625
570370189
567872442
567801092
566441582
566377148
566296080
566261687
564998683
564952158
564895050
564824685
564771696
563689863
563444933
563367208
563028821
562975511
562937901
562889554
562843991
