1191898962
1191786514
1191719741
1191629625
1175244117
1175201536
1175053527
1174969555
1174807445
1153576749
1147133827
1117463616
1025603184
1025546111
1022769426
1019718558
1019670347
1019596571
825838936
825325052
823727996
823238641
822213424
822151747
822114292
821418059
821375453
820142121
820027972
819921447
819848475
819681279
819604850
819562511
819497108
819434615
818458170
818304744
818206886
817966028
817886625
817836173
816311518
816234594
816169148
816090719
816038483
814621549
814541638
814480933
814406239
814300151
812662086
812531844
812414007
812166505
812049058
811038634
810751661
810343891
810274825
810153605
810092449
810047363
809896643
809840767
809800680
806423373
750707531
750666333
745335008
744762079
744644012
744477573
743012964
742923284
742841889
742521707
742450616
742377063
742287459
741382511
741320329
741232145
741077137
740986264
740866773
740799657
740713235
740640933
733035597
730759730
730585197
727921923
726189832
726115473
724162953
722687969
716486976
716435538
716405188
716293143
716257044
716222385
716175002
715916917
714600436
714418474
714387861
714357319
714050209
713979352
713872596
713804493
713746445
713658440
712468419
712442354
712391392
712333601
712078313
711172959
711128930
710514547
710483953
710264618
710121768
708671133
708624933
708549826
708498761
708431452
708366827
706698316
706655106
706631449
706574750
706544787
706495010
706452567
704525615
704494247
704383371
704340693
704029086
703960918
703798421
703710021
703590502
702664703
702611340
700734569
700710828
700486126
700429979
700343977
700245664
700149898
700054251
699956392
699849087
699788736
692322565
689936489
689901759
684374227
684354324
682514549
672452598
671410461
671390539
671367995
669135576
668823172
665410181
665319747
664762617
664709109
663189365
663109547
661298927
659335961
659283886
658683262
658646821
658564655
658400463
658226366
655465715
655418954
655370273
653433159
653409586
650527727
650455228
650413635
649626922
649017466
648124101
648092748
647265103
647208384
644149443
642823213
639883934
639862368
639814298
625897499
625863218
625832623
621484946
606534845
601820024
599219477
590062217
588620201
585476548
584187750
581785536
581658345
580919878
580883707
574755895
573776965
573723627
557839009
556449167
553380605
553323589
549071324
520463991
519682156
519656375
517596211
510793767
509013158
508773420
508503527
508457630
504447437
502396932
502379373
502352262
502328571
502318163
502296143
502266899
502246401
502227629
502212660
502188515
502167582
502143668
502124796
502095087
502023926
501988339
501920360
501892767
501848692
501827822
501749930
501681296
501667658
501619936
501572763
501277033
501213623
501152361
501064475
500403332
500382402
500377498
500264649
499098823
499074978
499057475
499024700
499002718
498975200
498423539
498335549
498198637
497598854
497595846
497559927
497511802
497503314
497207190
497096374
496913213
496604012
496517794
496448033
495890202
495862416
495835172
495811977
495769033
494122736
494099072
494064722
494040840
494019025
493997092
493865950
493254149
493168013
493058915
492375293
492339468
492289566
492261399
492170113
492149275
492128281
492113825
492098195
491593370
491333227
490327964
490293427
490242858
490178480
488756442
488733397
488018405
487965783
486893503
486042126
486022040
486001973
485661259
485607205
485390007
485333483
483444170
482714462
480817458
480726457
480659458
480599035
480578735
480544976
478003667
477911759
477873408
477395906
477358897
476726294
476679898
476597280
474175907
474074922
473730107
473673012
473619039
473055455
473011243
472198803
472160319
472063000
472058288
472049707
472013449
471240232
471176093
471039198
470963422
470802797
470769213
470727701
470690297
469765987
469682228
469619928
469569416
469524636
469489289
469478194
469473906
469441327
468769104
468644325
468588398
468517850
467492138
467457925
467411579
467352024
467299134
467237364
465951431
465877295
465826586
465753509
465248222
465222347
464111726
464053357
463996406
463957401
463919824
463876067
463743286
462713244
462677710
462625344
462577008
462535537
462453830
461675715
461607209
461548526
461490166
461446931
461401078
461322762
460698946
460637838
460019996
459984192
459948008
459921122
459817084
459793143
459695222
459677816
459655873
459620050
459594135
459552419
459479079
459405371
459339458
458629518
458529813
458475009
458452393
458419818
458395906
458376994
458354701
457487540
457418431
457344465
457233519
457195504
456933060
456908006
455883492
455821469
455751630
455671137
455627409
455571227
455521731
455463022
453739250
453709709
453683328
453585437
452585965
452538904
452468791
452417317
452330859
450808424
450772381
450722041
450679352
449050340
449027443
447911530
447888084
447850596
444432330
442870107
442845617
442307356
441293902
439120248
439096387
437623022
437110722
436755930
436354037
436327870
436293524
436259064
434620614
434599445
432739491
432680957
432648890
429997103
428660654
427136710
427112619
427065506
