1197237649
1199363869
1197506643
1195698416
1196295625
1197641679
1197027704
1196693916
1196834185
1197736382
1199008344
1197774120
1195732130
1199176787
1198878064
1197198940
1196492409
1195662653
1196393326
1197579903
1195002303
1192097173
1191862058
1193090023
1192218990
1194934195
1195331724
1193259510
1195614111
1194121611
1195489055
1194591643
1195414726
1195096045
1193031286
1191995538
1194798963
1192958117
1195228004
1195557800
1191310483
1191001771
1191054429
1190779671
1190215819
1189730807
1189014578
1190951930
1190673304
1191355779
1191258301
1191197092
1190072063
1190444180
1189095292
1189046442
1190545019
1189140204
1189799742
1191158344
1188976134
1188934658
1188460521
1188073084
1187784135
1187912875
1186590495
1185377475
1186634193
1188695139
1188349063
1185577385
1185216838
1184922731
1188780369
1186556478
1188869585
1186513375
1185056452
1185746001
1183978617
1184019443
1183848522
1183515545
1183411541
1183084037
1182641490
1183577714
1183887522
1180522988
1183741259
1179374372
1181429288
1182771252
1181517631
1183649243
1181478652
1181229331
1183939993
1180358894
1178039647
1178220169
1177215414
1177133356
1176225476
1174986162
1173043076
1178384185
1172358196
1172773627
1172976514
1177068737
1175997642
1173759982
1173085686
1178125865
1179315643
1176076038
1175053832
1172902094
1171621462
1172191471
1170477133
1169351721
1170421327
1168943813
1168192686
1167991839
1169061965
1168037990
1171920404
1169970689
1169765971
1172050675
1169640842
1171740752
1168098884
1167942733
1169181013
1169492493
1165078655
1164386254
1165524274
1167654515
1166566839
1165598988
1165200990
1164751980
1167755251
1167274299
1164639920
1165419666
1164912969
1166410082
1165331842
1166915574
1167868265
1167816509
1164462591
1165647256
1161412801
1162296918
1163533827
1164289266
1163209949
1161561634
1162576945
1161513459
1163568438
1162445979
1163458359
1163612173
1163306610
1163117464
1162852631
1162710669
1161606417
1161470388
1163657856
1163384117
1161146594
1161271959
1159493780
1157293931
1157003892
1157064942
1160872778
1160761256
1160478107
1159538021
1157401368
1157207502
1157142902
1160639150
1161333305
1157344769
1159425484
1160246862
1161059256
1160969955
1155262730
1154954170
1156841276
1155342024
1154755410
1155106046
1155195870
1155018479
1156074481
1156212602
1154864339
1151730159
1156343670
1154558989
1154261501
1154114647
1155148924
1156735006
1154476338
1151819745
1133177867
1111903937
1093832755
1093770743
1100342602
1119365949
1097944959
1104430077
1133090551
1097853955
1095741360
1031862976
1132974456
1095818960
1031783531
1141771897
1105122959
1110453426
1110373266
1114686345
1023588931
1023536491
1021666434
1021588399
1017579505
1030537775
1023326313
1030572572
1025485495
1031772037
1025374202
1023190207
1023402542
1017698701
1025077838
1023482270
1030691461
1025239469
1030446026
1030485793
1015861420
1013631634
1016745558
1015697954
1013462244
1015777544
1013328324
1012453746
1016150742
1017471056
1015965916
1015515604
1012771193
1012310439
1015321003
1013703930
1017024307
1016065228
1015236766
1015075797
1012173142
1011116039
1011007642
1008594403
1003728370
1011056223
1006449649
1004631767
1008440731
1004032968
1008696175
1006826601
1003777731
1006515118
1004672124
1011955618
1008791985
1008933003
1008523556
1003880246
1002804943
1000694383
1002332897
1002047548
1000615463
1000559411
999398881
1002886829
1001554428
1002760184
1001846130
1000803253
1002061433
1003614553
1002743596
1001922000
1000844980
1002707607
1000662399
999731362
997274278
997896913
995641810
998201511
995546827
994952297
997426009
998077740
997829105
996758672
998288644
997124790
995206232
997551565
995902327
998234440
995828189
996887312
997760566
998143194
985367692
991444156
993471639
992631786
993012508
989095802
986656814
986579579
987644059
985831023
983245111
993411215
987433707
992765903
985960203
987179118
994757048
987305983
983326627
985389846
979007753
978909928
976041130
975968882
975411170
975101635
975013214
974249790
974124421
976430154
975307154
974049434
974509406
983148673
976284656
974718112
974594808
974894213
974379917
975381969
973203409
966807519
971583523
973003459
971532848
968211146
973455431
973510436
972784772
970614331
973255762
972685113
966585813
970333360
970473046
967661461
966759558
973418082
973327079
971702491
964656442
966496343
965710755
965603383
963716551
964769190
965886953
963839692
963790505
957942230
964583309
965437607
964311423
957338281
957298519
966191843
966316122
965493387
964120222
958059165
956858794
953596951
956448320
949623871
948342478
948453344
954143193
953520448
954349881
953424287
954466489
956358892
956112667
954984959
953841266
956213613
955898238
954880056
952468580
953318107
940058149
939011594
943700038
938900778
939912486
938773743
943986904
939406037
948197381
946265313
946101230
946002781
942611612
940201437
939285369
939085662
943892070
938153028
938097888
938063690
934807126
937857350
937222224
935240395
936905278
937077225
935993599
936990634
935031297
936686703
937996176
934669069
936797957
934868737
935958022
935145775
934721080
936641075
935867523
934934161
932690493
931888680
931678500
932083337
934595612
931803655
932902483
932825121
932737518
932966097
933948213
932060810
933811420
934032520
931995868
931943872
933911487
933986816
933028710
932629558
931251546
930080809
929173051
931116669
930730235
930032471
928921939
929992636
928642880
928785667
929951923
930110459
929202255
930930058
929053757
928709258
930827613
928592799
927835041
931042992
927743776
920080728
919627630
923951478
921530645
920151252
924088814
919867201
919757034
919925360
923728699
922964187
925574123
919686126
925415539
921342872
919994249
924648039
919555716
920124130
917298952
918849093
918914446
918187342
919108170
918189195
911298197
911997102
919204761
911170740
911132080
911043814
918675182
919292191
911459637
913826585
918137098
917976311
919450901
918161485
909614535
907058476
904244364
904346437
903102496
903214053
906047857
905936038
910936313
904638208
902561635
906765117
909523648
910856855
906147406
910796515
902698184
902166867
905990491
907146304
902090998
900062397
897142544
898088570
898589602
899983297
902023513
900152231
898356429
898470589
897322187
897927881
899946765
900243053
898206281
898138278
898291210
897986506
899162873
897193597
893296462
895758464
891430458
893159814
894127161
887794714
896508835
896921477
895958496
894330769
896680023
889407716
887723305
892980573
896403668
889837361
888996022
888080905
887551922
887471297
884739497
885274706
885969432
886794651
885085559
887162087
886031607
887062686
885813597
885167832
884383978
885713948
886989365
884292411
886282238
886710541
884832722
884307806
884933675
886253750
883057985
879202325
883834135
883275034
881488675
880630552
880835745
879219261
879232371
878345945
883401892
880724026
882863063
878439196
882949056
878239480
879400197
884213399
883613697
884255752
874492904
876898517
874403304
877862182
874295289
874201839
873822991
872683219
872590955
873469152
873974938
873509566
878015470
876820084
876308958
876144350
874292812
878091196
873435742
872825668
869140226
870318488
864877333
872130363
865247577
869235387
868699361
872239403
870506993
870795951
868873259
864987361
866576086
865361685
864739932
869772153
871999395
866629763
872048297
870418450
863458303
855494860
855386041
854969901
855214880
854478870
860803586
854345675
861770569
854254288
855081294
855695894
855289456
862881901
862811634
862629743
861198913
855113787
864607533
855037867
851707745
851186223
850581699
851227381
850533469
851595277
852118180
853415031
853130622
851530576
853334354
851462770
851130516
852609332
852226562
853253433
854190011
854109829
850635745
852285714
846661822
849770392
848459040
849457348
845810942
848371397
849497286
847763164
845634740
846988248
845988265
846261129
850480537
846050061
848289261
846134799
850397787
846433169
846345740
847480974
844760844
831197868
836256616
843271308
836199757
835266056
838559183
836575190
836728893
831276299
831022153
831417016
831088071
842004938
835201672
831654208
838480815
831591822
831479633
844669188
830949699
829470176
830816164
829546376
830709837
830145803
830579584
830204509
830892164
830082054
829351812
830744436
830011582
829931095
830625861
829744312
829594021
829687453
829840697
830666352
828411086
829219448
829165032
828941229
827871762
827923721
828829023
828320632
827601797
828995181
827793451
827526576
829138311
828000155
829286118
828234359
828860567
828173448
828089479
827686899
826310451
825804826
826377414
826155690
826463674
826980102
826249525
826099415
825876847
826416996
825721207
827407824
827050502
825917410
826513868
827473401
827245046
826909425
827118852
827333968
823844810
825281139
825082729
824967555
824443168
823584702
823934793
823764423
823679273
824112605
824251237
825598947
825387325
824173336
824405355
825013811
825447985
825521421
825204733
824322347
822506664
823302991
822616851
822679885
821996522
822559499
823143461
822714298
823098428
821749761
822639550
822451873
821912869
821838131
822208125
822075140
823364527
821664651
823230983
823482465
820435609
820759828
820189148
820124492
819574798
820570418
820041925
821477375
819841765
820481946
819636380
821528081
820660816
820358077
819554296
821395135
820626929
819979291
819907474
819685635
818768366
817108110
818853987
818086858
818632245
818542454
818710778
818476168
818907544
817744824
817694194
819487734
818019106
818373300
817913307
818996127
818213824
818159610
818277522
817155717
816825528
816176883
816971474
816395441
816012205
816258245
816539144
816447067
815070361
816610474
815789664
816326829
816757026
816685727
815242683
815009947
815158848
815774638
817054184
816899253
812919414
814255585
813188610
812662086
814853937
814797238
814314051
814075774
813383259
813331229
814713478
812824990
814527165
814587428
813098776
814418538
812714713
812333930
814929374
814170970
809166359
810843904
810739769
811281218
811243454
811148574
811403896
810047363
809417541
811049171
809301618
812083786
810975645
812154728
811349119
812213927
812292685
810522775
810289293
810092568
801923409
809046734
808193555
808884488
808605242
807474571
803469199
802379888
808819687
802717603
804939243
802254252
809092270
802650203
808119357
802476858
803097130
803535816
808380523
804543787
801708505
801484213
801581617
801197916
801368671
801536728
801676082
800447020
800753834
800677459
801106503
800606586
801247594
800356760
800543304
799612881
800825143
800193591
801075355
801301353
796872514
796767834
797522491
797463490
799524250
797107956
798811799
799102047
798913356
798242244
798197765
798746243
798342879
797314901
797036543
799207700
798992953
799363358
797183414
797271854
795695749
795429308
795127594
795722644
796122839
795504150
795381655
795654934
796252163
796564106
796456678
796334664
796189396
795193779
796648224
795769426
796298741
795310849
796383275
795580804
793466351
795055321
793386601
793300137
794593487
793614323
794742568
793540887
793078849
794822368
794357506
795018405
792943155
794225205
793190337
794926595
794520320
794284911
792820006
794649905
792620104
792285191
791554451
791760133
791015143
790944205
791701999
792401905
791623354
792742279
792683553
791406414
792440978
792236643
791163972
791079127
791292226
792551703
791813821
792332465
788687601
790655485
790381389
790600519
790347095
790280764
790215994
789441408
790356239
790474823
789095023
788961813
789667594
790768575
788827739
790812782
789620242
789535960
789234299
789365631
788224443
786959880
786874266
787824118
787609849
788278744
787353275
788352517
787188884
787072115
787487300
788427912
788589214
788483216
787711733
787904089
787294328
787852724
787546916
786792922
786430840
785752221
786197470
786695190
785651085
785540016
785255326
784942398
786609524
784613981
786182520
784745132
786133691
785020393
784843537
785603314
785161792
785722987
786329987
786546872
784512952
784327470
783548156
783224494
782555895
782987034
784433477
784244425
783697772
782845668
782772449
782639902
782700330
783721617
783613588
782358750
783670366
783268793
783146707
784185361
779790421
780828590
781409114
781174361
779853772
780681143
780738297
781096627
781018517
781772087
781726185
782229413
781586219
781334163
780443564
781539130
781262026
779973606
782296881
781647240
779726830
779652442
777483055
779451650
779356104
777290439
777016546
777340300
779578766
778913152
777836587
777542809
779164064
779098610
777031583
777434807
777748053
779232880
778995757
777098990
775988707
772252140
771777018
773471475
775756522
775372106
773263546
776310049
773216015
771654011
776229703
771731001
771846388
775846589
771921864
772050864
772167784
773547676
776292017
773378137
769706106
770184605
769858697
769561819
769214407
771354636
770020945
769018923
769618485
771592369
771504307
769518832
770825632
769749994
771279529
770110467
769946398
768947999
771396080
770885133
768427773
767789584
767032039
766892152
766443111
766591424
766295853
766236602
768131122
768507266
766187525
767010501
766696518
765652792
766802552
768673422
767842170
768882522
768585114
767937332
762761484
762953089
762703855
763281656
765318844
762831701
764910057
763853363
763448973
762439133
762740833
763106515
765173768
765055694
763358307
764653745
762893050
762468709
764767087
765250662
761652682
762079605
762152047
761488423
761060214
762343628
761320948
762231168
761867848
760992904
760811740
761720749
760901288
762004147
761378991
762403921
761146823
761785603
761245674
760025305
758543025
759949560
758397753
759048695
758288177
759337611
759201592
758462268
758896588
759736457
759105024
759506719
759454691
758838559
758353276
758508489
758963375
759848244
759624414
759276598
758074921
757291366
756608030
757988955
757555602
758147928
757435653
757085402
757038065
757667385
757876798
757805260
757321692
756693473
758224351
757382378
757722861
756555385
757230182
757132354
756344311
754771861
754714374
755930746
756119011
755589725
756198583
756256726
755978179
755691333
755312672
754876702
755234668
756440079
756393595
755515992
754823647
755844619
755375332
755270373
754407773
753506730
754650283
752912073
753416839
752665200
751754774
754490999
753606449
754482048
753899584
752821948
752068352
753819064
751915255
753740431
753450923
752726648
751681266
751370574
748455711
749715991
750194565
748591536
750381077
750630367
751031252
749909749
750997527
750560850
748387521
750082052
749685946
748541734
749773702
750781101
750929386
750861251
750289791
750006043
745906278
746205818
747771844
748067599
746388134
748327529
748003392
746755260
746548390
747730712
746137459
746306787
746058344
747830544
746480485
745976927
747933170
747740613
746948239
747015928
745771080
745202666
727898557
745816563
745256746
745375690
735922309
728364422
745328432
745753368
744979638
732324639
729436397
745764207
745786511
745139030
729457165
745856657
745433269
745082491
721042113
722175854
720145937
718941629
720185731
726507213
718745079
725474809
722010001
727233965
722130546
719961853
719271585
719159459
725533723
720078097
718818851
719881383
718880204
727065583
717045235
717124612
716930072
717514405
716171643
717661697
718091125
718123265
716821030
716990116
718153267
717872146
716756475
717935437
716676188
716136200
718676798
717375993
716229659
717317924
715323624
715104123
715028588
714203695
714246655
716100384
715906421
715969766
715700882
716038623
715620208
715564974
714839473
715766104
715834913
714787028
714304590
714889183
715432944
715240348
712918824
712294254
711651352
713574687
713252720
714102139
712333399
712123716
713094547
711949128
711898864
713979352
711800619
713676843
713923157
712246594
714032866
713753684
714152595
713004853
711547629
710419738
708452548
708313522
708345252
711255523
706177669
706089241
705887551
705819977
710383435
711195347
708210060
708132351
708265402
705849596
711382976
711579093
711433848
705996094
705382269
701752817
701498048
705292969
700591653
702009454
700528302
700356053
701870910
701581549
704437404
704363385
700664822
700477907
705479697
704467791
701442611
701693031
704407063
705717759
696732488
698473402
698116381
700212041
696770282
699852840
697608472
697334368
699779310
696874290
699993390
699676366
700083939
699605463
698368357
698210328
697944909
697524483
698589979
697413507
696542764
696413580
694859720
694707378
692037052
696074213
695557992
694757868
695473537
696349626
695641036
694842209
696608198
695934778
696288467
695843867
695807224
695525082
696675851
696184592
691733098
691576883
689138574
692044224
691899753
689045033
686151572
687849322
686131072
689550046
689263703
687249638
685975378
691379256
687378277
687183310
686046558
687796388
686180241
689474317
685635220
684272678
679500572
678358416
677458214
684153136
678061731
677895646
685529751
685756823
684199349
677739913
679965676
684246310
684310507
685900192
679702198
678215169
684324787
684093827
667857529
667804561
670186170
669648477
668663590
671370487
671283462
668792304
668568893
670319517
668907813
670381280
669511276
673887340
673713458
673657672
672716956
672132352
670686635
670267369
665052591
666519677
665864190
666630608
666863251
667214811
663906757
666799386
667090902
665798656
665644714
664587723
665539874
663862719
665131712
667362348
665930287
665734274
665416752
664481887
663547564
660971714
663694432
662719282
661840183
662651097
661967638
660445211
661727054
661669912
662183730
663643952
662975219
663475085
663020202
662020937
663149787
661560250
663411825
663318467
660415189
660186322
658761724
658484581
657722517
659357691
658407011
659835270
659248108
659430324
657987738
660383879
658738853
657883341
657613550
657562868
658058008
659300421
659917628
659496671
656385365
655163036
656460002
657090647
657112600
655422944
656821591
656945784
657005474
655383279
654527492
655902081
654970145
657528312
655860869
654882358
656089806
654690281
655351784
655226059
653519687
654390423
653238038
653297320
653391849
652626970
652530004
654249514
654185019
652997387
653501743
654326898
652906627
652408998
653441596
654438570
653474871
653357663
652770064
653175515
650450268
650307440
649895634
650361758
649873719
649625551
651394297
651027061
649534531
650815638
651346417
651085545
651217198
650728662
651160941
652245901
652357008
651463727
651271811
650621766
642850168
648048223
644562437
644287103
643980990
649086634
644204408
643225111
649013288
649342206
648935084
647631229
647723776
645037586
647537890
644940512
644335191
644035334
647993145
643329151
642347126
641518654
642234200
640464007
641130092
640912952
640965157
642789640
642615510
640680893
640524736
642279909
641566653
641227037
640792745
641660981
640379530
642674075
642500526
641625092
639687234
638074273
639809523
639321718
638876320
638709530
639778469
638014267
635883340
639188843
639243223
639123087
639624457
639066331
639847608
638917710
638633289
638591431
638047463
638810457
633618431
633730478
635103766
635772748
632022128
632450867
631205014
631171770
632754027
632169219
635613317
634153148
633970554
632671776
634400052
631933379
635218969
633904305
632722222
632564645
627047141
625730926
624344688
630701487
624266133
628624899
631130732
631073485
629311088
622926170
629262414
628551035
628254412
627147792
628391514
630621129
625654428
629343865
622505669
630425706
621548303
621529479
613252539
619665076
619943953
618111020
619306160
620788323
613304339
621095718
620905541
618234919
621281665
621172284
618179500
615944496
622337451
620725449
620649708
619983196
611237672
609190426
607336105
610618028
613044496
610367788
612980925
610660540
610303762
610200391
609010499
609914963
611527899
611333630
607490226
608874136
607520983
608823376
609113002
609863739
604076781
604969187
607271626
605535073
602300808
605427102
602448559
606553591
605587347
607023371
605367252
606697067
606903534
607202002
602360165
606848884
604047301
605566970
606629362
605654172
598063647
600814721
602125647
597619990
599518615
599372802
597859722
599311230
598285338
598226978
602234406
601066509
600757371
598252416
600685200
597710853
601097934
597955093
601144289
602055748
590145257
595909170
591528966
589951272
591967871
591715096
595798318
597472349
596463890
591670662
596308610
596141924
591062828
590603095
591036826
597402513
592780003
591837762
592897716
596600932
589741071
589373775
587827887
587464433
588706152
589354218
589691704
587930800
587914344
587209068
587416191
589654272
588940811
588852140
589883062
588589126
587878470
589784229
587680994
587305689
583533970
586210473
582057914
583636725
582326133
585963815
582477432
585447504
582388132
586318012
585622119
582442148
586039571
582122385
582002830
581708275
586242091
584186794
584098192
584145360
581503064
581093636
578969075
581600290
577236101
576205107
580540292
580473496
577316804
576144740
581139422
581417966
577336982
581060767
577391407
579051773
577178394
580654815
577107853
581548956
566420689
567155085
573975281
574050490
568302716
566366137
567887657
570846806
568360341
566542746
570887944
568147628
576042443
572790697
568438635
568234133
568089863
567141823
566608055
566478783
565642279
565580729
565858835
564949397
563935328
563480873
562390834
561857803
565721646
563661683
565260719
563327187
565171370
563411699
565443561
565886456
565918404
565342797
563759704
565028390
557400118
556773396
560575517
558542351
557125337
556714038
556109391
556077056
558200036
560699919
558141415
557380146
557487563
560765650
561164485
561179237
557537743
560656095
556113934
561768360
548573264
547281953
555468965
548537657
548015964
556038025
556002835
555299870
555379996
555187426
555872640
552493917
552412703
552195430
551131715
555244761
548087276
547221826
547144088
547735492
543405945
544036373
542880151
544388379
542697464
542623095
545187713
546523110
543272087
543602840
543875645
546669449
544189674
542753203
542535665
544131272
546480726
543538350
546914655
542793130
540258168
541480688
540241805
542454188
541885642
541116068
540894736
541274631
541968598
541456350
541222905
542023096
542111497
540970857
542353177
541048085
542276625
542186133
541509462
541326001
540216407
539235281
539507314
538934337
539565148
540116582
539369857
539860154
539752486
539691120
539317877
539292275
538974864
538953106
540044630
540085709
539633872
539956724
539803389
538915928
538773656
538112419
538584208
538865870
538890124
538394549
537678261
538156699
537037209
535997960
538321220
538753046
538203374
535906685
538529067
538465429
537698827
537399112
537360699
538826191
533170443
532190277
534742428
532426825
532569719
533003393
533135863
532338880
532058586
532037251
533093852
534712393
534682203
533555609
532287248
532939218
532141681
531775539
531754292
534596830
530880379
530425234
529878719
531078228
530774827
530668972
530463500
531737788
531554454
529907666
531710083
529341481
529361966
531654535
530978208
529981453
531451594
530564147
529946968
529402624
527855910
528135935
529077359
528023950
527323663
526710121
527569876
527397758
528731047
529320144
527983464
526746808
528198678
528095417
528666727
528841828
529171247
527378853
527432243
527415005
525484783
525166536
525301945
524139948
525234349
523191907
524311595
524670458
525322446
523141768
526414384
524248032
526199470
525923293
525511200
526277014
523258467
525996936
525265508
525181687
520880613
520658436
521613421
520958076
523027452
522246569
522717796
522878472
522511778
521891585
521011666
522390307
520915585
520837406
521806100
522020520
522113546
520742530
522143506
521696511
519410838
518832301
520514373
520251979
520187242
518614913
519500198
519981047
519454715
520122490
519249703
520376083
518982535
518688161
519535997
520445105
519293564
518051121
518888924
520022988
516896770
517697730
517676677
515236844
514965966
516547639
517800629
515763232
516784787
518004394
516380088
515709940
515292431
515837322
514928888
515150871
517752458
516686681
516323085
515869194
514246174
513538217
514034105
513089011
513473914
513046677
513678425
514513354
513820510
513576027
513764574
514168279
514405120
514091606
514852972
514495199
514470154
514443021
513895887
514812876
512795710
510894154
511136180
510954445
512547937
511000230
512919979
512648473
512351235
512061151
511211052
511083918
513005829
511297147
511283444
511242285
511318995
512862662
511947917
511261203
509576939
509863081
509509041
508503527
510793767
509622189
510340618
510269534
508457630
509770937
509817264
510244629
509901541
509789903
509973436
510300495
510052975
509749058
510418827
510141645
508112786
504641932
507240136
505125782
504980673
505060951
504719718
506298039
507261960
504680897
507599434
504930123
505328555
505825780
505737792
504588559
507218756
504524804
504763942
504855121
501269498
503154215
501038723
503063407
500929735
503339242
500843917
501051292
501454836
503598851
503001982
500981103
501370685
501109598
500870453
502962954
503666973
503205282
503949917
504149666
498017658
500331590
498370709
497792426
499451817
498609582
498358444
497959879
497923056
499208175
500757664
500638357
500036455
498151600
497885772
499810313
498444449
498209428
500683746
500306842
496210057
497788243
496040109
497309898
496702580
496913213
496400817
496301226
497728795
495076253
497172373
495235664
496804865
497756967
496330171
497119413
497253234
497047586
496071667
496503267
494581103
494444584
494920789
494289726
494044127
493171396
493988476
493653146
493366294
493512604
494764270
494873044
493587920
493271036
494005973
493974485
493705009
493055580
494661225
493926556
490930937
491759292
492901327
492581497
491130247
492017981
492990771
491049295
491418822
492125209
491827147
491912810
491213925
490999139
491640176
492739539
491352311
491123282
492545686
492803098
486586594
488073476
489567505
486893503
490669266
486035955
490859049
488033079
488981633
488962124
486648417
490784605
488930965
486018218
488117257
489472200
489206194
486660995
490725062
489640587
485687608
484012111
485055100
485953304
485677068
485143217
483752464
483231701
483455307
485135690
483858101
485994376
485091961
485004144
484997048
483398050
483202313
483057977
483186879
484956536
482870239
482661119
482817329
483049935
482053117
482819013
482844696
482591698
483020140
482896168
482140937
482785942
482615167
481862501
482931284
483018779
481995178
482936768
482743005
481914735
480629857
481729319
481740647
480492443
480392452
481345432
481206341
480819723
480730253
480541729
481778463
481200145
481636164
480670757
480432858
481664408
480880884
481349579
481074100
481312825
479226942
480082506
479263294
479217510
480268749
480109625
479381842
479048017
480303696
479879896
479311312
479998653
480228471
479182169
480034546
479080305
480253425
479952244
479156380
479075527
477286328
477268972
478798119
476013934
479015141
478973668
478941288
475899885
477383368
478494647
478871214
478922226
477332521
475927189
478836253
478428970
477385872
478897068
478977499
478819796
474537476
474563227
474943615
474503576
474602031
474850097
474637701
473096894
474734348
473147686
472323844
473008703
473232004
474756300
473049185
474462325
472953912
472645303
472363211
472315268
471853688
472170326
471919645
470015146
471871832
471783286
469938949
471811925
471732208
471676588
471704394
471759234
472232401
471647489
471875601
471735017
471948472
471706661
471615055
472259842
469246876
465415490
469302782
469282240
468881076
469330761
466344554
465278813
464771519
465448005
464930366
466217280
465215882
466803030
469354026
468835599
464919273
467397706
466290162
464661897
463435712
463155307
463742294
463926137
464488454
463785720
463287740
463954659
463820792
464564532
462826664
463085139
464008196
463239959
463392526
462923230
463873880
464408011
463338484
462985097
462340521
461096875
462228255
461094024
461821693
460920965
461068795
461134555
461112967
462648379
462684788
462784156
462136763
462462367
462319443
460769536
462482452
462433640
462729689
462408906
459772670
459790644
459723519
460214000
460339122
459695222
459742697
460731664
459810918
459832096
460671956
459655873
460267760
459677816
459620050
460571146
460413284
460703647
459858704
459594135
458332291
458207423
458476910
458240925
459405371
458398686
458529813
458503573
459267045
458584991
458555327
459479079
458157762
458438369
458418632
458372071
458502437
459339458
459552419
458452393
457249759
457206693
457101949
455325186
455198218
457021320
455358499
455174269
457852091
457062576
457759779
455398437
457889895
455138178
456990128
455276224
455295833
456970044
458012063
458097498
452181327
453377129
453007953
452215284
453732332
452065706
453704533
452082069
450603189
453624736
453369083
453755709
453781309
453620274
452859441
453645464
452054965
453679357
452115122
452141999
447626274
447564366
449123998
449151989
447262120
450383169
450265733
447694841
447451805
447658624
447185254
449206180
449242786
450571445
450345425
447528451
447251403
450514321
449184577
450304874
446944148
444117232
444027912
444500319
444526539
444445523
443730540
444285016
445912068
442997194
443789392
447066211
445856119
447121904
447004800
445936111
445393876
443656828
444563392
445978761
441400884
442870203
441361380
440911619
441439619
441528895
441331499
440482575
442375694
441271711
441241465
442670045
442804551
442840667
442906564
442564960
441493690
440831473
442621591
442307356
439116552
436250334
440371950
440354316
439146696
436280087
439070549
439037638
440387827
440328223
439010625
437423132
440463438
439201392
439182440
440440898
439130397
439089367
440418724
439168107
432722075
432167182
430651857
431367334
432581947
434701891
431288759
434666180
431235417
431115376
431180709
434602697
429962029
430035185
432240457
432969669
432821223
431423132
432785901
430954700
426688355
426966803
429937934
429517036
426859991
428660048
427236503
427223711
427174094
427564645
429901600
429277718
427085045
427132650
429339080
429430541
426524902
429571627
427016403
427587397
426236654
419532351
419515412
426347861
419575279
419327376
425647334
424856219
426427473
425364069
423773176
419766398
424931695
419727247
419284046
426289970
423715914
425617157
419550922
425730272
408829071
406594899
406576862
415961481
408800303
412138925
409659411
410874847
409721231
406503519
419210687
418322524
418292669
412172421
406650440
419141130
410760421
418257252
406646376
418341545
376179192
393122692
391820710
391737764
376243807
401854013
380675046
376169260
393029879
380783194
393081055
400603298
380735492
391956508
400649837
391920022
382586621
376297453
400580650
391660375
375008079
359828522
374835240
366731580
374947839
366678084
369475646
366819507
361384280
357539463
367111895
373566079
359923140
369540302
369890922
369991449
376106173
361463917
373484097
367023384
350100387
350026348
357272623
350054190
355027777
350072953
357434937
349979765
357219231
351336662
351497885
351298953
353891366
357490723
351458595
355100220
351431395
353914463
353983378
353928234
346308453
346448174
347540625
342623939
342557527
335993767
335964400
349893280
346198918
340210848
347453419
342353703
338132586
346401446
340149626
346274302
347368185
342439617
335802615
340056630
324655885
321944340
321581628
334561522
334435263
323439654
321612502
322018306
334486660
326708544
334657336
334616430
322056675
323465704
326820417
321548303
326768812
321909103
335737852
321578120
320903643
319408445
319331308
321175702
320549610
320970389
320613212
321188287
320584269
321509124
320898399
319238934
320618291
320472714
320937363
320864023
320822435
320841753
321106304
320637324
316871812
311352756
305795642
308658999
305766296
308644560
304809205
301957457
304811179
315577057
311274879
315648988
305661817
315537237
306607909
304485125
316764828
315697620
305724755
311293525
291745225
300386193
301888746
291830362
257312342
257196001
296611406
257273807
291782544
300474644
291840047
291804845
268625285
301850562
297550047
297522539
297409297
257239876
257206295
299366440
256153796
255705990
257111383
256956156
256233916
257139899
256256503
256780155
256288970
256182349
255816514
256618640
256584980
256899179
256661911
256884227
256078668
256699360
256735416
256999241
253298734
252706460
253328763
253399518
255497734
251747400
251113588
251016563
255645637
253025227
252631950
255596712
251461049
252573410
252314869
251893881
251957503
251778653
251397736
251922851
250740486
250456260
250987963
250025603
250145711
250612006
250917621
250173668
250789304
250961930
250567209
250517681
250675932
249834692
251055414
250876155
250227690
250114855
249980168
250201847
248307352
249660349
248728253
249325276
248668476
248250212
249738064
248333187
248771460
249322473
248924437
248360519
248353590
249277356
249207548
249612748
249711085
248624479
249530632
248843605
247706774
247365187
247149301
247094423
247862820
246862583
246934812
246892496
246829612
247334193
247923512
247749178
247079028
247965769
247022569
247813041
248275228
247816441
246978552
247120582
246542544
246169828
245489104
246128663
245907374
246044077
246480051
246011182
245954890
245917558
246076801
246502423
246783700
246498930
246380285
246340314
246804662
246454017
246302779
246750206
244353959
244085949
244407216
244778993
244068478
244482101
244538575
244837577
243532852
243475604
245376800
243466658
243260130
243238117
245439034
243506263
244439553
244306145
243563004
243771270
243175288
242623491
242406499
243107097
242144732
242137358
242221185
242247919
242727887
242178888
242341831
242296148
242385055
241990868
241851112
242654689
243137528
243204823
242759972
241828585
240247900
240932827
239808802
239755013
240911496
240330930
239839210
240952860
240457708
240095549
240425687
239896010
240302164
240265150
240119015
241218478
240981273
240597568
240574495
240223160
239266395
239300941
239014334
238929554
239691811
239449784
239327233
238932496
238836363
239009657
238668893
239668010
239533944
239493950
238572399
238883486
239408738
238594835
238634057
239359062
219437976
215510294
216096089
218737724
238220287
219590265
218596659
238539402
238477837
237169064
219524780
216079430
238254345
219476858
215627981
219562628
218650805
216051539
219622335
238496899
214934986
210551483
211519317
214956234
210638329
210086037
210038938
215230381
214878048
214866338
214971122
213169804
214911037
212372177
213119200
212326534
211473923
215472580
210130251
210614068
201698039
201626374
204748113
210010547
207355665
202073566
204779831
205936738
207151460
203992315
202035947
201650847
205844637
204701313
207183795
201604041
201559605
209916524
201742210
201666143
198832736
199452112
199565704
198862572
200845724
201534197
201126086
199510261
199489618
201287020
199540325
199454574
199432590
201323000
201350461
200882651
199383148
200904687
199224017
199399179
197998321
198764756
198391546
197538829
198736497
198029802
198635737
198067466
198605329
197965312
197546320
197851390
198695180
198580956
198440219
198415270
197887164
197820134
198429606
198668446
195410340
195189309
197204594
196494983
195148112
195135555
195222703
195089168
195104819
195062991
197514453
194823812
196913002
196536126
196892517
195379466
197083524
194861937
197172239
197106668
192115632
190210610
194585928
194430208
190169008
192094062
190192626
190740761
190063791
193062340
193279448
190079882
193232698
190104544
194496886
194560706
194444851
190767848
194458138
192205693
188884101
188433759
189513130
189456471
189442474
189396889
189437834
189488211
189048350
189898889
188926959
189529306
188830722
188807395
188778775
188403196
189576090
188753470
189384901
188693447
187024721
184673884
186993725
184613569
187486456
187069463
186300426
187452738
187873866
184584302
187920504
184647353
187943382
187034539
187096990
188078904
188002184
187818078
188033235
187198950
183929852
184011712
181825403
184352236
183100447
181776391
183072720
184280278
184104470
183206892
184333761
181464829
180926840
184567406
182382421
184220369
182315761
183897463
182518594
181553190
179575597
179957096
179848708
178045419
177358643
180161567
178599032
180875063
179544580
176389999
178033436
177535724
180906944
176419154
179893909
178991929
177577271
177466754
177633950
177412255
175656693
175606427
175619343
175008988
176001774
176315676
175797825
175739146
175574270
174906589
174597897
176154533
174637793
176036870
175924646
175637706
176367042
175100524
175299608
176144088
171885455
173584561
171927145
172932237
172174337
171973932
171680344
172535810
174407025
171462405
171521586
174380876
172963179
173828377
172813153
172042089
172846231
172997818
174261216
171661907
170640319
171416433
170441772
170584053
171297396
170180637
170467468
170816424
170245412
170236475
171310778
171109545
170124177
170494174
170414403
170936189
170201257
170259098
170865612
170901445
169963651
168003338
167285064
167278496
166138758
169523898
169806177
169375503
167305524
166189671
169581392
169501935
169289846
169925313
169563321
169425909
169771970
170094867
169591304
169458393
162501126
162579486
162431267
162882364
166104291
165619530
164342961
164077989
164328029
164113045
163587566
163217616
163182504
163161167
162549336
164031496
164378250
165557656
162473733
162326876
161758559
162028954
161723063
161673518
161634249
161009830
160964555
161913547
161849035
161559864
161980334
161488655
161512439
160833986
161456893
161083890
162083543
160909402
160789644
162058195
159644443
160555536
160152609
160670809
160529206
160746948
160597392
160234482
160072036
159421508
159882162
160121484
159958413
159679214
160632684
159811593
159741420
159704752
159621794
159837194
158529518
158400154
158856656
158573837
158345023
159064624
158807471
158838763
159104965
159359627
158921845
158883170
158654400
158991990
158629171
159385035
158485585
159026515
158790815
159320515
157783870
157425718
158107843
158130396
157845652
157253187
157330427
155011063
158075161
157458858
158014723
157376979
157488995
158175464
158163695
157808460
157863893
156837528
155015935
158283076
153539284
154616736
154929510
153942848
153047921
153217285
154876023
153032603
153975550
153320697
154577890
154267808
153285996
153180584
153089390
154294867
153257404
153499079
153110834
153068596
152475621
151902694
152810709
152616610
152586479
152361796
152894999
152544839
152100112
152443518
152877583
152786463
152506462
152386015
152139559
152640723
151959489
152345016
152089045
152161693
151692250
151092570
150659807
151098413
151432656
151786286
151747921
151467519
151073239
151498430
151669229
151220843
150888942
150862004
151037021
151716362
150941513
151278248
150970097
151815469
150090709
149301769
149169513
149921053
150009588
149622547
149143780
149167043
150394732
149260364
149230199
150143479
149986556
150520381
150252790
149941850
149186680
150565647
150422870
149426181
147781469
148154853
149121654
148946155
148992124
148769746
148730861
148916131
148692094
147803056
148634514
147450341
148998759
148217527
148592846
148557711
147847768
148186866
148977540
147828733
144132962
143204911
145395208
144297220
144216067
144090742
143444707
146179604
144493850
144259416
144421075
144459231
143268427
146208427
143604369
143755479
146859743
143722641
144824830
143329429
142517968
142601634
142324587
143015263
143002667
142940646
142118048
142004556
142255987
142684784
142305997
141980842
142712584
141952393
141908930
142575008
142774910
142532198
142833230
143182453
141839119
141341425
141312348
141156319
141143862
141041146
141849101
141191356
141160970
141664795
141375127
141210392
141175900
141018807
141412524
141868256
140997998
140937120
141030890
141232639
139793106
140522053
140117622
138943479
139489991
140917167
140485849
140589626
139653432
139577333
138837762
138814590
139761955
139706462
140877756
140558225
140084039
139737769
140628633
138807306
136317911
138773763
136287425
136270321
136731889
136570219
136808559
136648315
136771588
138219845
137919254
138789643
138010095
136355141
137938234
137335492
137294033
137738420
136612220
136321819
134452833
134859507
135426817
134603364
136210827
135152591
135178402
134639569
134500944
135768482
134411142
135686741
136239870
135572198
134548634
135461256
135615362
135132225
135919035
135097248
133765959
133383932
133349927
132995188
134085450
132948966
132586656
132307608
132613617
132518195
133034988
132663530
133459575
132340294
132368141
133431876
132742097
132488081
132415371
132404398
131487171
132053659
132007768
131286845
131456642
131668500
131076435
131941492
131263353
132123242
131215223
132105273
132285382
132071022
131984613
131825949
132087299
131530240
131251085
131232907
130014533
129554010
130080437
129468458
130332575
130305090
129962126
130435285
129565435
129521424
129135584
130387049
130366651
129535117
130413936
130191804
129099039
130244411
129276153
130397495
126268702
128075723
128623938
129022545
128954391
127335245
127205440
127587411
125597679
127634397
128115427
128991836
126091131
126013110
129058998
128921046
127380209
128583891
127446899
128528827
125284245
123045204
125341729
122896032
124593145
124541261
125050238
122941839
123575629
124413534
123154663
125314705
125249337
124777817
124715501
124629183
124270777
123956291
124299638
125371731
121799176
122049518
121971893
121035347
122230089
122772958
122311402
122131013
122532823
122489997
122516154
122331615
120754019
121093403
121251557
122717062
122065046
121333529
122821589
121227151
119689956
119885673
120291877
119980272
119721674
119467365
120253609
119607094
119433019
119264746
119455592
120181249
119763245
119446954
120271451
119419784
119967859
119798494
120713504
119922239
117870253
118643913
118956543
118604214
117448644
117885384
118220114
118584276
117836760
119230193
117855028
118987597
117792203
118350152
118494451
118312668
118622225
118181078
117813009
119177565
114409880
114369985
114359730
117023316
116966575
116707992
117357605
115916566
116300561
115377922
117293444
117327217
117053524
116329770
115870603
116217944
116676065
116313706
117404366
117071775
114267642
112853237
113402831
112816268
112787706
112705406
113687207
113649504
112767695
113662852
113633184
113469446
112884381
113962436
114151994
112729141
114182218
112869833
112745929
113608463
111131682
112428795
112032362
111153632
111993024
111901684
111537687
111635336
112366464
111237241
111509298
112020677
112049122
112330873
111111038
111602940
112487269
111161369
112477062
111223561
109483589
109338077
108987091
109250263
109426837
108432057
109357402
109281149
110334085
109382293
109510653
110285172
109411638
110368156
108396001
108409499
109446279
109465706
110309937
109305546
107298165
106274193
108370837
107801274
108125497
107367682
108378043
107875472
108330840
106227686
108304475
108349992
107315331
108155577
106556115
106407937
106310352
108351253
106540617
106447099
104942065
105818279
105013769
106185403
104729298
104878422
105089040
105889072
105872981
105758911
105837357
105736069
105713567
105483471
105466663
105448112
105078885
105056116
104973816
105035385
104485938
104222840
104267818
103959443
104192837
104246159
104047576
104423983
104407931
104393008
104113022
104149178
104698591
104368148
104497045
104288131
103527883
104381764
104003517
104436542
102513499
102559921
102545603
103413343
103084033
103500941
102460280
102424668
101833813
103122418
102644440
102638992
101875344
103455394
103357494
103324628
101814780
102606339
102579922
102206264
100365560
101798432
101120392
101314526
100609060
100497659
100944687
100980005
101069478
100690941
100470497
101148825
101022953
101623769
101238701
100702629
100650858
100556681
100421057
101766756
99218511
100027529
99369533
99006123
98413937
98371740
99951339
98948380
98910883
100284981
100327577
99262927
99196486
98274044
99291319
99335440
99923768
100296465
99961331
99350284
96494881
96193771
98212921
96915220
96794475
96213523
97693001
96891610
98183372
96744881
96477040
96716819
96596837
96238714
97738853
97586356
97580455
97275670
96565011
96925936
94350190
95919029
95444696
94922095
95946371
94625386
95336520
94606244
94905994
95970735
94944094
95308534
94360799
95468553
94942876
95409575
95562024
95261775
95893745
95234148
94285584
94159015
94125415
93984380
93448404
93893685
94200931
93429899
94029714
94179167
93470674
94298192
93860466
94335718
94224833
93837888
94077134
93406435
94249922
93492230
92861091
92958399
92895725
93168829
92944473
93252527
93125285
93022843
92977141
92931897
93187972
92915699
92884037
93314867
93089474
93362935
93281737
92874633
93144685
92991637
92190812
92176383
92158442
92085582
92055703
92813319
92700977
92494555
92450016
92219739
92803284
92236610
92030892
92848310
92833469
92469142
92582025
92725819
92779958
92205382
91200612
91284161
91521220
91116080
90862758
91865364
91923295
91233569
91502895
91932934
91901451
91533762
91254000
91185175
90852785
90809133
90782041
90890976
90877665
91549237
90633162
90697441
90296944
90279884
90183966
89949066
90533826
90260142
90757183
89621146
90250215
90556651
90271453
90577206
90657207
90160649
90617525
90052831
89601045
90141009
88713544
89441331
88533463
89179967
88929517
88951812
88647356
88892640
88191553
88908022
88558579
89205366
88209226
88686414
89253396
88938869
89291163
89213145
89242932
88583896
87479625
87470941
87488328
87338913
86847442
86673820
86641571
86253763
88117862
86781638
86268092
88027859
86805204
86835154
88042902
86592783
88013343
87323620
88157136
88174422
86057633
86053250
85464578
86078995
85400185
85918788
86023667
85953880
85996919
85826218
86105420
86154872
86133432
85978745
85873286
86203697
85801576
84837936
86213242
85894022
83222796
81640063
80855727
84038966
80367141
80336319
82407673
81559420
81605784
82446270
80975844
80945438
83272843
84774983
84012830
83963276
84816319
82364244
80309252
80269298
76494740
78263111
76681713
77678380
76551457
76792096
78162363
77607568
76784725
79121724
76579663
76528880
76573565
79142078
79840528
76758462
76699951
76738116
76635926
78217567
76455669
75757382
75752119
75568900
75988736
76245677
75423313
76275654
76234524
75177736
75621954
76283167
76439194
76225875
75977210
75773214
76011688
76257793
76265522
75783951
75125508
74780354
74586584
74577373
74549518
74598072
75160013
74971369
75098397
74565237
74551581
74857357
75034166
74997061
75057556
74945983
74903778
75076432
74838033
74803319
74529654
74411582
74382733
73989224
73624124
73613421
73585078
73538257
73423015
74257565
73384981
73900975
74254335
74510173
73570521
73508497
74476543
74011429
74451680
73481341
73279704
72812462
72663157
73326281
73359080
72983068
72617848
73099734
73064544
73342538
72881908
72865948
72802681
73043271
72677855
73159259
73296605
73120352
72642597
73139333
72366562
72382312
72464900
72311184
72102412
72581668
72034065
71944761
71914033
72347902
71814909
72081363
72415986
72052832
72148557
71971540
71842176
72443001
72134899
72118629
71335012
70687062
71161897
71692119
70644841
71750961
71194074
70625314
71123314
70671062
70584879
71716668
70336587
71360570
71656261
71303554
70366677
70993595
71787997
71215594
69598404
70310209
69831939
70036859
69782700
69760709
69537128
69955702
69563795
70285548
69857002
69599578
69553065
69719352
69993213
70234598
69975592
69588145
69934308
69765660
69307977
69103302
69086595
69466475
69294790
69259097
69119538
69050438
69324383
69374238
69347601
69140739
69024137
69067065
69425172
69401288
69281858
69508363
69131663
69447399
68992527
68519739
68914770
68495070
68817151
68845934
68587509
68878144
68619535
68536413
69002903
68474147
68454050
68634743
68828669
68932805
68965082
68890369
68567336
68602634
65767122
65477429
65301929
66820694
65751894
68394565
68382590
68191251
67043849
68373217
66844090
66788029
65165168
67436516
65323042
67012659
68409346
67395012
65287196
65180696
62806603
64990352
64895455
64411507
64395158
63835124
64969104
64870970
63854572
63478231
63260440
64980936
62819848
63222939
64835897
63501810
62790239
63096145
63062564
64427305
58015250
61845764
61932253
62718120
58086562
57580129
61379315
60364019
59199785
61920270
61398618
60344276
62376230
61422397
62759571
61862852
60324184
58108770
62393461
58065719
57069675
55952186
56607665
55915153
55142266
55034749
55169316
56643929
56064892
56484899
55014714
56529119
56625151
54986014
55932834
56349577
56546393
55188621
56426659
55002486
54561566
53723251
51936921
54648489
51917320
51953632
54506065
54490255
54377822
53745978
54334182
52554238
54350552
52570894
54737247
54537448
54873577
54763343
54663154
54306328
49500675
51527019
50639880
49362425
51299783
49683840
49657314
49672626
49786020
50718287
50945547
50728799
50652030
50929718
50965591
51510633
49955064
49940294
51316035
49820444
48594464
48853285
49302216
48968044
48878662
48881242
48781204
48896045
48874167
48614883
49315716
48697821
48972589
49357150
49332825
48637776
48514045
48685956
48543705
49344155
47958758
48497350
48210859
48198987
47971891
48242432
48108741
48474070
48103377
47950909
47938936
48403866
48263620
48081578
48386716
48483216
48395328
48226568
47987139
48367701
46650061
46314241
47826468
46328975
47667548
46299959
46308165
47628571
47694546
47914799
47737009
47621406
47609659
47599908
47587554
46320088
46193516
46182357
47927259
47904528
46055693
46020542
45999603
45752574
45625442
46115734
46054104
45911210
45736817
45978559
45748299
45612036
45844414
45595565
45761814
46108012
45739769
45714424
46061140
45988938
44874126
45576138
45221623
45348400
45043654
44882015
45031228
45322061
45065265
45499382
45231580
45015090
45494414
44903141
45237841
44846212
45505785
45057349
45468446
45315351
44039775
44362202
44451963
44286199
44268291
44391339
44555862
44354339
44149440
44696170
44556907
44733130
44279500
44720397
44435748
44158758
44544703
44718286
44260560
44111764
44031569
43410052
43272815
43652167
43669481
43375586
43549380
44016377
43392948
43958790
43368268
43869565
43881111
43627087
43640672
43716904
43863035
43706683
43532892
43517149
42148742
42935447
43085977
42412871
42721798
42948847
42897281
42482594
42519160
42222484
43174661
42550724
42394363
42189131
42300852
42134903
42384915
43250989
43209740
42160019
41812013
41891725
42060541
41703687
41688808
41788360
42051699
42036081
41956445
41920025
42026771
42053581
41797472
41825843
41900762
41817002
42038952
41929956
41729250
41830585
41275084
41559202
41483328
41477206
41263199
41586541
41195144
41671323
41510328
41341194
41596771
41333261
41324942
41299615
41236726
41221280
41347624
41282639
41443464
41493951
41073693
40894772
40654365
41055782
40772660
40939810
40639399
40623954
41031708
41040415
40881465
41064946
41184862
40699553
40703869
41158167
40669388
40919372
40908338
40743245
40332791
40509784
40494591
40499709
40242060
40177434
40355933
40188675
40590187
40609830
40386135
40487402
40409569
40601886
40613892
40372527
40247765
40158585
40330935
40225652
39646681
39634712
39601699
39841361
39750036
40020887
40006747
40105394
40012649
39767864
39591389
39575444
39739037
39880826
39733649
39756193
40094731
40000456
39991138
39976598
39347242
39517968
39174073
38740991
39090027
39072727
39392148
38718813
38624711
39499093
38856191
39512488
39206308
39442014
39404478
39490107
38615314
38631406
39481099
39520511
38355337
38445030
38346047
38276560
38289087
38376766
38540772
38551595
38360360
38306901
38336951
38489864
38373061
38324621
38312011
38581259
38340174
38584891
38604885
38381793
38086061
38007955
38057353
37984229
38033753
38263313
38022937
38216517
38090600
37995984
38076287
38228027
38046273
37969266
37963637
38247690
38244862
38120086
38112416
38098248
37814281
37858177
37841851
37825620
37729286
37709002
37480818
37718654
37531596
37503829
37780185
37762997
37771417
37740720
37520766
37489478
37862795
37788912
37951644
37774623
36769228
37467794
36811434
37219708
36801618
36963307
37000607
36791204
36699747
37460839
36979813
36988725
36843632
36732188
36744724
36780226
36835636
36758744
36824372
37232095
36590283
36546551
36427280
36578975
36568235
36679529
36454699
36577236
36322241
36203856
36478085
36557904
36463964
36687781
36443588
36332875
36325462
36502039
36213918
36413826
35212773
36193955
35779592
35760976
35500242
36007740
35985056
35950813
35454651
35493297
35634504
35215961
35749187
35771120
35613263
35958572
35995106
35603506
35464411
35483421
34793243
34870602
34734770
35118033
35098423
34891769
34758580
35089201
34972611
34750350
34861658
34897185
34978932
34770099
34964117
34859715
34744242
35125645
34885977
35123577
34292581
34644860
34486112
34654546
34631668
34649980
34718667
34512082
34504712
34363582
34385490
34376299
34264296
34284738
34621390
34638469
34272747
34493910
34403181
34613582
33878065
34253905
33872834
34175168
33858635
33835243
33851243
33890431
33883206
34142782
34134521
34148717
34169172
33991714
33904357
34163690
34154794
34179530
34125731
33909243
33415566
33394060
33625691
33604594
33799504
33753862
33811815
33653860
33617012
33611595
33649376
33406639
33735079
33419656
33744801
33410782
33770321
33824392
33400464
33645824
33281788
33154172
33131030
33318984
33377594
33255434
33179233
33105055
33196818
33117155
33274712
33165911
33102876
33345883
33331488
33200562
33171641
33306542
33204727
33363307
32899644
32872422
32861788
32821502
33035807
32974293
32887847
32811667
32963250
32940020
33074426
32841119
32832866
32877443
33042979
33064368
33053325
32931979
32968240
32944360
32571691
32547214
32804795
32680667
32712014
32689332
32728710
32610396
32662761
32702468
32622868
32585421
32563494
32734531
32696868
32596680
32606187
32636349
32554005
32719997
32201605
32377593
32326159
32223819
32209658
32485219
32231686
32187901
32356741
32216073
32336234
32490624
32426600
32366875
32179590
32161030
32193966
32417755
32172186
32476155
32122295
31748331
31870980
32077046
31962724
31917539
31873100
31895460
31868522
32092557
31842649
31834744
32084878
32059009
31973765
31904769
32101217
31828405
31878038
31819989
31628364
31729086
31618421
31595915
31588202
31490917
31612914
31735989
31688705
31745140
31639937
31657169
31603462
31450458
31411378
31441145
31686398
31740394
31672998
31584823
31015654
30974247
31338498
30919054
30906703
31109662
31258843
31219580
31121730
31039917
31375423
30943391
31332258
31391992
31268809
30984765
30890263
31401125
31118260
31270388
30809197
30725060
30783652
30817656
30770987
30737058
30673995
30653065
30885862
30752993
30885953
30645450
30873105
30828617
30878861
30773368
30663719
30683457
30632559
30822169
29947422
30420405
30079721
30513530
30299320
30279996
30162697
30305812
30086017
30410247
30169727
30054539
30435374
30626946
30388936
29980234
30201336
29871671
30152217
30057954
29000926
29114588
28625256
29856753
28757776
28653093
28748260
28645931
28633504
29138095
29777368
28856335
28767913
28991139
29833683
29146650
29845942
29807220
28661342
28641046
28333428
28297548
28230269
28619631
28439638
28456290
28613455
28310880
28261835
28390453
28413657
28223933
28602504
28509531
28401499
28320364
28290566
28406118
28242312
28338286
28007907
28107750
27922867
28185731
27931233
27992744
28132325
28202305
28182311
28209515
28125564
28193923
28049267
27936384
27929147
28036815
28117393
28015012
27999782
27985737
27594459
27586060
27790437
27498056
27798632
27607425
27825843
27803768
27707655
27519399
27860196
27615936
27817993
27916885
27812505
27723222
27713775
27623258
27581394
27576457
27368379
27298587
27419107
27315265
27309085
27285322
27279148
27469633
27269702
27213494
27228200
27180023
27489561
27384903
27204012
27482335
27378860
27361128
27412569
27251869
27085308
26877496
26892518
26903844
26970534
26871436
26991868
27112366
26976582
27023168
27000144
26909947
26886647
26962773
27009196
26984564
27171151
27098084
27106048
26897739
26638716
26654196
26711067
26769098
26613201
26686800
26800858
26847423
26855741
26671470
26790498
26783877
26704622
26696532
26815172
26776587
26836584
26861846
26663279
26622744
26425077
26518948
26605401
26585611
26569899
26457945
26505256
26482073
26473040
26447309
26440947
26491458
26577790
26475045
26563732
26598375
26499053
26512186
26467259
26418089
26376457
26387831
26292578
26410380
26245613
26220479
26213495
26185027
26298982
26395849
26257624
26382510
26370878
26365965
26306663
26268269
26231974
26201613
26190500
26182158
26177004
25426838
25041074
25626380
25054055
25609554
26042191
25216268
26153965
26161606
25417331
25209023
25033993
26019559
25048491
26171463
25558718
25408714
25569589
25062056
24296965
24466331
24356176
24848041
24306742
24641466
24857714
24840732
24708479
24655765
25027962
24323613
24336597
24475356
24313461
24666505
24647647
24328463
24636924
24674790
24257335
23917648
23891033
23932043
24091084
24291208
24247755
23906901
24277297
24098777
24068831
24062242
24284208
23898826
24269309
24075036
23945953
23922753
24081495
23721622
23523083
23321804
23202427
22967658
22935842
23100249
23167785
23513888
23695014
22972906
23712350
23087183
22979675
23197213
23705602
23314459
23137729
23107480
23152391
23095464
21806981
22009297
22371119
22901622
22354505
22363330
22715945
22552233
21814909
22889492
22782301
22545488
22537053
22003056
21825703
22601579
21812710
22884203
22721873
21819816
21497863
21484824
21670476
21659836
21651602
21675892
21731877
21639703
21508969
21572586
21683477
21489924
21646274
21520232
21577199
21740969
21634675
21581009
21565128
21663963
21413217
21364217
21233367
21337030
21427543
21378188
21475741
21401984
21383825
21432788
21213913
21419487
21472974
21357495
21330796
21396446
21371418
21271279
21351012
21407449
20869083
20785062
20722826
20854127
21047829
20759298
21133298
20718186
20707199
20772923
20700701
21136786
21056916
20861004
20907331
20728248
20767053
20735154
21140188
20915652
20461171
20528310
20534794
20626549
20568125
20621233
20611967
20617593
20607134
20544554
20455490
20568768
20613904
20681865
20454298
20574896
20410019
20686971
20551411
20603720
20219322
20373367
19995435
20296797
20259040
20023972
20175309
20276027
20195276
20101180
20017732
20380472
20304033
20360800
20300708
20079498
20181602
20366148
20389662
20394926
19799804
19544438
19850372
19578465
19866725
19844998
19780213
19632842
19885314
19946810
19875074
19796187
19791503
19539406
19955413
19625889
19569070
19922685
19697202
19560076
19472796
19129601
19388918
19335742
19192923
19185979
19181034
19197003
19262544
19338602
19170410
19288328
19536367
19382879
19281584
19123826
19461867
19305123
19479279
19130760
18901856
19106850
19090311
19043046
18898110
18974531
18906380
18969353
19101302
19056147
18993959
19114516
18965478
19093734
19097166
19049021
19051796
19119402
19040042
18962719
18831017
18798784
18728318
18648294
18807238
18865420
18868402
18837032
18794283
18814580
18723278
18848836
18707945
18894026
18738876
18642734
18733178
18716082
18821194
18857750
18465284
18631753
18550040
18556913
18493101
18446048
18561486
18625646
18516668
18542860
18637903
18500323
18485412
18459623
18552626
18546367
18472236
18537787
18454386
18449506
18332446
18127760
18177611
18123760
18336260
18254945
18260094
18401216
18355350
18117182
18112706
18045818
17990548
18263627
18315623
18033112
18181218
18040659
18389252
18440707
17966098
17908074
17770645
17760724
17949515
17691685
17660548
17630742
17984563
17914098
17672025
17765793
17897677
17704405
17985956
17707088
17700440
17903115
17623975
17695926
17386776
17373951
17321499
17316471
17380961
17457921
17617794
17449920
17389843
17364813
17558255
17608549
17505877
17481066
17548919
17466472
17383510
17381341
17472031
17377202
17141694
17252980
17029977
17031722
17081677
17076005
17080059
16992859
17262721
17199429
17147924
17067358
17272001
17070680
17190996
17268040
17194623
17088346
17269383
17201070
16911037
16759293
16908817
16899173
16956000
16748902
16913679
16755414
16843765
16963901
16735335
16846778
16742330
16766943
16903330
16772068
16834798
16752375
16763150
16968405
16490763
16632645
16621655
16617195
16625138
16550288
16529812
16494348
16613750
16683035
16488264
16587041
16556188
16563226
16611066
16627758
16539956
16533624
16484921
16578908
16363636
16351293
16333201
16241632
16301726
16112215
16477789
16333556
16320080
16374979
16437957
16322699
16308031
16260796
16104971
16423178
16482860
16428295
16367425
16225228
15837845
15903185
15734987
15948278
15936208
15830706
15982891
16085511
16096200
15911690
16068630
15824466
15666402
15818501
15746483
15756412
15892386
15728682
15919145
15670021
15500711
15663546
15651870
15627915
15659221
15475596
15509268
15484345
15581096
15496236
15641724
15607542
15575366
15647220
15517215
15490179
15568203
15598384
15519677
15449381
15437079
15381535
15441984
15227816
15388176
15334316
15314267
15231006
15378396
15353052
15217386
15222652
15207088
15384722
15361377
15243911
15303462
15367851
15329316
15354511
14925949
15156943
15054482
15199797
15168686
15033442
15093365
14943829
15084688
14932784
15011836
15006593
15090007
14921733
14939482
15101290
15086061
15044615
15192092
15178374
14864853
14892015
14764915
14717986
14854799
14911634
14830325
14573579
14850657
14581130
14761104
14578176
14567705
14555722
14876077
14665482
14844040
14836612
14886182
14562083
14348392
14396573
14351621
14464699
14533706
14353465
14357004
14399035
14317079
14368033
14342266
14394121
14308031
14388978
14482116
14474474
14403551
14361921
14311694
14324078
14247123
14193174
14088926
14161619
14241637
14218761
14069157
14167053
14176535
14225760
14171972
14093199
14252307
14211681
14106055
14255226
14228856
14237345
14205360
14101413
13722517
13686806
14057846
14039028
13849197
13877858
13734344
13889790
14017651
14043650
13701178
13924389
13940798
14049890
14022481
13929984
13710061
13916558
13727769
13914814
13486949
13495503
13591954
13585629
13407095
13371365
13398990
13681782
13580593
13668114
13596614
13601032
13574883
13505493
13474708
13533477
13480520
13564527
13401793
13571175
13219956
13229548
13294959
13175347
13069371
13032726
13134125
13040779
13222106
13337834
13143289
13077141
13136796
13129680
13292911
13180445
13191192
13085358
13225595
13072712
12889159
12900622
12999031
13021345
12926407
12872541
12768992
13010687
12912782
12931348
12905915
12909011
12989678
12918244
12993407
12851452
12844341
12781549
12777117
12772224
12514976
12713443
12736142
12625651
12615257
12707351
12759113
12609136
12532755
12595260
12685036
12549178
12562647
12765260
12679910
12582509
12743839
12603625
12753627
12619634
12420684
12422242
12393210
12386778
12435215
12326207
12316122
12412516
12400318
12372576
12239900
12212792
12425242
12344875
12301915
12511549
12439610
12431176
12230501
12235192
11869704
12194877
12175556
12023851
12147550
12017223
11880089
12135326
11952266
12028301
12127840
11989957
12203693
12033870
11963746
11876692
12189835
12165495
12117544
11944462
11590783
11586684
11844079
11562343
11679665
11710732
11674119
11581630
11727494
11730486
11687471
11808055
11850228
11705322
11823313
11660053
11697516
11865103
11593887
11803628
11529664
11437583
11403023
11387138
11453873
11230607
11442832
11274595
11415000
11524862
11422298
11519638
11249306
11217575
11188995
11195590
11369215
11239785
11356782
11449651
11114489
11106786
11034724
10941645
10961531
11102365
10899452
10894251
11075869
10928604
11037914
11097570
11048814
10957396
11060281
11119389
10950389
10924298
11044098
10834708
10644088
10710954
10714674
10796598
10804557
10816930
10592223
10655026
10602359
10677411
10791160
10785038
10707086
10646891
10764074
10824489
10791822
10657984
10759154
10650552
10271599
10552425
10399951
10226993
10407797
10347574
10268274
10352574
10536500
10549711
10589167
10444083
10404038
10350438
10322679
10310076
10280095
10276793
10223233
10297567
10092511
10057935
10086187
10218396
10193443
10155371
10167244
10158101
10205790
10065887
10087985
10083443
10155562
10162901
10140298
10200764
10215553
10186319
10142896
10137304
9900089
9922038
10030937
9960922
9948669
9908732
10055009
9913962
10049630
10027097
9906310
10034073
10022441
9931570
10018348
10012143
9936904
9927767
9917658
9903201
9803222
9745868
9789967
9897472
9735420
9853649
9812882
9749559
9830868
9733224
9798808
9784720
9825297
9816781
9859539
9837562
9787848
9743098
9846056
9856358
9610287
9728274
9542409
9597584
9570169
9555623
9617238
9565001
9552188
9586604
9591447
9682260
9559815
9539689
9709063
9723983
9613976
9719198
9704439
9679161
9434818
9337378
9429126
9534279
9333383
9452602
9339174
9328677
9321569
9481845
9459385
9400423
9309201
9444151
9313483
9417472
9425896
9303611
9407523
9486956
9256627
9182537
9290240
9207657
9147753
9158112
9127402
9198001
9204915
9185482
9169082
9252319
9176815
9278287
9264765
9190057
9153819
9140118
9261529
9132085
9051912
8819894
8905038
8907928
9074611
9047124
8936880
9064735
8836093
8923032
8786993
8931080
8847771
8915371
8828657
9058705
8900968
8946303
8841529
8783428
8577107
8747987
8543921
8750414
8726490
8709915
8600564
8589597
8677014
8670529
8663639
8582915
8721325
8667222
8595142
8754511
8686941
8716719
8554575
8586087
8465443
8538753
8531697
8425803
8526422
8454431
8410841
8401985
8535450
8516586
8449904
8446082
8471517
8421382
8440928
8395648
8512630
8450078
8433065
8405705
8386300
8296730
8276119
8286954
8299710
8308212
8279454
8323119
8221154
8273331
8302454
8292943
8381287
8283188
8327996
8217455
8311898
8289523
8390741
8271259
8108229
8123894
8184773
8197532
8154328
8116782
8110258
8201157
8103946
8114544
8192090
8140117
8119665
8208767
8112574
8204673
8105949
8144657
8214157
8129483
8034149
8064152
8018888
8054979
8030711
7988632
8098946
8027116
8020815
8070431
8066934
8044934
8037090
8049418
8029016
8073321
8059974
8042045
8022807
8101044
7852038
7841964
7770172
7786539
7833564
7948242
7944047
7953161
7963723
7976439
7856092
7981295
7871600
7847085
7782134
7876185
7864530
7859828
7960436
7837370
7678065
7658482
7728289
7687024
7655126
7757754
7652326
7645379
7668511
7647598
7726583
7684122
7736819
7730999
7741794
7662689
7681638
7736501
7733659
7689521
7595692
7586571
7577103
7573608
7643390
7580048
7593052
7584606
7641401
7641272
7574894
7613153
7615849
7550079
7589013
7598419
7582435
7578533
7609047
7610390
7450948
7511271
7482632
7515650
7452763
7484920
7456743
7530343
7508230
7503363
7513083
7509853
7472806
7443605
7547733
7522473
7505128
7481662
7446287
7469636
7290747
7278908
7369606
7440746
7437033
7395583
7358308
7301764
7402697
7273425
7400111
7365853
7355425
7350196
7433124
7434618
7307419
7438626
7407527
7352424
7118843
7263154
7210379
7200084
7173751
7260891
7171866
7141284
7125480
7099558
7265611
7207441
7196062
7187668
7203583
7176408
7179540
7101798
7181567
7138894
6982341
6944390
6898567
6889765
7096382
6947270
7047764
7010694
6910407
6978564
6903963
7056401
7014123
6972433
6973936
7019690
7043541
7012620
6887427
7009466
6709494
6864631
6741672
6712226
6805789
6867686
6737082
6755687
6724600
6875871
6873401
6747667
6752431
6674857
6744601
6812921
6803381
6714186
6882773
6880398
6624007
6652396
6621725
6662175
6571294
6669326
6640097
6629079
6587995
6585432
6627038
6658125
6617614
6564258
6648541
6643612
6620296
6617522
6567554
6632080
6458533
6484473
6525179
6502663
6482477
6481235
6518507
6521608
6488312
6562579
6558089
6491319
6453776
6551031
6560019
6505171
6553243
6479267
6549015
6527518
6365205
6439689
6443749
6430864
6429007
6441421
6393274
6378949
6381621
6356127
6354769
6371858
6426214
6362343
6446325
6388017
6385178
6376848
6328527
6373929
6219530
6201960
6212472
6288731
6283657
6286564
6296463
6280774
6197342
6232696
6227144
6306578
6323359
6319255
6250891
6236429
6209896
6199633
6315482
6304106
5876414
6121433
6008136
6123121
5989387
6164735
6127840
6157963
6070835
6161412
6073968
6065426
6011915
6143692
6137090
6125470
6151809
6077202
5880050
6147948
5741928
5708710
5627484
5635451
5800234
5718628
5848952
5449222
5393798
5795753
5744298
5455844
5872328
5731462
5451937
5736981
5788671
5870821
5847409
5723825
4981651
5256925
5249071
4974044
5017011
4925428
5387610
5018295
4979627
5051165
4695449
5392039
5251898
5047002
4691277
5043790
4976654
4702321
4698331
5260909
4200430
4175149
4169788
4203408
4687490
4253906
4264160
4244751
4241172
4187050
4259289
4195209
4180401
4238677
4206149
4191053
4169351
4251375
4213252
4615363
4155944
4041499
4166524
4150462
4094548
4083257
4066541
4079668
4064973
4038301
4047207
4162625
4087919
4068339
4027598
4045574
4158934
4073605
4033556
4048977
3920900
3953054
4013608
3931492
4022441
4011386
3962611
3951161
3949057
3933046
3965112
3955988
4011548
3984558
3980849
4011528
3978942
3977274
3975193
3958221
3891754
3842080
3871331
3913887
3906440
3866936
3869722
3866592
3867178
3849221
3903862
3890242
3861271
3866185
3893487
3898068
3856751
3866316
3895177
3915904
3776362
3820955
3786770
3823653
3830708
3819891
3838695
3821740
3801907
3793661
3836689
3789569
3782469
3834251
3766298
3825474
3803995
3798835
3778828
3796267
3760131
3746719
3757422
3750773
3744831
3762638
3716133
3631168
3705051
3655423
3676840
3749400
3662128
3711613
3719411
3681335
3702406
3672813
3696742
3658563
3598772
3611840
3624461
3567592
3537784
3534895
3535868
3551054
3597257
3610047
3602512
3588440
3584861
3618987
3565243
3613575
3626253
3592303
3586303
3563359
3386437
3459538
3454774
3445903
3423027
3457197
3484328
3424421
3503436
3392607
3386327
3455724
3482508
3426202
3510804
3512596
3444060
3388859
3496291
3439403
3213625
3211384
3164104
3376697
3230371
3235534
3368902
3223992
3200113
3380471
3217921
3197435
3165957
3355306
3203468
3164578
3357085
3353491
3351710
3370589
3137843
3096301
3068250
3160776
3156143
3162646
3132723
3129892
3106074
3116418
3101099
3090315
3153654
3092138
3150218
3098085
3130798
3145786
3131713
3109204
3010579
3017051
2994817
3045533
2971379
3038938
3008729
3056564
3020069
2989159
3043434
3041837
3059376
2993317
2990625
3039980
3018310
3015373
3048869
3062579
2903136
2960731
2860809
2850317
2899759
2950093
2917590
2937283
2910163
2894809
2862364
2912748
2941722
2943452
2952627
2919863
2939408
2957407
2937924
2969483
2824249
2784938
2803514
2848990
2835910
2792160
2826714
2782258
2804643
2789462
2748343
2844424
2805818
2794644
2796445
2786484
2808050
2825501
2824602
2751754
2670727
2734133
2719075
2696334
2741599
2732867
2713600
2700033
2689277
2711646
2702825
2707709
2694160
2717385
2686032
2668071
2739185
2745695
2691915
2689896
2652634
2635431
2657641
2637604
2632581
2664105
2642651
2631547
2606192
2600042
2641010
2666566
2601875
2650059
2609529
2611798
2645911
2633492
2616032
2613952
2568943
2589242
2584205
2539696
2518126
2583230
2557593
2593540
2560933
2541312
2556032
2566058
2562437
2587248
2547080
2548309
2567356
2585355
2561525
2536259
2491739
2454569
2452117
2513772
2484424
2460107
2456530
2446063
2511552
2498480
2487157
2463847
2507991
2501185
2485673
2494519
2483455
2448860
2454780
2488692
2388086
2434580
2384621
2407817
2403517
2376221
2442472
2398929
2395053
2374392
2406290
2432378
2411794
2380924
2440433
2379087
2432115
2431390
2429881
2436633
2329895
2321699
2343753
2283019
2340458
2354585
2355974
2289095
2357241
2317135
2320152
2315777
2333165
2294849
2286596
2278661
2336542
2293018
2349353
2346499
2223198
2226444
2221078
2224503
2274070
2263477
2215992
2262308
2276354
2238584
2265564
2209729
2212329
2267838
2222751
2230100
2214505
2228095
2239627
2231372
2165559
2206149
2153773
2124624
2185208
2170793
2161020
2158534
2179163
2187710
2133266
2176371
2131358
2167926
2155997
2127137
2207878
2129666
2163442
2183740
2108413
2042657
2041081
2095926
2061235
2109662
2036872
2097813
2046147
2113916
2052016
2048661
2071053
2099511
2066942
2056211
2053078
2094636
2069243
2122514
1962271
1964093
1910300
1919781
2027455
2019546
1959248
1912401
2032109
1929979
1918128
1957516
1909308
1969264
1924329
2021465
2024844
2033550
1971032
1967268
1868462
1860306
1857827
1863383
1879246
1871628
1859234
1846278
1891905
1844801
1888134
1882827
1908407
1885293
1862189
1876698
1843425
1890550
1865841
1873463
1818395
1783789
1827250
1821100
1841019
1813874
1822434
1803440
1837092
1824090
1809089
1815334
1807717
1785523
1835472
1805128
1780503
1812732
1778843
1839488
1725674
1771288
1777222
1723445
1749830
1727339
1719784
1764967
1742799
1758128
1754346
1756612
1703364
1716240
1706734
1768325
1753259
1744381
1774579
1773663
1632172
1627731
1644974
1679975
1681899
1688445
1692278
1683590
1678830
1648995
1694749
1651463
1690431
1653804
1628474
1696525
1677866
1647351
1656403
1685645
1537729
1592503
1593100
1556760
1568937
1626673
1566778
1535503
1594362
1543366
1608034
1597450
1624650
1552093
1549554
1592753
1589484
1600017
1588385
1536283
1457776
1461836
1507574
1483586
1513984
1515572
1458831
1524088
1512761
1503733
1495705
1518993
1487564
1522465
1481109
1501103
1482272
1479799
1510126
1492135
1314278
1437839
1349989
1444727
1423038
1319728
1338490
1417415
1382476
1419530
1435429
1390381
1371099
1441237
1394665
1368274
1347080
1343854
1340733
1316344
1312277
1158230
1179695
1207844
1161868
1304085
1199935
1178971
1153212
1150869
1147003
1144897
1164386
1260330
1307858
1187068
1149015
1182922
1159936
1188223
1097217
1138352
1136441
1070389
1094547
1111692
1068421
1139946
1134440
1133109
1120059
1117733
1143371
1100198
1114148
1091148
1089349
1088165
1110139
1092334
1001436
1049489
1049988
1034258
984208
983258
1055651
1046714
995428
987896
1051450
1064281
1059194
1042346
1009897
1052791
1056877
1066646
1050132
1007787
852873
851600
897245
854948
965747
933064
928255
892782
916685
913114
847785
913885
887706
976775
884546
883563
880335
921421
907273
845150
785404
758037
753302
750459
748166
773087
825084
768102
822951
778810
765957
810989
814956
770262
812783
763748
809144
781885
776097
759633
723515
746928
715684
706151
701647
730193
705919
726736
688556
702831
713886
725062
720009
704283
687169
711192
700806
728626
706831
709345
681765
667893
679923
650998
649801
674793
665693
643658
638022
685222
652465
683588
666634
648209
662421
639847
646775
678140
663356
673327
595329
626983
602149
628101
636387
633775
631944
614193
630595
613337
611553
604258
606460
610634
615153
608498
593214
599921
629622
593807
527932
560889
557706
538355
524072
575863
519907
516902
554497
516022
577966
553309
534604
556102
532259
526319
564691
521652
518380
527794
515011
437432
436155
435441
460572
457585
482436
488464
459178
481446
490511
471159
472011
458042
498406
473253
458922
490733
426466
486689
422466
419163
399868
420782
423363
410685
414688
400691
420222
403117
424758
402392
401615
399608
417287
401821
416080
411492
413303
409329
375120
395115
391074
392238
390493
373905
384802
384291
397943
372565
394136
398549
389537
396505
388638
383705
370722
383046
367696
393665
360693
355794
362654
335381
316233
357812
352330
333948
322336
324376
327084
319342
341996
353609
340802
318594
317802
364891
366521
316466
289242
292877
271810
299240
287719
285804
295888
286457
305251
301073
291478
272205
296676
290235
303577
302738
297543
283537
271112
282690
268316
266392
263533
263268
260023
253777
262626
260639
265712
262159
261159
259245
264225
259596
253190
264991
269090
269800
267481
270466
