1181814675
1170722424
1170529160
1189220158
1190536985
1161777903
1199976937
1183975948
1170666886
1190455414
1199824853
1179452506
1170618304
1179565257
1181898129
1179502430
1198496689
1198431548
1191516047
1189326145
1155024849
1152282174
1149128027
1140781713
1149257973
1133940700
1152183077
1133614833
1138855425
1133524996
1133789063
1157468002
1136181988
1155362365
1131262284
1159977779
1150414466
1148904564
1140876021
1152773454
1121932347
1121113722
1127283342
1123901105
1119067078
1121797596
1116774991
1126480662
1118860680
1129403377
1126425208
1121711719
1121324573
1118777215
1114445672
1114527279
1127099344
1123584459
1122046724
1129084189
1109520996
1105365906
1109648259
1100699314
1111838742
1098402034
1103007638
1111973644
1111759943
1102670627
1100752076
1109731881
1109705781
1111938093
1103091466
1100276144
1110265903
1108105208
1107759301
1100861878
1089625834
1085201356
1085144218
1093942504
1092170820
1086879071
1092097408
1083334784
1081467497
1089561759
1095892546
1085019938
1087394977
1098351847
1085097071
1084985430
1083292248
1087167138
1095924685
1084863375
1056929589
1081095287
1079230602
1077299882
1065895414
1066136532
1079298863
1057137282
1057204664
1081392587
1081022249
1081065300
1065839999
1060367086
1056871312
1079077216
1072094244
1081000744
1066014833
1060254167
1036540529
1046502739
1046172175
1038500855
1054901751
1043693128
1038447219
1048339830
1041161371
1046426003
1056818421
1046375634
1041100054
1052375257
1046209288
1036739969
1043821789
1038588401
1052418282
1052327941
1030738611
1025715039
1032809986
1023190207
1032749734
1030664085
1030618266
1023703029
1023666619
1036471791
1023596299
1021812545
1030867249
1023543153
1023402542
1032493478
1024021847
1023326313
1023483022
1028175707
1013462092
1019866254
1017926690
1017961075
1013820175
1011178072
1013786475
1016219090
1009583341
1019904300
1016266193
1009182200
1008974830
1021774495
1013336014
1011241852
1016299128
1017994658
1015624291
1015743191
971777722
981176271
985877283
1006967517
1006901082
1006918717
1005368916
996459429
971810299
1007247525
983631126
977482607
972086915
973684333
997223255
971856523
1005468769
971655604
1003994589
996133466
966845148
969199081
964671450
962987328
967181714
967307368
961193144
966883680
967047344
966912928
966802306
964890571
969647681
967250429
966735703
967110659
965153396
962737564
962712870
969249252
938066135
959446416
961163793
950017001
961123025
940787585
957297379
959349713
959060509
947028746
946963247
938018138
957215567
957718237
957147661
937946239
959109930
957777702
961094666
950496116
916369378
933869282
920354269
914359096
923116117
930202321
916280284
928217799
914330755
923175051
930170468
930127829
932150594
923255852
920489421
932203306
928378503
932444654
920427576
916324232
888177402
912084565
886357301
907469518
909878662
906888639
895144711
890418615
909804619
888145706
882387496
906980490
903322500
892364289
911953073
892410662
889952316
884156982
903362837
892171876
873100524
879754802
872976068
871595724
879696975
880701045
858433990
869825554
866065660
871502003
879934555
879837761
872932824
869855301
871543948
858610486
860551114
858601483
879779247
858569610
852771600
835873186
845336898
834118561
849064082
852952002
853022270
845073707
839158515
852732840
839411365
835900987
856687023
843564543
837931860
835793613
839468438
835828475
853061221
852552839
831710326
830454473
822823501
831992114
830266855
833116595
834080066
831662076
824752333
822642075
833906314
830522537
833962964
832266431
824877801
831908678
832039780
822849373
832291342
822607069
821099851
805866056
805718507
804380235
822550372
805553555
804331134
805653899
807590661
821185033
809650323
805915691
819070962
803982926
817575458
811442122
820811950
817156756
820772117
809626314
803815637
795695024
795819981
794149468
801882877
800039414
797961813
796002381
795960963
795631545
794098434
802248661
801840287
795781827
802048920
803945597
800074893
797993413
802357199
802300893
771125367
769337333
769083280
767698877
774318898
767570030
772554830
774247535
771196094
769166153
765876986
769408915
793937767
770826349
770724297
794055796
768808772
767633099
767304257
770995607
745876420
764114253
756871785
765748974
747843365
751338409
765679459
749363607
751298987
755147507
755175226
749321297
762608364
747787395
751512390
753276337
745969500
749693872
765816652
753248223
738396983
739870918
745507488
743664601
742051855
738326951
739963562
744023779
739906966
743745718
740317725
738357282
740285462
741845968
742151235
738452629
743768690
740241727
745547621
741900926
732071995
727924749
736288676
726221446
727872946
736480514
729499109
726287093
727958977
736515866
736336308
738270780
729402312
738176766
727823996
727782229
727675620
726155424
736314979
732120874
718473168
722677298
724382433
723807126
720300920
724323514
724272686
724157297
724204348
722007382
720462950
718395513
724060515
718326398
718176151
720268180
726107531
718282860
720605215
720517585
714506391
714760759
714332473
716113822
712645305
712772125
714479704
718115372
718048670
714532342
714362362
716572239
716170114
716438769
714425280
714384293
714290637
716503335
714605530
712689520
698897310
710874023
688031344
710685710
698794493
698819355
698646635
710779754
698484424
696737096
688000253
694778170
712585800
696636330
698738263
698559097
710837017
696692553
710724510
694708041
662090746
686146234
661626366
663816066
686061056
685929410
662051194
661951244
685790321
684232556
684311307
684268996
684175201
685991944
684337546
660010732
661796577
682565970
662024558
687975179
648002013
655409151
658794490
657096883
658752961
649703125
656972961
657138638
659912531
649777113
656881036
651434407
658404890
657046570
651373030
646759034
646550775
655458805
658709879
658278419
633034031
634203100
639668061
643128080
643318695
639522623
635858665
641524375
633073099
632760427
641675471
643231908
634362997
641540918
634395572
643403227
645005099
639442405
644928319
635782841
629117142
625908843
625884663
631389769
626225116
624408556
629014166
624773095
622866735
622968059
624586003
623002028
622916611
622806027
629327472
623020254
627595975
624717063
632712609
623150221
621697960
620191909
615360199
613669227
620239938
616569538
618505360
618423806
618398110
618740799
616615791
620268456
621645649
621513869
613724855
616776644
616827309
616720200
621547619
613551342
613412563
613444005
611706372
610834899
610589203
612183063
610451558
611805511
609104992
613353863
610712285
609155864
609062393
613258812
610739168
611979372
613483789
612208604
613149649
612026274
607310532
606984722
607471896
605842039
604281505
605792165
605900432
607195955
604240558
604193309
607496119
604114256
603934254
607596229
607399635
607362599
604076817
607796900
607860354
607082419
594671067
599926799
598175753
596503839
602712731
594738252
599866566
603850491
596565621
602654640
602787238
598249980
602413445
594810120
596259295
602478239
598339049
602685261
600090385
599896281
587772635
590518928
589271708
584278952
590764421
594418464
593144800
594536160
590652288
590436483
591705499
590348637
589230400
587858778
590696230
590585114
591798786
587807555
584228114
590730709
574456339
578214519
579204706
576560135
576310994
574389576
574558669
579124117
584072133
576408704
582316591
577908082
576812364
574624185
584106752
582368354
582410800
579167556
584148650
579316346
561107455
560048460
561198454
564209414
559963481
568239566
571021065
569958376
570020563
567179826
559943542
569991337
571079506
568530907
569649581
572799434
564168853
572741156
561179912
568292112
552757997
549871145
555695962
545885194
541524150
549905033
541710457
546121854
558649577
559927112
546097105
541579906
554202740
558566905
558503538
559915187
545836792
552795096
555761459
554096320
536097060
534694290
541279786
540255410
534977611
536183530
535006612
541335502
538899717
538680953
538615658
538967711
538918981
537790009
536241780
541509673
538950058
536239227
541485849
537747541
512994321
528197604
519492750
519304863
529793236
517967240
534660664
529698566
533024719
529548608
520968314
519377533
523704536
526812818
519529058
534610559
513025360
519194965
532980794
526789282
508889434
512741219
503281585
508844244
503159203
503104794
512801293
512960697
512808678
507739985
503253812
508831665
507599565
511502480
508873898
503049965
507648071
507180349
502999664
507703714
502886982
501751323
495464696
488587125
502053527
501873131
495365696
501922761
492245716
499858498
501688820
488622747
501721564
502914809
499944042
500093532
495545842
502937116
495614935
500168014
419552011
416198522
423584561
423495038
439021847
421287741
420066060
419586605
439257905
420078728
473053004
433170399
427108265
426953454
427006673
423455959
416213848
423629222
433192459
427062942
410801363
403021501
408636420
408697166
403098077
397123032
404010435
403949678
410845868
416184629
403065447
410740706
397186531
410920968
416171740
396953367
408784693
412194111
403888090
397312212
390506371
395809310
395619067
393234486
391875889
387412670
392898068
391729021
386983251
392996039
383953963
395763307
387082201
395692502
391818555
396746182
387331294
383921202
391660898
389306269
382516084
375009316
375066071
377803816
377788964
382506635
383888212
380322564
383828904
381469806
377724015
377578107
376169424
375093735
373822884
372609705
377506636
376096175
381433234
381328505
362159901
352731534
356365882
356199712
371500501
357490723
356184008
370130125
357539463
356359097
365643556
370316930
370192154
362085585
354140027
356276901
365704201
372548694
370262450
357434937
351186580
345397123
351728048
340370110
348640372
352661817
352594789
351111476
348705839
347646303
348565633
341621694
341604505
340319843
351135264
342830779
341583478
340355894
352654495
340334053
332065381
333368268
333392681
329847495
327501544
332089152
322491988
332057943
331046602
322419115
340296798
324863542
324850347
332033604
327530975
326071414
326089974
323534612
323482164
333344296
321664066
321648738
305899236
303489402
305937671
302302067
304989344
302335974
305906657
321636165
302487768
309151380
312765844
318400921
305894885
300968014
309142614
304993182
302477929
318373833
298766858
294286799
294221460
299768446
300837833
300857184
294233821
298827008
292933882
292883571
298740405
298675026
298803491
298786854
291898333
294292656
291917837
299644225
294261217
299746214
290617574
288440203
289470189
288265672
291874617
288229571
288086012
290634299
288322579
291849905
288331672
290654425
289446522
287428250
290641958
288302931
288199136
288401967
290753267
288436193
280661911
287121743
287283629
280631447
282775644
284828837
282738500
286204906
280589920
280476611
287083791
280545474
280541346
287267119
282722568
280575045
282761479
287311988
285919996
282796333
274912078
278460331
274599852
275996399
274863457
279192168
274652321
278374167
274729456
276025476
274968686
274890213
279164284
280315894
278413225
274848541
274805025
280375227
279648449
276887670
266832024
262276878
263632423
263290556
258594562
263497811
262411148
264324774
274543709
262438280
263525190
263328756
263615039
262535265
264360198
262553182
264504100
266777348
262303778
258589422
257302833
256356615
255492481
254300189
257587046
255522289
254272306
254139761
253145974
256287758
253265011
253144536
254190124
253149196
255273504
254108157
256302865
255511215
255443814
255294399
246334323
239977243
249305125
245070175
251319182
244788051
240536393
246721297
246310732
240496129
239964193
240121407
244804221
239942903
239914868
250226604
246357329
246351766
245081600
247396191
237382214
237317619
239313445
239091867
237462879
236430467
235965109
238283934
239335312
237263214
236482879
238316934
238122801
238094647
235950443
238334731
237512643
237433174
239108079
236420627
235868750
234150247
235707612
231220211
235886241
234408286
235857014
234250858
234392381
231199240
234399091
231156107
235590999
234197954
235748500
231435589
234420966
235638465
235834516
235810492
230334986
228832240
228233996
221262749
231110787
229708619
228221107
228798375
228936454
229744399
224167257
230585349
228903472
228186665
221626967
228957762
228341419
221574969
229693268
228868357
214724539
214681638
216717351
214134792
214102913
220348227
214859485
220287238
214767225
214150456
221218881
221248930
217515508
220395745
215745550
217984910
214798347
218033704
215777204
214170078
211789607
211755760
210233798
212587102
212481476
214044319
210202920
211058273
211784847
210249066
212508503
212571860
210217662
214070668
211735892
212436787
211073841
212629111
211047087
212604448
207800376
206874173
206925249
205271922
205231378
206102825
205204754
206843005
206818707
209278557
206964115
206811609
204570072
204560461
206944572
206855318
206039600
205263157
205196854
204541855
204464372
201393455
202897615
204425577
204331080
203745671
199182444
204433745
199985250
199220015
200153429
201381115
200675307
204362530
204485677
204276127
202909657
199993901
201405641
203712218
198422947
198437547
198385926
196971963
196988733
196936065
196298348
196271721
196964091
196204919
196290677
195832634
196281239
197709760
196296034
196294858
198488745
197015135
197002439
197024892
193115205
192780046
195683437
192551073
195794101
194213384
192002508
195686577
193547121
193165206
195817169
192796671
193496436
192625712
192579452
195609457
194287188
194253017
193544130
193462250
183761134
188405184
187698824
187690102
190505854
186880040
191227104
188575523
187716510
188360834
191147297
184345077
186868051
190430351
189271683
186898026
191189882
188593422
183770585
190459872
182455197
182402174
179911130
180265626
177425186
177545310
179949711
180022490
177487515
177588070
180964553
180327989
180940168
177650495
183748370
182076329
179876873
180045156
181001750
180300846
175514040
174249833
174858788
174229045
173717888
176908056
176863303
176096774
174240857
174263364
176117753
173773605
175500978
177363098
176017752
174208186
176136134
175524791
176133166
176060030
171730329
172593310
171045953
170901445
172464198
171689233
171682025
171653887
171060848
170359935
172367744
172714915
170816424
172736050
170865612
172556264
172667052
171757871
171684614
172439725
170247808
170304015
170312231
169508317
170277787
169527215
169660403
169686947
170067714
168950915
168243378
170266416
168959168
167580367
170230080
168852659
168869081
168218022
168227601
170111080
165839484
164935783
165155624
167210991
165830203
166646603
164351362
166666982
164405923
163709248
167553557
167285615
165160220
164969917
167247174
165753584
165819182
164403698
165777223
163766273
162841541
161874512
161072618
160466938
161830447
160121484
163057529
161933113
163030625
160152609
162761118
160072036
162195678
162895234
161169759
163016473
161124761
163599237
162811892
162210522
159309369
155255092
157805606
156916848
156900614
156941624
157842770
155998772
158780842
155311570
158767521
156779492
156218008
155996041
155081049
156237169
159570916
159273679
156914099
158770377
153688913
152139042
153541960
153575956
151621201
150575886
153534182
154424334
152092549
154393799
154266515
151630406
155056824
150614985
154416878
154461941
154477024
154450397
154443904
153701437
148154853
149770767
148444849
149077642
148458517
150547507
149034917
148410505
148186866
149640699
148400800
149697888
149087950
148393508
147094801
149676599
149667490
148217527
149049513
149786776
145391502
146184268
144587002
146221953
147035978
147051980
145554039
144610886
146868955
146354779
145612534
147077935
146372200
145458621
144527215
144487070
144455907
146257009
146897066
147063045
140877756
140258452
143172776
142476502
142373881
143819284
140244789
140189103
140917167
142465169
143164409
142339177
142315370
141133467
142299904
143806559
140282919
140300618
140937120
142451985
138581263
139257345
137873273
137683459
137859196
139318476
138601951
140113147
139379798
139416144
140178983
137731098
139219232
138594542
139330739
140166683
139395659
139346952
138608318
138655434
137636912
137080475
136154273
130376556
132883748
129436461
137657660
134184144
136223356
132131442
136185941
137016199
128619472
135981339
136166296
134188948
136023024
135944291
132123999
129398438
126424137
116982909
127565971
121217442
118524619
128582606
115365100
114229862
117008439
127512428
124763033
123030529
127332653
119493397
117037299
115345296
127407111
118480718
118432995
122991265
106448887
104974570
105652224
104422566
105811257
104411091
106508385
105784860
104394858
109409554
105690961
105805048
111151645
105046748
108258235
111300400
108237275
106480226
103630937
105021593
101871868
101369826
101354095
101823881
101276754
101239179
101206149
102434557
103485940
101944173
101859269
101261411
102658326
103516790
102480630
101177170
102673812
101932224
101225783
103400028
98548234
101069478
98380647
98274044
98331898
100599993
100566407
99099650
100737474
98212921
99277172
100632180
99389692
98424019
99057208
100105381
99974245
98183372
100084262
99946855
96891917
96341887
95015534
96953360
97481134
95731462
95707498
96151805
96937687
95007045
96997912
96213300
96982133
96338314
96177112
95673563
96354635
96902969
96130093
97428558
94361922
92221729
92201954
92266495
94319751
92412535
95003147
94353066
94344131
92960531
94306599
92856108
92938608
93316304
92930000
92877840
94297353
92867997
94332630
92213744
91017036
90221503
90200013
91008858
90991782
90974317
90879759
90248995
90956689
90400065
90890484
90377060
90239037
91615949
90931804
91631599
90921008
90865063
90232289
90212141
89653460
88957319
87393663
88164371
87566476
89665685
88945489
87520861
88989732
88928627
87555460
88729490
86936933
88876203
88182665
87514104
87501982
88859388
87544871
87519599
86399309
86226029
86311584
86321293
86236295
86348388
86192600
86916266
86868886
86374815
86313266
86881341
86860800
86335288
86227290
86899725
86208887
86363299
86218656
86296018
85748867
85596650
85033186
85553904
85076043
85024849
85698237
85630389
85603801
85582141
85766017
85057234
85721555
85640788
85017774
85687690
85736036
85708387
85588424
85569838
84972306
83449191
84944305
83350886
84121027
84069978
83368715
84983408
83460603
85005371
83416011
83355893
84239185
84224077
84964364
83409535
85011056
84954681
84938364
83379447
82621335
83320522
83343978
83336707
82608853
82712505
82587754
82695321
82627653
83312221
82561357
83328744
82703700
82641405
82572739
81826638
81814014
83246210
83302613
82650512
81618699
81698891
81559267
81670994
81649959
81629356
81540128
81787370
81681449
81589393
81660432
81719257
81604685
81690463
81575792
81702061
81708289
81733367
81641973
81726734
80477910
81186208
81140270
81153798
80019181
80578851
80508970
81043665
80591265
80958732
79204640
81058613
81024409
80980712
81098476
81172469
81524902
79195718
80564290
80516902
76918595
76887083
77365422
78635649
78663628
78583907
77933776
77923997
77385926
77357428
78619571
78641585
77782992
76899128
78599927
77377904
76878611
77346462
78666999
77944611
75824276
73700601
73216353
72740823
73713800
74640239
76274533
76270829
74129828
73516879
73210757
72733899
75835132
74712550
76858448
76281750
76288167
76220570
74596428
76869696
72711920
72225644
72016075
70149976
70083870
72720251
70206338
71977734
70737653
70824111
70795223
70779398
71546640
72212056
70921134
70846020
71601920
70805281
70770206
70761116
69581981
70073304
69145337
69168893
68752972
69074934
69689211
68744421
69160640
66961330
67043849
69675113
69700559
69720447
69200264
69137220
69097335
67012659
69178211
66922911
65024549
65016932
64427305
66568059
64968802
64934671
65395609
65408304
64440291
64860653
64833511
66879426
63945163
64452666
64911815
63783125
64949931
64411507
64888388
64395158
62298533
62324988
63170521
62281790
62255098
61978344
62858983
62341423
61968598
61954102
61377089
62352474
62312500
62268893
62000430
61080546
62241338
61069159
61090006
61411267
60016979
61058629
60425752
59513255
59494660
59469698
59453922
59449393
59521428
59439848
59144183
60445207
60032151
60524359
60485965
59420525
60434093
60039615
59505432
59476570
55661272
59107637
59132682
59058924
59087791
59064232
55718673
55721626
58649139
59051011
55678234
55732124
59073078
58710469
59041598
58652114
58630310
58640995
59099535
55726203
54444068
54763343
54908608
54919694
55296679
54894310
54737247
55285397
55340884
55314977
55305645
54930423
54781237
55292258
55271849
55332932
54820406
54944600
55337937
54448927
54343876
54324417
53089233
53478209
53916149
54402883
53955827
53401750
53924734
53488308
54379220
53083435
54370793
54295528
53123305
53877993
54413309
53410550
54429625
54440770
53058068
52639539
53074043
52717492
52648703
53078486
52731142
53041738
52359770
52326844
52747898
52358465
52724819
52667225
52781747
52366680
53067712
52352174
52627429
52683300
51534919
51589022
51567547
52007565
51500490
52017018
52001406
51989271
52307654
51552100
51163663
51150080
50855953
52022280
51157393
51981851
51560049
51993560
51602493
51540758
50290550
50266539
50563835
50279038
50570689
50030856
50027249
49979836
50273135
50037461
50261416
50018166
50001284
49723112
49969901
50023214
50573465
49985181
50268145
50298153
49716540
49625439
49346090
49607092
49431097
49029358
49059457
49672626
49422577
49453747
49056263
49683840
49657314
49712233
49089244
49441281
49319244
49067400
49043108
49698027
48404334
48757285
48695483
48686988
48428074
48744956
48377909
48396119
48157542
48698520
48438373
48682490
48673505
48389611
49025085
48981886
48432362
48751998
48732980
48150208
48141430
47190253
47208225
47511806
47811501
47767878
47856585
47439788
47393364
47490409
47472428
47839687
47505645
47502286
47178885
47802235
47199447
47426778
48127297
47168211
45544193
45761014
45780884
46740531
46730614
46078703
46393546
45792956
46384619
45787925
45768621
46005428
45774397
45761943
45549038
47160897
47111462
47150236
46748225
47139535
44574490
44948752
44572169
45508627
44899979
45515361
45254501
45521386
45485350
45474528
44581849
44876414
44934759
44576634
45484553
44581413
45490781
44954140
44943505
44594856
43577055
43758591
43349035
44344011
43551925
43307275
44565686
44283844
43748657
44336002
43571263
43319200
44034879
43564416
43560069
43340306
44039690
44556369
44531711
43312403
42931907
43026218
43261140
42911137
42923630
43285893
43207736
43293672
42901245
42963192
43254951
42715129
43220608
42652553
42642861
42660726
43275923
43017038
42705455
42696529
42628652
42102331
42587256
41867101
42044979
41862491
42039032
42611675
41847445
41826714
42113528
41858941
41824059
42054487
42576980
42310730
42599397
42616640
42109447
42637313
41816469
41073877
41340706
41040026
40503358
40284924
40250108
41064307
41583564
41588021
41345731
41047493
40238438
41601471
41579608
41072084
41616584
40748046
40468791
40232671
34918173
35366699
35190633
35141101
35199605
40051318
40044601
35189830
35169933
35117928
34925334
35408048
35162440
35356527
36615094
35413897
35164397
35146470
35121666
35373736
34621990
34647692
34612190
34433408
34600383
34408409
34419043
34650026
34437364
34424606
34412569
34905636
34871974
34909300
34874419
34669620
34915381
34644172
34636921
34854235
34182800
34155294
34147054
34134559
33944375
33929643
34179363
34199805
34188768
33916889
33946957
33890759
33881896
34194422
34116514
33936254
33925099
33873561
33920861
33952122
33634983
33393547
33345935
33692103
33382072
33636282
33642052
33861023
33845829
33372511
33657901
33871722
33403498
33671373
33437280
33678433
33235253
33234080
33685337
33659818
33202602
33164943
32932517
32236813
32735253
32979003
32988536
33148640
32945813
32939774
32976784
32995579
33196041
32729045
33175178
32982015
33229340
33222880
33163620
33157068
31984327
32024146
31764959
32175688
32020108
32017202
31782319
32034550
32218533
31775616
31754885
32222839
31968258
32205875
31979437
32190835
32231021
31786865
31760215
31990873
31508897
31313365
31467183
31703649
31745259
31691586
31732890
31502093
31456302
31314818
31518504
31714358
31304569
31522941
31307152
31748066
31276502
31740214
31268649
31741543
31063218
30796274
30754962
31037473
30850437
30857823
31053603
31017604
30762832
31212725
31031437
31230550
30856562
30875379
30844426
30776737
30876181
31049025
30873811
31221009
30620378
30347380
30522469
30560394
30586288
30335959
30608336
30341968
30289903
30249270
30581702
30099785
30615394
30560714
30097439
30545589
30242039
30279298
30533351
30348235
28814887
28769629
28577900
28541343
28532178
30091145
28301101
29820094
29528007
29074296
29834366
28515364
28762221
29470052
28586730
28537248
29809183
29082754
28523962
29534911
28181393
27542338
26935506
28177454
26873914
27279148
28143128
27156706
26725312
27717903
27285322
28292992
28132304
28284145
27269702
26913587
28175077
27133932
26880061
26729859
26492672
26553740
25330634
26507002
25507597
25464883
26298429
25275293
25326397
25502370
26714615
26156334
26127682
25307174
26550468
26498503
26122266
25472278
26327805
25313565
23468137
23855743
23602094
23588884
23798815
23478742
24359972
23993708
23852430
24602070
24167967
24800371
24194682
24016745
23467058
23434964
24783826
24978330
24535941
24011293
22792324
22629810
22981804
22497829
23236696
22988152
22797350
23395003
22984763
22995966
23247061
22784253
22624264
22502376
23002743
22835114
22839577
22776431
22476500
22470931
22111041
21958627
22433943
21930349
22299229
22312233
21942074
21921609
22455415
22424649
22107130
21744700
22306028
21962448
21750074
22320425
21975988
21925798
21967413
22316172
21450677
21439102
21444063
20838835
21430686
20833754
21436007
21447521
19655379
18592228
18273260
20811084
20806591
19985306
18270746
18595405
21741022
21565149
21149013
21146260
16029916
17563917
16255333
16156464
16117416
16143234
16124732
15991200
15861294
16009460
16153206
16158644
16022552
16004636
16118993
16026589
16140627
15982656
16372414
16130212
15821558
15676335
15679033
15671934
15536645
15687899
15831890
15665099
15649356
15549043
15540156
15850789
15668573
15518026
15529546
15530731
15661415
15543995
15644260
15695708
15129283
15387536
15238213
15086159
15099701
15403653
15393755
15396983
15375964
15250737
15395201
15084285
15390366
15246414
15096026
15090476
15400322
15372354
15081408
15242984
14974239
14968414
14785815
14942222
14782245
14962186
14953019
14924495
15076981
14799458
14952399
14977516
14972831
14805804
14903570
14910133
14803611
15071492
14946515
14775013
14705375
14433256
14389375
14434879
14430871
14408839
14681164
14562479
14400892
14393499
14440140
14693179
14772161
14384562
14671931
14576237
14553497
14610666
14607494
14582463
14116460
14090608
14206161
14095582
13913506
14269179
13918097
13835392
13823936
13930586
13751442
14288770
14211718
14112276
13773007
13937614
13828331
14119758
14375831
13766378
13272020
13282472
13670537
13402591
13563779
13507747
13386224
13277119
13424349
13404631
13641688
13526659
13389723
13571327
13512532
13406837
13419853
13534989
13503894
13396980
13259929
12804983
13122265
13125580
13221402
13078971
13041873
13052587
12797741
13225313
13070029
13114734
13110555
12791120
13266240
13215780
13059625
12794695
13065785
12801685
12755749
12627270
12771585
12776942
12659060
12786744
12649958
12616313
12749795
12760066
12661220
12668243
12634611
12782807
12619948
12640416
12610144
12642946
12657663
12764795
12425059
12391543
12467328
12472809
12597613
12426101
12427927
12431371
12437266
12493832
12381823
12457682
12462656
12427459
12423735
12488381
12422297
12592434
12582899
12401027
12054755
12067427
12245974
12290450
12238689
12123148
12089686
12082226
12234305
12269897
12103214
12074510
12282379
12069027
12060525
12111152
12252307
12110019
12265002
12296008
12030564
12042921
11914290
12029946
11898217
11896683
11918497
11761700
12024738
11889189
11750315
11902107
12017046
11783999
11765828
12005446
11745130
11904953
12010061
11923377
11624830
11739077
11491850
11637233
11617420
11486125
11444599
11599729
11577416
11583259
11612706
11604534
11429768
11608908
11438818
11638008
11633640
11642996
11628370
11422472
11154893
11287329
11241931
11321267
11260633
11247403
11276221
11105404
11407779
11267249
11255667
11414953
11160565
11113067
11281610
11136569
11143692
11400032
11310381
11236842
10965937
10867471
11009356
10985570
10875542
10976534
10878476
10842482
10871039
10833907
10838667
10963941
10854888
10971326
11002564
10982016
10882110
10863654
10967163
10965631
10831037
10638138
10712347
10615757
10756190
10633753
10729619
10725950
10758964
10703822
10630323
10736474
10609386
10607387
10731286
10720829
10716404
10698768
10750139
10763066
10478932
10600103
10399445
10509140
10358065
10598387
10589246
10584486
10506629
10503040
10393685
10390599
10595116
10364431
10375127
10602231
10499339
10466342
10384845
10378588
10330745
10228815
10209223
10255676
10130908
10222314
10251446
10211390
10349142
10340965
10253026
10203208
10194321
10260001
10238644
10322701
10234655
10215673
10244015
10317216
9992506
9972969
10127669
10086631
10111066
9967337
10083078
10102640
10108142
10128261
10003045
9977365
9987729
10096654
10091333
9994037
9997159
9877552
10115338
9883407
9623355
9862762
9874899
9869205
9874294
9865013
9845229
9774904
9749261
9640633
9873397
9876597
9645213
9547518
9847236
9875206
9635425
9764273
9629920
9875915
9526430
9346163
9340755
9262847
9537403
9477279
9337067
9335744
9484525
9498132
9500167
9365445
9519146
9504864
9541981
9513085
9390702
9368943
9331963
9330453
8889680
9098133
9222307
9246327
9087196
8965210
8959842
9208729
9203213
9081725
9076430
8886450
9254620
9259140
8992412
9250448
9092429
8988260
9218423
9240204
8882348
8875138
8609028
8858319
8862767
8847771
8853381
8744188
8647498
8724704
8606599
8749448
8867337
8583518
8579192
8737307
8642943
8877418
8597296
8575393
8350566
8503888
8452337
8443845
8347386
8509379
8363833
8356389
8456646
8472774
8473549
8459562
8480413
8474592
8447710
8500035
8470556
8465276
8496411
8473844
8240366
8330840
8082345
8091370
8066651
8079771
8246618
8328342
8344554
8328206
8335943
8078699
8161687
8165684
8250924
8324181
8073739
8253702
8155422
8146521
7907040
7987956
7993913
7973168
7886848
7819167
7816513
7983239
8001491
7923985
7919990
7977116
7916241
7904679
7885453
7800127
7804516
7968466
7812958
7998100
7560435
7712126
7792423
7553531
7619219
7785247
7714834
7551009
7703423
7777541
7686570
7613110
7796761
7774044
7628483
7555755
7714548
7698547
7768467
7700298
7485631
7335266
7543787
7493983
7418072
7406629
7403382
7479052
7501984
7345005
7548045
7483473
7333172
7489991
7395905
7497253
7499608
7421593
7400417
7415433
7154914
7232415
7242735
7157602
7306195
7308672
7142689
7145749
7311429
7159686
7313965
7329923
7220580
7143828
7322404
7244527
7137070
7212459
7216551
7133934
6930880
7078758
6983374
7057080
6932214
6996997
6926316
7063496
6911240
7081072
6909067
7060926
7067466
7073768
7077154
6914688
6989677
6986841
6927706
7065482
6766160
6841315
6858666
6783883
6761044
6836747
6775822
6849663
6907391
6852168
6787259
6771606
6856079
6905546
6859784
6768826
6785858
6763329
6761544
6846267
6607126
6695536
6699953
6664130
6548004
6601583
6586997
6707255
6703320
6680666
6604642
6668085
6593300
6595994
6677449
6689950
6589911
6671852
6705542
6584638
6537283
6479772
6468103
6411543
6409282
6525930
6544672
6477869
6474870
6470261
6464251
6481752
6520073
6460970
6540046
6462443
6406584
6405659
6519973
6404962
6243916
6329065
6396031
6325349
6192209
6397647
6253872
6190493
6342240
6330056
6267807
6273959
6256697
6271228
6250209
6276608
6331820
6400338
6327784
6258431
6161262
6105415
6090959
6112692
5973886
5971249
6021264
6110834
5966534
6107607
6094867
6102467
6165408
6179612
6158740
6184792
6030203
6027735
6188204
6024828
5831770
5843501
5767608
5915021
5835287
5838515
5896033
5821377
5908641
5963887
5901158
5898532
5829046
5895402
5836191
5906968
5764604
5961890
5959950
5909700
5674009
5637039
5487789
5750791
5645057
5738632
5473435
5754490
5744344
5548763
5759932
5757639
5478254
5480350
5746846
5551218
5486046
5657634
5538954
5664714
5419803
5430909
5412865
5366451
5367306
5424077
5465035
5357612
5414336
5364607
5369393
5416551
5428182
5418440
5409627
5469312
5426685
5355768
5372739
5376017
5297075
5354119
5145897
5135015
5074953
5293420
5143077
5205716
5072913
5141141
5077564
5295606
5348978
5211776
5132788
5298713
5148698
5137530
5135892
5346726
5015599
4935029
5064742
4990172
4875517
4867564
4942762
4808784
4805051
4812091
4814575
4991946
4940832
4873579
5013879
4879704
4864000
4860639
4939745
4931592
4781706
4646085
4788927
4722818
4575000
4654022
4713951
4565343
4729298
4726583
4659899
4657093
4777153
4707929
4567692
4585072
4650983
4576634
4705328
4731827
4374338
4448848
4515436
4451143
4438674
4367429
4356050
4352709
4440980
4507675
4446881
4383045
4377275
4372531
4353121
4311840
4519121
4505088
4517798
4379379
3994397
4200037
4278191
4290059
4040553
3878449
3875156
4309101
4221663
4287263
4099939
4039527
3991956
4251174
4126016
3990556
3876245
3872317
4196527
3943630
3810462
3808546
3715859
3638559
3645564
3725441
3743071
3781501
3812476
3735408
3809149
3733332
3712411
3737947
3641884
3638394
3731834
3807259
3723126
3728877
3635721
3469449
3412869
3509287
3403809
3634840
3454349
3623002
3512800
3463192
3638182
3400418
3619236
3411091
3459420
3400591
3514741
3468064
3457722
3633886
3388584
3342738
3335796
3272444
3339786
3326806
3274520
3323818
3320652
3393590
3345501
3342915
3342078
3332482
3396615
3341391
3278971
3314715
3276984
3343401
3177602
3066470
3250956
3021500
3119748
3037922
3246873
3255029
3243175
3118310
3241422
3037476
2969663
3270098
2967652
3173387
2933192
3122833
3018677
3167119
2761335
2907326
2903056
2898013
2820557
2930418
2893259
2814667
2864149
2760123
2859806
2724059
2722295
2758287
2762758
2861612
2931722
2813069
2778469
2866302
2682339
2564776
2480731
2477560
2484107
2679362
2485144
2476033
2472868
2564149
2482320
2576182
2565521
2624721
2674920
2539585
2566273
2486956
2675530
2677724
2409242
2374841
2457123
2368749
2305322
2303507
2363922
2365532
2411056
2374498
2367105
2313589
2307275
2376226
2470930
2366005
2312109
2416098
2415041
2405446
2195516
2191179
2151409
2079748
2200937
2202202
2065307
2189396
2197078
2072272
2193479
2149575
2007489
2076632
1996147
2073743
2003629
2074985
1997826
2061752
1941152
1952248
1936069
1938903
1763924
1991962
1834211
1843424
1937922
1939983
1765662
1847821
1839930
1832157
1847240
1739340
1845188
1737731
1950708
1719368
1610566
1657465
1645536
1639197
1613153
1648803
1714883
1591729
1642355
1593203
1655825
1710857
1649129
1653922
1612158
1648491
1651837
1701604
1649426
1708582
1514623
1512314
1584870
1516423
1332908
1338218
1483840
1462311
1459899
1520121
1454542
1479171
1480359
1587679
1486203
1410717
1345287
1340878
1478105
1411951
1132793
1124308
1178409
1261170
1265016
1251728
1131812
1331821
1178004
1128563
1125939
1130557
1268534
1180808
1176778
1272541
1179703
1259026
1253983
1166222
1038838
1026769
886327
1040821
1034177
1036210
1029587
1027875
1091332
1085685
962648
1018296
960744
1123102
884842
870490
815024
959057
1090197
1121075
622727
744938
745902
661057
748176
628907
625114
624066
737738
740149
739030
621551
747076
750187
661506
628176
811942
736237
630847
629541
578321
580581
571676
552371
584817
569041
583102
591441
588007
572484
593449
570577
583701
618739
614701
620260
588812
590337
615488
581979
548096
539657
545799
547364
507733
514773
473980
546886
515612
540902
533439
508814
535171
509843
475141
550882
536536
550287
538494
548940
469619
468405
435035
433143
431569
464997
439911
464590
464357
471630
470424
466871
467682
438693
437957
433938
432643
435811
441565
465719
407036
405714
403233
409151
375298
380318
408131
429714
403726
377803
376944
431011
401287
375999
406786
426442
404968
430141
427263
428867
343438
331543
295059
351544
371498
313995
333474
313037
311822
309319
354111
372390
315123
310220
293381
350609
307857
355629
369359
373719
240861
256796
242358
278544
243251
270759
242790
258535
257210
241817
255324
256111
283685
242413
258782
241282
281571
271683
267680
282658
197782
202364
199100
198930
240257
227607
211472
210579
199630
228214
239781
213041
212734
227238
213396
198336
201740
211023
213737
201030
182130
168194
183303
156197
151878
153074
166736
171643
171207
194216
154894
167844
153283
182730
154531
168571
163008
154125
182483
152235
145625
131015
139788
130918
145395
151774
143267
131363
121698
134676
143016
126234
126393
146066
139667
143052
131250
131132
126202
146464
111795
115507
114322
113934
111921
115359
113747
113868
114611
114452
115181
111985
111693
111598
113491
113674
114708
121526
111870
112042
107222
108309
109837
110592
110232
109621
110432
108211
107271
110075
110736
109712
111125
111502
110109
111067
108561
107592
109978
108449
98819
102067
101799
101937
102175
98477
96268
104843
96173
96424
98589
96338
96088
106886
104991
106960
104964
104778
104694
106819
94497
92862
92806
94545
91897
92563
92713
92748
92910
92372
92300
94623
92449
95049
95191
92221
92517
94486
95307
94334
91827
86292
90354
90443
88651
88209
85731
90932
91773
86568
88333
86467
86213
91706
90392
90246
90871
88259
88141
88775
77084
77073
76773
78385
80621
83904
77148
83784
76614
80490
82908
80203
79648
85543
82803
80342
82557
78279
76523
83835
76279
76340
74236
69790
72397
74144
72866
74624
74398
76434
71713
73934
72977
72921
74548
71863
70390
74299
72799
69565
65583
67369
69494
66706
67073
65853
65529
67815
69290
65740
68050
68405
68160
68280
67673
69444
67972
67200
67732
65438
61802
61705
63446
64853
63141
63019
61525
61981
63242
61906
65337
64662
64708
64593
62156
65286
61573
62088
65050
65379
60075
59277
61410
59400
61236
61203
61192
60925
60210
58930
59519
59412
61039
59983
59877
61154
61328
59243
60132
59060
