1192476384
1189938206
1189864106
1188979359
1188929156
1188850676
1188752297
1188682536
1187791562
1187698552
1187356699
1187242986
1187005834
1186906759
1186831387
1186769138
1186712879
1186657648
1186601903
1185903251
1180023158
1179885928
1179811344
1179754170
1179229629
1179176127
1174787925
1174693210
1174614584
1174537342
1174399987
1174237842
1174123232
1172470915
1172371583
1172270110
1172118840
1172017596
1171893093
1171764859
1170352607
1170264258
1170174360
1170097962
1169955212
1169393097
1169242532
1169062314
1168915446
1168797856
1168732649
1168666063
1166257364
1166151757
1166060853
1165987146
1165916818
1165855593
1163834499
1162606195
1162474044
1162367865
1161964214
1161904192
1161842685
1155743484
1155646001
1155566481
1155291581
1151342852
1151224385
1151107210
1150971957
1150869723
1150792459
1149333371
1149241840
1149059253
1148928348
1144875536
1144784115
1144689978
1143844360
1143765944
1143700334
1143612433
1143525204
1141520521
1141438982
1141341749
1141300353
1139231724
1139124208
1139037959
1138964640
1138885114
1138820624
1136628669
1136537576
1136420145
1136365230
1136307410
1134798788
1131869057
1131799151
1131730605
1127213657
1127081855
1124136479
1124043974
1118898117
1106914305
1106789543
1106659757
1105389272
1105326269
1105278170
1105225686
1105161271
1105089717
1105008860
1101070242
1100036004
1099669228
1099052666
1098917699
1098849227
1098073930
1098020931
1097979263
1097857054
1096466666
1096409568
1096333042
1096270644
1095074142
1094964780
1094829481
1094722709
1094599515
1092978262
1092895846
1092783517
1092685701
1092090185
1092044070
1092014254
1091400971
1091027817
1090702583
1090236444
1090130695
1090037200
1088792613
1088596861
1088408410
1088288392
1088158849
1087297432
1087232396
1087178830
1086454499
1086257920
1086114298
1085977655
1085847256
1085683894
1082831931
1082758684
1082677160
1082603870
1082483259
1082369351
1082276288
1082140243
1082011455
1080719725
1080631687
1080495005
1078653005
1078564108
1071269173
1071116981
1070994463
1070859023
1070702912
1070595647
1070511195
1070416650
1070334572
1070257206
1069340533
1069225379
1069075952
1068942960
1068799047
1068686890
1068589340
1067169166
1067062627
1066954393
1066815400
1066714640
1066602408
1066511781
1066310345
1058037833
1057925150
1057820546
1057699449
1057569102
1057478437
1057346640
1057260167
1056293994
1056179791
1056026033
1055905228
1055752702
1055640055
1055494261
1053001197
1052888247
1052823086
1052760838
1052695947
1051405660
1051291433
1051180168
1050567903
1050459906
1050404892
1050360379
1049041658
1048514577
1044002511
1043898767
1043789645
1043700505
1043638702
1043579470
1042654036
1042485444
1042329697
1042116559
1042009697
1041902552
1039641619
1039428007
1039274092
1039119270
1039029078
1038931898
1038834183
1037136483
1037017304
1036961393
1036890759
1036811461
1036758065
1036684841
1036639683
1036595405
1036540107
1035306216
1035223816
1035141155
1035059894
1034981731
1034895463
1033127183
1033051126
1032977120
1025828269
1025781135
1024314821
1024247938
1024126564
1024019114
1023945071
1021946281
1021903352
1021848963
1021806322
1021378370
1021290723
1021145601
1021042321
1020928558
1020818505
1019970058
1019896862
1019848474
1019794881
1019732846
1019663595
1019206562
1019087667
1018982011
1018852935
1018749990
1016925554
1016785309
1016715256
1016637468
1015327707
1015221086
1015109687
1014918200
1014831186
1014677963
1014549220
1014433255
1012623342
1012476768
1012263470
1012114758
1011597705
1011493565
1011438317
1011091878
1010092371
1009980150
1009799208
1009659446
1009567516
1009460585
1009354505
1009257143
1007053566
1006998248
1006063841
1005908510
1005746135
1005658250
1005534472
1005441197
1005315663
1005231639
1005191531
1003932645
1003828445
1003734669
1003601642
1003503364
1003405067
1003308818
1002129363
1001985994
1001900824
1001761825
1001612279
1001522104
1001429626
1000110236
999771528
999633132
999501302
999357893
998296330
997446741
997325966
997206595
997036706
996887703
996790904
996699849
996626058
996483711
996373722
995414164
995330379
995108012
994982107
994845077
991115502
991012843
990888113
990217888
990153773
990105257
990067445
990010834
989977971
989282567
989067527
988943238
987302337
987171711
987053695
986875417
985366781
985277820
983488781
983442624
983382305
983295768
981432335
981372586
976883392
976742467
976566386
976411845
975503908
975476151
975423336
975382471
975347625
975327970
974621406
974519143
974374286
973984884
972931765
972813874
972705159
972602482
972491124
972375284
972300981
972213694
972145630
970516123
970418184
970321852
970142246
969966750
969038073
968928825
968798221
968687287
968539812
968378496
968237031
960232390
960118672
959999688
959903177
959823293
959095171
959017686
958928229
958832255
958734222
958618427
958505918
958410755
956833354
954034681
953877212
953722805
949212997
949142436
949090343
949033428
948986862
948932348
948107554
947971632
947857009
947786116
947561089
947512854
947001577
946973316
946921642
945683381
945610842
945528635
945464533
945395434
945323528
935568972
935483355
935388575
935194614
930867126
930788524
930721876
930654534
930592143
930509819
930439425
929679783
929554896
929434594
923698737
921714060
921460415
920999218
920915412
920811700
918418062
918356310
917976492
916652902
912766516
912737650
912694092
912650848
