1192476384
1189938206
1194874961
1200537169
1193073767
1192992966
1192913176
1194772284
1193126027
1201395612
1200951475
1198512202
1197071777
1199165310
1198123073
1196136700
1189864106
1188979359
1200627646
1196646719
1188682536
1180023158
1179885928
1179811344
1179754170
1187791562
1188850676
1188752297
1187356699
1186831387
1185903251
1187242986
1188929156
1186712879
1186657648
1187005834
1186769138
1186601903
1187698552
1186906759
1174787925
1170097962
1179176127
1172270110
1171893093
1171764859
1172118840
1172470915
1174237842
1174399987
1170352607
1170174360
1174537342
1174614584
1179229629
1174123232
1172371583
1170264258
1172017596
1174693210
1164734196
1164056772
1168797856
1166060853
1168915446
1166151757
1165855593
1165916818
1164285711
1163980304
1164911275
1166257364
1169242532
1168666063
1169062314
1169955212
1169393097
1168732649
1164173977
1165987146
1162606195
1160750576
1161842685
1160646345
1157749351
1161964214
1159769501
1163834499
1162474044
1162367865
1162149051
1158352274
1157670106
1159886762
1162238134
1161904192
1158244095
1156484074
1159975332
1159722489
1153835011
1151224385
1152846208
1155743484
1152942411
1156294831
1155880235
1151342852
1153638685
1156016228
1155451606
1153137218
1155646001
1155566481
1155373224
1155291581
1150971957
1150869723
1151107210
1153045682
1139124208
1139037959
1149241840
1149059253
1144875536
1144689978
1143525204
1144784115
1139231724
1143765944
1143700334
1143612433
1150792459
1143844360
1141520521
1141341749
1141438982
1141300353
1149333371
1148928348
1118898117
1132639630
1136537576
1136628669
1132502452
1124136479
1138964640
1127081855
1136365230
1131869057
1124043974
1136420145
1131730605
1132337552
1138885114
1138820624
1134798788
1131799151
1136307410
1127213657
1106789543
1101206752
1106485280
1110579923
1108408212
1105389272
1105225686
1106659757
1105161271
1114907988
1101070242
1100036004
1105008860
1105278170
1115144354
1105326269
1105089717
1112764497
1115009682
1106914305
1094829481
1097979263
1098073930
1092978262
1097857054
1096466666
1094722709
1098849227
1092895846
1099669228
1099052666
1098020931
1096409568
1096333042
1096270644
1098917699
1095074142
1094964780
1094599515
1092783517
1092685701
1092044070
1092090185
1088408410
1092014254
1088596861
1087297432
1087232396
1087178830
1086454499
1090130695
1090037200
1088792613
1088288392
1090702583
1086257920
1091400971
1090236444
1091027817
1088158849
1071269173
1078564108
1078653005
1082369351
1082276288
1085977655
1082483259
1080495005
1085847256
1071116981
1082831931
1082140243
1085683894
1082758684
1082677160
1086114298
1082011455
1082603870
1080719725
1080631687
1066954393
1066714640
1069075952
1067169166
1068799047
1068589340
1066815400
1070859023
1070994463
1070702912
1068686890
1067062627
1070257206
1070511195
1069225379
1068942960
1070334572
1069340533
1070595647
1070416650
1058037833
1057478437
1056179791
1057820546
1066602408
1055752702
1057569102
1056293994
1056026033
1066310345
1057346640
1057925150
1057260167
1053001197
1055494261
1052888247
1057699449
1055640055
1066511781
1055905228
1043898767
1051405660
1052695947
1050459906
1051291433
1042485444
1043700505
1051180168
1050567903
1043789645
1052823086
1043579470
1042654036
1050404892
1049041658
1044002511
1048514577
1050360379
1052760838
1043638702
1036961393
1042329697
1036639683
1036811461
1039029078
1037136483
1038834183
1039641619
1039274092
1039428007
1042009697
1036595405
1037017304
1036890759
1042116559
1036684841
1041902552
1036758065
1038931898
1039119270
1036540107
1034895463
1024019114
1035141155
1033051126
1033127183
1025781135
1025828269
1035059894
1024247938
1034981731
1024314821
1032977120
1024126564
1023945071
1021903352
1035306216
1021848963
1035223816
1021946281
1019732846
1019087667
1018982011
1016925554
1021042321
1019970058
1019848474
1019896862
1021378370
1019663595
1020818505
1018852935
1021806322
1020928558
1018749990
1021145601
1019794881
1021290723
1019206562
1016785309
1009980150
1014549220
1014677963
1012623342
1016637468
1012263470
1014433255
1011597705
1015327707
1011493565
1015109687
1015221086
1014918200
1016715256
1014831186
1012476768
1011438317
1011091878
1010092371
1012114758
1009659446
1009567516
1009257143
1009354505
1005315663
1007969988
1007754908
1007053566
1006998248
1005534472
1007603770
1005746135
1006063841
1005231639
1005191531
1009799208
1005908510
1005441197
1009460585
1005658250
1003503364
1001761825
1002129363
1003405067
999939874
999357893
1003932645
1000110236
1001985994
1001900824
1003828445
1003308818
1001429626
999771528
999633132
999501302
1003601642
1001612279
1003734669
1001522104
991115502
996483711
994982107
994337555
996699849
992576393
997036706
997325966
996790904
997446741
995414164
996626058
994520231
998296330
996887703
995108012
995330379
994845077
996373722
997206595
983442624
988813175
989282567
990153773
987053695
985277820
988943238
991012843
990105257
990010834
990067445
989977971
989067527
983488781
987302337
986875417
990217888
990888113
987171711
985366781
975382471
981372586
976883392
975327970
975347625
972931765
983295768
974621406
974519143
973984884
976742467
972813874
974374286
975476151
975503908
976566386
981432335
976411845
975423336
983382305
969966750
968237031
972375284
968378496
970142246
969038073
960232390
968539812
968798221
972300981
970321852
968928825
972491124
968687287
972602482
972213694
970418184
970516123
972705159
972145630
959095171
958505918
960118672
949090343
959017686
958832255
949212997
958928229
953722805
956833354
959823293
958734222
949447904
959999688
953877212
959903177
958618427
958410755
954034681
949142436
948986862
948932348
947654888
945395434
945323528
945464533
945528635
947001577
945610842
948107554
949033428
947561089
947512854
946973316
947971632
946960320
947857009
946921642
945683381
947786116
935568972
929554896
926404430
924224468
930721876
930592143
935194614
930867126
930654534
924010325
930509819
923805958
935483355
926661207
926529661
929679783
930439425
929434594
930788524
935388575
911889698
918972900
920811700
921460415
923698737
918861227
917976492
921714060
920999218
912737650
920915412
916652902
918418062
912694092
911761527
918779429
912766516
911614317
918356310
912650848
906666004
911063969
901881390
906771127
906254712
909244305
906370831
909405893
901842159
903815280
903871722
909114795
904132472
911520890
908152550
906173150
906518418
900873878
900929698
901917799
887346087
887007827
899374419
899242221
888889556
900780923
900555562
889351627
889136702
888972207
900667590
887427384
889045247
899425534
887108293
899309203
888832013
887203167
889278763
900243355
883835014
880636026
882880509
882144896
882094135
882189121
883924017
881958064
883585382
882997289
882825855
883080153
886788969
884813731
881892638
880741591
883753357
886904764
882944713
882026337
789518247
879286819
789453600
783801256
879450475
880489842
808112163
880363492
783390334
879536230
870321296
879354210
789590883
783746701
783470838
783330532
789645621
808151430
880253844
870352180
769348520
776475724
776170591
772874503
771093543
768809344
770857357
775979885
772338691
769381711
776068193
769292746
770956861
776279238
776436526
776401962
776341481
771004390
772820666
769061465
730909816
735226069
730339087
731249232
767633099
767497059
767376726
739229116
735412640
735654351
732717684
732564888
767722637
731329535
735119349
730751636
767200720
735558675
739132619
731081872
728549399
724798532
713411965
728907641
728669374
726585153
723440009
729102104
730212705
728435092
718476067
703366961
724885365
723344957
730263082
726676490
721475487
721314371
720535694
729188062
690526694
693327618
684633872
679793052
683195737
679677669
677108184
682954787
693202860
684696735
677412309
693082584
701652254
699603623
678968541
677850823
690649834
677287905
683416616
679048040
628255517
656127973
641961229
630027362
648806370
623344463
654287601
630254953
630499656
645909657
646057512
628164705
646198156
654219312
676984178
641914656
661046789
649189981
649079486
648955123
585126874
609414824
587183825
571995168
617178257
571960491
623281070
572161224
585027160
572064941
617111186
617586529
617033475
608560121
587053959
618921381
617497443
618824494
608407483
594141377
555351180
557962785
542292679
542390297
567631004
560398914
555208460
550753117
548092068
570199410
570261841
561433768
558954258
542487791
568811638
563172205
567752531
570125532
542209492
568758565
461219543
447847753
443324377
460888934
461176478
459656679
448145617
448227477
459688230
448046676
460816848
542129803
447762824
447721481
443289209
447910651
447925015
460928145
461121550
447798317
441987817
437022018
435299593
427814358
430262406
428006045
439813992
425966510
425905326
436714519
427881365
436951379
426024364
441960916
441910057
441855824
435214506
435110887
430308470
439769258
396289252
396353832
409347103
404744189
402355472
417713749
417815076
409241489
408459204
415481366
408390593
402314578
409280886
408307393
404807944
415528218
393503830
404686396
393546555
408238462
378002073
377347634
377000588
374327644
377980125
381967805
377423079
374284737
379318967
375334510
381970822
377070505
375445106
381899010
389900121
389962057
386351133
375516684
379343270
386248023
354290001
350673921
361871761
353174012
363232260
361830261
348204084
360898207
360984691
368253428
356777359
350746270
354349995
353204942
368188175
364488128
353246515
364571518
363173718
356811719
324031690
340903892
348136127
333962702
345532974
340816287
320260614
320213793
339708238
331265845
321894998
346768921
321957318
331342422
346738898
345557568
339752161
346717619
324002621
333920124
311153903
306347801
293625880
267690993
310931512
293688999
319967730
320010789
267640827
264504100
267885392
310877880
305475040
306461739
320190340
306417543
305387309
293554211
293633600
311095456
261611246
263612072
263495756
262535265
264336354
263639860
264386517
263526474
263298375
262281327
261617723
262445112
242948492
263335409
261593261
242906297
262312446
242996722
242749428
262475417
237148702
237209116
238663160
238759728
241853588
238807725
241808390
237196477
242658597
239612759
238710679
241882542
240074559
240189105
237103968
240967481
242706227
238046648
238864450
240901585
231459693
231508617
229245051
229181336
230827179
229147551
233923409
232321093
231419780
230890219
226105058
229286421
230676373
230711471
233887093
226138259
232375460
230792958
226289469
230795672
207115256
224593077
220965006
207082987
220770747
205462046
205490330
224644563
207993432
220733594
207148444
221705838
220907274
205792630
221656533
205740032
205687817
207951685
205521108
203962098
197975626
202314010
203851558
199542017
198109269
197247027
203918686
192294409
203820462
192259099
203021965
203184005
202406132
202218936
199487247
198047460
197220621
202977455
199628562
199583142
96183893
163997432
162702501
169211880
159020377
96172392
94522449
166858111
96833703
158968995
94448504
162666610
169139247
164021812
96012166
160654689
169177907
166825260
166813763
159064731
87204841
93796423
91824674
93745242
94425438
91866448
91719625
87170142
93771452
91789908
88535971
93883969
88492544
93846452
93725107
91696650
88436304
91757021
87121020
88624038
86463139
81600984
83558023
86985935
86496092
83540437
86398557
83615947
81634998
85693993
87000743
83443256
83521151
86337262
83421728
84305006
84336107
84219442
83372590
86538375
81567830
80541069
79959890
79025989
78590500
81135332
80616541
80521215
79293902
79674435
79637770
80539311
78159635
79073530
80654285
81522463
80639096
79612880
78887423
80513675
76888069
77389551
77387238
76875971
75992820
76354281
77937155
77188427
75972013
76873058
77704425
76901681
77670834
77644166
77399905
78101765
76862940
76832670
76054833
76372930
75390517
75318416
75858914
75514879
75632876
75405667
75302827
75920374
75434053
75876040
75610317
75629651
75277031
75455616
75578332
75370565
75288468
75271190
75260552
75347597
73843513
74261953
73806505
74309412
73970774
74431761
73942405
74231385
74694456
74486468
74512635
74400549
74244333
74373397
74272395
73917735
73893405
74673230
74334358
74461040
73685677
66734020
73695609
73708801
64004353
64693887
64725144
64663671
73329768
73736106
62815754
73765629
73306587
64638829
64023632
63985015
62834651
62853490
73721870
62798189
60773293
59165153
59649229
59559454
62496433
60817320
61182117
59673526
62244904
59452900
59442287
61732428
60851230
59807391
59729464
59136897
59120107
58679484
58693636
59734994
56245693
56790851
58091332
58508987
58266151
57977201
57886513
57327641
55778517
57779479
57601851
57283208
56254971
58510587
55789982
57947865
57617639
58071457
58278947
56256427
52747456
51622700
55359603
54974900
51645939
52431786
51583601
48868187
48889525
52480765
40918072
54961722
52456404
48903112
55347176
49800398
38971764
55342967
40932150
52757519
38635952
37590330
38628514
38622174
36067901
36255060
37584550
37330510
37047833
36091452
37606953
37338852
37578738
36262994
37037383
36095834
36035663
37613366
37597562
36073128
33449259
33067515
33067060
33436885
35822343
35885467
35865209
33099562
34188552
33122170
34505468
34226099
33454210
36028925
35812125
33087070
34234977
35549575
35860032
35879902
32916275
32723260
32862919
32659977
32835227
32969001
33035454
32934017
32914218
32960771
32875928
33064854
32951612
32828127
32920906
32732509
32928509
32965179
32719150
32942818
32321254
32650315
32343906
32479389
32330984
32635213
32450087
32488716
32312311
32598183
32422388
32413670
32609530
32470553
32462826
32165073
32577827
32404209
32492777
32364992
31848784
31816994
31419338
31381214
32140131
32088575
32079847
32123279
31536805
32082552
31826572
31443610
31373295
31906165
31432608
31875909
32070290
32090319
31929038
31913870
30552837
30741525
30812126
31145888
30655353
30307653
30324141
30813668
30720794
30659512
30519199
30319563
30732284
30313074
30958868
30964176
30994440
30826283
30505224
30980822
29170569
29138146
29128284
29058056
29393541
29944861
29146515
29018068
30296317
30073215
29189170
29200205
29065013
29034305
29413678
29040647
28832266
29405010
28838300
29024688
27901743
28086279
28794348
28132217
26958190
27234090
28097019
28801235
28073391
27665394
27034786
27043442
27653445
27156939
28645078
28496445
28811153
28502790
27362909
28459728
25434505
25565734
26773913
25315581
25152535
26126532
25148565
26143064
25695936
26829838
26782183
25443180
25264533
25253791
26135609
25684440
25562265
26790822
26819809
25532807
24754675
24666532
24137082
24992132
24293171
24377208
24389022
24374268
24660062
24760579
24974660
25013869
24995878
24363308
24286097
24260702
24130016
24150749
24987104
24144163
23729850
23608262
23768777
23781607
23620054
23740836
23510558
23776909
23751861
23980954
23746446
23626008
23635980
24113312
23893447
23972531
24101155
24092193
23630220
24106554
22939463
22945165
23366629
23036242
23014482
23027081
23409484
23021480
23416292
22931165
23421443
22924110
22956783
23050745
22950639
23397320
23358325
23384337
23502312
23378806
22532850
22574668
22446524
22611950
22617449
22542206
22641032
22603357
22577563
22652464
22548352
22454525
22525401
22645353
22623848
22518298
22462974
22635557
22587513
22710152
21626683
22176402
21632462
20803275
21918320
21996515
21170878
22439428
20778345
20793829
21922859
21621612
21915441
20797458
20784314
21931929
20691230
20672628
21434708
21613417
20528738
20613856
20428205
20599533
20348245
20352539
19713708
19819623
20590482
20511171
20595703
20434781
19636058
20663731
20536420
20343818
20502825
19789367
20618200
19686312
19613475
19212766
19499791
19496232
19330401
19325033
19607111
19486956
19481543
19456232
19333305
19632327
19504938
19509564
19299856
19195912
19469499
19478153
19335555
19200050
18891593
18885009
18755387
18749163
18746543
18740311
19190215
19071358
18770919
18895559
18945611
18751509
18732905
18745049
18764457
18977163
18960036
18953327
19077427
19184837
18725554
18641617
18242032
18715018
18708082
18580213
18557378
18587069
18701037
18564592
18562273
18652519
18581166
18568564
18299097
18235054
18302797
18231919
18591803
18574257
17613954
17637900
18213557
18217633
17918636
17914518
17629225
17471036
17431188
17294160
17425981
18110254
18218436
17683314
17317385
17609622
17920606
17421934
18222125
17289094
16372420
16328576
16350039
16364356
16186578
16181319
17235634
16208361
16348087
16352632
16359400
16194148
16199483
17257756
16219695
16335048
16375062
16214853
16410177
16417710
15653945
15717038
15607934
15582517
15746136
15720138
15587338
15752170
15799418
15712827
15770163
16098166
15578714
15762162
15731522
15738302
16091663
15726897
15646405
15599904
15466295
15463565
15322364
15318501
15457073
15330007
15275450
15421741
15482430
15553023
15311956
15184745
15433520
15479199
15559843
15548583
15438104
15279069
15444657
15556276
11956935
11946229
11942388
15007687
11824664
15057239
11933723
11959293
15171827
15051504
11953727
14890451
15012781
11978099
11819732
11951372
15121769
15044843
15002523
11967028
11600181
11554292
11817360
11580614
11570227
11781021
11763083
11575493
11560229
11565989
11788055
11561912
11682367
11815600
11816542
11776864
11550338
11816872
11670143
11687932
11371613
11208732
11103583
11109417
11377364
11236666
11213840
11365541
11541263
11330377
11382030
11530420
11203742
11535149
11079874
11244149
11326459
11544385
11523839
11342356
10840196
10688073
10843772
10762358
11074644
10767981
10665262
10560007
11018521
10913807
11021375
10585408
10582422
10833823
10669298
10576373
11061304
11055853
10906517
11017151
10555458
9582917
10225493
10378427
10393346
10516815
10408112
10219125
10272399
10232242
10214286
9595221
10192478
9963392
10222680
10555969
10555751
10235103
10569130
10387926
9483096
9449520
9440952
9279937
9575247
9551616
9428379
9477279
9444220
9282906
9288465
9439546
9471936
9396632
9422638
9300715
9435418
9415641
9406301
9293822
9276353
9217935
8964069
8913391
9184432
9029026
9029463
9021554
9025531
9215058
9136391
8970382
9191039
9205484
8916919
9156670
8922183
9224234
8959488
9210659
