1167379832
1165759921
1159571815
1159668633
1152586068
1165485443
1151433684
1167238903
1151317023
1152707044
1182778247
1168188277
1170832300
1186273865
1165722196
1159603080
1152525040
1187896260
1151183187
1167086854
1126317652
1130438627
1128970063
1130662753
1130585040
1128928314
1126433375
1123921530
1128832490
1138832744
1138788169
1129017380
1127808715
1126362960
1128782702
1130318590
1127957710
1123973459
1151070088
1138754854
1111789817
1118486568
1118642103
1111955540
1123860446
1109749639
1121514725
1121457111
1107647430
1120116103
1116387926
1121416921
1118728889
1118578173
1117802683
1111907724
1111846495
1121372736
1118411933
1116434359
1080552729
1079159350
1079121975
1079082789
1072244951
1071850217
1083037053
1079216488
1072084614
1083074846
1082994704
1072193936
1081123636
1072054344
1079041827
1072146123
1088599339
1071900298
1083008585
1081091993
1071253663
1056836769
1040761364
1017969368
1055585008
1024518697
1008860918
1015527158
1040814927
1055707305
1024687329
1056890374
1063941815
1037765414
1037876120
1071743406
1008893459
1063896836
1063851710
1006873679
989667458
998276871
1000632534
995278420
995009346
989700314
1002749325
985907799
995247370
995107970
987566708
993638239
1002791073
994725794
987776278
994566309
985951721
990638198
991720752
989604013
982409848
952690816
982517948
983577966
983516238
983627329
980969983
964719822
964494290
952662465
950418748
960778291
952631147
971644896
964329991
961010146
973460924
983113486
973426962
964661859
930067800
935863080
934894841
937013539
935957632
935924133
934109817
932946471
935576522
937848773
936836940
940671188
944802192
928156699
941988535
940582821
914340466
932823283
937883935
940596970
899281895
907934223
901257315
903136784
887966036
886054830
904137143
908020056
907853212
899386204
900098972
900033822
898372163
895897439
893170268
899337618
885959205
898554156
888050005
901198113
881717621
879420253
883773079
874286560
855067348
883704347
851185687
883885792
874367132
883939009
855590008
880589861
881835264
849531118
881619299
849319356
858021596
851313134
855006410
883805445
847638852
847573403
837385365
843837414
847722612
843744499
841431964
835641118
847507366
840220519
835552935
845585157
849265250
837457497
842160544
835502771
844359752
842220180
845655182
841373472
828181098
833758773
832997309
833655405
829426950
829059287
831030198
832891372
833639759
832456547
828021365
834296455
827933308
835433572
832615080
832501685
831103570
832542144
828095643
834328685
826216165
824439522
827063119
825116510
827841082
827696171
826374199
826272186
824972469
826331672
827759477
825051721
827499689
827579322
827130341
827123570
826091184
826417336
826148503
827209355
824029344
821953753
821751750
824224632
824139152
824395938
822530478
821546675
821339402
824307235
824356504
823046761
822163793
821470663
822445148
823122739
822268429
822072481
821835404
821405319
815806105
819760250
816045958
819915721
818722409
815949744
820000903
819641779
820611044
817800014
817653034
817599749
820179784
819853606
820325152
819681604
818814188
817865519
815901974
820511357
809053943
809912112
811982627
810173390
811287146
810077701
812221136
813980749
811884150
811335934
810244164
809998845
808981466
811117646
810868205
810406271
807141633
809846258
811195105
807191182
807072369
806743667
806412929
805439277
806985665
805508263
802691018
801576417
801519851
804786910
802811062
806821232
802555281
799616912
800579577
800235310
805361709
802626931
804946049
804881500
793417548
798031113
794127409
793520960
799551592
799170899
799374409
798351830
794534650
794857738
798228000
795214639
794788527
799443220
798560694
799488036
795115677
794415994
799275816
798084250
789274892
789164041
793253526
792136750
793361305
791114546
791003431
788946974
788485912
792881563
788771634
789357973
792978326
788649305
788429737
789053239
793143452
791256943
793018420
791320283
782759940
781571105
786969109
784502423
788220232
781347546
782427830
787084454
781653195
787211308
788380906
782597847
786800749
781440642
782498834
781500427
786033029
787335898
782830225
782679165
779099372
779347742
781085270
777725128
779425252
780938008
779578769
779510621
778862700
777662382
780708321
780859292
780636705
778544433
781233819
779836313
779255780
777855495
777799705
781161817
776737179
775054579
773847170
774223869
776296545
776072121
774401692
774144466
776794046
774037116
773535835
773932188
773455604
775025506
777064338
773356037
776243973
776346346
777576760
773604823
743406375
732653650
742279930
742354227
743061992
742406284
744136837
741754817
735395620
732752761
743269308
743161589
730945999
744247261
773240572
742960472
732564485
742214522
740499036
744082529
729498787
728940967
729765081
727491220
727388068
727207696
729713140
728362640
727159830
729157621
727607399
727316392
727062508
729591557
727547633
730451800
729377521
729281022
729042302
728026049
723984093
723944513
723870712
723728405
725715969
725195433
723579807
723649786
725661870
723799726
724761165
725783300
726710925
726930303
725011863
726827959
724838692
725342712
724897486
725106772
723279516
723092251
720194656
722470770
720222083
716299772
716252773
716201962
716118835
722569712
716353934
722421684
722516849
723174170
722628877
722394960
716148473
722362653
716277121
716330227
714418194
710450098
716020438
711444817
706552927
706510305
706596559
715867204
710329652
711782465
715779862
710413228
714374052
715950940
714484590
706574805
711698786
716077790
711528770
714444380
705935249
704440430
704399943
705728248
704785706
704573636
704494409
704523444
704368870
706200140
706040929
706461306
706281121
704705521
704749515
704665250
704617180
705795703
705855884
706141548
702727074
701934602
702600431
704087522
702188432
701864044
702763396
702852496
702689516
702619448
702640771
702270713
701777869
702668078
701989707
702465328
702545492
704179001
702815097
704001048
699963940
698855557
698821564
700698214
698877571
698621822
700888729
700749744
698740775
700040772
698545673
700824994
698663905
698788827
698935874
700725140
700772866
700375560
700935281
700310675
696935213
696244812
696669899
690138843
690065122
696911224
696729098
696463145
696879441
695069021
690237770
696957378
696385767
696768700
696059385
690000773
694987254
696317567
695020309
696155482
689915370
689820527
689338162
676726052
678656274
689941722
674785427
689269059
684264173
678700793
674847809
689869031
687573691
674822105
689977262
680235739
676479359
684294834
676416564
676703988
671378227
673073267
672802422
673019566
671335253
670908934
669826563
672975399
671500830
671434063
672918356
671401918
669747919
669711331
673195575
671524926
673157807
669444441
671461572
669365772
668082483
668206811
663964545
664111902
668051041
668898865
666042062
668115543
665977790
668139043
669307861
663991269
668177555
664022592
668232948
665704372
664072460
664053458
668829459
666069414
660441222
658755605
661823339
661758596
662058854
657087732
656613595
657114891
662121715
658723657
657142291
662012476
662099775
656523275
655484903
660370433
659965122
662086449
656662672
657160726
653352150
653254669
653651120
655442217
655385655
653530114
653489835
655459898
651604228
649843829
653153920
653560703
653598316
653394450
651575578
651553821
651573374
651513226
655411846
653192053
649783002
643608279
643634370
649741068
646714842
646688476
644739289
643566370
644832055
643541382
645101372
643517880
645165182
648184330
646670194
645124432
645190230
649812469
648204227
643580974
641703700
641724620
636230797
639918589
636257124
639944730
639981651
636278219
641681382
641071759
642949180
637982988
639897536
638023523
636309188
637712327
641756051
638079693
636339851
638051004
634193460
629317065
629378371
629482518
635909155
631273771
635812267
629025132
629428070
631136625
629456387
628906163
631074005
627514999
628964283
629348092
632751455
631298430
631173363
634146381
627407078
625947561
626872693
623118398
620064654
627490112
627452962
623144840
624579833
623099840
617810389
627039465
618376546
625915468
618310464
624550721
625893558
618269465
626944336
618361603
616567170
613410931
613376106
612091871
611354101
613312174
613486546
611186540
610648984
612070314
613463008
617697075
617758600
616521769
611466839
612105065
611410988
612135600
610603477
611250745
582429163
609941688
610281629
610536443
608479129
606915635
606841009
610587127
607005328
577764683
582404757
610010513
606638808
610417695
610371903
610506930
610567337
610326449
606741883
582367457
572878101
574714191
569616424
574761613
567138301
574643338
568489804
572950122
572339379
568467118
571923339
571266270
572367349
568511453
566838413
569880311
567120489
569528825
567096816
572267715
565912657
559731639
562624864
565927479
564343241
563917273
565831871
563839234
562663587
561081462
559817766
561184265
559780118
565889920
565790894
564309958
562350470
559699251
562651086
564247841
556059846
558669580
557322845
555449355
555964453
556033452
557473727
559597131
557455191
557276287
556003592
554505842
554422035
557433684
554448615
554532720
554566768
554477501
559657191
558697775
550023150
549981851
549487641
552804856
554131390
551229199
550054401
554379013
551204704
551284377
551259851
552767320
550000877
554313843
549963960
554248806
549431419
548718977
551089432
554069650
545408835
548651600
548608074
547359960
545517305
548678980
547383638
546075836
548691936
544610086
545457274
548703210
545905005
546096454
546050242
545828169
544634822
547407223
547312258
546125573
540312598
542231521
541539423
541556522
544588180
542426621
542885069
544484891
544537133
542189556
541514177
541491941
542120398
542918880
542937948
540351126
541581297
544513548
542077441
540289983
538926528
540198912
540167649
540100092
539757195
537665496
539666581
538954137
538899195
539860980
537689025
540149579
540256420
540058631
539813572
538972635
538856254
540232068
540272400
537706813
532377787
529912676
537514330
531774878
531734820
529969872
529830537
530008145
537582554
536363092
536365040
537548988
529869872
536426823
531702903
536257515
536394517
531799906
529745267
536203605
526793654
524853933
524668263
523149464
529580582
526770245
529678712
528299673
522991606
529494330
525046923
525157040
524675699
524153326
529408907
528168524
528232749
528270009
528204983
524471124
520580121
519392667
517962102
520359559
517812800
517735035
517519193
521944003
518019079
517592670
514477048
515895309
522672087
514438102
515920532
518086376
518176824
520471047
519439386
518124065
508865058
514074519
511412566
502186635
510444669
507015782
510404232
513130696
502106986
511301176
511365745
502138665
514125340
513149894
512529286
512431763
510851361
508461726
502318194
510926384
493462807
499045265
500421669
492197118
498942105
498920569
490358466
492071349
500315487
492276516
500393248
500347084
495181661
493569813
489713514
500281548
495107914
492231453
492042368
499017831
486987955
484589112
481448739
485276045
484563268
484592683
484543934
482547132
482470841
487204542
486976583
487162818
488851427
484522708
482626854
481481124
481416305
482354334
489653526
481395242
477098307
476092042
476048637
481367155
480999724
480107897
474737309
473207410
473167274
479495411
477180565
480086680
473003339
476120765
473134583
480130813
480029563
480165729
481067060
480148705
471652734
471593229
470790473
470448880
472416662
471692448
471488116
472105071
470394557
470266365
470125538
469765399
471137341
470433876
472611400
471787549
470750930
471294655
472138320
472726706
466670874
468906167
465357251
465290324
465213240
467917471
465256004
468724265
467400260
467848130
468313677
469713510
467695060
465271375
468340467
467947205
466998934
466695811
465163540
463841834
462328975
462322870
460808885
455198304
455274990
457878591
461399548
459656807
461302192
460291764
463436535
461363399
455342522
459276476
462093651
462356750
463725781
459956959
457857742
455237388
452103426
452080415
450597022
450660605
452055307
450060921
448794219
453314785
448692498
453582370
450442990
447695537
450113813
447569957
452153029
447662440
453623515
447625859
453594045
450631164
447442541
446038112
447252765
447538088
447396778
442963137
445966752
442907746
444645359
445788253
447328938
442931297
442875981
446011810
443916516
447171759
439255108
447118072
446069789
445570997
439201392
436173556
437766287
437805751
436278612
436201618
439182440
436051711
436100229
436239161
437711619
438949237
437678822
438988226
439229994
437307281
435997230
438749340
437263725
437737717
434595180
434494367
432522541
433895629
431004872
434556458
434416259
430042041
435910950
435843632
434625544
435723448
434653888
432927943
434362942
430892106
433970464
432612779
434096554
432686667
420785013
425664853
428600988
421297282
427192005
421214997
421011071
429898151
418423534
420843214
422887471
420814743
418097003
425590746
425696971
429751897
428544979
425531980
428150847
420944315
403115514
399702065
409590329
407843017
404196503
404176236
409537743
405530786
407860078
398559752
398383647
398689700
410614953
415946325
397236835
409471968
398671208
399442937
409424036
408866589
396974050
396995454
394266441
396820227
395787452
397216339
397138796
395257876
394463867
395816914
395201473
396864088
395845763
394482540
395319581
394304137
397168128
396986939
395762238
394423755
390686572
390629555
393231125
393906095
390865978
390797386
390738179
392929307
390464883
392023272
390660081
390766583
393010854
390522218
390460101
394068128
394055404
392044111
394129624
390835763
387786272
387708661
385293299
389393427
385418507
389508373
387677652
385516729
385562323
389481563
387746615
389350328
389342041
385331665
385395263
387423031
385635439
389311458
389372942
387379832
380406840
382667370
382644179
383424474
383481560
382247222
381534642
379167891
378995109
383487915
376636618
383435376
379323074
379305874
379197953
383778652
382564961
383738378
376695613
376701098
371794354
376498866
373702257
371738451
376001594
374053741
376061471
372891753
373601098
376570967
376598071
376531985
376478755
376434155
375240538
373653880
375226356
374031870
373878249
374088316
367815919
370475695
368996451
369166096
369132680
368944163
368888057
371627465
370454083
370311170
366433366
368829475
370250875
367305807
370411776
370345078
366429988
371664369
366411685
371721448
357693090
361798838
358848863
361834411
362713495
366215689
360190876
360282396
358874033
362754511
362560266
362620913
362513086
359952186
360254342
366352389
360220433
359942827
360216727
358843834
357595598
356455176
356416595
355358455
355286420
356502468
357503047
356483894
356373941
355321261
354188458
355279170
357651063
357351366
357679290
356404349
357467276
355239651
357620410
357567825
351196613
354160388
353606882
351177219
352924893
349699991
348846761
348752784
353991551
348729878
348445423
348680640
352907183
351266512
348644111
348824315
348806296
348693362
353671968
353894701
345210365
344240820
344040750
347655690
347615586
345253547
344288766
347699712
345401010
344207673
347571564
347529554
345495715
347198869
345471655
344262994
347082400
345446182
347147510
344293259
343875243
340136561
342365307
340190332
338191857
343985286
341212155
340335580
341450531
343993084
342266654
341427544
340255620
342651159
342717145
343930896
340296223
340128267
343864310
342588237
332061140
335843844
338131990
335830548
334736783
332057943
335777039
333089467
332083184
338161071
334713649
335993522
335699572
330935555
334539947
332099248
332014259
336815384
334759518
330905414
330815653
329870241
324344060
330765167
330864556
329827512
327617105
322631897
327592108
329853339
329733629
322684659
322598849
327125148
329850833
324408295
329889064
322664283
327048281
329787597
313630187
312285430
314714710
316574805
316488083
316203143
314602554
315051602
316923014
314727280
314535144
314487397
313581883
314691762
314647720
316220099
315097480
314991757
314420256
313593097
309309479
310631003
312015235
311495401
310767284
309348611
311614747
311899569
311894838
312241993
311486731
312176823
312136520
311432803
310847631
311982964
311582876
311530756
310690710
310710389
306252753
307011385
306597100
306324629
308178146
307487700
308151729
308078354
306522091
309210978
308012073
306480191
309218118
306987072
306269459
307984684
307602999
308121157
307482299
307668474
302401646
304780228
306054869
305071732
305746051
304327296
302883317
306207908
305046303
305636576
302396191
304821642
302393880
303952976
302956181
305107084
305687694
304473207
303880850
304194258
301844796
301879522
301993068
300098343
301754112
299415711
298530574
298827557
301863498
298026981
298852705
301940668
300274130
299464719
298525026
299324209
301983727
299366137
298485336
298042997
294677091
295955031
296188005
295752826
296395956
296349237
294732107
291701635
296262228
296054687
295994865
296104832
294638932
292772662
291674443
293535688
296005726
297439332
294594649
292708065
290982299
289031734
291528681
287839402
290442284
288965055
291294878
291035163
291570968
290133834
290005492
288884828
289961553
290203253
289084841
290091328
287901656
291632317
291371472
290491565
281977655
284402065
284338923
285039058
284451751
283031237
286742196
287829376
283084279
285014102
281935834
286225316
284545748
282120424
286282946
284494915
286256246
286798150
286330633
282028525
277125841
279934108
278960977
277034567
277163573
277289960
276722357
277223478
279038407
279702114
277341497
279080764
277062058
276730871
279717762
279781395
276679536
279995290
277090785
277237681
274945680
276375080
275009561
274897390
275398352
276659590
275442449
274843395
273995195
273899765
273781581
273930485
274159146
274469931
274438179
273858343
276627810
275350227
273751996
274941461
262559167
273715811
263525190
263497811
273310134
262584768
267852851
273371907
263612072
265796018
273340345
273718353
263300623
263344752
273704637
267921517
263639860
264360439
273700467
264323424
253978248
254040431
260475894
253947567
252535322
262457078
259431033
262322091
260972051
256596839
252918335
252883088
252845835
251842484
254019310
252807917
262482014
260927685
262283296
260902838
248915093
250155663
247571906
250633916
247630837
250174187
247882467
247191909
247687730
249936482
251796059
247786748
250122927
250104465
247600956
249882341
247844984
250696832
248968109
250659118
242425873
243836892
244764744
243907056
243881201
245621779
243033920
246242031
243042320
243006777
242852482
245658348
243943468
246116877
246282602
242978161
244718218
242721826
243876343
242366893
242296466
239289822
239059919
240557003
239082848
240600219
238104961
237332758
238036896
238962511
238161769
239031461
238990879
241894192
238067558
239022722
238025526
237996384
242337516
242392867
236974064
232948124
236821423
236750038
236435130
235375627
236877689
234935576
234656635
233135940
235925399
234695386
236407380
235953896
234622237
233433111
233154836
236009862
233479730
236931894
229519386
229402044
231342845
230518805
230536600
232612435
229479866
231556430
230344996
230919224
231004897
230551939
232658349
230571165
229378732
232375460
231500725
229410024
232321093
231366660
224885667
225243242
226496135
227135219
226860521
224805884
228532041
224863851
226447668
227853720
227088330
226833779
227894416
226417694
225211778
226582340
225268509
228566623
229363810
226541608
221677391
224580821
222466317
220978209
222432941
222586239
222506048
221026503
222669831
222705126
220987603
221650167
222926747
222556151
224023464
221597884
220943113
223820921
222635916
222956992
218721530
218673063
217197378
218021025
217182255
219481160
218988722
218812025
217117544
219422276
217154508
219387599
219510761
218465146
219353956
218437072
217985158
216319657
218634005
220064556
214931181
215748788
216190027
215423057
213983000
214866453
214077591
214051569
216139264
214027755
216213968
215239899
215694121
216166606
214073651
216268456
215736893
215778926
214891823
215204917
213120522
210529241
213230062
212852151
212425190
213075433
212902910
212379755
212061977
210116824
212961830
213163306
213850238
211555717
211528319
213189954
210500458
213499492
212456734
210354269
210034284
209251211
208825903
208609693
209020781
209118871
209170338
208979842
208870805
210079258
209595549
209533914
209062530
209939075
209991371
208948956
209556423
208796414
209213161
208753146
204776251
205174737
208031375
205139715
207173978
206241158
204806466
204268978
208537384
204949360
205179243
207323714
204953150
207470106
207267927
207255452
206286236
207920534
207202846
204907238
202838497
204185975
202035134
201742081
204225650
202700637
201771743
201846310
202780078
202308339
203946165
201703066
204079584
202820395
204159311
201106617
201809614
201085318
202746311
201706987
200948681
200280721
198583485
197014294
196768579
200414747
198712796
198704430
197978709
199545834
200440861
201038349
201011839
198948590
197072167
200488851
199691834
199717256
199005683
199001078
196566406
196732421
196725740
195919640
195992324
195381167
195567840
195587309
195190463
195741366
194544369
195326414
196714711
195540944
196173671
193995436
194522201
196537317
195967519
194054500
190318089
193228629
193953928
193304756
193065290
190264343
190820627
190210378
193901238
193018825
190791678
191522154
190288998
193744013
189626609
193767661
191624607
191550796
193947870
193258965
184627563
186185012
184685252
189615514
187487150
184656276
189588600
189555995
189523166
186285931
184717459
187370781
189497350
187517636
186163584
185823713
184750841
186252618
185886229
185866056
181519207
183555480
181569534
183103983
182385978
183359316
181599838
183338138
182452761
183508561
184144817
183061053
182258450
183082405
181542463
182296080
182185091
182145456
182421424
182162763
179527959
181306420
179321766
180458495
179308351
181254502
179561055
179746994
179283912
179742685
181497901
179682427
179888310
180493567
179594069
181288231
179636085
179712554
181264264
179522218
178239586
178068150
177089482
175076639
175007769
179256018
178199559
174724128
174979394
178286619
174703012
178376861
177722787
178894361
177685595
174961275
175055915
178382640
178340080
178257958
164155901
173179803
173684427
173148549
164621879
174580712
174665756
173029968
164120186
163578695
163412319
174539026
173092261
174611802
173123836
174641957
174498358
164085308
165321111
173071177
157389941
158309588
163200346
161640940
160900523
158252766
157350886
163254729
158301032
163157601
158488521
161589637
158382647
163178367
162379684
162673481
158219687
163297490
161365732
159181189
155384456
151187195
150136842
157309763
151223198
150175552
147988180
147959814
147327005
146644667
150826995
151260228
155325130
151084685
146672940
146492274
156685782
153146531
150212136
146475094
144116079
140834007
140593646
140681034
146114041
146394934
140728244
140638850
146430168
141325322
146403905
146011501
144166029
140776820
145960264
146416768
145726508
146157040
146449022
145747652
135707014
138209195
138031925
138165829
137400778
138501225
136469319
138465913
135734554
138070269
136435879
136521547
137538317
137271979
135789850
136406822
137306205
137494882
136501557
137452249
134812488
132816173
135652943
134770174
134399348
132672843
132565526
132703375
135620041
131757172
131640680
132772939
132527206
134428973
132883224
131613377
134946019
132633315
131718592
131572407
129039132
130083774
131456743
126456404
129959189
130049753
128513746
128476394
129224441
129196648
131486340
129923023
126813254
129891369
129066287
130010397
129266945
129154268
129116150
128263867
125081594
125106655
125960441
124559189
124614882
126049302
126005403
125903892
126367832
125869382
125203028
125363315
124501290
125261020
126103016
125242537
124551733
126417677
125157125
125303605
119872807
118357204
118348576
120842785
119052361
119634171
118320378
124383268
124355032
119644728
118362994
124466938
119823705
122426658
119009486
120806357
119922175
120890925
124419079
120117422
117487419
117556207
116558130
113112690
116758474
117541686
117451671
117640813
118181558
113194673
118228802
117583384
113233880
113156596
118131251
116627501
112596766
116889610
118281028
117207434
112303438
111595695
111761799
110985029
110711713
112484067
112372481
112433587
112538773
111679593
110860240
110762892
111733575
110950058
111643905
112334631
111781048
111555108
110818370
112259576
106985960
106955762
110581413
107882469
107706339
108000577
106992040
106900252
110648728
107946346
108058126
107054594
107763488
110611096
107820768
107094539
110555761
107017238
110679294
107664752
106743830
104673519
104677836
104748870
106871981
106787013
102794229
103225243
106841466
103170447
105515178
106816487
105386062
104800148
104623101
104704081
106618637
106746278
103010856
105554864
100760156
100860928
102171632
102103134
102781245
101063862
100900347
101948688
102055795
101937131
100935227
100800728
102138782
100998756
100842923
102711159
100820447
100780543
101032237
100970651
97900749
99003884
98926730
99777689
99669195
99549499
100325778
99596083
100355498
99713455
98963639
97932537
97883477
97194725
97167954
99753227
97868462
99626945
99516472
97966464
95971365
96075955
95465425
95810034
97073297
96437916
97098941
95774162
95492457
96471254
95867415
96770813
95907648
96048125
95942126
97007321
95757861
95878808
96021739
95833656
94569620
91812949
94595683
93360317
91268446
90639976
90386797
95402702
92433707
91082207
90546539
95455015
95362490
93709414
91242063
90600867
91835097
91300842
95427796
90509659
89731687
89231801
85889331
87236557
90347944
89786518
89765957
87397388
87316552
87205767
89225783
86438842
89747556
87376406
90366487
87355352
89719547
90343091
87281217
86992341
85311424
83750591
85866867
84992486
85017301
84976400
85295349
85069363
85035723
85509559
85005855
85132484
85051075
85082586
83628288
83504578
85160909
83434725
85100773
83692888
81536393
81988127
81828407
81575187
81838455
82314387
81521366
82677441
82402420
82004398
82364124
83406798
81885890
81968757
81874375
81861513
81850020
81556982
82438899
81895839
81499766
80799256
81215293
81387834
81353125
80653604
80631109
80765854
80214246
80731637
80691918
80829197
80279061
80180195
81292947
81248532
80252413
80154274
81323275
81409672
79695633
80027592
78656868
79672397
78659207
79595085
78325378
80044527
79730275
78161413
78260680
78187369
79632908
78050825
79760366
78293283
78218870
78107079
78134501
78696655
77431229
77550325
77510809
76940780
76655364
77471461
77142590
76617775
77428215
77492474
76932052
76074333
78033729
77106172
76694569
77526385
77443655
76895549
77421521
76910198
73341284
74515961
74933109
74698986
74489513
73443368
74990782
73890250
73329694
73004785
74407554
75012950
75108024
75078253
75054825
74670368
74218327
74953448
74681334
74006525
71994182
71943199
72520600
72943152
72313139
70917145
72970600
72467947
71002753
70972078
72880315
72388715
72493346
72330190
71312932
71968445
70943323
72905694
72361214
72938883
69422537
69290510
70277291
69907985
70251352
69453851
69379785
69396657
69364479
69278863
70337468
69267299
70387351
70305377
69338913
70226902
70361279
69761567
69316034
69796015
68401441
69221602
68830771
68067365
68773597
69252093
68091670
68044119
68859920
68807985
67753370
69004614
68846102
68417632
68434761
68021883
68787159
69209279
68767118
68383682
67527124
67482774
67217387
67502948
67443448
67738480
67061466
66789247
66988197
66856366
67012753
67226626
67209593
67040593
67727335
66934215
66964878
66827943
66808663
67237745
65656847
65614567
65573960
65301732
66606428
66378493
66104426
65590121
66387896
66500179
65640468
66433215
66779065
65973335
66620745
66123952
66649369
66634713
66409315
65633674
64237750
64307576
64727427
65284137
65109558
64795531
65123868
64255743
64832255
64216033
64776021
64288485
64194269
64625577
64609916
64174993
65160045
65141499
64590735
64745296
63025937
62130742
62147158
61918473
63038555
61440095
62110047
62675000
61788163
63005887
63015573
62705536
64150861
62625156
62221594
62654401
62162643
64055904
62765361
62749700
60268006
61391921
60809390
60760081
60249768
61246600
60775371
60829052
61407128
60292874
60908767
59817803
60792251
60855956
61424020
61218977
61294341
60194745
60216839
60874242
59742844
59258829
59772520
59800718
59759724
58461495
59700098
59730593
59640069
58008205
58334941
58316163
58486880
59707902
59687664
59626936
59229266
59196079
59184817
58055565
55544614
55978669
55950392
57816949
55499628
55457859
57579977
55917120
55529104
57990994
57955331
57882668
56897933
55897834
57608662
55934931
57928649
57791953
57776541
55477886
54651608
54722123
55127095
55104582
54578876
54633446
55056832
54673099
54437254
54746243
54036290
55148583
54101006
54080687
54424610
54059387
55019505
55078526
54602212
55039800
53309619
52867986
52743760
53266558
53362114
52849528
53187727
52826911
53381196
54033238
53328127
54016758
52731112
52738411
52718571
52815571
52884981
53292733
52725154
53348825
51421851
52697411
51464514
52462291
51445621
51084174
52709383
51880894
51483160
52705730
51069447
52498935
52442657
52534499
52521012
52480769
51840602
52547130
51439067
51098793
50417826
50403878
50382645
50147711
50120470
50677358
50187276
50719444
50689582
50790763
50172506
50434452
50703635
50756237
50904160
50778518
50731781
50915350
50130791
50768987
49625316
50107749
50097447
49338423
49860758
49483252
49130012
49295293
48973931
49876099
49824738
49614137
49836700
49664164
48961476
49846574
49905336
49645629
49432062
49889154
47709487
47987051
47972116
47395475
47361729
47657173
48000591
48924816
47716951
47693685
47638421
47376788
47332970
47314694
48939884
48282075
47095086
48541701
48558512
47677390
46634589
46671419
45905638
45891505
46148312
46610853
46199308
46656961
45895632
46708687
46570282
47083375
46134254
46174331
46682489
46594171
46696951
46160860
46547371
46214787
45646376
45599048
45670216
45629753
44864712
44852613
45133636
45340315
45613902
44684472
44878973
44785971
45881083
44754706
44771011
44723240
44548802
45151054
44835846
44736879
44512992
44536884
44487773
43448908
42828429
42811698
42798017
42934785
44497361
43940722
44526405
42889484
43649306
43642391
42924521
43396120
43460828
42914199
44517194
44236241
42470045
42782719
42485744
42210708
42532238
42522229
42772390
42498696
42739351
42562201
41965250
42755717
42507306
42197820
42550088
42428904
41954122
41977094
41989033
42460110
41544530
41529624
41444428
41926392
41745727
41717948
41662136
41486805
41475523
41452811
41757164
41946609
41914662
41735169
41721710
41501123
41516116
41704148
41462640
41937373
40892531
41261845
40393630
40377899
40863189
41274055
40999905
41218378
40851608
40369798
40841671
40870620
41251732
40878890
41232748
41286103
40388216
41202808
41211419
41012396
39608061
38481611
39653987
40123655
39637758
38492542
38450469
39626952
39602003
38456541
40341228
38447970
38437728
38446606
38432928
40114257
40140694
38471768
40357851
40348388
36070186
38225167
36064240
36094199
38426387
36039855
38252139
36261512
36030092
35891619
36100528
38214366
37384432
36254447
37330510
37078069
37071397
35887029
37062303
37338852
34728703
34522880
34512668
32859989
32343906
32330984
32871790
35822343
32363433
32205338
32312311
35812125
32321254
35857778
32377663
35317891
34246174
35865413
35302992
35310647
32187116
32182420
31597707
31861321
32128066
30975784
31856486
32146229
31570782
31564504
31193044
32039671
31566245
31571435
30934620
30966400
30924989
31204524
32156792
32079492
30654452
30387645
30355124
30741525
30916107
30732284
30720794
30402932
30708940
30379951
30492482
29783351
29189170
29170569
29789460
30372141
29200205
30505134
30393626
30362166
28288220
28937006
28458571
28923533
28517263
28721275
28435557
28261044
28251188
28695256
28244298
28057122
28234276
28280668
28272446
28603079
28524365
28445201
28223150
28708485
27664167
27599014
27838397
27855480
27876491
27643111
27606093
28048868
28039349
27632664
27590067
27581890
27824055
28034622
27687905
27652933
27574461
27847684
27831875
27677630
26470779
27247787
27040267
26996536
26458635
26449153
27023165
27030396
27012815
27057379
27003404
27266760
27367586
27298072
27235086
27049274
27255547
27072548
26988267
26479961
25745889
25851894
26438379
26252463
26429009
26214360
26069098
26224576
25858809
25618119
25607266
26244052
26205614
25751944
25630451
26059523
25593045
26232745
26420347
25610211
24312262
25223822
25256549
24887411
24897060
24303430
24288373
25245733
24280623
24269396
25076210
24903044
24895867
25586268
25234958
25263862
25230008
24295591
24118678
24125444
23929411
23718259
23531968
23899332
23914693
24095098
23906350
23939184
24104520
24075714
23564037
23708188
23702401
23921435
24086809
24110970
23550816
23750679
23738471
23951290
23101107
23267339
23485839
22569335
22901557
22937050
23287658
22878056
23180976
23522461
23093451
23110446
22920048
23275868
22927865
22911392
22886186
22895733
23359906
23189182
20521657
22410755
22238183
22198909
21091779
22105182
22545790
22252258
22244073
20919567
20543716
21338508
20527589
21200468
21646702
20911024
22230722
20536420
22224700
22188631
19685427
20035009
20250582
20235120
20026815
20209280
19664512
20022137
20216221
19659573
20512649
19677418
19674097
20517327
20418710
20385157
20376199
19668922
20040653
20423627
19261166
19254233
19399212
19544499
19256474
19113921
19019183
18996534
19139532
19106106
19411125
19584784
19652178
19010339
19265766
19574642
19121126
19005113
19567573
19110499
18541126
18536751
18482749
18979159
18544712
18530807
18716214
18985061
18848331
18818083
18971535
18961746
18832544
18989465
18610469
18488967
18823739
18840192
18708082
18966340
18056684
16985185
18478236
18472780
17200276
17472840
17205646
17489600
18077528
18072308
17777407
17113861
17086649
16976763
18065470
18049705
17947058
18054152
17196346
16968193
16753401
16550255
16844450
16668353
16567279
16748255
16609506
16810439
16663669
16654815
16444256
16816137
16850580
16651676
16574808
16956440
16658106
16473396
16453695
16742442
16197591
16333080
16194226
16430228
16312606
16184606
16335749
16420049
16319767
16402234
16213669
16209334
16202697
16408937
16405955
16425316
16309181
16188741
16434681
16219361
16173662
15337735
15331845
16126160
16168079
16089643
15464377
16170522
16053031
16081112
16180286
16120311
16059372
15433895
15473210
16176374
16073396
16130836
16067634
15467989
14867719
15014048
15006517
15035987
15312892
15301385
15326309
15319453
15001880
15027975
14811296
15015388
14861677
15016161
15192935
15178197
15016001
15305678
15162736
14882217
14733914
14542844
14547878
14805093
14782926
14515417
14753518
14793228
14747692
14740697
14799839
14517820
14492018
14479238
14344316
14535054
14486626
14505591
14787832
14525698
14326986
14197785
14188757
14156019
14053872
13988123
14045787
14181525
14043525
14026648
14000585
14165413
14160797
14304402
14335963
14170280
13991914
14175252
14319523
13985446
13517293
13617195
13549473
13929207
13852592
13557058
13451795
13651039
13924197
13678247
13918183
13701428
13563937
13657538
13448256
13840418
13846327
13711215
13540481
13692367
13107567
13388891
13335285
13174669
12990971
13351246
13123985
13293841
13007700
13381190
12995461
13162073
13170736
13099908
13001528
13359577
13299115
13096389
13025805
13016287
12546202
12556189
12673478
12696553
12679439
12714742
12691296
12685388
12874917
12981193
12853712
12841809
12977347
12986402
12850900
12866539
12964874
12705016
12968670
12973034
12509146
11950017
11817174
11810771
12486789
12100245
12498061
12281477
12533697
12275334
11963320
12332381
12093661
12300754
12310052
11824011
12316319
11940299
11804353
12491394
11401101
11640903
11673742
11653449
11390481
11647359
11682506
11660170
11527677
11538926
11545046
11636040
11665649
11631563
11383348
11522604
11667517
11533011
11518660
11508114
10653906
10650994
11342356
11348274
10560253
10670411
11279183
10658487
11074226
11059943
10676547
11180298
11334923
11068668
10776701
11274791
10772027
10663958
11172016
11163499
10395494
10547328
10399347
10267902
10429986
10403416
10207787
10431857
10439492
10435467
10408625
10203220
10198506
10274380
10539392
10539793
10291454
10279144
10542807
10553001
9910536
9810752
10134325
10197863
10192478
10130145
9695744
9688450
9917099
9921636
10137276
9926194
9683375
9675257
10140135
9571331
9931753
10146597
9807505
9679253
9154837
9536623
9548076
9286060
9301580
9319929
9275986
9524323
9530230
9540827
9162977
9544221
9305917
9566618
9293185
9551745
9280737
9312134
9168402
9300184
8692701
8807396
9028444
9031356
9025109
8917900
8913391
8799277
8706433
8698341
8915741
8811481
8803616
8688525
8922028
9045566
9143699
9041406
9036697
8815212
8207461
8120088
8379481
8668595
8521914
8298933
8518519
8609528
8605783
8300268
8289010
8198572
8202424
8525353
8514977
8301327
8388949
8193913
8599602
8124847
8041619
8115804
7881179
7852528
7847950
7745588
7863257
8110664
8029752
7875651
7870572
7856229
8034160
8038572
7748391
7955371
8107595
7960214
8112073
7843730
7655391
7445112
7661575
7448633
7593551
7652881
7736252
7583616
7514571
7512437
7442718
7520192
7522816
7658151
7589851
7517261
7450968
7648312
7741924
7585770
7439867
7377329
7372791
7202630
7185693
7363485
7194503
7357411
7438063
7306609
7305066
7190487
7102627
7369069
7312800
7206654
7181876
7100042
7360161
7300218
6877607
7018668
7022019
7042797
7024908
7034231
6815083
6805916
7037399
7028066
7031562
6947379
7098040
6943828
6875121
6819400
6953117
6872919
7036070
7039111
6283612
6556747
6783175
6786954
6789551
6582873
6572897
6501357
6563762
6566043
6692872
6554102
6569636
6494716
6488781
6575824
6698915
6695929
6497288
6491780
6147806
6135066
6280303
6239333
6193769
6139087
6188407
6190344
6145518
6243037
6272482
6192383
6277050
6159581
6152444
6142802
6131442
6274772
6157027
6250621
5249119
5244928
5229177
5629896
5227249
5221599
5190211
5180212
5176480
5231310
5224051
5171033
6127267
5174026
5225276
5254628
5251650
5193853
5182725
5598420
4776298
4675210
4733760
4671229
4815451
4252341
4741017
4737296
4780376
4282389
4321930
5167363
4743645
4820447
4773653
5162287
4673024
4817539
4319480
4823003
3837647
4249085
3840588
3862900
3865645
3890269
3851335
3889371
3844037
3833381
4203929
3848341
3777624
3769859
3764586
3811112
4200222
3774033
3859092
3767878
3346492
3348624
3324476
3375994
3101480
3082918
3081886
3080847
3078980
3326939
3086025
3083914
2986696
3135902
3137298
3138462
3103566
3004455
3106748
3344811
