1122462952
1121454912
1119753514
1119599063
1119477981
1121536620
1122279304
1121775725
1118829800
859635306
857402087
1121900823
1121654895
857269829
857195540
1118968744
1122118382
1121387243
1119204512
855577451
842414659
823815439
823939420
846176893
844367469
829623307
849517865
842541907
823622294
853696272
840786357
841081813
840946184
829462073
829527928
847853824
825920725
854024303
825814838
845931757
775979885
772349523
776170591
770838732
770632334
769290012
769106392
770919457
767671293
767300227
757911460
771032063
767504026
767419503
769433230
776068193
768999679
768809344
823536941
771196094
731131160
721045822
737681936
753972043
724873636
737434901
739568621
726706056
739468006
723308485
757612160
724753100
723405636
753891929
737567592
730966570
726810779
757733266
739366167
720963932
717356245
715045296
713689926
715245507
716865032
716985906
719507884
714979634
717136367
718854049
717569116
715551639
715464229
715350428
719429672
713794270
717452605
717221899
719289822
713558549
705148817
711764151
708174124
708110545
705480284
704986001
709606102
709499723
707305266
705305101
711652560
711309448
708003365
703746120
707721087
703857356
707209375
713303051
711411119
707811575
701237406
700170208
699746467
686575409
685314413
703402694
701296535
699844264
701887280
703477571
697813652
683698367
700081123
697656064
701395746
701977834
685185721
685140476
683582056
686488803
677937147
656418833
681134989
644666000
681050538
678073287
675934083
675811355
658045544
656259765
644239445
654624020
645849955
645735442
681242203
683431690
676155501
657881876
644586383
654479566
630130527
644155110
637080906
639115263
632071635
625579757
637181136
632251106
630278999
624041431
639249733
631957091
623947792
625432054
632169065
639371514
633216679
625665423
633304168
632362662
623841242
610182855
614166318
615984644
619555888
617353412
616090051
617280324
609933898
622406978
619483718
614345257
622485347
614252171
615641227
623680538
622315378
617797727
615554159
610063296
609831177
603556393
597675608
608330080
597852922
597302259
594141377
607969375
595825128
595591074
595460139
608094046
593879238
603312476
608250956
608445859
608050358
595716701
603468460
597481954
592515529
584423422
573351778
589923042
584529109
592453022
589748168
590047660
581707394
592612976
574002014
581828793
573450558
589809330
593812109
584386320
573117274
573248183
573070430
592693586
545422050
560688635
557971687
546927502
546648717
550753117
550594143
549589409
560779816
566705739
566619402
545590005
552058282
549527097
558056835
549430954
550603650
546861965
546764566
545526335
540942949
540891244
543996692
538225202
538148951
543968691
543179209
543045699
540783307
545259705
543129101
541018871
543620163
543219791
543790338
539747240
539677412
539828307
542310303
545356606
527540415
527428181
537027265
533789275
524338294
522233095
496060815
536855284
522111842
526152768
526069599
497831634
498247690
498061799
496624439
524512457
496074343
536946123
537110737
533859216
484694600
475123030
473860851
496020470
486812842
475736301
481942548
474783134
480883168
475064092
482206651
483000536
475663029
474788290
491540545
486708052
481706893
475815518
480811125
474830393
472288226
471191564
468613877
470984957
468682272
469763253
468621147
469000447
471120043
469750527
473491445
472502660
469887058
468937859
473569037
472459371
468904596
473781449
469878491
468848159
465497243
464155346
466112338
467544377
467100885
467049191
466273135
464908338
464859056
466360006
464790295
464221844
466864677
466023109
467691054
462891354
464250435
467644187
465711513
467589924
459956943
457728234
457146440
462858204
462783309
457068413
461326506
457408017
457109881
456297149
457649837
460032188
458878950
460134346
457347668
460193608
458811968
461123975
458512735
456134553
449328646
456030098
452613364
448257083
446727969
449389053
446581672
450907232
451068916
451014610
446863192
448193993
448123277
447003526
452162372
452350695
449484825
446937465
455604621
455373585
446499862
443347954
441753060
443867490
444741963
443024626
442989319
441634905
443270970
442343452
440780315
444547010
443857063
439764554
446510842
444679444
444588197
441888543
439839984
445218688
418717052
418678008
439370627
417755964
425075090
416692015
417705771
439611492
424767851
415624393
424959446
439293932
423600994
439473161
439257494
424873938
438939197
416667853
438864690
417908383
411515171
411268180
412869001
411600392
411778901
412507523
412989355
411683164
411214318
414321125
414226701
410515194
412546315
411425180
411260481
412799936
411442092
414535025
410563652
415544016
404886166
410137592
397886156
397683291
408220604
397565041
409314008
402442391
408213092
406050226
407290875
410206349
407430353
398671274
405046396
405866232
405758068
410176185
408169216
410438355
387435157
385427232
394797960
389961841
397358048
391047220
387806964
394778287
394570244
387462470
385392994
385177393
395033261
393628610
387524596
394594487
391088437
392364218
387446576
397238726
375806270
377133045
381027635
377213726
377922933
375893787
378657971
381810508
379731261
377232800
374595358
381583399
381868001
379961936
383269227
382735133
377957675
377082995
382739185
379991017
368940439
367031653
366585789
367090744
369855433
366551669
372161263
368845405
374540113
370488391
370986879
367612649
366595740
365956722
369679552
372232145
370314726
367020399
374535885
369719221
361015406
361033138
361044505
362206150
363641431
362472084
362370986
363554197
362190145
365812834
363712788
360881753
360831124
359534889
365877784
362348019
362397671
363620237
363327093
362524761
356653250
347915593
349515121
349401075
352379108
358374739
358289924
347139557
355821215
356683371
349002457
353589147
353347085
349501551
352218442
356938933
357481979
356728859
353438791
357137612
338794755
335580248
345878137
343559316
343645724
342214553
339596071
338718269
341814499
338873386
339746255
346985247
344998607
345343544
345297476
339732849
335518144
347022165
343495261
339621274
328946152
330270616
329330721
335502054
331673956
329712872
330532008
330475309
329082719
332497202
328071726
330375509
329779606
327566420
328978773
332063180
329276373
327736156
332482326
327719228
320115882
324867642
324250884
326783928
324207685
327015009
326701765
320907846
324849237
324141774
323073070
322106035
327421253
327192346
327129231
320995977
326739543
326901894
326697603
325615926
314934263
318768978
315407712
319253005
317604330
316935325
316451579
313564478
317750627
319383827
319949066
315340998
315031106
316939274
315075403
315083549
319778613
317800654
316565358
316131626
309255604
309302550
313341964
312617184
312062168
313148404
311192908
310891725
308242450
306958277
306443152
313200811
311003738
311991035
306894756
306337291
311065678
312961347
310962296
308354285
299326802
306223274
304221036
299934320
300414707
303779757
303976772
299088299
302968145
305144961
305139556
305205707
300134915
299971851
298833910
303717300
305059861
300201183
299001509
304135959
294716686
297887413
298232470
296029086
298152228
292177728
292031492
293471730
297030940
298133608
294672483
298070379
292318939
292540365
296784151
293461064
298801257
296835080
296806576
294930750
284302701
291374457
284155813
284133124
291962305
287787923
289791235
291383549
291294878
287605429
290889970
289086317
289655987
291225738
284394131
284216359
289691022
289794116
288952324
284479949
279741322
280848683
283050523
283156621
281064305
281165262
280900098
282768938
283019903
280944960
282831438
280990548
280781999
283962971
283219325
283094094
279816404
281765613
281111281
280837170
277309229
263639860
278646936
277370354
265859879
268128594
267852851
277865458
278169466
268617863
265874241
265787529
278293917
278290150
267921517
278210929
267519611
268886643
264360439
264323424
263525190
263497811
256180062
262584768
260447854
256168646
263612072
262457078
262322091
256214467
259463302
259438544
263300623
263344752
262482014
262283296
256243186
256188119
256797129
262559167
244777846
252852181
254003796
255738514
250633916
253962300
247882467
245178529
246242031
249936482
245217592
253595518
252928085
254716494
246282602
249882341
247844984
246125091
250696832
250659118
236974064
241834302
241104651
236931894
241891906
242575870
242284797
242219087
236877689
240911687
240570061
240079736
241109789
241063880
245267704
240257995
244769248
240541547
241401616
241028245
233047194
231586895
236821423
236750038
231342845
234656635
230919224
235925399
236006257
232256613
233131788
231812859
235953896
234622237
231004897
230836077
232375460
232650993
232321093
231366660
229372633
227135219
228758499
226860521
229155915
228532041
228778918
228077374
227853720
227088330
227701432
227760478
227894416
226833779
225981322
228486711
229376080
228566623
228113353
228444949
225345998
220642954
220669966
220907110
221684102
223294016
220942520
221362800
221390860
225153880
220861668
225257109
220822237
220627316
221358826
221345627
220755731
218995256
220064556
221430830
216159032
216007699
218437633
216764046
217497504
215965540
214536350
218328496
216325833
216494164
216201735
214695535
217481445
216285126
215988055
216231718
218481777
214490693
218241636
215949866
213976438
213049420
213849521
212934223
212775794
212746582
214057220
212859633
213905025
214344465
213273561
212977393
213818659
212891955
212810666
213011922
214455915
214023552
212773092
213234722
210313684
210336161
211531742
211953615
211224076
209486085
210352559
211249143
210370914
209556158
210464728
212044796
209522428
211984053
212674773
209662655
209731895
210722647
209003021
211167131
207920534
207202846
208825903
206303359
208591983
207790237
207474170
208031375
207173978
208870805
207102310
206728368
206940067
207262191
206960315
206287112
208951215
208796414
208753146
208670495
204925545
204244597
203891895
206256927
205494973
205462309
204877577
204723271
204000933
203918915
203183404
204282952
203969406
206189031
204079584
203053313
205632976
204856263
206263908
204707226
200805395
201956664
202272973
202653583
202512852
201643203
201562448
201010382
200815791
200974170
202308339
201612298
201465496
201542796
202805928
201480300
200868092
201468313
201872253
200905263
198583485
200085141
200097731
199364494
199431819
199068232
198712796
198704430
200451652
198549480
197978709
199566707
198268616
199377096
198897659
199404045
200112792
199356412
199011637
200790588
195919640
196469552
196416027
195718415
195992324
196504686
197748948
197102969
196193227
196562001
195781340
195778058
195824828
195847504
196213077
197818527
195776283
195770296
195967519
195730197
193787392
195381167
192336240
195526564
194007403
192472261
193369385
194145327
193702171
192118575
194433477
195326414
192833413
195136448
195523779
193917803
195123174
194446705
193844485
192382548
191727995
187745545
187422538
191453611
190681719
189676800
188515083
190210378
188212810
186334495
187370781
191522154
190408498
187782262
191624607
191550796
187761740
190664605
189683804
191432022
184005626
184551617
182752166
183346500
183982751
183390551
183148927
184172609
184140469
185828963
182381538
183900912
184223500
183878598
182446689
185824043
182579840
182318127
182514708
182189675
179490021
179461521
180145401
180769365
180160263
180117930
180886476
181580070
179509659
179437588
180946316
179448245
180132129
180783706
179807932
179522218
181009211
182167039
181549676
181461692
176762630
179212416
177585796
178806561
177553355
177947618
178779484
178768577
178174961
178281532
178026983
177995798
177967324
177678933
177545078
177057525
179205161
177051831
179141381
177632039
176216552
173911504
176227467
175651852
174948697
175717306
174635779
175756071
175095193
174983286
174561125
174888027
174033693
176239677
176264156
174911646
174005770
173978020
174874483
175063701
171982326
172749091
172135742
173563201
173691083
171936810
171336451
171162999
173552293
171248043
173037648
172731355
172245404
171910219
171430924
171094437
171185739
172960153
173668669
172795657
170512028
169333400
170576604
170691091
170760173
170399852
169697380
170717089
171077109
170290614
171049799
170352885
170423488
170339312
170312508
169404319
169303215
169745247
169722709
170788330
168282006
168971159
167777749
167660166
167284035
167990627
167830839
169139247
168955711
168341862
168997627
169053495
168495348
168985504
167715798
169177907
168061731
168441831
168366132
169211880
166056135
164531598
164106970
166089655
165892596
166180105
165909710
166015694
164492993
166004121
163254729
164208585
163849521
167051041
166823537
163805251
163513546
163211797
164506940
163297490
161017796
161640940
160461867
158899253
159612337
159595191
158263745
159107680
160536521
161348639
161589637
160511205
159629681
159264663
158444952
160637947
158301250
159216896
159054211
160490089
157510792
157250406
155960581
157542378
155384456
155011444
157350886
155042327
157994936
157638796
155921551
158145882
157222964
156440092
155630128
157314602
155580884
158023227
157389941
155325130
153927832
153824451
154459463
153492174
154013025
152760698
153130174
154634197
153878987
153968277
153874828
154269141
153776601
154228541
153518045
152856830
152793855
154474195
152322884
152832261
152152374
150399481
150568144
152308710
151356145
151668374
150489230
149963045
151405817
150444742
151200552
151247403
149618498
151647455
149240787
151141776
149641697
152113687
150835008
152320846
147605513
146514301
146544354
149111177
147828984
147768974
147808994
148870666
148524317
148469032
147988180
147959814
147856818
147794241
147586228
147327005
146644667
146672940
148490602
149205401
145099717
145744685
145704099
143958967
142466623
144813413
146395814
146118028
145133225
142605794
146408606
146380424
143936804
146092026
144021888
144203766
143950811
143991224
145942793
144856830
140306078
141234659
140769291
140287174
139946338
141170506
139875490
139062368
141148631
140611816
141187842
141325322
141117206
140662276
138937344
138717761
138979779
140335929
142452156
141131669
137860299
137845999
136177428
138230261
137968841
137930045
138000895
138033432
136196182
135896877
135478203
136210214
138354866
138279044
136243916
138196517
138368264
136225576
135500891
137914027
134509535
135060686
133615316
133562386
134119008
133323642
135389346
134798840
133522291
134478756
133291681
135439250
132957087
131738136
133751667
133259420
135369060
135416858
132940659
134471469
130938555
128848619
129002462
131704422
131410123
130610252
129212286
128880683
130857492
129119553
131640680
129383593
130587655
128948613
128918482
128915319
128346851
131434544
130793614
129083338
125222514
128060652
124433264
124584272
128130637
125914303
126016257
126059387
124969931
127160929
124940176
127177099
126095029
128191315
128180440
126322864
125162187
124920884
125929943
124992718
121615898
123338758
123315298
123451615
124214337
120842785
124424781
120385083
120767545
124161479
124187874
121525714
123518987
123569725
123474738
123405135
122481561
120806357
120890925
120725891
119872807
118842677
118110409
119653118
118088974
120366205
119052361
118796772
118733947
118181558
118862066
118821478
119823705
119009486
118949088
118228802
120153263
119922175
119806564
119753456
113042004
116558130
112996739
117470714
115923930
113023380
116758474
117241436
117615986
117411775
113217930
117355820
112417279
113897403
117216299
116627501
116493837
115453399
113871345
113165169
107859689
112185092
107774406
110801273
106675388
106157981
107697426
111636844
111601269
111367903
112360190
107601346
107478706
107761389
106664790
106651917
106196028
106941311
107724702
106895303
103279756
104678516
105442188
104751722
102173821
102262390
105402926
105196781
102214490
105942436
103580987
102765461
104724115
105224529
103602126
103076275
105205008
105484576
103034819
102744756
