1191884343
1191799779
1191732601
1190000152
1189888690
1189656563
1189618882
1187766146
1187667421
1187572440
1187473465
1179889762
1179811344
1179754170
1177969688
1177906156
1177851842
1177781937
1177685064
1177626727
1177575011
1173215260
1170883286
1170831512
1170773894
1170735675
1170660843
1170606847
1170577115
1170507412
1170418109
1170219832
1165952908
1165893619
1165858548
1165788909
1165755388
1165717211
1163788648
1163756293
1163710073
1163643885
1161673999
1161570659
1161513640
1161464748
1159802724
1159750809
1159564804
1159524998
1159492696
1159427162
1157416393
1155309920
1154623822
1154493037
1154358917
1152833686
1152780110
1152724474
1152680994
1152625618
1150519235
1150391141
1150309039
1147940719
1147705938
1147590828
1147488793
1147433684
1145449058
1141371442
1141302650
1141245585
1141080696
1141024951
1140953919
1140838194
1140745640
1138923326
1138711670
1138629252
1138406785
1138046005
1136311840
1136242503
1136175232
1136133936
1136013373
1135746407
1135549196
1133873157
1133816451
1131126235
1131083770
1131032545
1130970506
1130882233
1128984393
1128858573
1128803875
1128740384
1128656728
1128590376
1128316264
1128176623
1128065748
1127840094
1127720188
1126443230
1126386592
1126355418
1126307404
1126268808
1126221071
1126175021
1126085455
1126026568
1125947911
1125387100
1123857519
1123738716
1123661866
1123442702
1123204796
1123080600
1122552687
1122421105
1122297766
1121264707
1121109031
1121003660
1120767517
1120639320
1120413513
1120252895
1120020785
1119891249
1119652882
1119397488
1118190512
1117573613
1117410728
1117228559
1117128763
1117035882
1116956650
1116875246
1116808193
1116721313
1116629867
1115662935
1115489405
1115372668
1115240583
1115031086
1114943724
1114828466
1114731081
1114634385
1114566866
1114501070
1112479614
1105710746
1105604056
1105507818
1105404665
1105302394
1103218573
1103117174
1103031986
1102958671
1102859699
1100436153
1098409929
1098316711
1098209414
1098166786
1098106782
1096359355
1096294873
1096207215
1096151398
1096085556
1094140958
1094100158
1094031084
1093742882
1090011561
1089862491
1087230763
1085238264
1085201533
1085102365
1085043170
1084986787
1083277782
1083208490
1083141580
1083074983
1082986530
1081566428
1081407267
1081295960
1081134741
1081095287
1081061777
1080986720
1080883072
1060070796
1059972728
1059859250
1056221805
1056088898
1055784262
1055367104
1055239545
1055139982
1055066338
1054984455
1054915128
1054768058
1054715777
1054640485
1053318871
1052985362
1052907765
1052831380
1052771066
1052741243
1052652311
1052612637
1052523459
1051299316
1051056768
1050938745
1050050216
1049995924
1049923839
1049822435
1049708303
1049594360
1049454628
1047424049
1047339019
1047202855
1047088956
1047057034
1046867476
1046645674
1046557303
1046482994
1046363040
1046307171
1045868250
1043710186
1043653296
1043629126
1043563311
1043520717
1043422477
1042000228
1041793959
1041700011
1041598524
1041499211
1041178863
1041116019
1041091058
1041031646
1040975323
1040939061
1040890436
1040853429
1038840503
1038756450
1038672024
1038616789
1038558758
1038479700
1038408602
1038389791
1038348665
1038298779
1038260711
1034597720
1034570662
1034549420
1034530147
1034513068
1034495122
1030775604
1030725677
1030680989
1030625232
1030585451
1030387256
1030286527
1028340313
1028210232
1025527691
1025457206
1024139632
1023815468
1023764478
1021942201
1021875009
1021843724
1021741915
1021403720
1020217657
1020151774
1020097539
1019937741
1019913214
1018319112
1018269591
1018200812
1018138528
1018094173
1018031551
1016422332
1016365201
1016321471
1016284538
1016240136
1014391618
1014306685
1014178582
1011153787
1011095257
1011048259
1011014810
1009283291
1009151431
1009091855
1009053929
1009006577
1008962157
1008934386
1008882241
1008845370
1008497361
1005191998
1005127053
1004964184
1004940045
1004910090
1004880926
1004833958
1001105700
1001006843
1000963290
1000922260
1000879263
1000720663
998815276
998741496
998656860
998539922
998484813
998391422
998360574
998033633
996080941
996031239
995972342
995916192
995877385
995827389
993989949
993934315
993880339
993823237
993788661
993676287
993641301
991745418
991678043
991645131
989913363
989882389
989823933
989775499
989741939
989708197
989675597
989632049
989599121
989528927
989501436
989309057
969289813
967220195
967139523
967074639
967025411
966969230
966900961
964934150
964877434
964833931
964798559
964772131
963113276
963042487
962983757
962640061
961269527
961216594
961180083
961147570
960673373
959490110
959430635
959390670
959358745
940890861
940813415
940760680
940676462
936041139
932401399
932377497
932333964
932298704
932252011
932029345
930360643
930292944
930063048
929987216
929916736
928417795
928365494
928311413
928250586
928063037
926117748
926035435
925611583
923362858
923293148
923177285
923121152
923049334
922911659
920467778
920385359
918388679
918342754
918305172
916633788
916543958
916507214
916381612
916152883
915960129
914715763
914655444
914621440
914563684
914508598
914479616
914367539
914327069
912658020
912477604
912446524
912395729
912197580
912140469
910416541
910366469
910294266
910023428
909996836
909948462
909912890
909869244
909813625
907672029
907606422
907575085
907544250
905535625
905479936
905422861
905392698
905365469
905341719
903553747
903490751
903464874
903436863
901549011
899813587
899759823
899707543
899391812
