1177628824
1167921373
1167868479
1167799592
1167708329
1167622254
1166573859
1164100021
1163553597
1161810138
1161486979
1161441578
1159885837
1159475964
1159266380
1157320123
1145573639
1144991108
1144835853
1143096218
1142897140
1140860639
1140785577
1128808362
1128728593
1128413954
1128307286
1127273251
1125954178
1125839923
1125773457
1125408822
1119513563
1118214653
1118062007
1117904642
1117797437
1117683349
1117218544
1117045242
1116938691
1116008852
1115148276
1114930480
1114850352
1113567856
1113416055
1112686999
1112489034
1111514497
1111397776
1111264727
1110903729
1110782205
1110612096
1110527189
1110351975
1109584310
1109459187
1109316889
1101931885
1100936308
1100889982
1100248121
1100190041
1098306129
1098244524
1097224804
1097113737
1096989415
1096131419
1095789365
1094846188
1094739899
1094666234
1085033655
1085000985
1084965848
1084924636
1084885824
1084753960
1084642685
1083151583
1083131103
1083090694
1082960580
1082924210
1082813418
1082634491
1081303723
1081235060
1081179194
1081131688
1080922956
1080841663
1079230193
1079156564
1065911462
1065866973
1065823032
1065785969
1065451338
1065038457
1064960478
1063542543
1063431195
1063302714
1062321977
1062253966
1062195859
1062075743
1062036642
1061986844
1054295708
1054221066
1054114847
1052498827
1052445421
1052380171
1052326205
1052230099
1050249433
1050213278
1048112667
1048060844
1047379278
1047224544
1047060777
1046964148
1030099106
1029990584
1029375554
1029248225
1029054127
1027038577
1026869504
1026745809
1026586152
1024884773
1024724521
1024543894
1024427498
1024303105
1024203134
1024111453
1024039577
1023985084
1021483632
1021388648
1021258634
1021136233
1020615768
1020488682
1020423267
1020362810
1019872385
1019805878
1019765640
1019711495
1018662217
1018523050
1018449785
1015264005
1015101176
1014956273
1014835577
1014694108
1013952792
1013851735
1013753151
1009567141
1009474319
1009403870
1009317527
1009242578
1006911788
1006875104
1006839282
1006751823
1004823097
1004787132
1002807024
1002764775
998367197
998321107
998270999
998206503
998141603
998041017
997960310
997855349
987858200
987811124
986117964
986061562
986009902
985956437
985922847
985859254
985445557
985367325
985136921
983744689
983682470
983646109
983603168
983544432
983464492
983404220
983310584
983239395
983148526
983027798
982867737
981329485
981269996
981229837
981153988
981077945
981031009
979160843
975423925
975391597
975353529
973476887
973446948
973406145
971710242
971657674
971611965
971571592
971107324
970586801
968657794
968511561
968395901
968264299
968137342
967993450
967890540
966724098
966639657
964642468
964577535
964510741
964457501
962807228
961110726
961088370
961045101
961003896
945900245
945801921
945698514
945608445
945544626
945484506
941640490
941515488
941430631
941312715
940003712
939860625
939057098
938950717
938837205
938757995
938629132
938560133
938485830
938409515
933572504
933424859
933305500
933195721
933102409
928173248
928136367
928119534
928085182
928013365
927085355
926576114
926460405
926338595
925996844
923815336
923701765
923635340
923546351
923388157
923302611
921206920
921019346
920928608
916965515
916865932
916790755
916719219
914558161
912075367
910052116
910000128
909962796
909922155
909864526
909807712
909744690
909297664
906439237
905270373
905215776
905153976
903509448
903483257
903446206
903411231
902544792
902455812
900909230
900806669
900733658
900589683
900397537
900272939
899403160
899353468
899297003
899251721
899181629
899119869
897574229
897562156
897523676
897488820
895124445
895064032
895020043
894992922
894953691
892128474
892034461
891960052
891827534
891739564
891630327
891511899
890279322
890257246
890225323
889529345
889271983
884324799
884278885
884242498
884181853
884131976
883428853
882228196
882203272
882162634
882122597
882068186
879112861
839417378
798865629
797912564
797860836
797816405
797782450
797745884
796669189
796449973
796383275
796313834
795862432
795828838
795784332
765938066
765906728
758879070
758775590
758606223
757271582
757156308
757094118
757031022
756958019
756912275
756876500
756843525
756818473
754949100
754913499
754886322
754843901
754789583
753591391
753533910
753494391
753449894
753375159
753329125
753302867
753273270
753235663
753198439
753145301
753107492
753066089
752949012
751615409
751548779
751497473
751438412
749412518
749375375
749344087
749321102
747693648
747637808
747601163
747561949
747531802
747496579
747452756
747438833
747404850
747336527
745864159
745816563
745749270
745721660
745681749
745639571
745593858
745557447
745501817
745443766
745392971
745322482
745243412
743820393
743775588
743741056
743722882
743686915
743664192
743610470
742000304
741374197
741330574
740231116
740193279
740161978
739729563
739608337
739520473
739428709
738326128
738301541
738260671
738223701
738201741
737856295
737756696
737687172
737634399
735443538
734542141
734499503
734452172
734413341
734372917
734334125
734301157
733797401
733726568
733569011
733494955
733443853
732311179
732271229
732195017
732141060
732073300
732034958
731951765
731825730
731716668
731626159
731495801
731336300
731201963
731108221
730989846
730875031
729833836
729759196
729685466
