1191138642
1191071482
1191019208
1190956777
1190449681
1190228843
1181653995
1181599873
1180909739
1180759327
1180607422
1179464062
1179418700
1179368876
1179291503
1179251445
1178073071
1177992100
1177893801
1177828183
1177764682
1177683852
1177224820
1177203489
1177156669
1175372824
1175325028
1175280966
1175242368
1172243226
1172110598
1170642095
1170588811
1170549869
1170479658
1170337487
1170250553
1170160015
1168078122
1168030965
1167990899
1167912727
1164898545
1164800003
1164674220
1162670043
1162070919
1161985559
1161937732
1160321098
1160218846
1160139270
1160008461
1159938363
1159891109
1159145266
1159067289
1158394253
1157687822
1157633327
1157580006
1157533477
1157486979
1157404482
1157362482
1157292054
1157223500
1157170581
1156868446
1156685505
1150077167
1150012585
1149946469
1147834503
1147785285
1147575624
1147482539
1147384194
1147271935
1146913556
1146688227
1145094164
1144971964
1144880597
1144765351
1142416943
1142229416
1141965253
1140955287
1140876639
1140468539
1140310279
1140136660
1138737701
1138669604
1138582226
1137609938
1137375609
1137093095
1134492543
1134395954
1134221252
1133528305
1133451756
1133382440
1133286121
1133211734
1133128870
1133013471
1132814830
1128627688
1128536566
1128456328
1128351669
1128209629
1127973636
1127838753
1127692633
1127594252
1126163668
1126081106
1125969094
1125859426
1125592056
1125484168
1123781677
1123681599
1123578589
1123488823
1123379170
1123273194
1123207140
1122973144
1121352626
1121320546
1121221674
1121124105
1121024487
1120949900
1120818609
1120748287
1120627194
1120422878
1120270524
1118725909
1118682556
1118634382
1118361482
1118257918
1118151752
1118035866
1117950433
1117842348
1117801016
1117680077
1116361135
1116320859
1116268815
1116216275
1114165865
1114121997
1109796832
1109648797
1109588738
1109521495
1109435396
1109344713
1108844775
1107542344
1107497548
1107447781
1106989606
1106548375
1105232838
1105172656
1105133767
1102698355
1102653818
1102590372
1102537264
1100842879
1100777208
1100696273
1086137128
1085996085
1083876842
1083825815
1083752486
1082041118
1081902482
1081810440
1081070283
1081041715
1080975364
1080934215
1080666690
1080601080
1080307971
1080165337
1080048118
1079971438
1078434872
1076544138
1074684276
1074630698
1074525625
1074466292
1074401479
1074149663
1074011670
1073894143
1073775495
1073656087
1069756853
1069687714
1069620636
1069550502
1069465966
1069370080
1068896724
1067832086
1067786780
1067735458
1067625180
1067550967
1067486684
1067420024
1067331754
1067250457
1066802369
1066711581
1066602656
1065826171
1065784660
1065741178
1065669120
1065530279
1065389052
1065307496
1065214173
1065109662
1064933591
1064802187
1064688357
1064615208
1063850439
1063807715
1063746079
1063181603
1061476274
1061386089
1061277646
1061169914
1061060870
1058473420
1058338286
1058170770
1058040141
1056778276
1056729063
1056665332
1053281864
1050053248
1049982958
1049880825
1049445645
1049324494
1049216444
1042516977
1042115242
1041971776
1039671008
1037344937
1035120824
1033434244
1033286295
1026030816
1022062059
1018125138
1018084807
1018055018
1018002655
1017984028
1017956026
1017929043
1017509186
1016272274
1016240491
1016197399
1016168252
1016152510
1016115740
1016088625
1015419139
1015327830
1015231336
1013289277
1013091466
1012586843
1012451488
1011145128
1010817796
1008889425
1008853042
1008773994
1006893748
1006853534
1006809685
1006757347
1006686616
1006586968
1006495510
1004675275
1004628265
1004543533
1003973089
1003873328
1003765178
1003663601
1002720204
1002672737
1002434841
1001875107
1000647384
1000590582
1000545685
999934246
999796458
997971241
997850295
997784200
997609877
997259793
995092141
995012459
993792926
993745410
991687384
990924666
988984582
987773142
987620496
985456255
985331738
985252580
962214173
952462437
949791491
949643808
949543012
949413887
948707370
948374910
941917513
940117441
940025806
939885068
938142419
938099409
937983243
937925111
928103100
927372146
924828718
924729142
921346526
921252090
920236961
919283065
918140693
918004906
915686105
915583787
913433576
911988990
911901665
911824863
911336858
904214636
902819490
902728909
902442263
902353968
902281378
898553345
894859439
894791570
889714664
889625575
889550072
885389430
883386161
881193621
876526540
869245843
869158883
869073524
867403637
867342271
867275344
865978363
861214320
860078529
859543394
859459684
858047181
858004016
856023020
855962999
855872724
854165580
854088531
854017183
846832586
846507442
846424363
846321651
844388770
844291032
844228612
842798569
842697933
842243104
842187269
841952187
841911637
841537126
841502357
841474596
841168426
839247537
839098602
838982036
838912737
838372388
837548581
837513348
837445933
837179994
836894974
836834393
836627862
836561754
835738029
835707918
835653762
835638398
835616685
835554779
835459929
835392544
835324919
835011855
834928363
834841087
834766994
834658740
833633107
833556902
833500779
833373398
833134887
833013838
831909810
831816276
831748622
831649088
831565661
831486187
831303206
831247271
831042746
830293938
830270012
830236949
830197591
829957250
829321561
829247363
829194295
828407397
828371829
828307626
828217450
828158984
828019043
827468614
827359752
827284071
827232536
826397577
826334615
824464341
824419109
824327829
824259631
824146288
824064142
823990891
823881750
