1192374722
1192242274
1192115087
1191124743
1190679998
1190181640
1190003352
1187905512
1187757802
1187610662
1187469904
1187340090
1187213443
1187146196
1185304946
1185180864
1182838951
1182629862
1180402046
1180305253
1179017158
1178881131
1178714943
1178573581
1176339732
1176221319
1176126169
1175206921
1175182270
1174374214
1174268720
1174159490
1173979277
1173064993
1173000821
1169451210
1169340307
1168029760
1167972633
1166827800
1166681223
1166550473
1165255303
1162675691
1160693269
1160419542
1160324762
1158645505
1157145897
1157088600
1157040843
1156939657
1156809412
1154171072
1154062584
1153929541
1153630142
1152525040
1151329544
1151210810
1151091220
1145131937
1145059849
1144991108
1144921385
1144837199
1143190587
1143139339
1143076914
1142938976
1142826830
1142719381
1142609008
1142488294
1141028452
1140532883
1140428029
1140307216
1140234808
1140163840
1138500906
1137850121
1137632411
1137386043
1137132185
1135709069
1135607816
1135490847
1135192374
1135054606
1134889615
1134779998
1130296499
1130169170
1130064101
1130022576
1129946788
1129838648
1128806335
1128613926
1128516399
1127808715
1127672188
1127516919
1127419471
1127329492
1127190008
1126091112
1126020981
1125840360
1125750001
1125389012
1125278011
1125027633
1124903682
1111696979
1111608254
1111318503
1111234330
1109651541
1109235330
1108688856
1108572361
1106705942
1106319493
1106086835
1099352868
1098092456
1098023835
1097954501
1097385736
1096110472
1096054124
1093885193
1093840049
1093782339
1093147978
1092002876
1089734269
1089669837
1089628797
1089572069
1089514757
1088752587
1087200709
1087143302
1087105554
1086051930
1085919827
1085817844
1085709321
1085642794
1085516128
1084194421
1084082615
1083982118
1083882467
1083791732
1083701936
1082754397
1082085235
1081962570
1081870010
1081786041
1081113529
1081080215
1081049031
1080995382
1080950269
1080689067
1080606361
1079246729
1079215278
1079183220
1079044135
1077050411
1076544138
1076407690
1076301630
1074525625
1074466292
1074401479
1074039998
1073809925
1072137753
1072093253
1072044510
1071985496
1071492359
1071350928
1071242879
1071052279
1070896303
1069672934
1069647759
1069529742
1068952573
1065407893
1065325073
1065224011
1065112524
1064989695
1064891414
1064720254
1063808853
1063753706
1063435961
1053281864
1050040546
1049990660
1049905886
1049216444
1049067239
1048935834
1045196369
1042516977
1042386751
1042115242
1041971776
1039671008
1035139293
1035113642
1033434244
1033286295
1026030816
1022062059
1018125138
1018084807
1018055018
1018002655
1017984028
1017956026
1017929043
1017509186
1017403373
1016272274
1016240491
1016197399
1016168252
1016152510
1016115740
1016088625
1015419139
1015327830
1015231336
1015023098
1013289277
1013091466
1012586843
1012451488
1011145128
1008773994
1007703250
1007581229
1007490223
1006863141
1006823085
1006787355
1006758315
1004675275
1004628265
1004543533
1003842634
1003732045
1001875107
1000568911
999934246
999796458
992471059
992379539
990816360
988879878
988705844
987773142
987620496
986870153
986762520
982494832
982400440
982199993
980225037
979017393
977290269
977257021
977224955
977181379
977136729
977110474
977047304
976975084
976907747
976449715
976335370
974427712
974313712
973472642
973447909
973397832
973324759
973244719
973209137
973130426
973071019
970547433
965828681
965716528
965613136
962214173
958341996
958245804
957336356
957103644
956853534
955062544
955005270
954952225
954873552
954808659
954718316
954367206
953870998
953683262
952462437
952395311
948819554
948801857
948707370
947984573
947884139
947783052
946055888
945906561
945808479
945741638
943871057
940529999
940474739
940425732
940158640
940052438
939935732
938142419
938099409
937983243
937925111
937134325
937035718
934802118
934726887
934653617
933939851
933067300
932913396
932828841
932751760
928103100
925573232
925520087
925452554
925362535
925299894
925264789
925153183
925007228
924895287
924796922
924680779
924500395
924396482
924076683
922980752
922912725
922845727
922775671
922669793
922582649
922533552
922412517
921513100
921397847
921204228
921098087
914300327
914250428
914070249
914003130
913369904
913280272
913182145
913126217
912362228
912324608
912284652
912203013
912024313
911944493
911861208
911454854
909936792
909896217
909838671
909557705
909413627
909271387
909031403
908943403
908838862
907242802
907143019
906986226
906757425
906663488
906563090
906495095
906387854
905944133
905119380
905029625
904973664
904892473
904829701
904758312
904571587
904471648
904359457
902858675
902752371
902579832
902330861
902241361
902154015
901165886
901106834
901018131
900976959
900884565
899499850
899474445
899435589
899215857
899122204
899010643
894910225
894865854
894812750
894748921
893802422
893710121
893642788
893551225
893458650
893406893
893287373
892360690
892327935
892146815
891820413
891726182
891679850
891534086
891424721
891254020
891169962
891094811
891023859
889132609
889047186
888990338
888914715
888832362
888779616
883748330
883658455
882105768
882060224
882002534
881958715
881900520
881799827
881715119
881227641
881132266
879306391
879230993
879140069
879049120
878965718
878870014
878744435
878707228
878595409
878528821
878439196
878333392
878162107
878087825
877950280
877156155
877099377
877043552
