1191728049
1191551454
1189658461
1189585222
1189519069
1189467205
1189340672
1189264685
1189214203
1189174239
1189118485
1189062031
1189031006
1188986812
1188933563
1188870340
1186967282
1186907965
1186820029
1186743215
1181894328
1181834130
1181784441
1179743842
1179657234
1177663968
1177608941
1177546554
1177478304
1177331937
1177140851
1176972684
1175724679
1175655010
1175580711
1175483185
1175403901
1175220354
1175188245
1175100708
1173127891
1173089310
1173044491
1172956655
1172866199
1172783768
1172711240
1170996370
1170903715
1170837979
1170249776
1170127311
1168284892
1168203315
1168065869
1168018980
1166000993
1165962188
1165889843
1159771627
1159718580
1159672992
1159511870
1159477943
1157787414
1157293160
1155540218
1155461146
1153007781
1150499661
1150428551
1148286107
1141446925
1141381087
1136456893
1131647698
1131559400
1131250463
1131215668
1126643023
1126558128
1126342128
1124273320
1124182157
1124107917
1123941767
1123900644
1123834442
1123763748
1121765794
1121676875
1121580770
1121511965
1119214620
1119082450
1118899586
1114407863
1114342362
1112335056
1110134441
1110058349
1110000117
1109831728
1109788140
1109736863
1109705781
1109629508
1109439642
1109370582
1108073351
1107996702
1107945535
1107631607
1107560672
1100831494
1100772715
1100699314
1100604770
1100540974
1100392924
1100298795
1100193192
1100059692
1099988872
1098556887
1098483146
1098441972
1098340045
1098014399
1097974307
1097950694
1097573093
1096417947
1096352937
1094365342
1094280486
1094217653
1094100371
1093994769
1093867075
1093783220
1093590477
1093479638
1090166359
1090045816
1089973197
1089887197
1089778175
1089711352
1087587723
1087415347
1087333685
1087278889
1087146508
1087109881
1086494258
1086368954
1086300179
1084499666
1083493329
1083391032
1083336267
1050333278
1050297076
1050250877
1050224579
1049211750
1048094854
1048055429
1047441208
1047313598
1047110247
1046999751
1046918998
1046291369
1046251923
1046209529
1046133476
1044726374
1043347914
1043287243
1030361642
1030262186
1029595951
1029473001
1028051526
1027969117
1027188308
1027010121
1026734789
1026517063
1026366344
1025646849
1023082536
1022981463
1022835644
1021871860
1021825978
1021775374
1021716403
1021664540
1021602926
1021529679
1021453368
1021297505
1021169766
1021007078
1020778581
1020009349
1019953947
1019928325
1019897016
1019860041
1019834024
1019775300
1019700115
1019584461
1019393499
1019222447
1019072088
1018972802
1018803273
1018680863
1018590155
1018006538
1017977387
1017946983
1017898765
1017854224
1017738198
1017628621
1017516685
1017344925
1017203763
1017041612
1016915552
1016112038
1016070152
1016047449
1016004293
1015341580
1015171227
1015011151
1014885388
1014783490
1013553390
1013486149
1013374090
1012684376
1012576656
1012348856
1012153737
1011081470
1011026309
1010955962
1010895616
1010834491
1010694127
1010528002
1009447955
1009329554
1009194636
1009137265
1009051185
1008789323
1008750404
1008688165
1008510395
1008134416
1007889673
1007764882
1007083325
1007042819
1007005706
1006884909
1006849397
1004933647
1004883317
1001646234
1000755367
1000712716
1000680489
1000616316
1000565889
1000512011
1000319299
1000252630
1000001382
999984850
999698221
998520426
998448904
998421105
998368500
998335739
998267044
998160219
997937277
997381752
995919024
995887690
995826809
995779738
995731846
995476202
995376477
994977714
994853082
994737274
993714127
993650201
989745597
989712508
987885558
987854374
987819846
987762013
987674927
987633693
987568247
987470904
987354610
987262512
987137910
986038289
985991893
985942686
985910842
985877157
985777134
985702633
985443268
985383098
985071611
983654365
983606662
983523925
983463188
981291532
981256996
981210992
980834689
980698231
980467487
980157241
979196232
979166981
979029364
978518953
978386760
977445691
977375338
977352158
977312810
977281325
977240306
977208960
975433092
975404671
975385888
975357663
975322760
973657066
973618656
973522562
973492229
973461530
971611965
971571592
971249360
971142919
970644226
970489180
969366315
968776473
968601532
966946197
966902629
966855061
966817838
966771068
966704448
966610685
966299757
966227220
966121013
965969000
965848718
964887758
964839111
964812342
964780356
964752887
964727084
964686501
964621793
963955924
959323455
959286639
954746783
954644068
954246074
953134731
953059836
952982858
952914531
952844649
950965899
950895175
950847894
950795864
950243455
950146188
950073765
949131264
949088156
949027539
948876466
948851949
948825296
948787990
948749116
948585904
948518526
947353070
947269640
947217519
947156205
946995442
946958983
946873698
945453330
945378798
945316042
945226440
945183402
945118577
945054735
945027106
945002720
944973388
944929930
944877239
943415620
943280328
943231913
943176638
943128825
943066491
943026096
942974334
942918478
942865868
942718639
941205024
941094530
940936719
940594550
940551322
940467679
940404170
940303233
940216367
940144617
939994330
938532074
938477500
938073657
938036279
935935904
935857170
935734733
935652012
935542185
935413215
935276557
935132317
878964475
878845739
878748894
878631898
867239353
867159461
805376147
805326018
805246319
804168608
804110337
803793678
803754695
802149459
802044673
800212508
800127488
800055182
800003161
799218122
799146057
798139846
796132638
