1173151510
1173117533
1161599876
1161566368
1157453729
1155166341
1152738993
1152706713
1145376121
1138967377
1138900767
1138836774
1138792809
1138737399
1138700602
1138619198
1136073301
1135999946
1135924916
1126157661
1125786073
1125670434
1125349597
1123897591
1123854427
1121320698
1121242944
1121190880
1089628361
1089562252
1089515775
1089451073
1067798923
1067744319
1067681438
1067615477
1063767396
1063670066
1061854041
1061789077
1059479225
1059427463
1059362789
1052229159
1052148309
1052101569
1052008369
1051945701
1046107143
1046078096
1046041910
1046011115
1045963084
1040774441
1040708358
1040641064
1040539712
1040445882
1038361897
1038313136
1038269497
1038217966
1038165537
1028184816
1025582395
1023617760
1023573462
1023537155
1023506965
1019906967
1019850581
1013901796
1011353696
1006941652
1004953979
1004903635
1004843858
989305885
987690725
977437550
977388106
975279152
975246558
974993794
973470542
973434018
973399060
973351026
973292567
971542634
971483609
971373424
971289939
971203714
969415489
969365108
969322038
969063521
966949251
966905127
966874508
964803454
964784376
962906510
962854273
962811404
962758849
946873002
946837723
946766577
946698405
944935520
944893304
944846732
944728095
944535913
941945013
940265368
938187793
938148715
938117504
938074582
937784431
937109137
937002799
935926165
935796771
935749066
935561884
935251320
935133671
935028094
934938182
934838951
916250288
914196640
911435677
909594809
909230538
907326527
907274464
905181800
900629937
900435395
893528949
892238446
892175134
890092516
889990695
889946860
889844479
888118898
887959306
885586697
885502261
885328632
884298907
884266699
884233758
884112132
883979223
883842624
882239996
882216778
882175921
882111650
882041109
881972570
881852701
881520201
881437103
879674178
879610511
879551418
879476733
879409420
879273746
879166175
872917077
871278431
871197141
867716258
867624876
867506024
861738991
861666438
854379829
853728360
853622154
843081767
843010255
833167479
833086539
831885120
831797706
831729158
831654208
829429949
829333842
828431926
828394850
828330998
828284656
820920815
820903927
820864420
814934778
814852297
814772541
813398777
813362805
813313494
805573656
803662026
803469693
801440973
801366574
801294210
801226472
800499216
800205676
800142324
800105548
798598047
798529993
797772701
797715995
795871268
795818027
795777772
795734421
795709525
795667903
795589677
773235458
773194105
773139123
773104787
771400827
771349248
758428717
758361732
758269734
756792602
756749846
756628871
756569716
756472010
754228606
753057581
753013457
752981144
752920523
752841086
741698345
739591916
729578090
729489828
729429387
724090800
724068608
724039698
724015793
723862544
723755830
723642171
723559383
722335913
722293540
722262097
722235352
722196815
722079699
721846062
721774452
721714404
721629565
721562593
720197548
720155541
720117828
720005439
719749518
719621308
719543092
718245050
718081519
718041834
717705161
717652181
717512836
717439503
717032699
716978773
716927203
716347588
716318329
714388703
714362060
714342025
714316725
714287214
714235282
713973837
712467131
712446231
712426146
712394173
712357995
712313756
708676636
708545494
708509556
706574459
706530114
706486094
704546485
704502150
704460541
704410099
702534976
700727973
700703271
700661779
698888581
698858723
698701852
698654664
698591507
686161235
686134912
686096080
686080654
685195518
685083779
684366703
684342868
684322973
684302430
684269576
684236778
684205950
680637434
680575186
671417451
671380999
670674028
669768577
669744495
669721728
669674844
669573422
669482098
669285320
665819043
665753255
665675104
665599708
665535053
665438154
665340424
665166632
665074749
665015933
664747535
663201227
663077410
662965108
662158642
662136404
660401707
660376414
660335697
660304554
660015928
659940886
659848458
659759347
659605830
659565151
659497504
659398785
655433964
655410512
655371588
655317650
655281801
655198423
655142325
655061129
654979697
654918811
654532567
643511670
643474828
643013346
641723321
641560179
641464009
641316014
641231317
640933483
640900813
640818986
640734017
639873559
639842329
639802311
639745170
639671119
639501702
639430115
639365279
639288121
639173045
639102439
637808632
637564450
637509187
637441510
637360829
633691886
630808701
630645849
630552380
629318240
629269731
629106822
629047050
628992490
628932303
624465006
624441450
624411296
624372402
623007441
622983671
622948124
622903468
622714049
621563704
621543789
621509890
620840234
620735654
620129911
620110533
620090732
620054155
620026800
619945123
619897035
612050531
611984707
611938396
609164228
609140031
609107120
609072098
609037360
608978021
608921176
608622933
608544678
608296630
605621984
605602351
605566696
605530771
605483629
605440539
604029648
604013798
603977230
603700192
603582544
602460283
602418280
602364471
602287842
602231092
601986417
601916536
601231556
601204722
601182321
601164917
599767248
599728758
598391618
598365015
598336208
598309280
598267020
598226378
598184913
598137629
597821389
597717816
597599201
