1191239945
1191191265
1191151948
1191116848
1189233402
1189160074
1189120167
1189079367
1189038339
1188996034
1188953581
1186626861
1186571704
1186533943
1186476811
1186432784
1186378778
1186316445
1186242900
1186176647
1186108883
1186041740
1185960525
1183965226
1183903830
1183854093
1181520984
1181485142
1181442306
1181404446
1181360760
1181282157
1181211482
1181121141
1181022929
1180951985
1180852691
1179367772
1179333895
1179278872
1179236553
1178990299
1178880843
1178760740
1178628715
1176986318
1176907317
1176836906
1176727404
1176593675
1176434385
1176330021
1176180100
1175208281
1175150375
1175109365
1175067155
1175000830
1174635138
1174538898
1174433364
1174277861
1174162270
1174074429
1172301435
1172156030
1172034004
1171934139
1168913119
1168836143
1168765310
1168672215
1168586519
1168484178
1168408885
1168336665
1168291057
1168235315
1168160376
1168102896
1168063733
1168007316
1167961722
1167895877
1167835521
1167755381
1167654515
1167583643
1167511121
1167444906
1167330892
1167216146
1167092170
1166955656
1166812670
1166659215
1166536500
1166432902
1166307830
1166180839
1166093450
1165235521
1165110608
1164972054
1164464061
1164360827
1164216051
1164087784
1162208553
1162139683
1162057602
1162018014
1161944891
1161884126
1161837800
1160709572
1160618572
1160274587
1160199212
1160143301
1160067269
1159994995
1159919917
1159863254
1159818659
1159769151
1158496515
1158301136
1158183427
1158090063
1157983177
1157866878
1157818659
1157760258
1157699286
1157647816
1156536919
1156413385
1156271502
1156177008
1156048872
1155922926
1153824818
1153717649
1153478244
1153401298
1153319810
1152826214
1152746030
1147816926
1147724841
1147676251
1147622367
1147539805
1147438689
1147353361
1145475500
1145391062
1145305428
1145190112
1145097069
1142964104
1102167943
1102048329
1101928187
1101807475
1101688065
1099844619
1099749466
1099639701
1099522537
1099348105
1099180914
1097037547
1091031937
1090906857
1090776107
1088930760
1088789450
1088643346
1088496806
1088376908
1087906119
1087878391
1085567759
1085491321
1085374765
1085317169
1085254225
1083587414
1083478923
1083408151
1083358185
1083307343
1083250419
1083164785
1083119038
1081609894
1081541203
1081458413
1081392563
1081334639
1081272976
1081214050
1079593422
1079546733
1079473735
1079405245
1079342856
1079269477
1079230193
1079197177
1077828497
1077764025
1077696927
1077639824
1077573976
1077481398
1077417379
1077362184
1077293570
1077231047
1072449593
1072368859
1072285064
1072222109
1071995740
1071915412
1071855091
1070327527
1070259141
1069957067
1069880625
1069474256
1067727756
1067685070
1065814210
1065760490
1065705955
1065653132
1065582927
1065503089
1065439802
1065369672
1063890492
1063854975
1063595987
1063524042
1063431195
1063320606
1049498145
1049395191
1049288983
1049185501
1048094854
1048055429
1047441208
1047313598
1044726374
1043347914
1043287243
1030894765
1030842194
1030788310
1029994528
1029888171
1029774875
1029641288
1029480713
1029325946
1028333841
1028266267
1028152496
1028106504
1028051610
1027978310
1027909594
1025777084
1025737760
1025610140
1025535722
1025492583
1023836686
1023787344
1023742483
1023681387
1023650828
1023609718
1023583897
1022011423
1021962604
1021912526
1021859215
1021824870
1021792493
1021729645
1021693552
1021643647
1021593734
1021553002
1019671823
1019588702
1012532521
1012352776
1012258708
1012151816
1012046980
1011877359
1011762518
1011660119
1011569549
1011486270
1011402934
1011339366
1011258781
1011209331
1011122499
1011074470
1011018174
1010952339
1010867305
1010789757
1010714661
1010644414
1010516464
1010403842
1010298646
1010153886
1008806834
1008770419
1008717838
1006977585
1006911293
1006866767
1004830869
1002807024
1002764775
1002729499
1002687658
1002641976
1002580483
1002474947
1002371106
999784532
999627645
999466809
999339102
999250649
998239652
998183657
998126330
998036195
997755995
997653828
997546383
997379460
997204711
995658955
995580089
995505004
995399553
995330388
995202983
995069341
994989668
991633703
989524678
989432409
989299854
988923479
988797926
988661690
988529794
988449714
988374994
987724512
987692308
987640341
987567805
987507412
987426227
985561966
980922987
980822886
980665292
980579810
980270480
980194848
978219173
978091878
977985512
977860055
977144938
977098272
977053216
976986156
976613182
976526542
976371556
976305654
976203426
976083164
975980659
975913381
974671034
974574258
974474762
974321203
974218792
974143826
974078066
974017183
973953326
973887846
973154881
973080069
972962619
972868619
971228209
971107618
971011306
967625701
967539429
967443327
967352659
967285002
967117661
965513455
965421596
965357346
965287989
965254578
965170230
965118521
965066075
965015254
964922128
964886995
964850625
964319100
964218487
964099915
964020037
963924601
963704212
963598396
963515096
963406739
962248763
962126683
962032876
961951379
961875474
961767251
961694983
961639385
959867041
959798902
959710899
959632406
959571804
959377035
959341250
958660895
958557093
958383067
958240288
958139529
958030907
957339871
957292895
957252765
957201034
957138731
955358055
955271493
955203680
955157927
955125818
955074166
955034263
954981104
954936996
952927274
952860776
952788719
952748925
952698338
950725958
950679204
950639824
950590261
950553837
950434228
950369455
950279646
948994330
948955694
948915101
948832431
