1192446855
1189240190
1189079367
1189038339
1189000671
1186765215
1186692567
1186645708
1184177408
1181805921
1181753751
1181717431
1181647104
1181613688
1179730036
1179679060
1179619411
1179567339
1179525052
1179480056
1179436582
1179386428
1179341762
1179257795
1177549925
1177494932
1177382001
1177206898
1175516551
1175468461
1175412040
1175374891
1173325133
1173245380
1173171658
1173138740
1173102477
1173052778
1172983292
1170907038
1170851464
1170779283
1170685830
1170648133
1170586658
1170416114
1170058049
1169975387
1169759874
1169320910
1165990293
1165858870
1165812800
1165773340
1165732247
1165681267
1165451911
1165385317
1165235521
1163902908
1163847770
1163665196
1163640481
1163588689
1163555944
1163510809
1163479431
1159785602
1159746858
1159679321
1159615989
1159573031
1159539982
1159501882
1159467869
1159417673
1158694608
1157618324
1157237627
1157132931
1156984872
1156883620
1156815721
1156694022
1152730447
1152621549
1151261415
1151150477
1149803758
1149661195
1147921989
1147862196
1147771293
1147706832
1145805088
1145695556
1145610343
1145576348
1145525022
1145468519
1141364007
1141309451
1141249955
1141179428
1141134626
1141021524
1140959764
1139118091
1139046178
1138971506
1138948066
1138921414
1138898589
1138836062
1138777398
1138720169
1138639099
1138484371
1136561365
1136394346
1136351071
1136302467
1136252189
1136193324
1136149061
1136098428
1136055898
1135988421
1134062102
1133991208
1133752980
1133674881
1133619180
1133577038
1133525518
1133474445
1133394051
1133004281
1132817456
1129255589
1129138244
1129043362
1128981405
1128926237
1128852078
1128771026
1128684742
1128603301
1128523612
1126581960
1126441013
1126397157
1126349568
1126305670
1126218512
1125638160
1125536107
1124159583
1124062211
1123949993
1123916213
1123875043
1123833121
1123792955
1123139366
1123025216
1121501056
1121434775
1120403139
1120285968
1120116366
1118445910
1116512595
1116459544
1116417120
1116348631
1116291848
1116258598
1116201227
1116143612
1112085551
1112040851
1111998235
1111967284
1111896811
1111842204
1111784075
1111722657
1111649269
1111556751
1111464752
1111211945
1110909051
1109977800
1109930225
1109885783
1109841948
1109799009
1109648797
1109439405
1109373350
1107770281
1107711912
1107659190
1107621061
1107578475
1107541403
1107486728
1107054080
1106658916
1104305550
1104129923
1102919047
1102865788
1102807666
1102740515
1102700045
1102663959
1102588083
1102537264
1102487204
1102413862
1102337927
1102208331
1102109371
1102025440
1101902903
1101774571
1101470753
1101349445
1100426196
1098017836
1096751444
1094880895
1092883901
1092769771
1092672990
1092550794
1091963678
1091912034
1091186572
1091011535
1090883509
1090782184
1090668933
1090455387
1090346377
1089006810
1088817782
1088631304
1088431866
1088243298
1088129127
1088010133
1085765102
1085561391
1085498011
1085388753
1085321623
1085258587
1085205952
1083644355
1083556369
1083491403
1082446687
1082387055
1082329873
1082053151
1081848135
1081755954
1081668388
1081598158
1081522875
1081445165
1081414388
1081346583
1081272976
1081229925
1071864331
1071778136
1062076396
1062007826
1061946029
1061910777
1061788153
1061729776
1061629809
1061531743
1061360258
1061275280
1061154893
1056398386
1056275667
1053957429
1053832118
1053688073
1050235339
1050182998
1050130610
1049478443
1049363980
1048323225
1048254399
1048202999
1047584779
1047486610
1047341099
1042281550
1039864650
1039735119
1037828860
1036374170
1034523552
1034475570
1034427743
1034385877
1034168289
1033875809
1033623491
1033475983
1032582364
1032547170
1030642705
1030582072
1024887015
1023690950
1023619722
1023575598
1023543816
1021815570
1021782498
1021734632
1021061392
1020766461
1019993636
1019942146
1019274977
1013086729
1012959318
1012739301
1012573730
1010312619
1008519410
1008345562
1008243500
1008148962
1008036997
1007539481
1006354950
997438558
994704266
990965729
990843563
990728848
988891140
988654257
988570586
987195455
987127173
986982886
978241941
978116147
976231234
975071577
969469089
969420208
969380953
969346590
969306567
968331136
968225210
968056212
965955256
964821969
964785942
964759070
964706203
964677418
962875346
962834536
962798590
962087166
957509725
957474036
957396598
957366654
957190841
954583978
949904662
948812090
948790362
948740989
948645721
946497792
945045521
944990488
944947342
944823688
944414164
943188743
943136930
943094431
943006846
942957761
942913696
942857825
942157642
939881181
939752489
936033038
935067138
934015189
933963453
933907113
933388260
932999782
931728116
929245102
928225337
928189427
928148038
928113811
927165589
927030006
913675566
906569722
906465581
905449737
904301434
903285013
897556504
897530339
897487933
897460647
895143418
892614284
892556788
890526203
890473250
890306909
884370813
884308397
883870592
882422912
882372850
882333166
882295161
879853415
879774377
879731318
879689599
879615728
879558647
874875601
874832680
874670169
873940260
869877587
868219238
868112129
868017345
867941535
867881354
867292654
867225165
867142313
866257927
866224270
866140244
865993817
865910539
865242860
865152783
865118784
865071138
864987361
861475141
859730592
859645898
859528618
859482427
842695070
842612144
842508662
842398849
831303206
831197593
831124109
828433864
822623060
822590170
822011827
821929572
821832817
821769345
821681243
821654472
820495540
820394705
820320910
