1192717932
1191815023
1191746227
1190598284
1190187242
1189851660
1189253827
1189185881
1188593448
1188183960
1188051087
1187361162
1187147771
1187022535
1186931141
1186878643
1186826507
1186747775
1186701853
1185806875
1185679095
1185571297
1185433677
1185308466
1185199547
1184202585
1184130337
1184062764
1182112486
1181971693
1181875525
1181806799
1181744853
1181701657
1181662112
1181600382
1181564876
1180085768
1180046487
1179926342
1179868046
1179626423
1179565135
1179516493
1179483752
1179432588
1178513347
1178368362
1178099187
1177884097
1177831921
1177776272
1177690615
1177643105
1177575394
1177509369
1177445804
1177391835
1177341651
1175999090
1175501779
1175443119
1175383766
1175328441
1175279636
1175238372
1174271184
1174151093
1173777329
1173706436
1173552527
1173396544
1173332079
1173259194
1173194520
1173133284
1172223102
1171167504
1171054350
1170849073
1170757456
1169698268
1169593138
1169311456
1168362291
1168190098
1168140490
1168071803
1167993781
1167899438
1166667620
1166455919
1166377174
1166152120
1166084635
1166029078
1165968532
1165927197
1165877324
1165826322
1165776786
1164239009
1164170370
1164017936
1163956047
1162790183
1159960747
1158095967
1157974337
1153917989
1150220485
1150151030
1150059232
1149979933
1149924916
1149844214
1149735063
1147933508
1147892038
1146216134
1145427142
1145040261
1144856569
1144755239
1144638491
1144512945
1144410443
1144265519
1144154429
1144022025
1143176409
1143035757
1142247323
1141149193
1141111612
1140467912
1140223603
1140120813
1139481011
1139360744
1138593860
1138541755
1138249560
1137918894
1137729819
1137572508
1137439773
1137173296
1136916801
1135880259
1135702887
1135590258
1135384593
1134537157
1134405295
1134309581
1134244100
1134189730
1134097125
1133277131
1133116465
1133009215
1132000140
1131895581
1131739369
1131126731
1131067115
1130991947
1130936011
1130851183
1130406029
1130255431
1130060417
1125717340
1113970983
1113886820
1108209519
1097412287
1097228384
1097123911
1096612910
1096415250
1096345862
1096293541
1094660508
1094484237
1094403257
1093469079
1093190991
1093073686
1092639609
1092534219
1092444783
1092379034
1092293289
1086483032
1085926445
1085530093
1085455542
1085287456
1084276949
1081863300
1081787159
1081647438
1080776514
1080654154
1080421881
1079703416
1078248421
1078012388
1077868272
1077636785
1076669372
1076512393
1076434505
1076301936
1076132112
1075852372
1075596074
1075477801
1075308581
1075226759
1075139579
1074343484
1074252478
1074161956
1073961174
1072931805
1072713317
1072499624
1072355151
1070515595
1070435059
1070338787
1070278693
1070132120
1069999928
1068502015
1068418129
1068342328
1066434338
1066327359
1066275153
1066201596
1066022690
1064980557
1064882041
1064292072
1064227612
1063447412
1063329202
1063179730
1063079838
1062962920
1062664594
1062555333
1062498708
1059541824
1059407504
1048384474
1046734018
1046715123
1046382908
1046332728
1046162935
1043480736
1041397505
1041303071
1040782165
1040604706
1038745440
1038715960
1038658253
1038204195
1036467860
1034553064
1034494458
1032826885
1032770315
1032644910
1032550207
1032462945
1032316690
1031023034
1030833099
1030706147
1030096238
1027554669
1027441297
1027306962
1027278598
1027239059
1023853132
1023795827
1022310913
1018006151
1017852681
1017771421
1017698878
1013678231
1013595825
1013540937
1013445514
1011376709
1011318757
1011251483
1011201117
1008754448
1008470389
1008380645
1003232155
1002567809
1002441441
1002056243
999986200
999793134
999005310
998870612
997825186
995783751
995728540
995485221
994116567
991110713
991012179
990225217
990135568
987980380
987549580
986393196
986164145
976316582
974296777
973854056
972953029
961640137
961506256
961417528
961364263
961243076
960968139
960917074
960444906
959614654
959533437
959429563
959374777
959347049
958385935
958246723
958030399
957959674
957879297
957737771
957663576
957574320
956865286
956598686
953689512
951851991
951261439
950985778
950909939
950754760
948910144
948866022
947114447
947055356
947001214
946965711
946405943
945735250
945670116
945514691
945447671
945354092
945262362
945174458
943864585
943425170
943299543
943224579
943171467
940567991
940404418
934004088
933903001
932071578
931960473
931458251
931339577
929927744
929721880
929608886
929451386
929323167
928811382
928692361
928581230
921364148
920936459
919867095
919768519
919059167
918780940
918037122
917962874
916738453
912812882
911020832
908239046
907827196
907768548
903716023
903123742
903077814
902969445
901737528
901667972
901080332
899715517
892631116
892583050
886899674
886805497
886458352
885186552
884801653
884646925
884565112
884509667
882996363
882839635
882472283
882396874
880978322
880893943
880316743
880048162
879982621
877740298
877640818
873335082
873250928
873155026
871913303
871565920
871508773
871486863
868352932
866543979
863756340
862688892
862615684
862315977
860785964
860508731
860474495
860444649
860403769
860286275
858758893
858703714
858644283
858556227
856242795
856182062
856081547
855693760
855582933
854729420
852370126
848850927
848812090
848758591
848710392
847676815
847613390
846558711
845602563
845093213
844892813
844837974
843682737
843232051
842188325
841985966
841248604
839385617
838942819
838780068
837480471
837287599
837120158
836525622
836407186
835670018
835597501
835395858
834375877
