1192691106
1181489382
1181446763
1179233542
1176761014
1176667664
1175857463
1167378373
1166529647
1166454093
1164955986
1164368531
1163369870
1161237113
1160810641
1153081900
1152244433
1152143166
1152038357
1151948068
1150881590
1149474268
1149332279
1149177409
1147583353
1147502463
1147400024
1142586754
1142480841
1142331890
1140590947
1140437846
1140359053
1139805173
1137296698
1137170916
1135312207
1134883582
1134459559
1134346950
1121800945
1113899714
1113804135
1113718715
1097694986
1096387299
1095787351
1095698502
1093370640
1093214700
1093178351
1093090538
1092207963
1092161562
1091794685
1091716839
1091650829
1091577152
1091468635
1091309515
1091196563
1091034915
1090886984
1090819500
1089143803
1086436926
1084602238
1082798937
1082747068
1082668118
1082579039
1080866544
1080817478
1080748361
1077817579
1076990338
1076924041
1076868613
1076798755
1076704069
1070950958
1070864868
1070784609
1070720112
1070473168
1070421032
1069602263
1069581118
1069524392
1069466131
1069402635
1069272959
1069205892
1068534841
1068454201
1067704583
1067631265
1067545794
1067435755
1067371047
1067285510
1066372470
1065749997
1065689500
1065629601
1065562303
1065462986
1065355191
1065295643
1064561811
1061682497
1061582101
1061497477
1061441430
1055809892
1055629394
1055453198
1055370896
1054067679
1053982569
1053833067
1053652944
1053480877
1053283959
1053172392
1053075269
1052925825
1052906760
1052021209
1051921871
1051819748
1051715601
1051621808
1051466270
1051309714
1051150453
1050835492
1049909822
1049862268
1049780625
1049662078
1049573335
1049466099
1049332098
1049237656
1049052749
1048731771
1048667009
1048594755
1047943204
1047875652
1047847974
1047733366
1047646132
1046972671
1046865896
1046807022
1046684925
1046569153
1046551146
1045743306
1045673585
1045592053
1045505157
1045420018
1045318028
1045206199
1045058167
1043039588
1042937777
1042836351
1042731293
1042337439
1042201730
1042085636
1041971851
1041836402
1040331531
1040181873
1040042680
1039937194
1039664411
1039546535
1038915340
1038830280
1038722269
1037942715
1037875453
1037850634
1037765574
1037656220
1037407199
1037160846
1037039852
1036934848
1036833116
1036769653
1036647484
1036604427
1036550291
1036498328
1036431275
1036356768
1031900065
1029415040
1029082457
1028993798
1028913428
1025210707
1025126513
1024995510
1020197614
1018340402
1018289642
1016551230
1016178925
1016156742
1016113841
1016079852
1005223669
1005170556
1004348633
1004222396
1003960948
1003389839
1003316345
1003264231
1003124944
1003036564
1002993530
1002123070
1002026717
1001897560
1001804038
1001337939
1001221148
1001130005
1001040813
1000894170
1000854264
994164025
993188397
993105302
992984305
992875457
992776177
991186912
991108225
991032791
990953739
990771782
990628879
990517989
990397549
990216607
990153933
988865112
988378835
988303180
988238032
988180895
988111880
987440970
987356831
986791578
986686251
986574498
986212501
986166681
986115113
986059508
965585128
965505599
964568915
964450118
964366922
964252960
964131561
962441154
962026198
960789043
960214750
959926609
959823927
957220493
957178574
956892648
956824173
956523665
953354719
952073452
950046810
949352296
948345915
948108850
947973125
947816414
944675323
944600407
944472736
944261463
943996328
943856991
933275128
931493395
931402422
930937078
930821447
928617733
927447960
927151029
927042450
925017278
924893937
924766363
922294706
919868735
919777672
919655396
919562338
913851030
913797534
913707313
913292020
913218675
883840191
883257923
883179573
883114012
883028835
881850595
881722050
881597941
881433439
881300281
881156740
878858939
844938700
844779289
844312898
841153859
841091093
841021578
835240833
835167396
834688852
833391105
833351884
827907887
827833227
827564815
827495438
826960264
826891566
825933920
825844744
825773559
822274908
818669271
818569878
818249092
817996162
817919716
817589202
817542775
815006807
814911204
814831954
814761768
812746175
812484595
812412957
812321990
812203569
812066873
812009999
811912512
811258321
811225480
811167992
811027568
810915772
810494035
810411638
809880948
809831033
809793262
809756509
809142134
809087059
808284817
808220486
808145369
808075510
808041336
807853875
807774217
803101377
802971080
800981964
800893073
799442210
799345046
799273519
797042543
796963316
795399382
786150708
779947016
779908150
778768632
778695632
778611754
777762899
776865737
776802097
776755798
776707551
776406778
776303518
775962379
775862932
775772130
774751338
774723505
774679364
774627531
774538813
774501774
773797865
773541565
772581181
772436958
772342935
772187930
772126787
771991204
771906464
771086362
770956861
770634213
769408915
769371854
769282496
769106392
768917747
768797842
768636257
768518992
768406395
767748153
767596783
767553437
767350156
767267226
766386715
766331265
766270877
766243361
766185992
766139928
766102992
766020132
765996496
765949540
765933472
765414531
765313477
765220543
763398179
763331226
762291796
762199421
762063181
757989988
757895413
754164559
754111124
750717184
750656285
750539440
748923785
748879302
748823723
748122324
748036190
747957327
743213354
743117777
737882012
737774035
737691408
735726167
735662279
735218713
735124571
735066073
734986053
734916925
734809567
