1159390683
1159331909
1159112158
1158997573
1157043400
1156912079
1156796289
1156708307
1156618966
1156570517
1156465550
1156311096
1156213085
1152045813
1151976309
1151889863
1151713294
1143116432
1143077327
1142993937
1142905735
1142835954
1142755676
1142637493
1142573520
1141200873
1141127762
1141081027
1141021524
1140959764
1140842057
1140782481
1140707019
1140609344
1140415958
1139742073
1139653512
1139611684
1139481408
1138610291
1138533421
1128456328
1128385373
1127031027
1126940297
1123379170
1123275521
1123166343
1123015575
1122830631
1122622889
1122507882
1120354688
1120325118
1120172255
1119809245
1119705739
1119575007
1112301003
1112246929
1108997693
1106958688
1103118395
1101604835
1101499524
1101388253
1101237785
1101105329
1099034152
1098927369
1098848093
1098760647
1098668382
1098569587
1095011595
1094579995
1094344350
1094246249
1083883967
1080447119
1078656854
1078472782
1078346025
1078281707
1078154419
1078076195
1078023764
1077945184
1077848438
1075680849
1073700264
1073537268
1070930457
1066990651
1066630314
1066476964
1065646862
1065530279
1064468174
1063726549
1063649358
1063581625
1063040084
1062951807
1062809630
1057123227
1057064203
1056990969
1056953883
1056314902
1056186440
1055941318
1055796994
1055655956
1055349636
1055257042
1055219243
1055136132
1055063196
1055013582
1053725433
1051748286
1051532666
1051349847
1051233767
1051100612
1051015075
1050935732
1050782525
1050011384
1049944498
1049869060
1049268845
1049176383
1049067239
1048042229
1047994028
1047921093
1047858471
1047780769
1047692114
1040116395
1039999375
1039875236
1038036779
1037967518
1037891759
1037805054
1037721527
1036120243
1036059241
1035998148
1035905355
1035852850
1035764353
1035484664
1035340346
1034199664
1034139788
1033950388
1033909496
1033359395
1032702315
1031366908
1031307470
1031252687
1031193087
1031091573
1031040128
1027934345
1027857575
1027799100
1023450224
1022602834
1022469233
1022356265
1022282037
1021589251
1021513853
1020969260
1020637493
1020546068
1020432952
1018503971
1018417143
1017180134
1012407774
1012235606
1011070688
1011002004
1010899593
1010830769
1009918940
1009820455
1009645088
1009524906
1009418116
1009340170
1008698863
1008675468
1008611732
1008544544
1008462081
1008316856
1008194596
1007395021
1007331676
1007256226
1007201045
1007134463
1006745790
1006672955
1006121771
1006018843
1005948113
1005872693
1005691549
1005455542
1005348630
1005289399
1005242686
1003515743
1003419232
1003340698
1003278211
1003173093
1002066616
1001710340
1001291013
1001189767
1000583832
1000522895
1000438290
1000363112
999552691
999422356
990393772
988941655
988883422
988827031
988752922
988627096
988465489
984030993
983950442
983873723
983421710
983360032
983293653
983183000
983094909
982956796
982613303
982393529
982298124
979015802
978961264
978908689
978843164
978746267
978265564
977131594
977084294
976218399
975392907
975346679
975311199
975268452
975229471
974716415
974590153
974509406
974422482
974342229
974240348
974147770
974080867
974022330
973971550
973118348
973023845
972304787
972239821
970968384
970382788
970277793
970210166
970121950
966587636
966492497
966373311
965510206
965444461
964233978
964119127
963988708
963890140
963766947
963515096
963433906
963391970
963322002
962093308
962021405
961942153
961862933
961747476
961667537
961609519
960896862
960860631
960795410
960646643
960567986
960466285
960386500
960256057
960178222
960090005
959831802
959222011
959192532
959150143
959123496
959062856
958970947
958863143
958765220
958236621
958163092
956042995
948536552
948454081
948401858
948335901
948233282
947757278
947682633
947621676
947564407
946724362
946656323
946579420
946501483
946397046
946277531
946148244
945922858
945814746
945709472
945661832
944832589
942931980
942734331
942663179
942563025
942451921
938004246
937943933
937706802
937641072
937569250
937333454
937230333
937143416
936952765
936854319
936744763
936680249
936594858
936513587
936454511
935767153
934669793
934581929
933919304
933852548
933777712
933715834
933460566
933368596
933062686
932953432
932877588
932794754
932709897
932637620
932478874
922627143
919354248
919237523
919117951
919040967
918985360
918883288
918808313
918759386
918657507
918591674
918548103
917957891
917847946
917742872
917092903
916997951
916934674
916871300
916817924
916763752
916730654
916066616
915987354
915918890
915679973
915641136
915580558
914085713
914009837
913912224
913836228
913175808
913129591
913075354
913006533
912973980
912927306
912859809
889559991
888987487
885055099
884974683
874075250
874009761
873940992
873790644
873736986
872855242
872807987
872775800
872696978
872031560
871986569
871916406
871895414
871843230
871778791
871718509
871686458
871661578
871632007
870842071
870781177
870196344
870157287
870131275
869253584
869223902
869151179
869090877
869006926
868916041
868842133
868753143
868699361
868651087
868595766
868542583
861314833
860852664
860784788
860701695
860088534
860046125
859994660
859333466
859221357
859132421
858314478
858272330
856290467
856250039
856166138
856117773
855444111
855366410
855294194
855223360
855161526
855107611
855081294
855037867
848189288
846376186
846296304
845589156
844939667
844280966
844065486
843991232
843914578
