1008938162
991583963
991544174
989874716
989825438
987737788
985864794
984113600
983985823
983911920
983815467
983763115
983665404
981647506
979463447
979397902
978972085
978886627
977637841
977599400
973060220
970142342
953116436
953031736
952957024
950617037
950572603
949079766
949018284
945347850
945281798
945213468
930369983
930306483
930098618
929828162
923584671
923368750
920572856
918580896
918515859
914672272
914630092
912649521
910502656
910449405
910368741
910305181
905854463
897846019
897790068
897610966
893029382
892917574
892799639
892328147
892259096
892154441
890388147
890329872
890082296
890018214
888475560
888434721
888006829
887918336
886494187
877621350
876685681
873263192
871710145
871661727
871390011
864577667
864471154
864387888
864036943
863916859
863786568
863666874
862364100
862294046
862122056
862071392
862031144
861861722
861774471
859924621
859827566
858569529
858514386
854872388
854836150
854797294
854645959
852998895
852951441
852862941
852766531
852707870
850949625
850860560
850811652
850716595
850674033
849053631
848987771
848793639
848715243
848655781
848601133
834131751
830486608
828632206
821054321
821009643
819078167
819033885
818985928
817495698
815660505
815486784
813880723
813805245
813737890
813156883
811398290
809809277
809767385
809410431
807957362
807877022
806056047
805969226
805918828
805617264
805536718
804188298
804094150
798172206
798075423
797829091
797777712
797229284
796060711
796007293
795873068
795806366
795777241
778480674
778440063
778372639
774867696
774830819
757064361
757013312
756971025
756931249
753037485
751443315
750950041
749572378
749529027
749401825
747588194
746075740
745955984
745882787
745540592
745459624
745403126
744058087
743879603
739978333
739938410
738181312
736304613
732051969
732018891
729982018
729857126
729825562
729748560
718096081
712352628
712281281
710811870
710779011
708900058
708862520
688026870
648111639
648075152
648022144
645100071
643726228
643551994
643526563
640099959
640059867
634603978
632995136
632960651
631522435
631505868
631353503
631324718
627831090
627792142
627722270
627382589
627328930
627268298
627192669
624680489
624646380
624618018
623207493
623173645
618584892
618534434
618497087
617028739
616940973
616387359
616316224
615201382
615167302
615043481
614958396
614897180
614845383
613783939
613732231
613693798
613502711
613474496
612341479
612301027
612151605
612097445
610808083
605613404
605582103
605391806
605340656
604269897
604207499
604165128
601399911
601358955
598485129
590883429
586604455
586527558
586466164
586395652
584626142
584553060
584477459
584285371
576799133
562903868
562849043
562822652
562612370
562583388
561351722
561319594
561285439
561163972
561120773
561078838
559848007
559810760
558868493
558827413
558723974
558596387
558526211
547590433
547571263
543240372
543190018
542881649
542831956
542781640
536605068
533253163
533205942
531600759
530184168
530147440
528436214
528378438
523536904
521497710
521441024
521026590
520999161
520975495
520945443
519825623
519546706
519516438
519465459
518412562
518364547
518053557
516264849
512107171
512054736
511384110
511342399
511302686
511269811
509528620
509460102
509325288
507546916
507516497
507420461
507291435
507269622
507202449
506800858
506731265
506677813
506548705
506453910
506407443
506290744
503006744
502947541
502904562
502868370
502694449
502580534
502478948
502318816
502066386
501982002
501828396
500447534
500424314
500331260
499199915
499153149
499106746
498988668
496221554
496083110
496062464
495987544
495956035
495887249
494347151
494119366
492684992
492617010
492533815
492493769
492443103
490859805
490790336
490715509
488809455
488803775
488785489
438144031
438076698
429206647
428684943
428661899
428161799
427559718
427400047
427359995
427155139
427097477
427005992
421353093
421213765
420457192
420355734
420270749
420159701
420069626
420013364
412304450
412124589
411085318
411068062
396244271
396193153
396142918
396129902
394500134
394450753
393383334
393355842
393330310
391895068
391864161
390939872
390896870
390870624
390687627
390662760
390633094
390609980
385485765
385384440
384036394
384003019
383973074
383946305
383908012
382591845
380466841
380444605
380239383
374164615
374120149
374090335
367914652
367860754
367811461
367777216
367747356
367737934
366343630
365284144
365256319
365195005
360728007
360678251
360533112
360483238
359352837
359174766
359098334
359067448
358239635
357878071
357845302
357816000
357786068
357762004
356927427
356829457
356728138
356696488
356662216
356628146
356609484
356586423
355721823
355433664
352085124
352074943
352021041
351965973
351918872
351895193
351861690
350416602
350367849
350344170
350286924
348032488
348017577
347954480
347804551
347775804
343212379
343163403
343103151
343066612
343045368
341860159
341794167
341765888
341726848
340539502
340496553
340468195
340437183
339568886
339533844
339492702
339444693
339409592
336407633
336367218
336193776
336164963
336142297
336106516
336085396
