1192584595
1190711653
1189084942
1189040934
1186079877
1185989370
1185868872
1185722050
1185569921
1181507073
1181377361
1180059708
1179948292
1179897558
1177185883
1172389405
1172273347
1170741220
1170680799
1161584647
1161552889
1161505951
1161146958
1161021046
1160926159
1158832271
1157417401
1157370741
1157332093
1157279419
1156694022
1156585565
1156470306
1152653861
1152608772
1152572052
1152517301
1152438536
1152379073
1150201022
1150155656
1150112651
1150047517
1149961432
1149830443
1149744796
1149631891
1147838249
1147351256
1147148674
1146456449
1145128586
1144486195
1144363313
1141079297
1141001633
1140902722
1140348591
1138656325
1138620219
1138253951
1138118028
1137412828
1137293480
1126615771
1126535360
1126460052
1126401179
1126344538
1123905766
1123835200
1123792564
1123729566
1123659211
1123565894
1123522275
1121281097
1121236782
1121159840
1121099758
1121028758
1120899445
1120823162
1118624696
1118465908
1109506435
1109340919
1109207935
1109066392
1108976062
1107597515
1105175504
1105143101
1102193149
1102113884
1098179067
1098106782
1098066198
1097987610
1095916137
1095839328
1095797454
1095670722
1093890833
1093821975
1093748201
1093340365
1091997354
1091936352
1091453512
1091371051
1091158815
1088705836
1088556409
1087179207
1083141580
1083050902
1080385883
1079159814
1078787229
1077139811
1074441073
1074327758
1073258114
1070953311
1070806564
1070688799
1068937419
1068831650
1067359601
1066840976
1065708908
1065660869
1063892378
1063854975
1063815211
1061917087
1061764103
1061303834
1061191978
1061062317
1058157780
1057909581
1057639515
1056759857
1055467095
1055301925
1055194682
1054473601
1053846589
1053698298
1051123928
1051016911
1049605057
1049360441
1047511584
1044826862
1042653902
1039639943
1039462410
1039263684
1037533833
1037434220
1034884624
1032951619
1023982774
1019433104
1018107109
1016045060
1015413857
1013267499
1008528578
1006719246
1006602586
1006528944
1004619459
1004547917
1004373654
1002556348
993608418
993202500
991472080
991196870
988976965
985853959
985330050
979847022
979780369
979686097
979604357
979540393
979472314
979406175
978931984
977296036
977270557
977039594
973438871
973390650
971361657
963979015
962093308
961957873
958282777
951688321
943946843
939831606
939688933
935176616
933955250
933888715
933809106
933696574
933609250
933437542
930182392
930091379
930042190
927693090
927609881
925446436
920159013
920107375
920060725
919946401
918152421
916136554
916066616
915977592
915864353
915699824
915643350
914272250
914251304
914208298
914148277
914064059
913965692
913842377
912250158
912188433
911880241
907283799
906547260
905312538
905264054
905222876
905184762
905000264
904935774
904790756
904699994
904609434
904506014
903398818
903362681
903330861
903235741
902748223
901025005
900485398
900387836
897130657
894824975
894734171
894622048
893632218
893564560
892383010
889666330
888101463
886234989
883897303
883695090
882149508
882101245
882045144
881960885
881463329
881325479
879425872
879306391
879197499
879110136
878906193
877129249
872778073
869941062
869911433
869877587
869128954
869001602
868199866
868188609
868018739
866188683
866130741
866106746
865446617
864015413
863966765
863909443
863855994
863510267
863375085
863293917
863247953
863167448
863059995
862026520
861977032
861051767
860859639
860791460
860134950
860080517
859592227
859509393
858406497
857785518
855521583
855443946
852661623
852618206
852575337
852524475
849994354
848382392
848331827
847577355
845122037
845017854
843404347
843375579
843349482
843312220
841595947
841532044
841516014
838694072
838588375
838514102
838420787
838352844
838232091
837452089
837411311
837349719
837305016
837188812
837111873
834007019
833966887
833939002
833173215
832070489
832028445
831042746
830995201
830920452
830877676
830788530
829006116
828202736
828096715
827258229
827138971
827063274
826336867
826279531
826229490
825396923
825346096
825257160
824432604
824374816
824113275
823529853
823457109
823400457
822689623
822643016
821860190
821801846
821695415
821638324
821551930
820917716
820887200
820865900
820137056
820041925
819974183
819895722
819547446
818794612
818728449
818643769
815937077
815885198
815794610
815742486
815710701
814054999
813955317
813890713
813504483
813479232
813016370
811461652
811411349
811373648
811242255
809643673
809438289
807183080
807079404
805710622
805654841
805105139
803738051
801736110
801438135
801301384
801174273
801124173
799738551
799669030
799363982
799280960
798115219
798056492
796999910
796882903
796771259
795690806
795224428
795171382
795100911
794971232
793814680
793763856
793682671
791916845
791742487
791705112
791643360
791588657
791527086
791448793
791386357
791284978
789809819
789587040
789435113
789218898
789157970
789080279
788000440
783565685
783149107
783080633
782974940
782792510
781927955
781850627
781422669
781379714
781219799
781102743
781007804
780910440
780002527
779961723
779932464
779636449
779570371
779451650
779360833
779250044
779123627
779049411
778987649
778264563
778238027
778210680
778169421
778076055
777841251
777744103
777505602
777424792
777295968
777164873
777115843
776399714
776353783
776312236
776121377
775792315
