1192868134
1192759724
1192682376
1192534680
1192409535
1192073660
1190679455
1190533253
1190358665
1185618161
1185522576
1185307637
1185090667
1184940550
1184775979
1184649167
1184511323
1184365975
1182310096
1182194320
1182076057
1182008525
1181936234
1181839401
1181777796
1180160741
1180080201
1180006294
1179910495
1179861566
1179793013
1178023603
1177966027
1177463307
1177414415
1177359241
1177324228
1177274615
1177241146
1175246469
1175198737
1175157126
1175106485
1175028572
1174915430
1173683110
1173614949
1173538553
1171280116
1171002885
1170844607
1170734911
1168072921
1168022418
1167950451
1167895012
1167854742
1167804940
1167436977
1165959156
1165686647
1165660358
1165586014
1165516579
1165466826
1165413414
1163680569
1163638613
1163447705
1163338797
1163282126
1163205858
1161625122
1161413073
1161309979
1161148833
1161048342
1159745217
1159673507
1159590762
1159548519
1159510230
1159458458
1159283500
1159135002
1159000608
1158870811
1158711578
1158616225
1158513855
1158383306
1158265406
1158153203
1155099557
1155053960
1154583672
1154430387
1154310032
1154143675
1154025580
1153865139
1153720284
1153562906
1153402377
1152594702
1152541394
1152478862
1152387006
1152312319
1152208364
1152109932
1152044265
1151914152
1151792651
1151687314
1151556314
1151429169
1151303465
1150810491
1150698170
1149950435
1149755295
1149632174
1149453044
1149322264
1149224452
1149105329
1148552073
1148447536
1148331180
1148087769
1147342540
1147202126
1146942703
1146845896
1146691341
1146532728
1146408884
1146282634
1146199623
1146104701
1146026105
1145958235
1145269562
1144918523
1144805983
1144680331
1144552054
1144367477
1133723914
1133047847
1132862397
1132003776
1131886536
1131262284
1128745623
1128683632
1128586423
1128502197
1128371338
1128176623
1127882172
1127765116
1126301526
1126252499
1126196924
1126102037
1125906909
1125039942
1124867118
1124630800
1123889940
1123772154
1123716325
1123080600
1122917676
1122744936
1122555383
1122425541
1122281414
1122158873
1121872374
1121760659
1121661802
1121577472
1120627635
1120165872
1120020785
1119815293
1119652882
1119520300
1119197182
1119090875
1119011797
1118919580
1118828373
1116941437
1116841774
1116716562
1116646550
1116552828
1116491934
1116225329
1116166298
1116103720
1114587450
1114462801
1114402985
1114342314
1114303403
1114248327
1114151383
1114102372
1114039512
1113983707
1113666871
1113595527
1113462823
1113367548
1113233591
1111928359
1111873476
1111776450
1111656225
1111514497
1110099493
1110021826
1109756880
1109711272
1109578417
1109515839
1109390629
1109283597
1109064362
1107331243
1107232411
1107150058
1106998046
1106889326
1106751881
1106562072
1106123936
1106007865
1105048785
1104899516
1104782186
1104281877
1104112100
1103462397
1103364347
1103276950
1102202544
1102103326
1101928187
1101807475
1101688065
1101170435
1101068876
1100974595
1099761320
1099589525
1099428566
1099271185
1099139293
1096584101
1096510652
1096423564
1096332955
1094876559
1094657646
1083106847
1083037570
1082997557
1082957249
1081793624
1081644403
1081541631
1081486304
1081392587
1081331204
1081272856
1081201707
1080867807
1079702055
1079645756
1079554396
1079359408
1079245276
1079139175
1079099833
1079055067
1079001384
1078922609
1078857689
1077472036
1077409384
1077080136
1077018190
1076957566
1076877386
1076766343
1072267144
1072214673
1072144266
1072077388
1072020321
1071961255
1071905713
1071813484
1071719794
1071619838
1071493418
1071366562
1071229170
1069914009
1069883168
1069846270
1069798109
1069744835
1069681496
1068716590
1068621014
1067872958
1067715976
1067647980
1067487427
1067398346
1065780592
1065729875
1065654002
1065571245
1065496083
1065388813
1065277999
1065159657
1065038729
1064892889
1064773092
1064676719
1063789419
1063756230
1063609372
1063360868
1063268066
1058532300
1057733313
1057524355
1057416355
1056602727
1056539847
1056372590
1056159640
1055503802
1055066338
1054915128
1054144116
1054048953
1053955365
1053838256
1053750563
1053636842
1053487517
1053390380
1053108880
1052796712
1052728478
1052643563
1052578349
1052535833
1051775841
1051662142
1051460597
1051338635
1050503388
1050440314
1050320018
1048548912
1048480688
1048415307
1048356682
1048134705
1048092956
1047001060
1046592607
1046526492
1046362974
1046304955
1046242548
1046187924
1045811851
1044974813
1043774511
1043684001
1043556537
1043419132
1041660742
1041514325
1041234364
1040792208
1040733642
1040684315
1040618997
1040477458
1038844698
1038760018
1038653688
1038573827
1038377269
1038078119
1038029307
1037969443
1036682506
1036599802
1036537193
1036485216
1036438223
1036398206
1036357476
1036325918
1036278360
1030818182
1030764993
1030420992
1030366091
1018573146
1018500400
1016381115
1016276233
1014258066
1014164564
1014000687
1013914577
1013860412
1013803574
1011836235
1011736836
1011423055
1011323304
1009220780
1009105819
1008920855
1008890296
1007201582
1007115793
1007042537
1007009593
1006974013
1006554421
1006482496
1006415232
1006340010
1004863606
1004824333
1004770934
1004703436
1004637807
1002802234
1000858377
1000821284
1000673185
1000636199
1000588789
1000542508
1000380542
999946743
999829427
998050484
997985048
997890882
997813291
997703455
997596630
997360276
995818046
995760357
995705111
995644533
995427849
995282939
995183007
993576538
993529774
993470041
993393771
993325026
993196402
992536458
992432458
991025427
990934108
990840329
990736007
990629462
988404518
988338050
988293647
987536541
987441437
987350680
984104761
