971710242
971657674
971611965
971571592
649917356
649893196
643009224
618435215
602701139
602668340
602641541
602620889
602595814
599978051
599942525
599893646
599868867
596651414
571405890
561152403
551351803
521048580
514479071
513039901
513017029
512973951
509700450
507509547
507459490
507425793
499076581
499033133
499007963
497632368
497419670
495733938
495676726
495619069
487524251
487520939
485943227
482556226
482472460
476052931
476028215
473143131
473128689
473116760
471792513
471776756
471705028
464708963
463407208
456882160
456855654
456823363
456367183
456302120
455276444
455254987
455237361
455205177
455188151
455104228
452013244
451912289
444494429
442922205
442903585
442872099
442840403
438652860
438488426
427159186
427130887
427092897
425606232
425473489
425091961
421350498
421303823
421159161
421083801
421015081
419925586
419914921
419870319
419788555
419697340
419620112
419589845
419418109
419392278
418313259
418273155
418243189
417322222
417301754
415045620
413223760
413186961
410034532
406888409
406877128
406856847
406836866
406816694
406802812
406753916
406725549
392043611
392042077
392010052
391998778
387705247
384316692
384215054
384116469
384091034
384076863
384022608
383964124
383909882
383832667
383800349
383771791
383726040
381633699
381609493
381576066
381551840
381520573
381494727
381480050
372896094
372873925
372859839
352959883
329916565
320737200
320720610
299679979
299674737
299649712
280592811
280569744
280543886
280507092
264700505
264676841
264652511
259512199
259498090
254841521
254802183
250273711
250258687
250141049
250095181
250056834
250023366
246425381
246396369
246369104
244830088
243362826
243347317
243268448
243251905
228693969
228667045
228632214
228602233
228577368
227999980
227949341
227915740
227885473
227359866
227322746
227290536
226667126
226652955
226637526
224296791
213992628
213945643
203730017
203711180
203680633
200756807
200738461
200725651
200712069
200694945
196277550
196269369
191637148
189226247
188469208
176198235
176188746
176167448
168700228
165730274
165679386
165642865
165605364
165554818
163007025
162993926
162960149
162931493
162897635
158724286
158714378
158701246
157949555
157933234
157921613
157901140
150709302
150696898
149836574
149821771
149809270
148343840
148335079
148311964
148300106
148279803
147701394
140960512
140943748
139362452
139343092
137731087
137677427
135243648
135225417
135211961
134901361
133877458
133842827
133789277
133185768
133156229
133137972
133112428
131681721
131645549
130459390
130447399
130427416
130407492
129525036
128724667
128702937
128681784
128446178
128382483
128333768
127691282
127375813
127315803
125658603
125638837
125620771
125613572
125599096
125586074
124519836
124100643
124095637
124081828
124066335
124051331
123150526
123132833
123118573
123100255
123078964
123050433
118594570
112034264
111147561
110485735
105068495
104888380
104472377
104423231
104314752
103639944
103622348
103573379
103559857
103365330
102678605
102650243
102591117
101914460
101777099
101181726
101157061
101123160
97611960
96929991
96190515
95495845
94242276
93697487
93682415
93455000
93404746
92960823
92947899
92757874
92739919
92062808
90907253
90894257
90883804
90848215
90784924
90322200
90316670
89494126
88198230
88183475
88170359
88153012
88130698
86774193
86761958
86745587
84097070
84074407
81846196
81837126
81829920
81823027
81814418
81805727
81680648
81672743
81664916
81655955
81645995
81539642
81161093
79968703
79953124
77956357
77941542
77922674
77913777
77910034
77882537
76857865
76850609
76843770
76830344
75275730
74444060
74425230
74063962
74051318
74042852
73491858
73229710
73138500
71545517
71542555
71538050
71530515
71517531
71506731
71478566
71461701
68760344
68752743
68661305
68649577
64409174
64389598
60961396
60946548
60438229
59995214
59069992
59060587
57264418
57248539
57236269
57227495
56624472
56612394
56249511
56243144
56235996
56228915
56220566
56210652
56203414
56187450
56180332
56152831
56142566
56131546
56117703
56100289
56075032
56056979
56029080
55757256
55750303
55743867
55736191
55729503
55723519
55619991
55346843
55339530
55332125
55242171
54369952
53976006
53482525
53431943
53387778
53375530
53023285
53014072
52725943
52718944
52714235
52707072
52699629
52693920
52673577
52665211
52342865
51904324
51881340
51067446
51055775
50832871
50821091
50797373
50783773
50039013
49430788
49423317
49401328
49079142
48751342
48745352
48738904
48454912
48448077
48443137
48438099
48435705
47840260
47518274
47511798
47475077
47464561
47449794
47123709
47111200
47095249
47052954
47031259
46751743
46643887
46628111
45752456
44909578
44902190
44891073
44882295
44869509
44856192
44846456
44581836
44561314
44316536
44280754
44256875
44025392
44014576
43824199
43818807
43771968
43765188
43349327
43342922
43264765
42328866
