1192846195
1192705487
1192633285
1192478448
1192371714
1192257415
1191701270
1191599291
1191416253
1190611420
1190541254
1190371577
1190226601
1190072159
1189949634
1189831664
1189562698
1188796350
1188714574
1188650363
1188489254
1188364732
1188037906
1187883337
1187742411
1187557278
1185780751
1185663609
1185498927
1185326348
1185204866
1184930454
1184522584
1184437832
1184373122
1183607294
1183523063
1183406452
1183294858
1183162649
1183027105
1182902303
1181100911
1180987217
1179975588
1179912744
1179849625
1179782462
1179726503
1179032563
1179011465
1178932558
1178911575
1178885472
1178855121
1178822936
1178710107
1178557004
1178398235
1178301989
1177817325
1177746279
1177695186
1176827490
1176727220
1176444961
1176291138
1176150964
1175982547
1175905922
1175727515
1175655763
1175597868
1174932274
1174831816
1174729942
1174479825
1174161143
1174070424
1173700510
1173584876
1173515911
1172475247
1172371583
1171789933
1171645778
1167104673
1166964095
1165455412
1165394503
1165265857
1165180885
1165072653
1164603135
1163477268
1163412222
1163196194
1163108820
1163011276
1162396792
1161383037
1161310971
1161188338
1161110565
1161062472
1160984912
1160863083
1160398651
1157896592
1157858034
1157804073
1157174310
1157077574
1156976656
1154660271
1154551874
1154447020
1154323496
1152343723
1152237236
1152146482
1152012007
1151916301
1151743096
1151558313
1151459906
1151335333
1149855644
1149740881
1149634275
1149543359
1149460746
1149321425
1149189906
1148731066
1148625919
1148558759
1148479682
1147619205
1147530040
1147430363
1147332952
1147205460
1147075483
1144934148
1144786528
1143909107
1143814540
1140539408
1140456017
1140321024
1140230722
1140077791
1139964743
1138277601
1138109192
1135299824
1135113458
1134824285
1134695054
1134536653
1134266555
1134162871
1133370884
1133294438
1133227242
1133082960
1132860674
1132724942
1132605738
1132486235
1132372042
1132248074
1131822493
1131739268
1131598928
1130688391
1130573585
1130417607
1130320371
1130187342
1130037446
1129944356
1129739809
1129539593
1129458014
1129376414
1128334490
1128184900
1128085444
1127995884
1127920508
1127771249
1127626291
1127516063
1127365020
1127268095
1127034136
1126948203
1126859828
1126781319
1126703682
1126631821
1125436187
1125079335
1124919010
1124838640
1124431558
1124348791
1124261736
1123308260
1123065304
1120923428
1120305287
1120187107
1120043101
1119357485
1119235812
1119167526
1119071087
1119005278
1118044787
1117953658
1117858590
1117691485
1117573602
1117438548
1117290135
1117160535
1116895587
1116804082
1116735864
1116616080
1116440557
1115239394
1115127664
1115055575
1114939631
1114850030
1114638324
1114555727
1114410556
1114243051
1114198495
1110286000
1107760100
1107719454
1107679178
1105115994
1105061587
1104967945
1104907792
1104804962
1104708839
1104609914
1104479445
1104354330
1104225165
1104035055
1103905355
1103734971
1103641673
1103507193
1102472168
1102374847
1102322476
1102227342
1102126024
1102032105
1101923783
1101816045
1101644810
1100293944
1100216390
1100157421
1100074059
1099911805
1099669228
1099593391
1099449850
1099316771
1098154176
1098105963
1098011452
1097882062
1097788851
1097715744
1097620579
1097511279
1097414253
1097296662
1097157447
1095850315
1095803221
1095725184
1095678052
1095592203
1095452216
1095336349
1094013245
1093963315
1093890504
1093806335
1093737134
1093658600
1093552366
1093487828
1093356205
1093155588
1093093699
1092971701
1091925844
1091864604
1091789254
1091703148
1091596080
1091507256
1091418640
1091242766
1091128307
1090979739
1089356598
1089278322
1089150368
1089054095
1088947654
1088423875
1088068594
1087995653
1086967082
1086909546
1086831453
1086701587
1086473547
1086375398
1086276863
1086016028
1085885211
1085751462
1085624624
1085527881
1085210552
1084498346
1084362606
1084239792
1082947243
1082904138
1082847356
1082755898
1082669857
1082578059
1082486144
1082388717
1082281323
1082176695
1082058123
1081919553
1081762864
1081672081
1081585685
1080840329
1080702257
1080510814
1080391745
1080278449
1080178722
1080100626
1079968550
1079871309
1079783291
1079739892
1079661908
1079596421
1079535402
1079481323
1079408360
1079362937
1078571593
1078421892
1078304455
1078031467
1075475451
1075342757
1069604344
1069519474
1069445516
1069340533
1069225379
1069103950
1068938684
1068799047
1068427009
1068316703
1068243248
1068183613
1068129987
1068063645
1066169979
1066105951
1066028978
1065953879
1065916129
1065867162
1065841948
1064456016
1064343540
1064288088
1063436094
1063347820
1063253117
1063178715
1062944789
1062505229
1062358750
1061835273
1061772743
1061709808
1061650483
1061580302
1061467423
1061381772
1061305385
1061149605
1061054758
1060908040
1059265059
1059191360
1059122974
1059006984
1058889137
1058795240
1058683523
1058573792
1058401377
1058249105
1058114946
1057941712
1057820546
1057701944
1057629869
1057460874
1057377382
1057275960
1057205797
1055105312
1055009947
1054324044
1054210440
1054132561
1054035171
1053909234
1053741926
1053317019
1053201815
1053063986
1052925165
1052828367
1052085873
1051993460
1051903537
1051830347
1051677170
1051578661
1051418933
1051332764
1051219618
1051052447
1050930722
1050872454
1050758230
1050675816
1050581894
1050516411
1048173619
1047722507
1047603085
1047497423
1047405229
1047286378
1043299555
1043172055
1043079098
1042966783
1037358570
1037218639
1035420698
1035301004
1035173593
1034809565
1033475667
1033398155
1033276080
1033203530
1031493253
1031077155
1031007423
1027372885
1027209889
1027032506
1026904527
