1191782697
1191713892
1191641839
1191579790
1191527784
1191457885
1191392217
1191334306
1191011069
1190972819
1190898335
1189465233
1189402536
1189349241
1189278715
1189232608
1189193037
1189141576
1189103097
1189072174
1188666376
1188149867
1188046583
1187832880
1187684770
1183584123
1183518434
1183410174
1183303272
1181647104
1181587862
1181545928
1181509414
1181478029
1181431244
1181380787
1179333174
1179271636
1177286929
1177241561
1177193883
1177129921
1177066877
1176986127
1176913535
1175322809
1175288738
1175247579
1175206921
1175182270
1175138668
1175096555
1175064599
1174990501
1174930026
1174844735
1174776049
1174677551
1174562127
1174447491
1173217514
1173174246
1173135548
1173102477
1173072565
1173028032
1172981226
1172936336
1172863207
1172795999
1170242158
1163595955
1163559523
1162898455
1162779015
1162652672
1162546615
1161593975
1161571525
1161556674
1161538083
1161498531
1161130063
1161063775
1160908937
1160788082
1160668094
1160572826
1160478107
1160362184
1159429359
1158106106
1156542821
1156409602
1150101903
1149140813
1149018325
1148853565
1148744377
1148667807
1148592295
1146971532
1146853619
1146726021
1146599135
1145500235
1142959008
1142863053
1142754154
1142667170
1142555138
1142456547
1142062062
1140892037
1139985055
1139891687
1139767189
1139675771
1139614712
1139505173
1139428094
1139348949
1139280120
1137355113
1137218466
1137103933
1137002758
1136872474
1129291967
1128869456
1128829336
1126393131
1126331448
1115763671
1115651643
1115553382
1115412387
1115278284
1115151690
1114997177
1114909638
1112073879
1112015146
1111983713
1111935998
1111899142
1110145814
1110067632
1110021085
1109954858
1109895993
1109843808
1107466230
1095796865
1095711936
1092159762
1091810411
1084330579
1084246488
1084143537
1083997069
1083925497
1083851524
1082627297
1082540027
1082458218
1082322798
1082204137
1082075140
1081040730
1081012061
1080962845
1080880784
1080218665
1078712725
1078599320
1078485865
1076201091
1076040303
1068937419
1068812904
1068714807
1068689250
1068609889
1068496735
1068411366
1068339178
1068253557
1068196328
1065613482
1065591786
1065501725
1064516908
1064445842
1064372585
1064304377
1064252240
1064188298
1063818519
1059644681
1059574512
1059515259
1059475192
1059419250
1057185206
1057111637
1057064203
1056993815
1056946169
1056881750
1056827295
1056777561
1056730225
1056682526
1053846589
1052363690
1052323305
1052287274
1050512806
1050025821
1049952552
1049873778
1048191585
1048158495
1048114408
1048078165
1048037277
1047969230
1047936237
1047840418
1047763914
1047673415
1047552149
1046214821
1046164979
1046137433
1046103732
1046057429
1046015136
1039150343
1039035286
1038900580
1038729907
1036613016
1036561493
1036478295
1036429362
1036369859
1034640203
1034513225
1034472376
1034397377
1034347936
1034324032
1034295243
1032584568
1032532383
1032501982
1032445856
1032399375
1032355165
1032288971
1032210596
1025725904
1025698777
1025646336
1025600980
1025497897
1024519424
1024399971
1019112554
1018960175
1018497010
1017876487
1017018506
1016873764
1016086204
1007776936
1007674047
1007470764
1006847531
1006328301
1006230023
1005957529
1005849120
1005757648
1005393598
1005327850
1005258905
1005233151
1005183261
1005101024
1004609230
1004533064
993640200
990785729
988901744
986245953
986164583
986112240
985469105
977367739
977067240
976757084
976656426
975356900
975322795
973541037
973338567
973274515
973012225
972662641
972478961
972314855
972239821
971222422
971091512
970943841
965767302
965616166
965528045
965366873
961425341
961387658
959891782
959390330
956266188
954475012
954356319
953786217
952700468
946439279
945169028
944484903
944373470
936255061
936200622
935182585
934041728
934008209
930197394
920517285
920434680
920354381
920300854
920277411
920223342
919863098
918242013
915173718
913424641
903523920
903483313
903171907
903118588
902488851
902401627
902327548
902252576
901419643
901391279
886368181
885041977
874837621
874791078
874758809
874733814
873980060
873908498
873038092
873021155
871481192
871422006
871207035
871024575
870929425
870784660
870717881
869871301
869680748
869621158
868181554
868147741
868109636
868080907
868046773
867473974
867313170
865930914
865891754
862114240
862084735
862056898
862021846
861985232
861936619
861867479
858501768
858327341
857205107
857129999
855632172
854674597
848977540
848961664
848920952
848709065
848673909
846925984
845191162
845030088
844599090
844535093
843463632
841685872
832153174
832130839
831812893
831761856
831692438
831624846
831531852
828480162
824334977
823893579
817701810
817654223
817594452
817546073
817503098
816039906
813801818
813733825
813689002
812175809
812124461
812035359
811721544
811684301
811638483
810282070
809787987
809754845
809689836
809652139
809619354
807828226
807770628
807749563
806085170
805871987
805847443
805803512
805773131
805730572
805709630
804866642
803770228
803724266
803711106
803679569
803619108
803331759
803254506
803226625
803170258
803073083
802998972
802027941
801958151
801915545
801890997
801841499
801803935
801767590
801654563
801597965
801541485
801438135
801374142
801301384
801223168
797896756
797744793
797709425
797668051
797617656
797269172
797211242
797158130
797097887
795875613
795858353
795647754
795307254
795266353
795193779
795115229
795031932
794942968
