1191310054
1191274620
1191218623
1191180211
1191126273
1191070830
1190981802
1190941661
1190880458
1190808354
1190725188
1190658146
1189177864
1189132473
1189092901
1189052207
1189015352
1188982126
1188949304
1188887317
1186815362
1186714249
1186648681
1186580832
1186530216
1186463894
1186385988
1186314920
1186250337
1183850382
1181691053
1181629694
1181579864
1181540596
1181510839
1181467289
1181405317
1181180805
1181058368
1180957392
1180889898
1180797784
1179378585
1179325771
1179271684
1179251517
1179170603
1179102736
1179005993
1178926285
1178824713
1178726304
1178536507
1175455084
1175401855
1175346288
1175301378
1175266369
1175237710
1175205191
1175163521
1175109149
1175063333
1173208945
1173170340
1173130832
1173093906
1173061729
1173014471
1172942228
1172869787
1172790378
1172718800
1172636287
1172547277
1172439076
1170444283
1170359006
1170239166
1170131033
1170037731
1169975847
1169888046
1169770356
1169646810
1169506015
1169419547
1167983950
1167908727
1167827563
1167744557
1167678226
1167606759
1167181961
1167027985
1166907100
1166760549
1166601468
1165619412
1165581532
1165535316
1165461301
1165412229
1165358219
1165277772
1165190219
1165117817
1165017607
1164910723
1164830515
1164747724
1163602030
1163564129
1163515876
1163446002
1163415336
1163353863
1163255078
1163179556
1162949495
1162849611
1162706927
1162588809
1162474855
1162392966
1161609293
1161562616
1161511502
1161469183
1161425953
1161361998
1161248025
1159357382
1159314271
1159198366
1159124906
1159047249
1158963725
1158860282
1158751956
1158622370
1157409489
1157373632
1157312442
1157244131
1157170803
1157100735
1156997353
1155120040
1155073388
1155015907
1154959102
1154892211
1154778144
1154710980
1154628888
1154547377
1154457335
1154376836
1152451037
1152380745
1152267171
1152196098
1152108234
1152031740
1151891852
1151713241
1151598426
1151478726
1150148393
1150074868
1149978479
1149923550
1149766936
1149663581
1149577231
1149458660
1147077755
1146931804
1146737653
1146612502
1146472478
1146380452
1146264725
1146194696
1146111608
1146050516
1145318308
1145210988
1145098517
1145043172
1144958761
1144875580
1144790797
1144258437
1144144797
1144050943
1143949351
1143869283
1143832286
1143759884
1143675024
1142021991
1141919244
1141766311
1141699542
1141626386
1141531177
1141466861
1141399703
1140505247
1140383638
1140277060
1140156412
1140071180
1139991894
1139883288
1139763820
1138253278
1138132269
1138019222
1137922691
1137781960
1135751956
1135637414
1135562178
1135442311
1135330341
1135215971
1135103094
1134963548
1134869838
1133379111
1133302238
1133214834
1133159226
1133071384
1132979156
1132876684
1132778099
1132636070
1131820388
1131735561
1131663525
1131593131
1131509889
1129341194
1129265096
1129190605
1129128117
1129071012
1129025594
1128976357
1128940207
1128874616
1126960946
1126847383
1126762359
1126684387
1126606299
1126560101
1126514199
1126452252
1124251012
1124167059
1124113130
1124058605
1124012508
1123966643
1123930507
1121452993
1121410985
1121351965
1121291593
1121234793
1119197407
1119141347
1119072342
1119005177
1118935219
1118876092
1118824872
1118780875
1118737889
1118698490
1118655365
1118614566
1116747488
1116689693
1116629859
1116572200
1116516082
1116448405
1116393466
1116369344
1116326697
1116283377
1116249936
1114385574
1114320170
1114259895
1114214699
1114176163
1114137217
1114102062
1112457247
1112400026
1112342554
1112279095
1112211813
1112161599
1112115587
1112049623
1112006662
1111966909
1111911309
1110059877
1110000056
1109953897
1109898801
1109862024
1109809881
1109747844
1109708707
1109664732
1109612605
1109545324
1109463326
1109352129
1109267787
1107990189
1107889960
1107823236
1107775351
1107699318
1107654799
1107598276
1107556465
1107520884
1107475066
1107415017
1105383980
1105320817
1105230546
1105158695
1105105768
1105014712
1104960833
1104877828
1104799802
1102810780
1102750662
1102703760
1102664630
1102623796
1102585775
1102539791
1102470677
1102389198
1102295040
1100228103
1100168290
1100042258
1099947492
1099875799
1099766128
1099684646
1097864126
1097792608
1097707072
1097583660
1097506403
1097424946
1097320936
1094268432
1094185206
1094139173
1094090581
1094025448
1094008372
1093975521
1093942453
1093894285
1093881251
1093832845
1093783823
1093717332
1093651872
1092090268
1092054832
1092010869
1091974665
1091924690
1091874399
1091819190
1091733797
1091663144
1091599329
1089859622
1089783335
1089729444
1089675278
1089626692
1089586976
1089513809
1089467667
1089372538
1087094542
1087043742
1086952976
1086890166
1086796632
1086709157
1086638654
1086541238
1085066228
1085017549
1084974287
1084931712
1084895116
1084850960
1084784450
1084687465
1084616477
1084529115
1084410381
1081118515
1081058811
1081027794
1080984825
1080944912
1080894582
1080817508
1080730955
1080665984
1080581670
1079325272
1079284729
1079250826
1079221035
1079184420
1079148627
1079129296
1079101375
1079044186
1078984293
1078947622
1078908391
1078764086
1078653364
1078589011
1078504764
1078404340
1078322961
1078277237
1076819061
1076730462
1076640207
1076562806
1076453187
1076417260
1076263513
1074876025
1074831920
1074762091
1074698475
1074660368
1074055281
1073949646
1073828074
1073713309
1073594884
1072303147
1072257032
1072203512
1072123869
1072089515
1072064937
1072015313
1069700636
1069597338
1069522771
1069414032
1069341828
1069217984
1069080724
1068953815
1068832387
1067904519
1067869388
1067844366
1067820896
1067776902
1067742086
1067673273
1067644292
1065740236
1065694739
1065631407
1065574327
