1191825558
1191730553
1191397140
1191351263
1191300230
1191246836
1190019101
1189856055
1186619890
1185642578
1183977598
1183911573
1183865986
1183813124
1181710082
1177456469
1173683110
1173614949
1173538553
1170666886
1170615677
1166023771
1165971588
1165929722
1165888178
1165842040
1164031851
1163668516
1163383289
1161752928
1161643030
1161600402
1161553765
1161517387
1161453670
1161392813
1159882258
1159800463
1159725595
1159671416
1159581682
1159539983
1159500787
1159455199
1159403383
1159356757
1155131524
1155099038
1150015314
1149927619
1149836606
1148349316
1132133760
1130945741
1129118039
1128745623
1127315239
1127196289
1127063972
1121835165
1119332371
1119237968
1119118627
1118782571
1118734655
1118689241
1118628314
1118576418
1118527012
1114742700
1114681326
1114617464
1114414390
1114379664
1114334630
1114276214
1114225285
1114097222
1108562356
1108478529
1108363131
1108274836
1108212636
1108156151
1108080976
1106323748
1106197765
1106089136
1105955985
1105875682
1105742994
1105639216
1105566960
1103422045
1103348407
1103233155
1103148815
1103031596
1102972068
1102892224
1102835231
1102791325
1096047658
1096004987
1095971014
1095945816
1095886748
1092429035
1092368135
1092297030
1090370168
1090256781
1090155892
1090045816
1089973197
1089876907
1087987262
1087934488
1087842022
1087708403
1086958940
1085354673
1085303921
1081095287
1081061777
1080986720
1071950991
1070115963
1070064538
1069558217
1065641916
1064126338
1063884617
1063843740
1063820352
1063790495
1063756069
1063705765
1063641401
1053272195
1049982958
1049880825
1049799860
1049708378
1049211750
1040354996
1040239112
1040117187
1036154781
1035380730
1034203155
1031200066
1031114770
1031067608
1030387256
1030286527
1029776175
1028317337
1028244649
1028195160
1028140878
1023922477
1023851149
1022651290
1021915355
1021875009
1021843724
1019866254
1018138483
1018095464
1018049058
1018003675
1017965241
1017929251
1016319540
1016272237
1016234294
1013666368
1013623964
1013551365
1011111346
1011050428
1009130725
1009097128
1006815519
1006776423
991098830
990987968
980983964
980920396
980846575
980723470
980615650
980540712
980438024
980306759
980225037
978556246
978406530
978255050
978116147
977854989
977759508
950563429
950389554
948918471
948873778
948765136
948732297
948504447
948398627
948323855
946851813
946787081
946722474
937092657
936985248
936868611
936639160
936549374
936481901
932731229
932665521
932558665
932457071
932402299
932325374
932243127
931270133
931169732
931043963
930529523
930444672
930383174
919638972
914112422
890137339
889850730
873919015
873825392
873698373
873469365
873382097
873322305
873269965
872439156
872323057
852552839
850780203
850751621
850721525
850668699
850628652
843297703
843255913
843212048
837739792
837687986
837646418
837617584
837586624
837549119
837501915
837469266
835677991
822692334
822642075
822607069
822550372
822459328
821174803
821128897
821089628
821059183
821018282
820979011
819305292
819276968
819253237
819214728
819185154
819151744
819124118
817561641
817532813
817483133
817452245
817414402
817384907
817360881
817326307
817244853
817117130
815986359
815912897
815813943
815768524
815716884
815683678
815653626
815588816
815560829
815526197
815488848
815442084
815411611
815365107
815329441
815275643
815225504
813842738
813807618
813754801
813701467
813656073
813617039
813576882
812036402
811984729
811919013
811859476
811803184
811760697
811727543
811260852
811190658
811076728
809851401
809794911
807650832
807601159
807558970
807492063
807394120
807360301
806041153
805990581
805960881
805932389
805850528
804017342
803782019
802357199
802300893
802248661
802192273
802137677
802087502
802049229
802026623
801990192
801929227
801896959
801852114
801809252
801745480
801674379
801627031
794120785
787453665
787345302
785785899
785453168
785389859
785298771
783877151
783838798
783812364
783783466
783765295
783727667
779894232
778326889
778272811
778223056
774695687
774622831
774553984
774494025
774408225
773089873
773034241
772561129
772349165
771189448
771088857
770899986
770652491
770574971
769337333
769292746
769123500
768904872
767634737
767594655
767504026
767350156
767201207
762344794
762240951
762184693
762095134
758494380
757904390
755835802
755679648
754901084
754873364
754030108
753074504
752970884
752082616
749256413
749193764
748802292
746741443
746631560
745242512
745173230
745111875
744767205
741877204
741847654
741823897
741800241
739956003
739906124
739854196
739760839
739720284
739675964
739623136
739501853
738881726
738149521
736397059
736369043
736330173
736293767
736257963
736224668
736137765
736066558
735960960
733898469
733837747
733017624
730762266
729666746
729591896
727518317
727477483
727391029
727293043
723063647
722975560
721042113
719244347
719147675
718117304
718065498
717948842
717877430
717694696
717522142
716085886
715102519
714960743
714118607
713421151
713261065
713154609
713087286
709696163
709595717
709490202
705174548
705099405
700618524
696673150
696601817
696481112
696181994
696047611
695949115
695848756
695747633
694510426
694448339
694279153
694172211
694092048
693559758
693464807
693347703
693210910
691979453
691861368
691732860
691639523
