1192005844
1191907234
1191846334
1191786755
1191724605
1191394768
1191380589
1191363555
1191312172
1191246836
1189865454
1186618999
1185627171
1181710082
1181016017
1177464805
1177403348
1177370777
1177290839
1175380791
1174789828
1167864494
1165132055
1163837161
1163789797
1163367571
1159479992
1159448961
1159405430
1159216495
1159160588
1157641975
1157587084
1157577896
1156907346
1149950276
1135322111
1129425509
1129348546
1129291967
1129000289
1128943595
1128882407
1128847716
1128792216
1128753454
1128352059
1128225302
1121152946
1121069884
1120987255
1120878785
1120753571
1120639320
1120531491
1118269052
1118194187
1118105539
1116643268
1116545485
1116491934
1116434359
1112391215
1112307322
1112264246
1111747005
1111573004
1109629655
1109519090
1109419278
1107771233
1107720080
1107589950
1107255689
1107195640
1107063425
1106974857
1105143455
1105105381
1105049156
1105007967
1104959680
1104890550
1104803981
1104705156
1104622849
1104516913
1102637518
1102589206
1102533126
1102473509
1102400729
1102328311
1102263542
1102029313
1101935679
1099747502
1097664282
1096249106
1095707700
1095602574
1091713266
1091630676
1091541482
1091468890
1091378800
1089731992
1089119061
1089013087
1088888938
1088744738
1086782563
1086673774
1084383937
1082788766
1082700946
1082600442
1082511043
1082444111
1081016503
1080963436
1080373103
1079448044
1076558229
1065671598
1065535479
1057871450
1055201799
1053464442
1053283125
1049494661
1049261876
1047806675
1047522933
1047421778
1047301235
1047186346
1044587144
1041978997
1039155912
1039042642
1037019023
1027794956
1025838585
1025788087
1025743391
1022347286
1022267484
1022221230
1022159743
1022084096
1022034187
1021983352
1021941750
1021905314
1021871788
1021822730
1020429100
1020343864
1020274191
1020221024
1020169575
1020113669
1020055048
1020010402
1016404192
1016347873
1016278481
1016244716
1016209526
1016176367
1010906488
1009418653
1009372105
1009301822
1009221257
1009164225
1009072167
1009036688
1009006577
1005298032
1005208716
1005171183
1005118788
1005064775
1004925848
1004870692
1003267194
1003154005
1001118741
1000744013
992120930
992061703
992016082
991939614
991898724
991847129
991800023
991753399
991719681
979449433
978253438
978065968
976598917
973421440
973389271
973349321
973286466
971887633
971538977
971450069
971395450
971315078
969615959
969590415
969522150
969466558
969410669
966564536
965184778
965131801
965080914
965045995
964990907
964932214
964859822
964835556
963248207
963177880
963119267
963083599
963045257
963006355
962969258
961425058
961389876
961358838
961310621
961263123
961213266
961172226
961141902
961110792
957772204
957698306
957653373
957600725
957551962
957502713
957460881
950405840
945266391
945220266
945173519
945111309
945059605
944493216
943054326
943019685
940787585
940701508
940677574
940614606
937528555
937438187
936076654
935349710
935233835
935143881
931607388
931464297
931334319
931214748
931090291
929911260
929850498
929747547
929630250
929508398
929394699
929227111
929038734
928929291
928868472
928795395
927648928
927547801
927371385
927212680
926948350
926758567
926630132
925648352
922650093
922260156
921350189
921253004
921165626
919943433
919835537
919700446
919607364
919482959
919392731
919301127
919230582
919058270
918982704
918292267
918256851
918223006
918178667
918128825
918076656
918010343
917925394
917840524
917779753
916950845
916868060
916143658
916091030
915643128
915517231
915439729
915077392
915029379
914983718
914872937
914837263
914768432
914719731
913221459
913105460
913004674
912932984
912873825
912817227
912767860
911491230
911373418
911252171
911073601
911000908
910946640
910921192
910820503
910742749
910663055
910572143
910486554
909746573
909654149
909642986
909532279
909438898
909395380
909305101
909188240
909113196
908558084
908455024
908361608
906048653
905570025
905516720
905473953
905447062
904187379
904072799
904001046
903941964
903882595
903825803
903775930
903733677
903683112
903643095
903605914
903569253
903523796
903466922
902813123
902714449
902629644
900704907
900610144
899652723
899610311
899573378
899557246
898779714
897925991
897888466
897843108
897785766
897738359
896975243
895452778
895404093
893440157
893236087
893174140
893108300
891408336
891327535
891198551
891125832
891054950
890417470
890368220
890341387
890306419
890284633
890129544
890092435
890060268
890004848
889958631
888552735
888538593
888520555
888465716
888424606
888300673
880178445
875871750
875441879
873800222
873699486
868440719
868402475
868397339
868357818
868325142
864259758
863382293
863326109
863235920
861537471
854923553
853041651
852966555
850707515
848919286
847063304
847036868
847009011
846977099
846889457
845639162
845121877
845067957
845010193
844939541
844834053
843994431
843940263
841786931
841750856
841681503
841642032
841602391
841563193
841522148
841493642
840944805
839686976
839640608
839606852
837950170
837890728
837848068
837800360
837761090
837697454
837651960
837637699
837611390
835986071
835926808
835890155
835849905
835821464
835793131
827004283
826940686
826849325
826806677
826766142
826730413
824785958
824751284
824690911
824668682
824637253
824614674
824499958
824344040
822971543
