1192838960
1192741834
1192610842
1191831114
1191747515
1191636185
1191568324
1191490928
1189817614
1185851659
1185721678
1185514501
1185359547
1185182457
1184734113
1184478938
1184373564
1184260843
1184161057
1184081054
1184031276
1183957593
1183914661
1183011639
1182002137
1181912055
1181843347
1181099975
1180376231
1180140102
1180053633
1178992356
1178883629
1178768870
1174800965
1174656777
1174566855
1174081542
1173993975
1173663925
1173596722
1173479963
1172685906
1172581839
1172225796
1170049330
1167456971
1165465101
1165352157
1165202542
1165010446
1164488259
1164385317
1164312526
1164205596
1162373037
1162283578
1158084331
1157058317
1156941935
1156837248
1156710347
1156601171
1156387158
1156215336
1156084599
1155994345
1155870693
1154889876
1154806457
1154693242
1154597380
1154515830
1152092992
1150760584
1150679326
1150609218
1149633526
1149532748
1149376450
1144229619
1144124971
1143963797
1142834519
1142743805
1142574035
1142408288
1142269427
1142170627
1140256898
1140064775
1139953919
1139748477
1139554268
1139360834
1139223069
1137010603
1136825455
1136006039
1135858623
1135740548
1135608095
1134448434
1134312087
1134228194
1133171722
1133028612
1132877583
1132769113
1132660432
1132551085
1132442896
1132199579
1132066385
1131936908
1129817434
1129712051
1129562433
1129430606
1129352141
1128488828
1128365877
1128230616
1128113083
1127899152
1127294145
1127171766
1127023715
1124447463
1123315463
1123054794
1122876432
1122730651
1122567543
1122356107
1122234925
1122114479
1115767283
1115674248
1115191976
1115084619
1114940998
1114780744
1113872190
1113739864
1110147068
1110072335
1110016945
1109082180
1103996689
1103653744
1103426054
1103301582
1103159303
1103083552
1102471511
1102269845
1102186474
1101174290
1098486954
1098413859
1097655771
1097539683
1097462442
1097364756
1096459180
1094858463
1094104026
1092648463
1092577783
1092411762
1092341904
1091780473
1091681320
1091571543
1090876285
1090696471
1090544207
1090399899
1090272876
1090207994
1090098814
1089158216
1089028437
1088870676
1088666922
1088545564
1088314252
1087823859
1087629707
1087523499
1086749885
1086631517
1086490228
1086337195
1080471846
1079587524
1079361615
1078055779
1077815762
1077738573
1076609579
1076494586
1076377029
1076247814
1075168595
1074343484
1074252478
1072809145
1072647981
1071764498
1071674883
1071575283
1071422910
1071233835
1070604390
1070525205
1070454825
1070318859
1069398133
1069304415
1069182065
1069010052
1068911974
1068503490
1068407145
1063247685
1063080532
1062734632
1062591381
1062479159
1060846294
1060758619
1060048801
1059957641
1059873919
1059780558
1059698585
1058890083
1058713266
1058574759
1058222330
1057934463
1057783976
1057702111
1057466423
1057381849
1057286367
1057188015
1057127160
1056429751
1056298160
1056183942
1056076194
1055879919
1055190933
1055100916
1055004248
1054883382
1054761811
1054696161
1054631315
1054024496
1053923246
1053725842
1053340636
1053123342
1052506273
1051333171
1051106042
1050986016
1050875785
1050756742
1050655662
1050581346
1050528560
1050472638
1050437203
1049931095
1049851239
1049758567
1049619186
1044741119
1044675156
1044547071
1044510125
1044435007
1044223382
1044088956
1043990326
1042916809
1042813453
1042638878
1042546506
1041878873
1041506870
1041381162
1041279433
1041166098
1041060167
1040398810
1040213580
1039588762
1037118239
1037001550
1036899516
1036831392
1036758979
1036689033
1036595894
1034897760
1034056008
1033949934
1033846788
1033778771
1032724519
1032677805
1032013481
1031924461
1031833200
1031699082
1031164640
1031100063
1031042743
1030969680
1030912090
1030837069
1030790437
1030240171
1030131967
1029999904
1029884696
1029068698
1028960926
1028833742
1028757219
1028580604
1026681483
1026558173
1026311558
1026124347
1025063893
1024945277
1024793401
1024400220
1024173395
1024109091
1024041778
1023994232
1023203428
1023124281
1023019151
1022626959
1022457461
1022364781
1020880793
1020755031
1019299633
1019146385
1019058320
1018504530
1018361086
1017577897
1017459762
1016637275
1016519462
1016448644
1016405001
1016335070
1015750820
1014348767
1014143536
1012184260
1011977572
1011802359
1010911232
1010825371
1010643761
1010515197
1010389363
1009793102
1009633505
1009543491
1009469248
1009313860
1009225077
1009156126
1007549876
1006312752
1006259964
1005893978
1005841349
1004397332
1004279674
1004118972
1003987118
1003456187
1003382043
1003273980
1003156446
1003072908
1002327387
1002228564
1002160141
1002016802
1001800122
1001423870
1001291572
1001182774
1001108741
1000351689
1000182288
1000067957
996570776
996489263
996254330
996135958
995655448
995561302
994053996
993968584
993440982
993304935
993196910
992395310
992319376
992218915
991833764
989501357
989435459
989231996
989135044
989047819
988905983
988775220
988629817
987386179
987249165
987117827
986767308
986592320
986494501
985313101
985167808
984984400
982946169
982057395
981969971
979695038
979603579
978677356
978472806
978340945
978002081
977887671
977038479
976931167
976001690
975903243
975221233
975185766
975036023
974956533
974878927
958014471
956661142
956512993
956405509
956298498
956196990
956118414
955915504
955793779
955659583
955581458
949106759
947694568
946064015
945927485
945801725
945704284
945631611
945546601
945493241
941406467
941262399
935146039
934004088
933937173
933876095
933815211
933759768
933660108
933484603
933406196
933262883
933135976
931691783
931619135
930925991
