1192842719
1192700027
1192596505
1192440217
1192343793
1191896923
1190936746
1190834204
1190722833
1190644602
1190493996
1185630390
1185527430
1183739415
1183669623
1183615423
1183531892
1183399419
1183263932
1183133992
1182773616
1182319598
1181312346
1181195154
1181090974
1180909585
1179165038
1178951888
1178824225
1178742873
1178646258
1176948280
1176843656
1176747014
1176643768
1176540946
1176381311
1176064350
1174746735
1174642173
1174541426
1174158278
1174064507
1173969751
1173868146
1172996493
1172888451
1172767790
1172687371
1172617382
1172455269
1172351234
1172218672
1171809749
1171692495
1169938713
1169807399
1169631710
1169424543
1168953047
1168833545
1168678739
1168596298
1168485102
1168410542
1167740023
1167666531
1167545877
1167397440
1167275900
1167191373
1162355661
1162258900
1158958660
1157286158
1157193859
1157117918
1157030278
1156055076
1155840954
1155704949
1144562468
1144422480
1144306519
1144214349
1143079645
1142990942
1142923434
1142823142
1142721405
1142535640
1142336020
1142265155
1140647096
1140540517
1140420946
1140285787
1139701802
1139576100
1139160990
1138611195
1138309024
1137604812
1135926822
1135800847
1135682029
1135618259
1135526427
1135342617
1135219062
1133403648
1133309561
1133202658
1133090380
1132973737
1132846493
1131252468
1131146688
1131101178
1130610969
1130512130
1130414862
1130223558
1128719740
1128649008
1128588019
1128450449
1128336617
1128208184
1126954060
1126843305
1126740041
1126485116
1126446433
1125633845
1125522954
1125382649
1125239609
1125133364
1125009098
1118443805
1118335683
1118211661
1118070838
1115767283
1115674248
1113869971
1113254304
1113165227
1112154900
1112089240
1112048765
1111462782
1111365957
1109349660
1109130751
1108394922
1107033950
1105984205
1105896159
1105576398
1105494164
1105417821
1105343657
1105290849
1104703116
1104629451
1104534985
1104391917
1104305443
1103168705
1103049763
1100040559
1098504210
1098422394
1098331820
1098269806
1098201464
1098163099
1096409134
1096329750
1092886313
1092812006
1090170416
1090053489
1089970103
1089891150
1087823859
1087594958
1087519886
1087435257
1086216943
1086069926
1085668336
1085590021
1078399529
1078297513
1078139348
1077969588
1077866510
1077722097
1077593668
1077554766
1077498122
1077435307
1076562443
1076108727
1075780166
1075610593
1075217637
1075111577
1075042013
1074977538
1074913457
1074839339
1074801812
1073859834
1073759143
1073102160
1072974704
1072651618
1072554465
1072450051
1072323316
1072256644
1071728847
1071475833
1071396037
1071254996
1071107765
1070962291
1070827207
1070693756
1070559120
1070449477
1070391022
1069160858
1068870705
1068761321
1067397632
1067280284
1067203163
1067090973
1065521543
1065377015
1065295975
1065180476
1063316829
1063229503
1063135204
1063026390
1062913683
1062831890
1062755663
1062676762
1057934463
1057783976
1057702111
1057548498
1056832551
1056775516
1056727046
1056686733
1055200341
1055089380
1053813351
1053681021
1053543189
1053368322
1053251480
1053144744
1053057595
1051288921
1051166445
1051058811
1051009158
1050884414
1050808377
1050728581
1050662832
1049597525
1047697404
1047560532
1046162014
1045457008
1045368554
1045249428
1043028356
1042927204
1042823186
1042626947
1042518900
1041927019
1041423097
1041324029
1041207244
1041114476
1040562110
1040273740
1040162166
1040057035
1039588762
1037865833
1037779443
1037649607
1037129705
1036987629
1036903693
1036814249
1036724848
1036008294
1035851935
1035760309
1035636801
1033878163
1033791261
1033712413
1033559766
1032054832
1031951968
1031865770
1031314429
1030164150
1030057744
1029926987
1029774698
1029148070
1029047460
1028900596
1028757219
1028653043
1028623673
1028044232
1027974427
1027882346
1027764066
1027677340
1027536676
1027419765
1025063893
1024945277
1024793401
1024624760
1024491329
1024319334
1023162029
1023085774
1022977468
1022856208
1022713892
1022610318
1021328839
1021223140
1021135272
1021014354
1020868442
1020766816
1020643999
1020550819
1019500081
1019403412
1019295565
1019207965
1019066240
1018930699
1018857265
1015750820
1014263714
1014139683
1013390185
1013292682
1013137304
1012990754
1012878787
1012208051
1012111419
1011905353
1010969154
1010898827
1010839551
1010632655
1009798892
1009694413
1009531041
1008461700
1008372748
1008262775
1007885588
1007772110
1007645232
1007549876
1006493329
1006407386
1006246058
1006138162
1005951046
1005838625
1004349274
1004271240
1004157349
1004057414
1003924398
1003528379
1002254873
1002164436
1002055368
1001946758
1001794624
1001482456
1001381083
1001214642
1001137585
1001032770
999062617
998981289
998526838
998398105
996556075
996444555
996315158
996254330
996180176
993361139
993255491
993148105
992455072
990488764
990352475
988998756
988914044
988756606
988625292
988483136
988419924
988363164
987578008
987527823
987457959
987321546
987207115
987068736
986803945
986600832
985720029
985313101
985167808
985046938
983193116
983075616
982977066
982884690
982814049
982667521
982533058
982057395
981969971
981262706
981213222
981181027
978681351
978569682
978459603
978255580
978164826
973385768
973350807
973313978
973262597
972930026
972849824
972747183
962450846
962249068
961675520
961618063
960870999
960800028
960702873
960590128
960499003
958699097
958530988
958402363
956714081
956544090
956425404
956276728
955256809
955196385
955147726
953230456
953131914
953073340
953004515
952907842
952845806
952785952
952749079
952704863
952181835
