1190361844
1187781575
1183270024
1183031900
1182880053
1182720695
1179038799
1178440481
1178368129
1178298032
1177197978
1177181410
1177153821
1172257874
1172154823
1172040897
1171925019
1168521200
1166936856
1166745441
1166110781
1164922849
1164863300
1163990127
1128801615
1119110579
1115966374
1107819766
1105215848
1104606683
1100863869
1100743682
1100682537
1098406679
1098312157
1097727956
1097659748
1079334162
1076862606
1075426976
1075350093
1075241290
1072709691
1072622679
1072538901
1072440642
1072244019
1068124027
1066208759
1066164673
1066111234
1066069102
1065999888
1065959747
1065691407
1064208639
1064144111
1064091086
1062172676
1062068962
1062026006
1061978593
1061938859
1061903205
1059855531
1059674075
1059557799
1059529739
1059472171
1054545200
1052697324
1052632298
1052545353
1052491607
1050369401
1043729007
1043637992
1040680635
1036102214
1036022202
1034233033
1031935210
1029985661
1029834163
1027599449
1027469915
1027320908
1027139549
1023689489
1021988999
1021927780
1021198048
1021093983
1019855484
1019823834
1019596801
1019428857
1019330357
1018902125
1018803835
1017963422
1017937407
1017900363
1017861752
1017232636
1017107803
1017037739
1016925470
1013079790
1012789013
1011755249
1011667556
1011581707
1011498209
1011434167
1011004208
1010878741
1010548089
1010444330
1008818554
1008219273
1007269370
1007216774
1007178273
1007134121
1007072511
1006925495
1006874072
1005007226
1004984492
1004944525
1004184960
1004069444
1003966261
1003923133
1003796743
1003694547
1002831011
1002786753
999020838
998924592
991553993
990460216
990329284
990182466
990080097
989994032
989929567
989885760
989842828
989800164
989759540
989724977
989700749
988151265
988104454
988049940
987996675
987946234
987913987
987879934
987838917
987808520
986251706
986185532
986148392
986108514
986078628
986025673
984077263
983972345
983878658
983806166
983764634
983707056
983638553
981668833
979376919
979184442
977644247
977584868
975727894
975671095
975618815
975569692
975544471
975501400
975454276
975422632
975391462
973624250
973398382
973347667
971512500
970033240
967160036
967105610
967039423
966992462
966968273
964939451
964894149
964608920
964486382
961344701
961306152
961249080
961198341
961161089
961127118
961104788
957305903
957234274
957100079
947242380
945302245
933817700
933764134
933688407
930117791
930073416
930041492
929978365
929953007
929897281
927876347
926294155
926172027
926088855
926046040
926008795
923616240
923545411
923464232
923385821
923322536
923260136
920657626
920564724
918021192
917972978
912489317
901249933
899649607
899620068
899592519
890267310
890175392
890151029
886030362
885727481
879355469
877204991
877171191
877148109
877045534
876817717
876724946
868146577
868110862
862320416
856491930
856084518
852968698
852870380
848392535
845292741
810390246
808907349
803560480
803489767
803398437
803312740
803197971
800030300
798532554
798443977
798376393
798303604
798231978
798003949
797855766
797793658
797757176
796596084
794804348
794699659
794511647
794437234
794354693
792696992
784106489
784053722
781911338
781867598
781839250
780366867
780330245
780291592
780247112
778602637
778549943
778499698
778323592
778266927
778232010
778192001
778148404
777060220
776992522
776911707
776855898
776712788
776675241
776646488
776534409
776505024
776465092
776432756
775017179
774974544
774939246
774807240
774772068
774739333
774584921
773717013
773665282
773360829
773288073
773232230
773136279
772931902
771436145
771335628
771295307
771255934
771134157
771085100
771050552
771007709
770969916
770937787
769748809
769698782
769622188
769573619
769499664
769469832
769293959
769162442
769041019
768969924
768070866
768017812
767970696
767881862
767827018
767789032
767770490
766494624
766420734
766365697
766315546
766266101
766208393
766108481
766091577
766055238
765980233
765957116
765870789
764622061
764583650
764562876
764513371
764468136
764429987
764381217
764294612
764050303
762922125
762867951
762558243
762363546
761952996
760396022
760342890
760246314
760171686
758927081
758873619
758826950
758698859
758539742
757051977
757004772
756957816
756928321
753529763
753470186
753417995
753380849
753354580
753175833
753056310
745669531
729389459
727605286
727563936
725197630
725140809
725040962
724970999
724542736
723943120
723831474
723498255
723432265
723355585
723163497
723047577
722955734
721953738
721887288
721520476
720881356
720769832
720472568
720418207
720396733
720359909
720334729
719567824
719451576
719336146
719257316
719124194
719038567
718605289
717700354
717638787
717533539
717439775
717327394
717205304
717086629
716999839
716917060
716778470
716644876
716587930
716550393
716493835
716460966
716402994
716372563
715301454
715205401
714959888
714724989
714659989
714630215
714584303
714563518
714525829
714494817
714459189
714424806
714384293
714362362
714280875
714238884
712873932
712795386
712161616
712096571
711981736
711903660
711821111
711734542
711654831
711524860
711426969
711311675
711212901
711115213
711068662
711007312
710920796
709341660
709185499
709045601
708987361
708928392
708882988
708397375
708332459
708271964
707391855
