1171975579
1171668174
1171522167
1169182227
1169117705
1164808062
1164004229
1150450727
1119396539
1119227190
1119144021
1119048237
1114487852
1112392691
1110164703
1100863869
1100787437
1100708028
1098565493
1098513991
1098420180
1098355644
1098254725
1094436239
1094347611
1094288857
1092339719
1092297461
1092241251
1092195870
1090327161
1090078527
1090018063
1089820714
1087736676
1087634324
1087535362
1087447878
1087374865
1087294559
1087228702
1085171425
1083327594
1083268433
1083196336
1083143381
1079565118
1079500823
1079426829
1079357587
1079310947
1077524249
1075480556
1075392519
1075257050
1075145766
1075061156
1074978213
1074925071
1070279824
1070212621
1070131198
1070060321
1069996871
1068279911
1068249006
1068188950
1068134972
1068071022
1068006746
1066265337
1066215194
1066155052
1066071281
1065999888
1065959747
1064213124
1064164303
1064086852
1064003773
1063964845
1063920250
1062250925
1062179972
1062002122
1061968388
1059877750
1059790531
1059605585
1059560780
1059504465
1059472499
1059411798
1057267086
1057216562
1057126971
1057067532
1056995534
1056918575
1054831519
1054772097
1054695746
1052656318
1052587988
1052548280
1052491607
1050796800
1050735975
1050650485
1050587644
1050539641
1050467917
1050396846
1046493234
1046413093
1046360086
1046315509
1046264070
1046225251
1043519090
1043455172
1043438782
1043402592
1041278446
1041179157
1041103997
1041017392
1040867154
1038588401
1038433970
1036828985
1036742746
1036659642
1036634135
1036550059
1036481207
1036430127
1034836860
1034736452
1034682337
1034618726
1033205717
1033091994
1033027904
1032965760
1032897946
1032844409
1031117425
1031017088
1030953371
1030908772
1029136566
1029026528
1028928668
1028612984
1028532367
1028464797
1026374551
1026269387
1026169636
1026085063
1026031751
1025965494
1022170946
1022066115
1022024901
1020221024
1020149406
1020086323
1018352989
1018286913
1018222492
1018172667
1018126130
1016493926
1016438461
1016397090
1016352598
1016296467
1016160222
1014065038
1013987049
1013942358
1013867663
1013657378
1013599393
1011618634
1011463082
1009263674
1009197295
1009148852
1009090524
1007358252
1007288593
1007136899
1007072511
1007014879
1006956772
1006474486
990070907
990020926
989953333
988334440
988052198
987997922
987944093
987921659
986348750
986273858
986256120
986189096
984148046
984060614
983974555
983891234
983817381
981845265
981714494
981638961
981326396
979444467
977735728
977666701
977567044
977520640
977438365
975576394
975525449
975462260
975427069
975344840
973924421
973867700
972164380
972103599
972044039
971971923
969963244
969883136
969777757
969695694
969634598
965098467
961270050
959765072
959708912
959647507
955788883
941194406
932598819
932490589
932401399
932333964
920657626
899580294
899552277
899524884
897845117
897755572
895559792
890264952
888496513
886125251
884630954
876817717
864186770
864153018
856405841
852968698
838072768
838014893
837766778
834031627
833680961
831376730
831278604
831172677
831098026
828987559
828912149
828854698
821221055
817650952
807709291
807684583
807646423
803801517
799843893
799782178
799742838
798093334
798035400
778611019
778507610
778481530
777003252
776763809
776679685
776646488
776547649
775197221
775156636
775111296
774961564
774824268
774795260
773172259
773085972
773049785
772940409
772858289
771163558
769468904
767544110
766299675
766222830
766171960
766143670
766106182
764590575
764545925
764492375
763228073
762845522
762663070
762622768
762561625
760835503
760786959
760731960
760658243
760618771
758505069
758437129
758372992
756962702
755614983
755581874
755499523
754798322
751963469
751821015
751758696
746684837
744636275
744424695
744150392
744075906
730099872
727893308
727821352
727785753
727717838
726068345
726019196
725987382
725942083
725898259
723864509
722618060
722551628
722458325
722411022
722375071
718617989
718377282
718332598
718275086
718152981
716487563
716441294
716413429
716396268
715690899
714575460
714524409
714486054
714441557
712668272
712585275
712550818
712516217
710641141
710549752
710530927
708976295
708914921
708836527
708809054
708782296
706584219
702782322
701051668
700683772
696921240
686349153
682638328
680864316
662156761
642050276
617077915
617022838
616952148
615204770
612199460
610642155
609460220
609417799
607708707
607641572
607594663
605832720
605801126
605769969
605675453
605596546
604257106
604220186
604108273
604080424
604047344
603906101
602698639
602668953
601207794
601150670
599965405
599935337
598767383
598725816
598686760
598470282
598391194
598373708
596874125
594961538
594934263
593598983
593434146
592377692
592258325
590911710
590879251
590851968
590822536
590701182
590686780
589597489
589565207
589548826
589352536
588315991
588269021
588149573
587888291
586320737
586252845
584720676
584349812
582620269
582594883
582562073
582522694
579520033
579494013
579456133
574994819
574947436
574908924
574879783
574849004
573116914
573075786
573019448
572193847
571424632
571385072
571303803
571271004
569827463
568687627
568661460
568607360
567317534
567291729
567229354
567122290
564409979
562866970
562778388
562741213
562711906
561310204
560245171
560206695
560171051
560136069
560102800
559977998
558931876
