1172538549
1172294665
1172199599
1172078440
1171948396
1171789899
1171690351
1171509579
1169812026
1169518071
1169193483
1169079808
1168981172
1164972054
1164890633
1164808062
1164639074
1164550174
1164479106
1164338203
1163993535
1152288351
1150206705
1150165035
1130970506
1130870089
1128987754
1128912195
1128822451
1128768510
1124085381
1124004247
1121436936
1111838742
1111759943
1100752076
1100699314
1100647488
1100338831
1100278986
1098399953
1098345449
1097962057
1097924560
1097856296
1091971630
1091949522
1091897712
1091830292
1091783882
1091700493
1089703945
1089627018
1089598545
1085201356
1085144218
1085101429
1064144111
1064092913
1064029047
1059742455
1059660055
1059582204
1059526231
1059459360
1013786475
1006918717
1006901082
1006859588
975286283
975261284
930333433
930288717
930235800
930191347
895144711
882137379
882078953
871595724
870001111
860303859
860280494
860253099
860229432
860194741
843554957
843531767
843485233
843460922
835752038
833680961
830332035
830297698
830253602
830227619
830168171
830130777
828647728
828618505
828525692
828499945
819094533
818829421
794098434
794055796
774318898
774247535
772554830
771196094
771125367
770995607
770826349
770724297
769408915
769337333
769166153
769083280
768808772
767698877
767633099
767570030
767304257
765876986
765816652
765748974
765679459
764114253
762608364
751338409
751298987
743768690
743745718
742051855
740317725
740285462
740241727
738452629
738396983
738357282
738326951
738290625
736590659
736565358
736515866
736336308
736314979
736288676
736247499
734150165
734089855
734048106
733953832
730163491
730120581
730082287
730027763
729991123
722007382
698884717
698514806
689936704
689902149
689870456
689777100
689669445
688031344
688000253
687975179
685773119
684358969
684334684
684311307
682402893
676553568
676474519
674846149
660144343
655332243
653507194
648152323
639924875
639655565
632831966
631389769
631355667
631328751
631194500
631160055
631145451
631061168
630998769
629516450
629484960
629452453
620178393
620141366
620115238
620095475
620070967
620037593
620006976
619953736
619898291
612183063
612157422
612056079
612036195
612021995
611979372
610774338
610739168
610712285
610606987
610585476
602337472
593389079
593372620
593350275
593324437
589169102
582614305
582572013
582545898
582516345
578195752
578164744
578133689
578114273
578089535
578064766
576503813
574301409
571329394
571312365
571285141
569917416
569858761
569845186
569825842
569803887
569772871
547463493
547443465
547426408
547404753
547380995
547364171
545993038
545956392
537618106
534750277
534694290
534660664
534610559
534486922
534420568
533303038
533268645
533248682
530024906
530001996
529972818
529925497
526981154
526956537
526928719
526904498
526884767
526867563
526844216
526817974
518232565
518174603
518145887
518096670
514568492
514539901
514521449
514498564
514476129
513153385
513129813
513109994
513091298
511622146
511595199
511558598
511533899
511492564
511459605
511424555
511388878
511350685
501751323
501721564
501688820
500457981
500392562
500362051
500322087
500290703
499074505
499038412
499008136
498983823
498942673
497615299
497611610
497583625
497572827
497548406
497529322
497507169
497484550
497464451
497434350
494090306
490632481
490573599
490525562
490486804
490448275
490409682
490378195
490327964
490273622
487472597
487441390
487438057
487412058
486145414
486118131
486115239
486082168
486055706
481596779
481593849
481562593
481537475
481514475
481489370
481466745
476264024
476256154
476234782
476216921
476203229
476167168
476151514
476133684
476110898
473294089
473289815
473264409
473229594
473188441
473162995
473138390
471822851
471797337
471779401
471761972
471737268
471720463
449051007
449030898
449011024
447602467
446194023
434727542
434572414
431483770
431459371
428887540
428849142
428822872
427363555
427306888
427275792
427236876
427201666
425855463
425812022
425764524
425735136
425706729
425660704
425626560
425603524
421668381
421600115
421552234
421499695
421449504
421402608
421361702
419939186
419900222
419819189
419757195
419710016
419689433
419662239
419598196
419554302
418445799
418423002
418404627
418386594
418362958
415126845
415123728
415097200
415075555
415056217
415018336
414999621
411175279
411150839
411136270
411131249
408933733
408927413
408913654
408898439
407845254
407823470
395619067
393324486
393306873
393284728
393258085
392050739
390888038
390867004
390849633
390829776
390810969
390778300
390771546
390417020
389523079
389491129
389472289
389443669
389424762
389397967
389306269
385779040
385772511
385764642
385733158
385666202
385633688
385593911
385540924
385508154
385409009
385373592
385310006
383870082
383815944
383812273
383766806
383738577
382764568
382757021
382734957
382714509
382711386
382667836
374149343
374124632
374107253
374088989
374055763
372939722
372935984
372918325
372899853
372876582
372854504
372839468
371809771
371794156
370548578
370529389
370507862
370485656
370464011
370438819
369237680
369234051
369206116
369180147
369044694
367873154
367839069
367813321
367775248
