1192228456
1192119542
1192001213
1191903067
1191787548
1174134612
1174015260
1173921977
1173819335
1173735260
1162556463
1162458040
1162374890
1162259795
1162186403
1162122907
1161429965
1161380936
1161297734
1161232904
1161146958
1161021046
1160926159
1159412707
1159361000
1159270348
1158290816
1158183927
1158090063
1158029592
1156984872
1156902037
1153519896
1153374963
1153284614
1153189824
1151189454
1151070088
1150988504
1150876759
1148893571
1148514439
1147148674
1146638227
1146456449
1146377276
1146286831
1146135597
1141950483
1141877908
1141795877
1141700311
1139533277
1139403124
1139296573
1139184645
1139090028
1139019922
1138967377
1138900767
1138849081
1138825015
1137412828
1137293480
1137168957
1137071899
1136939099
1136863438
1136073301
1135999946
1135924916
1126615771
1126535360
1126460052
1126401179
1126344538
1126166122
1126103807
1125987699
1123835200
1123781241
1123717425
1123635048
1122558477
1122427754
1122266808
1122123845
1122041679
1121942335
1121846515
1121753915
1121236782
1121159840
1121099758
1121028758
1120899445
1120823162
1112387488
1112314873
1112040125
1111992341
1111952436
1111902016
1111338217
1111238633
1111134997
1109941712
1109879156
1109838803
1109792440
1109750100
1109694664
1109652293
1109599078
1109548314
1107646353
1107604770
1107483488
1106787004
1106658916
1105435348
1105391828
1105340040
1105265166
1105175504
1105143101
1105067740
1105002631
1104358414
1102965148
1102888794
1102813790
1102752470
1102694963
1102469446
1102391420
1099966459
1099882947
1099766128
1099653399
1099412404
1098139947
1098072034
1098006002
1097918790
1097886298
1097816040
1097701009
1097614612
1097497232
1096031072
1095987017
1095765356
1095679016
1095554139
1095436230
1095345287
1095193010
1095107107
1094964535
1093962805
1093927089
1093879165
1093524052
1093439589
1093353448
1093237973
1092970193
1091936352
1091863894
1091794176
1091682325
1091619229
1091520582
1091419610
1091284691
1090214498
1090011561
1089868751
1089757003
1088918138
1088836246
1088726563
1088591999
1088418329
1088284860
1087216301
1087160432
1087122865
1086925498
1086648867
1086541666
1086377163
1086230211
1086101546
1085961629
1085026157
1084979164
1084918141
1084565213
1084441973
1084336002
1083887807
1083825815
1082963119
1082908320
1082859677
1082806348
1082720633
1082300552
1082156460
1082030519
1081907657
1081838229
1081796838
1081723511
1081657431
1080078808
1079975995
1079892402
1078981767
1078914695
1078852952
1078777773
1078669221
1078557789
1078412927
1078300348
1078029672
1077907112
1076357144
1076238818
1076076713
1074553806
1073918977
1073700264
1073518857
1073364641
1073226440
1073127940
1073005981
1055525951
1055401113
1053470954
1053369192
1053190189
1050056615
1049801804
1049708378
1049584408
1049429743
1049311916
1049180307
1045166944
1045064231
1044957315
1044711238
1044558602
1044452359
1044350207
1042168806
1041990349
1039923111
1039530489
1039349200
1039162569
1035432608
1031477175
1031343029
1022627525
1021730431
1013499230
1002358831
1002121307
995877385
995827389
995774834
995712715
995441378
995195521
994723261
994615668
994474720
994392265
993632935
993596564
988705844
988615957
976284656
976079195
973527480
973495862
973468474
973430308
971725060
971694167
971620065
971574311
971500352
971443749
971258967
971175725
971068329
970989947
970886588
970674193
970539547
969360954
968296339
968194049
968086014
966958904
966914088
966882572
963864927
961688894
961611866
960949767
959950758
959862734
958134381
958036638
956266188
950478508
950411781
949923347
946514524
946029852
945949043
945861371
945789623
945706113
945601842
944857079
944790380
942147222
941988535
941889709
940495041
938142354
938049338
937983243
937127468
936999399
936922750
936854885
936776432
935182585
934905162
934869344
934773290
934041728
934008209
933010539
932895069
932795099
931110574
930937691
929384860
929296278
929192381
928961829
928102383
927255487
927088699
926961672
925647938
924889198
924733828
924506120
924396482
924256778
923078793
923042726
923024775
922952230
921564906
921423486
919156875
919088185
919001337
918920471
917310882
917199385
917118782
916908849
916843633
915167584
915021940
913136936
913023610
912953504
912419560
912381550
912348142
912298438
911964938
911880241
911825719
911331998
909771486
909693023
909581671
909490439
909358073
908503663
908421377
908343201
905988406
904378167
903327545
903294832
903265955
902488851
902401627
902327548
902252576
902174597
901352105
901314277
901266920
901232347
900364755
900305671
900234703
900148274
898412498
898322893
898221540
898164393
897482649
897460616
897417170
896164830
895981651
894841465
894753155
894719517
893961313
893835119
892391618
892344547
892304464
891822541
891712346
891569368
891135705
891069658
890962285
890876961
889744579
889666330
889587185
889486568
889274192
889145365
889027068
888938817
887321467
887255297
887179672
887032112
886965937
886890492
885313038
885137717
885025640
884952269
884862766
884308397
884265129
884228845
884181770
883261746
883013753
882936521
882156407
882120594
881193621
880963011
879685749
879625318
879555804
879504054
879416574
879342472
879294360
879190631
879133966
879002873
878886921
878301493
878061265
877981578
877861640
876509247
876207538
876095600
874736967
874711633
