1191831114
1191497238
1191435174
1191378660
1191179185
1191071485
1190564418
1190468573
1189621913
1189537023
1189440133
1189386364
1189338247
1183115884
1182248566
1181503554
1181412923
1181371736
1181154413
1180799332
1180163400
1180088619
1179424275
1179381505
1179319814
1179284721
1179180436
1179018765
1178883629
1178768870
1178674858
1178347113
1178184430
1178051511
1177900356
1177831689
1177323869
1177294061
1177257290
1177211391
1176747014
1176601110
1176281863
1176173970
1175190716
1175151400
1174941129
1174822469
1174696333
1174581897
1173776205
1173714041
1173625557
1172745185
1172636743
1172522153
1172327103
1166334741
1166275726
1165386915
1165308087
1164501143
1164266890
1164219605
1164136875
1161359751
1161289561
1161208248
1161147077
1161052591
1161005544
1160977460
1160841373
1159130137
1158071568
1157976687
1155679497
1148498528
1148376670
1147790098
1147372758
1146136460
1146070135
1142696745
1142588951
1139288952
1136766454
1133064376
1132975212
1129666124
1128295186
1128159567
1127155655
1123592208
1114522526
1114451497
1113826518
1112735987
1112664654
1111747872
1111700019
1111632243
1110953735
1110311081
1109815503
1109769841
1103314802
1101121868
1098504210
1096563018
1096511014
1096466666
1090660366
1079723505
1079665088
1077724963
1077663611
1076108727
1075610593
1075168595
1072501548
1070427232
1069425020
1069315414
1069262647
1068503490
1068407145
1066449479
1065377015
1065295975
1065180476
1063257603
1063149413
1060985139
1060874441
1060754770
1060641949
1055200341
1055089380
1054576294
1053057595
1049651040
1048968348
1047560532
1046510065
1045628365
1045464037
1045358694
1045246731
1044498241
1040057035
1039588762
1039081115
1036896505
1035781209
1035705148
1035605149
1034056008
1033559766
1030354183
1030240171
1029926987
1029774698
1029068698
1028960926
1024048501
1023420949
1023203428
1023124281
1023019151
1022910477
1022814651
1022626959
1022457461
1022364781
1022215631
1021622423
1021272876
1021171573
1020269108
1018930699
1018857265
1018385897
1016649760
1014263714
1011560447
1010969154
1009798892
1009694413
1009506540
1009382856
1009312505
1008461700
1008372748
1008262775
1007885588
1007772110
1007270245
1007201582
1006436192
1005838625
1005169708
1005092346
1005001696
1004271240
1003922495
1003532975
1003422032
1003254960
1003185848
1002327387
1002116434
1001961737
1001907015
1001800122
1001423870
999169893
998926734
994587649
994440195
994053996
993968584
993440982
993304935
993196910
993050013
991970202
991908330
991833764
991259701
991172230
991104400
990998517
990488764
990215768
990141212
990048844
989984436
989890372
988998756
988914044
988756606
988625292
988483136
988419924
988338276
987321546
987207115
987068736
986803945
984984400
983438591
983358958
978942474
978681351
978569682
978459603
975612444
974906598
974800187
974614151
974070512
973362685
973204168
973116459
967532886
967450432
966669529
966436427
965613236
965293413
964538814
964139056
963738678
963593177
963426820
963322093
963276701
962133923
962033982
961830724
961761091
961639622
961575437
960983175
960851806
960036913
959932652
959699604
959659189
958662684
958552588
958429544
957972436
957917154
957867046
957283841
957228725
956425404
956276728
956134964
956045617
955826991
955709501
953182120
950104422
949987961
949884982
949577123
949445118
949327307
949132937
948662875
947587191
947512467
947422609
947326430
946726734
946648106
946528987
946064015
945882226
945758857
945650421
945561843
945406674
943626372
943457862
942064381
941832121
941722834
941608252
941431740
939750829
936717042
936587589
936506052
936432745
936248335
936194834
935349998
935146039
934815312
934004088
933406196
933262883
933135976
933009682
932944322
932895022
932817101
932751817
932670622
932595661
931742915
931671496
931569062
931438105
931242873
931083944
930928099
930805253
930713940
930625673
930569206
930034431
929898984
929813464
929768964
928891076
928771058
924295442
924129546
923904488
922894200
922707913
921249263
921001172
919634549
919529165
919316537
919152399
919036575
918955903
918891172
918737477
918647172
917564951
916986479
916847821
916790654
914849175
914809764
914771720
914695527
914646952
914589051
914532343
914484137
913970291
913836226
913726937
913641548
913541734
913436666
913291790
913210329
913153260
913096904
913030887
912870005
912824133
912228251
911417388
911321492
911122030
910892015
910780521
910670391
910612185
909801768
909717201
908519909
908419481
908354069
908286242
908101115
908038494
907968684
907296017
907237428
907152178
907087056
906994220
905886738
905834232
905777476
905702071
905178291
905117915
905012032
904937940
904878682
904668696
904504171
904424918
904299970
904158130
903969265
903904754
903146642
902446247
902356928
902283854
902194299
900099103
900032076
899957478
899337618
898322866
898241760
897926533
897166302
897028201
896896218
896497576
896313523
896022557
895940306
895858136
895707243
894440264
894300257
893811837
893734933
892931129
888969105
888902221
888805593
888729665
888681826
888618786
888561944
888539478
887959846
886938008
886866587
886815945
886751362
886691148
886585637
885856499
885739103
885667492
885603676
885508107
884969775
884914269
884837002
884761881
