1192837539
1191048954
1191006650
1190473291
1189019272
1188986305
1188964066
1188925432
1188365433
1188201625
1186157373
1186041017
1185961463
1183233911
1183148488
1182991205
1182645608
1182518199
1181609981
1181569205
1180999152
1180905058
1179980542
1179875564
1179769880
1178658060
1178534577
1176597478
1176501822
1176396735
1174502710
1174390909
1174147794
1173314625
1173260359
1172636743
1172522153
1172366423
1172176496
1169942123
1169749244
1167499565
1167345576
1161399682
1161316293
1161221378
1161099947
1159269010
1159170203
1159035666
1157374901
1157339685
1156938069
1156835370
1152644054
1152586227
1152530523
1151386840
1151297490
1149361790
1149328579
1149198438
1148882119
1148769697
1147110083
1146615055
1146452550
1144076579
1143993077
1143870898
1142590183
1142117167
1142004187
1140581152
1140248632
1140139325
1140049940
1139819630
1139391391
1138593723
1138518623
1138412401
1138322236
1138225946
1138077493
1136591642
1135303078
1135186862
1135064025
1134750278
1134630596
1134469031
1134336165
1133177538
1132360833
1127626306
1127469340
1127304552
1125823525
1115485540
1113513837
1113379343
1111452893
1110901899
1110756169
1109199264
1108880465
1108741655
1108626880
1107191226
1107012799
1106690749
1106459211
1106231578
1106116823
1104759063
1104660139
1104541568
1104134145
1103715799
1103571046
1103465793
1103380755
1102614467
1102562782
1102504238
1102028919
1101934117
1101823871
1101634361
1101524625
1100968406
1099776234
1099585840
1099398961
1099122917
1098121004
1098034923
1097983770
1097940445
1097855971
1097774961
1097669763
1097553805
1095836901
1095789069
1095729104
1095637485
1095524165
1095437075
1095275378
1095169095
1093707267
1093675401
1093600367
1093518820
1093395340
1093259768
1093236893
1093090809
1092947154
1092837331
1092732319
1092582869
1092525805
1091892227
1091825040
1091769147
1091726985
1091629351
1091582241
1091410767
1091329106
1091201100
1091096275
1089556622
1089462185
1089390568
1086759911
1086652817
1086518649
1086410214
1084614889
1084420553
1083855731
1083742252
1082728970
1082619403
1080572432
1080455396
1080063070
1080020667
1079975828
1079770781
1079693768
1079170307
1079095160
1079036737
1078979873
1078951450
1078853083
1076496206
1075926025
1075768311
1073529330
1073391663
1073260572
1073147639
1071734525
1071658950
1071540221
1071414839
1071282011
1071119843
1070964651
1070650595
1070568920
1066140652
1066076465
1065699689
1065636574
1065534414
1063585002
1063497754
1063372059
1063299297
1063257603
1063203525
1062640495
1062533315
1062427764
1062362899
1061204314
1060986307
1060843996
1060469596
1060340599
1060201892
1058905046
1058766551
1058647003
1058493439
1057715151
1057673647
1057323120
1057200025
1057121067
1056153997
1054864478
1054802083
1053785095
1053744725
1053662740
1053160687
1053120212
1053101704
1053030491
1052656533
1052609795
1052561091
1051765890
1051659474
1051571899
1051423974
1050724905
1050468678
1050408825
1050355506
1050323728
1048087445
1048050010
1048006170
1047925139
1047848777
1047787284
1047696495
1047601452
1041968447
1034279247
1034225797
1033949934
1033864529
1032700674
1032165745
1030241598
1030131967
1028869505
1028095396
1028005063
1027898648
1027810388
1027692744
1027538234
1026602428
1026519917
1025392335
1025302175
1025153498
1025045220
1024823237
1024704021
1024596618
1023966716
1023911623
1023843106
1023804646
1021973335
1021851999
1021802415
1018674266
1018099136
1016782513
1013142673
1012939304
1011852768
1011714766
1011606170
1011515258
1011425650
1010700386
1010620762
1006816739
1006758117
1006725543
1006590121
1006507971
1006436192
1004304784
1004124820
1003404576
1003305735
1003229299
1003124979
1002530793
1002466424
1002375006
1000845523
1000793401
1000739963
1000559735
1000489513
1000372581
999949644
999829427
998327145
998079439
997991843
997917075
997780964
997546700
996308162
988313787
987481982
985815336
985754489
983567876
981992479
981863802
981786131
980939508
980800442
980602864
979214514
979085240
978017054
977212042
977015152
976951900
975968537
974916303
974747988
974568780
974447866
973075097
972934231
972651312
972498600
972408025
971637121
971601190
970208238
969452769
969367576
968191720
968062870
967948872
967788846
966746131
965467869
962807680
960983175
960800028
957949558
957436596
957057752
956936611
955975062
955862527
955682149
953511558
952792550
952732851
952232433
951852032
947401908
947332737
947273272
946548559
946456034
944584903
943064299
941880676
941737933
938314817
936630999
935243428
932989496
925736360
925680675
925619448
924802225
924381201
921626220
921395310
921190804
920892314
920815160
920706634
920595640
920259659
919903154
919835290
919768423
919735723
918254902
918233396
918192005
917494650
917329443
916283463
916259374
916141921
915534116
914756429
909774350
909671600
909400770
908435310
908307567
908150980
903008260
902952554
902824352
902758183
902518475
902426973
901680742
901551171
901512020
901174033
899527318
899505221
899079316
898982000
898903116
898803824
898712663
898551875
898441583
898176657
897519112
897454762
897413946
897310364
897031283
896681917
896600829
896367418
896211775
895558780
895449666
894551834
894459760
894381991
894247134
892713337
889023170
888456185
888404670
888213576
888188843
888139452
888097568
885370054
885267862
885087825
884554405
884386366
884355912
884232954
