1192366299
1192223143
1192119542
1192008608
1191906270
1191787548
1190732826
1190647910
1190231185
1190158321
1190033979
1189942845
1189881971
1189790590
1189739456
1189677621
1189623063
1189565529
1183145878
1183038891
1182905237
1182736711
1182596760
1182488057
1182374099
1182238986
1182140074
1182061012
1182004690
1180695828
1180588498
1180451815
1180314655
1180208655
1180132363
1180077161
1178409497
1178284765
1178155792
1178071389
1177992100
1177933188
1177841950
1177808299
1177777582
1177757605
1177738068
1177720711
1176847269
1176737983
1176671073
1174121221
1174016043
1173874541
1170678532
1170618598
1170579784
1170519646
1170451145
1170379685
1170313239
1170235489
1167968142
1167927660
1167870706
1167818225
1167736837
1167682471
1167110617
1167002698
1165406531
1165297283
1165104589
1164934902
1164797535
1164571176
1164368906
1164308027
1164231888
1164169813
1163385273
1163324312
1163258147
1163187310
1161126147
1161029157
1160949168
1160860659
1160789530
1160686931
1160605484
1160521333
1160389207
1160279606
1160168629
1160078421
1159328451
1159257899
1159193076
1159126280
1159074839
1158977345
1158883810
1158798680
1158683783
1155246884
1155199290
1155163581
1155127358
1155086348
1155049609
1154750458
1154667171
1154551696
1154446828
1151576696
1151473846
1151347770
1151150980
1151000617
1150842301
1128621647
1128536566
1128456328
1128385373
1128292597
1128169343
1127956871
1127853003
1127719245
1127563705
1127447848
1127290480
1127150553
1127031027
1126940297
1123574518
1123488823
1123379170
1123275521
1118114026
1118001317
1116078394
1116000589
1115930192
1115867433
1115779432
1115707612
1113722756
1113639556
1113565358
1113441803
1113361638
1113241190
1113156386
1113064701
1112902709
1112813931
1112657138
1112581265
1112516174
1111566500
1111487665
1111422472
1111329056
1111252245
1106379534
1106225898
1106095357
1105965431
1102220687
1102084749
1101928372
1101852337
1101740589
1101604835
1101499524
1101388253
1101237785
1101105329
1101010396
1093039267
1092937233
1092815578
1092703372
1092603063
1092535878
1092475742
1092419399
1088670929
1088559073
1088459509
1088264902
1088142834
1088047464
1087912501
1087808169
1087734595
1086764609
1086427405
1086260706
1084202944
1084086199
1083984389
1083869706
1083765801
1083049345
1082447050
1082291247
1082205307
1082155014
1082002339
1081911518
1081798726
1081704904
1080447119
1077757690
1077684466
1076707624
1076625001
1075793714
1075680849
1074003887
1073914353
1073528655
1070527052
1070438383
1070372867
1066888352
1066705150
1066630314
1066476964
1066338995
1066253604
1065487962
1065105374
1064984879
1064468174
1064385164
1064309928
1063275073
1063145577
1062809630
1062708965
1062647551
1062580815
1062495710
1062424134
1055475684
1055349636
1055257042
1055219243
1055136132
1055063196
1055013582
1053683348
1052984462
1052890572
1052817860
1052748956
1051999098
1051816220
1051667760
1051547850
1051464513
1051367156
1051288803
1051195615
1051075380
1050845254
1050757211
1050674812
1049557477
1049360441
1049268845
1049176383
1049067239
1048980749
1048861088
1048776155
1048696716
1048578897
1047661953
1047567539
1047454910
1046993025
1046914288
1046835859
1044670889
1044551503
1044417451
1044280825
1039631861
1039454722
1039237593
1039109896
1038966692
1038865549
1038777063
1037080079
1036991272
1036906520
1036812610
1035143419
1035051244
1034961167
1034884624
1034822741
1034732016
1033238401
1033146550
1033055720
1032963962
1029897238
1029783363
1029691947
1029533089
1029443365
1023508294
1023459359
1023425769
1023253331
1021415905
1021300428
1021218726
1021141149
1020969260
1020834544
1020700095
1020637493
1020546068
1020432952
1020362810
1020279502
1019059973
1018966996
1018846150
1018733472
1018630700
1018532619
1018493522
1018435785
1018403398
1018345458
1018303983
1017462414
1017413508
1017310247
1017206107
1017082193
1016967525
1016852005
1016774107
1016701106
1016599707
1016549563
1016503732
1016468229
1012407774
1012235606
1012092504
1010790573
1010714661
1010644414
1009918940
1009820455
1009729456
1009645088
1009524906
1009429407
1008419301
1007542741
1007480714
1007408177
1007347641
1007263393
1007206374
1006121771
1006018843
1005948113
1005872693
1005691549
1005587598
1005421819
1005331796
1005246016
1003515743
1003419232
1003340698
1003264610
1003197014
1003123950
1002520552
1002066616
1001941971
1001822154
1001710340
1001634701
1001540194
1001396287
1001291013
1001189767
1001091779
994193273
994105861
994063000
993017524
992901749
992790822
992708838
992617623
992523507
992426640
992353202
992282967
992220513
992154560
992102309
992052702
991992963
991355315
991254582
991162194
991078481
991018158
990515977
990414302
989449848
988967976
988846420
988746855
988516196
988439822
988372542
988313945
988242983
988180891
987435058
987297570
986885871
985933424
985896405
977105580
977057058
976913748
976841962
973282094
973023845
972438465
972343836
970652792
970543385
970412930
970338662
970247621
970129383
970048958
969959417
969887756
963515096
963433906
963391970
963322002
962892466
962861143
962828414
962588410
962502947
962429549
962347964
962198862
962093308
962021405
961942153
961862933
961747476
961667537
961609519
961535900
961491266
961432010
959831802
958594082
958428939
958329919
958236621
958163092
948536552
948454081
948401858
948335901
948247478
948073262
947975983
947848643
947757278
947682633
947621676
947564407
947508712
