1173110882
1173031823
1165704800
1148111827
1148063525
1142479473
1132504122
1132063045
1130447901
1130119808
1129536818
1128705634
1127954035
1127894723
1127836146
1127786606
1127725791
1127674114
960000697
949181692
947621625
947300946
947183370
947153771
947042616
947015360
946460986
945982779
945573793
945509668
945470142
945397402
945151278
944445080
944325961
944218728
944058569
943934481
943710452
943645083
943544103
943483056
941376613
930087926
928218233
922974433
918066443
918029639
916585943
916556351
904979061
899799899
899749864
899719034
899695337
894782789
894715320
894630249
894549001
894307453
894197865
894100819
893889523
893785262
884231844
884171330
847857777
847791720
847681508
847604394
847034551
846049006
845978769
845930476
843744717
843700301
842563884
841842828
840024514
839908779
836544415
836474076
836451491
836379473
836300680
835585691
835422081
830459413
830420252
824543773
817223873
815950130
814283325
813690607
813611060
813602807
813533599
812275537
812206539
812132975
811536915
809588374
809551929
809538740
809444392
809387469
809339254
808225457
808156286
807881297
804177375
804129198
803826604
803774072
803665335
803620769
803140531
803075229
802282714
802233641
802185495
802056311
802001187
801932345
801730734
801696244
801627420
801575641
801424945
800265021
800209727
797684460
797615411
795646749
795578423
794074853
794032842
787943161
787900748
787871901
783801256
783746701
783676866
783571610
779879581
779864472
779808056
778321885
778156592
778106388
772548096
772457564
771166363
770978831
770777219
770659821
769433230
769229353
769061465
768904017
767698877
767634401
767501696
767267226
767201207
763968272
763829441
763739038
763435193
763381344
756396102
756060878
755770579
754378436
753950912
753204347
753169725
753139765
752823153
752773497
751118962
751082739
750857802
750783030
750728529
750494731
747990371
747924147
747073599
747054334
747038504
747019954
746604369
746502370
746434760
731137406
731045345
727585016
727518463
727480127
717813857
717562537
717470281
717195521
717114634
717030358
712499960
702212549
700540211
700497238
700450898
700327320
698986101
698948299
698920429
698835032
698803997
698769351
698726326
692133510
692020496
691870869
689970810
689825885
689783992
689706895
689100337
688968823
688443083
688377659
688338763
688285577
687454720
686471437
686433969
686394854
686359821
685478650
685379618
684763071
683550374
682784901
682716929
682693546
682662402
682625172
681111523
681061388
681023573
680988451
680958185
680928413
680894648
680864026
679969087
679648902
679593883
679259926
679180725
679134332
679084335
679036589
679005227
677322828
677230738
677113670
676837019
676770262
676746370
676714824
676687522
675299185
675229604
675051453
675037672
674925283
673726636
673422322
673304406
673207091
673173194
673155860
673044531
672794301
672742386
672697661
671662342
671624450
671593617
671555255
671529610
671514093
671492877
671478046
671466613
670191038
666222646
666103464
664077924
664014166
663983789
661118840
661090827
661021836
660982577
660926332
659141309
659108110
659068351
659049025
659001605
658950252
658911787
657425910
657380640
657240292
657218065
657035674
655770292
655729356
655697393
655646567
655348360
653672765
653550323
650157330
648285779
646999490
646763141
646485451
646404063
646353200
646318095
645509568
645450372
645376925
645372133
645345990
645311413
645283541
645206447
645160662
645135373
645081503
643932205
643787890
641775068
640299059
640059075
640014987
639871927
639347095
639282050
638941323
638520948
638450970
637229093
636730590
636341506
636293196
636221973
634527410
634499977
634476314
634456414
634431880
634412128
634314675
634283517
634228972
634170181
633261346
633224632
633219330
633176370
633137540
633112450
632968987
632910929
632391183
631554417
631440290
631422497
631392949
631377252
631347538
631328618
631162184
631110413
630061093
629977345
629808689
629745033
629517236
629455650
629417327
629266750
629231772
629195395
627466985
626692133
624902992
621907053
621703276
616943521
613483639
613466804
612423313
612393456
612311066
612275799
612230609
612206991
612183036
612162854
612141019
612124516
612101260
612088697
612070950
612054999
612041138
611993879
611970598
611796581
610738940
610713336
610684153
610635853
610608393
610587370
610565537
610546480
610505519
610002892
609917492
609331385
607531244
606233147
606027368
605955955
605885651
605824841
605691499
605506774
604443696
604337639
604103957
603949928
602874285
602729186
602580884
601362630
601216983
601167059
600155225
599969059
599788206
597258637
596752461
595288466
594991320
594957739
594931727
594876793
594844738
593664273
593588711
593566917
593554814
593520182
593497508
593477676
593461352
593448184
593435506
593413157
593406656
593321923
592385543
592352586
592176818
592144034
592092260
592074299
592024534
592003849
591987749
591952934
590028094
589955612
589228381
588505187
588457158
588352055
588310459
588184565
587898314
587661035
587079736
