1183672027
1183558452
1183475373
1183376867
1182324467
1182248267
1182171650
1182118580
1182065341
1178628715
1178514076
1178418952
1178317915
1172538549
1172155434
1170579784
1170519646
1170451145
1170379685
1170313239
1170235489
1170151257
1170040842
1169970893
1169812026
1169500074
1167409104
1167286209
1166341400
1166239300
1165070097
1164979820
1164885316
1164723827
1164543435
1164464061
1153670332
1150132705
1150081792
1147939105
1147899278
1147839534
1147711916
1147659282
1145299616
1145236711
1145143019
1138900767
1138836774
1138792809
1138545152
1136719288
1136642637
1136538871
1136472117
1131614224
1131542402
1131480106
1131432993
1128842050
1121298447
1118853411
1118805099
1118759276
1111891887
1109661380
1109593845
1109540980
1109479197
1108038677
1108015378
1107950180
1107902735
1107858973
1102840834
1098184857
1098136707
1098074075
1096782302
1096691583
1096556006
1096488533
1096428810
1096171718
1096109644
1096050251
1096036829
1095984711
1095949713
1094875294
1094752486
1094672876
1094579071
1094496477
1093995319
1093933274
1093874089
1093828458
1092512802
1092449652
1092404296
1092109176
1092073733
1092039385
1091996905
1090256781
1090155892
1090045816
1089973197
1089876907
1089820316
1089733035
1084948418
1084914034
1083677248
1083609671
1083536151
1083464469
1083381084
1083333687
1083286362
1071778136
1060478105
1060371017
1060215768
1060076394
1059960822
1059841634
1057733221
1057610419
1057496478
1057360647
1057131258
1055448146
1055324381
1055236396
1055139982
1055060176
1054984496
1054916547
1054857432
1053345094
1053249406
1053108880
1053037226
1052948552
1052904203
1052831019
1052759508
1052683918
1052611503
1052562790
1051032268
1050928710
1050839436
1050258613
1050238153
1050144635
1050105785
1050063880
1049996234
1048950229
1048869818
1048778336
1048609420
1048536720
1048370349
1048339390
1048291452
1048252543
1046378423
1046290743
1046249722
1046205253
1046167432
1046122876
1046069525
1045946936
1045868425
1031200066
1031114770
1031067608
1031009742
1030969402
1030770511
1028649138
1028588497
1028515215
1028432005
1028365521
1028292350
1028236242
1024271596
1024193267
1024108813
1024030521
1021973721
1021930711
1021887004
1021846482
1021800629
1021779162
1020086323
1020038287
1019990717
1019945060
1019923510
1019879565
1019855484
1019823834
1018088412
1018020834
1017977506
1017947000
1017912618
1016460850
1016391230
1016361799
1016313227
1016280300
1014369403
1014271179
1014204814
1014106449
1014049072
1013991954
1013907740
1013848397
1013780305
1011224057
1011145296
1011112580
1011071259
1009341361
1009256115
1009193109
1008924533
1008895504
1008864236
1008833949
1008782798
1003193628
1003130145
1003078221
1003021294
1002969322
1002663789
1002609067
998328371
998263340
998209682
998160532
998109719
996142351
996087915
996034927
995983889
995931561
995904752
979815047
973599628
973579478
973542990
973516059
971936069
971897428
971842048
971801434
971773430
971748859
971713680
971688650
967234392
967175830
967119704
967036545
966970689
966927089
960933356
960882441
960800198
960704725
930681230
930605116
930509367
923734852
923632796
923530535
908207362
908122142
898079489
898034507
893098036
893008914
892937693
892860883
892782084
888694872
885123877
885069111
885035271
882537343
871826435
871758416
871714027
870200325
870154493
870117790
870081996
868743024
868665750
868613876
867535260
867409657
867334855
866919273
866814212
864878059
864791364
864686138
862661819
862589938
862531077
862473233
860491316
860449300
860404390
853123578
852927870
852892585
851504105
851434842
851364135
851280454
851197949
849791240
849690593
849101299
849006814
847351020
847288518
847243910
847203927
847157595
845584647
845542552
845368222
838074848
837998959
837931860
836357362
836252069
836166844
834454030
834389805
834160730
832768912
832484709
832440655
830940324
830878867
830772177
830718826
830653742
829891479
829835051
829754077
829644323
829527150
829418286
829045406
828810602
828758570
828712683
828662654
828618505
828597593
828555796
824857191
824632704
823121240
823046144
822982951
822942460
822824569
822798170
822756721
821432477
821245134
821138102
821098729
821072153
821031244
820984578
820968123
820927531
820559919
820508062
819440378
819373431
819339793
819313221
819277671
814301581
809410559
809357842
807699069
807662568
807640331
807610502
807542915
796681662
775197221
773575574
773235458
773194105
773139123
773104787
772940409
771400827
771349248
767446262
766608344
766528539
766456155
766375754
766332064
765409894
758748257
758673157
758638815
758606223
758578414
758550200
758484236
758435314
758395625
755365654
755315007
755258775
755216517
755175210
755141058
755107322
755047903
755030265
753813009
753726065
753630375
753567899
753524813
753465927
753419546
753378540
753322657
753283453
753241069
753208886
753179942
753142922
753105349
751748148
751679604
751607503
751538802
751471595
729900083
729867088
729836969
728087753
728015404
727965375
727877674
727721715
727693179
727666023
727634164
727574047
726235211
726180525
726123437
726082756
726053332
726013261
725987382
725933261
725892583
725865060
725834728
724497694
724428139
724353056
724303818
724246854
724211218
724177165
720220889
720174626
719897583
719786623
