1192264999
1186351773
1186245137
1186120491
1185704489
1183823790
1183775524
1183728374
1183655888
1183583028
1183496815
1182957582
1182844957
1182687811
1176701494
1170479658
1170424121
1170344831
1170278916
1169483304
1167015772
1166866520
1166746666
1163185079
1163113059
1163017871
1154280584
1154180656
1154017991
1153586702
1151065014
1150958781
1150846189
1150762723
1133488811
1133417026
1133360542
1128711614
1128543663
1126528322
1126447780
1126406903
1126354623
1126302562
1126237494
1126175658
1126118995
1126030172
1125891870
1123960855
1123907342
1123868319
1123804951
1123725901
1123627921
1123097365
1123037892
1122921208
1121445188
1121381055
1121332205
1121296206
1121255400
1121212041
1121163205
1118652163
1118587633
1118490804
1118416973
1116368912
1116330052
1116270135
1116226870
1116181743
1116130795
1116053269
1112099267
1112050921
1111995021
1111950557
1111891156
1111845007
1111776730
1111698307
1111626502
1109756739
1109708171
1109648744
1109597488
1107716394
1107698261
1107653078
1107413275
1107347038
1107243100
1107178828
1105462290
1105373660
1105304429
1105235046
1102732230
1102664222
1102617700
1102478548
1102417369
1102363254
1102260488
1100395275
1098251995
1098208349
1098133235
1098083790
1098048727
1097993782
1097928501
1097877990
1095806747
1095730347
1095657459
1095470762
1095348435
1092132633
1092104694
1092061329
1092028004
1091998434
1091858439
1091803394
1091677723
1088940844
1088829011
1088776563
1087010836
1086950046
1086917806
1086831560
1086545786
1086392781
1086335229
1084133463
1082852485
1082775629
1082703781
1080951559
1080912483
1080829568
1080557749
1080461183
1080307078
1078718614
1072112258
1072065950
1072005095
1071933328
1071629649
1071544352
1071225259
1071053190
1070871929
1069044293
1068949706
1068833836
1068684296
1068572895
1064863499
1064768673
1050038735
1045854867
1043542909
1043496516
1043423794
1043240154
1013620760
1013552208
1008670088
1008607952
811486856
712246173
646238651
642712156
642632635
636090882
633612623
632383023
622984399
622714049
619701026
619650349
614274744
604813330
604721246
604639879
602444547
601899581
601739165
601107273
601071222
600925374
600856388
597376220
597315747
597231395
596648033
593998447
593953043
593914431
593271473
592976972
592937689
592870989
592016151
591993882
591960661
591383589
591309945
589290340
589263261
589245049
589211803
582492927
582474247
582446515
582425327
582397315
580937974
580908667
579322846
579292397
574691478
574594584
571236068
568167711
554131251
554077865
552774836
551271255
551248590
550708102
550423322
550377754
550327297
549848038
549382848
549314169
549243578
549032660
548166172
548113405
547842807
547801022
546782648
541703926
541672978
541646813
540156690
539028819
538988023
538965952
538858951
538828291
537642164
533139263
533114710
530160185
529983878
529956700
528098066
526956657
525589244
525431195
525401745
525348369
525299549
523194751
523138367
520960228
520906296
520866377
520271899
519501505
519471189
519430346
519389325
519336015
519134158
519051193
519009059
518875071
518797784
518725252
518673348
518632222
518582245
518061455
517999952
517943531
517566831
517072250
517017587
515208288
515124903
515070072
515007907
513776307
513695442
513620464
513580560
513534301
512205526
512148022
512085699
512038484
511983953
511923489
511073748
511012348
510921147
510841318
508673129
508601502
508554944
508381795
508331699
508258290
508196287
508124404
508034605
507926881
507864203
507840707
507797284
507752864
507696086
507628438
505240970
504887075
504626171
504389753
504192628
504051899
502123114
502044508
502005681
501966380
501310486
501255018
501198500
501118909
501060606
500982604
500865243
500468509
500443158
500421236
500399209
500370832
499143952
499116302
499082902
499064736
499037432
499014146
498979257
498950222
498922028
498883589
498676689
498610585
498485942
498411603
498324287
495728765
495692736
495646668
493955614
493914579
493863583
493733439
493584722
493559147
493482671
493474896
493394557
493321773
493237470
493193775
492280840
492256732
491428100
491336756
490273727
490217329
490120392
490110099
489981229
489624748
489567550
489393185
489262045
487897665
487857467
487799682
487652226
487621116
487581063
487539714
487358800
486017241
485998332
485965280
485918836
485881455
485873617
485831355
485799732
485654664
485606289
485543592
485496371
485445134
484485191
484435694
484383198
484325284
484280979
484095905
483994813
483041436
482997858
482946911
482922629
482890205
482853511
482353487
481327576
481289797
481173545
481167799
481124357
481052503
480992907
480906776
480849131
480083518
480078276
480054338
480016830
480009596
479977930
479817789
479766125
479755585
479714848
479678290
479667679
479661224
479604734
479596272
479529899
479462484
475269369
474188114
474178704
474102266
472698896
469927954
469875138
469141907
469103336
469068496
469060281
468983717
468915001
468851653
468001138
467977207
467951994
467925235
467911638
467643123
466821514
466797611
466766326
466737255
463828092
463787794
463776117
463733414
463707791
463686071
463655755
463619467
463578972
463514027
463194588
463126009
463085732
462301098
462277483
462249616
