1156025057
928051204
496667269
496601285
496467218
483557344
483504892
471074807
470994103
456032297
455957914
455204959
448367571
448289575
447657634
447630890
447591977
447560239
447399196
447331046
447067886
446979525
446874787
446126688
446091947
446065265
446037083
446032783
446000783
445982265
445937476
445874032
445693165
445621571
445523793
445442681
439811145
439767701
439721933
439662413
439611115
437724235
437711955
437682969
437646017
437618021
436164785
436103252
436072852
436040116
436008646
435954616
435911185
435833195
435766841
435652281
434640813
434440216
434392683
434325542
434270398
433612274
433537765
432859131
432826359
432823374
429486384
429449673
424395619
422700111
422583997
422464843
421360369
421327396
421282807
421217332
421180338
421110457
420972176
420892632
418358380
413708391
407262512
407178871
401246465
400752254
400682588
399779931
399180524
399036681
398272682
398138853
398065855
398016655
398007221
394729467
393597546
393576109
389493945
389488713
387860804
386134390
386122061
386056898
385951987
385857713
385810497
382643855
382631914
382614207
381722553
381683005
381652046
380462243
380451549
380434391
380376318
380362809
380341107
379292196
379274733
378543430
378486527
378068742
378048023
378016153
376886227
376844434
376695838
375181178
374104163
374082469
374064593
374036860
374007806
372874177
371729881
371655821
369410565
367983365
367930240
367815109
367672707
367654150
367516098
366391085
365394827
365240466
364105264
364088603
364073590
362995948
362993892
362972759
362960622
362933073
362920468
362900928
362798912
361730111
361715994
357656609
356085485
356083304
355461724
355427672
354181886
354155584
354131308
354099808
351665681
351626377
351609357
351498879
351465545
350127801
350107525
350089243
350065039
348937645
348927200
342916090
341535392
339353277
339338222
339328420
338297930
338275743
337215742
337197643
332185725
329971803
329948948
329946787
329909121
329826066
328829131
328804924
328787086
328769237
324913507
324898069
324879923
323830955
323810173
323780736
323763228
322746738
322733655
322715255
320757095
320679431
320668041
316885263
316811283
314806205
314798945
314774833
314742313
314714560
314692684
313712791
312777108
312712920
310655173
310608910
310549051
310530976
310506088
309231510
309197162
308805195
307881765
307824590
306868792
306850836
306829802
304853355
300957963
300896236
299713328
299699514
298677697
298662297
297689205
297458654
295733341
295592556
295590338
295579160
295411193
294425514
294392768
294350072
290684496
290677266
290650590
289485152
289466958
289188587
289104595
287228824
287198316
285499929
284844492
284817229
284785513
283896657
283869613
282343342
281577019
280972243
280916319
279263965
276910648
276884729
276823406
276765759
276717674
276654743
276593795
274571281
274532607
274487157
272560508
270758833
270683124
268878438
268825901
268807282
268621334
268579105
268540735
268478797
268434319
267596697
267347719
267276121
265684893
265679405
265662348
265309600
265083514
265047944
265004525
264953557
263204517
263137959
262898840
262460435
262414079
262359931
262078147
261541927
261516266
261371220
261139178
260995842
260961048
260914342
260438752
260404261
260376914
260339306
260278035
260248251
260216757
260112959
260075496
260050143
259963245
258345267
258323418
258299957
257694831
256745553
256711873
256248031
253708740
253644108
253457101
252731425
252581271
250213805
250093986
249849365
249843341
249826201
249750291
249608456
249557446
249544536
247666384
247635823
245555666
244055017
244024032
243989582
243969149
243924223
243895866
243846686
243761656
243726397
242002446
241246298
241146014
241119930
241084295
240717475
240702410
239849898
239834589
239783277
239732723
239700538
239690625
239654862
239476661
237493431
237116901
237074577
237065556
237019777
236983505
236935059
236623722
236180734
235768425
235240009
234692511
234686682
234669482
234363671
234138397
234106097
233122145
232999469
232975466
232958520
232735377
232553583
232531424
232503604
232455481
232432771
232405976
232377623
232355078
232304716
232269630
232245107
232224246
231795927
231765174
231737526
231607057
231577023
231238227
231028943
230991676
230886096
230864504
230838759
230774997
230390046
230375739
230352914
230302386
230278170
230188448
230121351
230093546
230047385
229979553
229927564
229902686
228679623
228446987
228409137
228388819
228360028
228103214
227787967
227761280
226560841
226254750
225736850
225378828
225342267
225315874
224522723
224494115
224466793
223262994
222917007
222729905
222671203
222504315
222473389
222430431
222371342
222337376
222043541
221990803
221955643
219986791
219962985
219228896
218477965
218450542
218415395
218392377
218355434
218328556
217762633
217675142
217601989
216955516
216922848
216462776
216412713
216197833
216171140
216116814
216085248
215729955
215716952
215690136
215514479
215434938
215385158
215332259
215305948
214953991
213958083
213943230
213919160
213820292
213769630
