1156798000
1156667919
1156344655
1101130147
1100887751
1100823233
1091424957
1091326166
1091175346
1091086652
1089198318
1089122159
1089007527
1088898299
1088760742
1086745459
1086658884
1086544133
1086442794
1085406291
1085353107
1083500733
1083447927
1083386653
1076568241
1076519476
1076397968
1076264080
1076150067
1076030052
1074463211
1074372673
1074269906
1074193580
1074053480
1070378296
1070301764
1070240727
1069405815
1069272959
1047440354
1045982262
987278726
987158437
966075509
950097344
950029364
922908855
921410340
915991227
904144074
903836232
903126649
903028918
868761263
868700364
868198406
868164151
848690539
848615409
848575042
847679773
837274881
836061182
836028120
829760124
827817099
825988968
809582254
809539040
809511804
809475213
791647814
761941900
758271602
758213525
754362849
750998699
750559373
747126127
737659809
731474037
731407297
731337285
723757002
723522576
720778575
717697071
715779186
711123277
710976478
709999302
707944316
700215412
700132997
699122566
699087681
699041538
698534284
697585397
697492582
697431667
697340141
696980831
696931745
690492655
689792627
689739658
689012081
688282643
685925662
685869764
685790950
685717706
682357224
682088642
681995189
681922550
676192989
676095311
676007713
674425284
670961591
670845030
669673323
669618959
667581882
667493894
665456926
663461821
663370127
663280186
661725545
661663394
661620314
654880429
650557686
650476509
650411936
650326365
650229275
650165908
650114101
649769903
649716733
649626808
649540402
649467176
645630873
644882192
644802487
643493847
643462488
643394723
633296662
633246489
633162651
633115977
633077054
633031565
631798615
631149753
630939795
630850656
630782548
630734449
627316505
626923064
626793853
625988056
625966280
625943985
621255272
613211787
613108251
612748616
612473409
609544046
605463200
605419712
605361452
605305751
604596822
604515902
604468957
603880396
603829039
603119260
603048597
603004113
602516578
602478463
602437134
602367184
602312566
601703823
601648628
601600902
601062137
601005735
600968591
600936924
600361864
600278683
600207860
599415583
598179973
595338236
595271389
595214039
594845690
594800860
594749211
593891850
593816280
592532179
592484399
592430785
591976156
591949430
591899793
591847152
591779793
591153306
591077741
590600779
590554478
590523482
590480308
590398894
589843943
589770680
589725514
589221066
589177603
589113219
589070202
588408868
588353012
587774263
586090427
586026960
585881833
585431492
582297303
582263802
582208540
582142789
582059500
581503768
581428475
581379581
580862677
580785859
580738205
580692829
579314063
579282506
579239704
579180310
579153644
578544693
578467882
578422549
577825667
577735567
577140920
577079408
577028750
576355001
576288619
576185527
574677539
574644063
574600800
574531807
574478886
574286779
572702835
572618301
572541399
571279713
571236502
571192935
571143484
571098018
570378378
570313534
570261237
568916836
568863311
568346755
568159337
568110925
568058994
567627544
567579531
567509764
563853608
562155782
560899792
560459938
560408255
560343954
557902615
557829129
557781601
556591115
556535083
556482485
555735433
551179524
551136890
551093076
551030368
550984810
550378796
550335712
549856810
549814978
549772146
549666661
549624569
549158274
548568477
548519172
548478675
548422025
547790008
547756570
547362445
547336065
547319847
547199279
547155365
547099852
546538163
546492602
545646429
545283608
544341608
544298081
544233395
544180104
542729116
542684546
541499411
541472262
540149428
540139230
540127366
538859699
538837266
538783236
538712868
538635007
538561553
537559652
537529570
537482373
537410763
536336448
536322218
536290998
536249283
536146951
536076087
536012476
534832250
534788868
534742386
534687964
533138588
533112140
533066919
533024087
531732089
531720297
531665016
530567609
529905627
528208181
528131881
528103172
527850186
526615459
526550565
526491782
523326217
523281057
523226059
522858509
522759990
522674739
522620367
520918299
520866037
520781405
520735404
520651695
520565396
520475339
519551841
519528609
519507061
519450185
519403725
519367836
518655406
518615988
518046967
518029919
518010318
517988209
517970137
515861340
515823213
515794039
515111894
515059963
514214415
514131695
513814033
513759922
513685184
512890484
512832156
512699161
512630400
511068716
510955308
510804186
510650158
508657642
508604659
507824223
507747572
507740747
507694705
507657671
507559839
507517685
502348488
502331481
502309655
502293934
502276463
502256203
502237347
502216913
502030706
501715792
501687991
501031125
500961725
500905300
498765089
498691819
497229918
497154774
495668642
495607583
495547394
495432720
495411091
495278464
495173670
493314319
493233561
493146874
493062806
492565882
492174910
491074391
491003795
490121858
490059907
488429258
488356758
482066945
481976376
481899282
481849912
481689915
481663523
481034926
480988442
480802784
480728293
480671632
480603457
480520566
480486589
479876886
479841183
479455051
479361629
479286320
479241565
479199602
