1186244959
1186164939
1186043184
1185923378
1183680700
1183607364
1183535685
1183429008
1183327079
1172646637
1167574691
1167482346
1159726990
1154208668
1145450388
1145381016
1145292260
1143154881
1143050681
1140933174
1140818479
1126815064
1023158353
1010897563
1008461171
1008199605
1008071116
1007859094
1007757428
1006124927
1004127630
1003839678
1003633557
1003427752
1003286380
983733140
981557079
981474797
981386081
980761592
980058838
979349205
978749691
978662870
978394463
978081045
977657817
977515597
976584435
976162722
976005591
975902571
975264100
975203038
975046410
974924930
974089212
974001422
973909616
973702509
973187222
972953383
966489506
964599286
962828170
962786206
962722767
962647430
962584242
962490012
962291434
961302800
961255962
959881759
958789718
958086406
957045207
956949473
956855616
956315506
955486591
955415628
955238079
954606312
951483978
951279802
950854627
949896872
949182687
948617663
948497786
948409039
948297894
948144108
947403931
947332942
947034135
944636140
942883267
942838867
942756359
940899845
940741823
940610213
940519099
940476884
938398766
938346299
937864768
937787807
937677698
937547203
937443118
937202680
937006680
936552281
935625633
935236566
935116028
935012695
934829603
934702610
933486046
933381767
933090112
932830434
932789368
932645829
932510060
932408555
931981015
931912231
931858893
931633358
931545674
931441400
931312845
930562769
929679759
929480885
928756917
928683911
928604394
928466618
927782059
927698411
927557368
927304628
926005531
925855399
922413810
922232520
922026140
921836564
921199036
921060043
919725964
919445355
918875484
918466266
918392282
917947724
917853649
917745327
917589857
917410032
917187747
916972370
916896672
915771253
915581124
915486336
915366270
914632380
913543218
913416477
912863396
912785425
912683097
910891230
910798133
905268957
905229492
905194323
905066149
902641099
902338981
901349387
901305364
901076731
900912292
900826526
900697575
900356013
899270622
899208650
899130799
898402541
898336376
895338840
895274449
895207648
894824973
894766177
892324612
892278709
892217258
889987523
889891422
889818302
889748124
889647650
888924759
888288428
888255845
888227102
887654061
886152916
886057614
885990883
885658735
883693116
883105250
882120037
882052567
881996973
881948876
881763231
879668883
879607326
879555695
879479064
879404865
879296524
877096752
877007533
876889041
876766883
874550629
874401277
872620896
872514665
872488820
871817758
871707220
870875637
870788541
870336994
869683179
869615698
869594494
869495380
869206832
868478724
868295920
867210991
866913611
866763908
866287419
866011746
865942271
865810542
865731113
865670517
865418536
865040955
864393918
864218972
864181593
863602445
863453614
862489023
862396675
857736450
857638756
857211263
857138854
857039666
856264462
856114434
849661033
848636237
848557921
847900671
847813713
847741840
843185807
843118699
843051368
842933136
842842242
842161184
842099573
841811954
841769770
841246865
841173466
841101015
841006031
840589652
839071000
838927733
838641606
837482988
837430100
837333726
836928472
835218272
833643101
833559273
833336885
832356776
831887606
831787240
831709537
831332818
830975073
830558152
830496655
830105163
830050989
829996968
829917042
829770041
828079888
827978327
827886147
827821655
827706622
818533821
818401466
818203430
817077269
817009552
816939835
816863031
815954910
815765699
815193811
815127073
815077153
815021770
814957590
814852380
814721678
814634576
814540650
813746390
813456143
789826073
789771047
789700383
788722077
786115994
786057476
785987763
785027150
784950629
784563613
784472622
784363060
783905614
782097478
782072228
780664441
780570691
780487757
780347251
780160474
779694105
779609591
779535922
779468631
779377823
779293629
778909145
778086713
778013433
777950764
777860032
777483094
777220853
777074485
776975654
775531702
775347591
774694621
774261048
774161004
773811192
773761814
773698452
773497892
773449577
772774161
772716096
772659649
772594229
771280419
770647457
770478210
768780737
768708984
768227711
768123565
767791012
767139657
766971764
766897044
766589560
766479473
766374985
766315527
766233705
766151494
765475358
765371569
765211979
764918731
764841800
764614553
764565129
764500733
764401745
763042413
762972962
762890215
762813332
762706230
761197907
761122333
761042742
760932040
760837842
760685688
759309910
759056207
758925371
758848193
758778983
758719154
757300823
757215529
757147829
757034064
756997815
756915256
756878450
756001411
755938547
755249162
753727348
753594229
753524458
753447215
753322792
751833873
751793145
751696353
751617631
751485097
750126914
750059761
749984615
749904252
749827748
749539833
749148756
749075334
749035414
747784153
747642693
746193721
746023756
745809716
745730785
743930437
743887632
742529882
742459585
742258410
742147451
742100279
742052924
740317947
740253523
740202277
740154157
738657026
738599524
738329277
737365940
737281831
735468768
734152616
734086009
732969882
732836741
731587400
731241616
