1191578433
1191518527
1190807674
1190734106
1188779833
1188721743
1188651867
1187068957
1186953865
1186107975
1186023463
1185908064
1185763021
1183784361
1183741387
1183663478
1183565389
1179800025
1179756924
1174969294
1174883285
1174791483
1174642462
1173700993
1173616073
1173494322
1172921246
1172845259
1172666441
1172590211
1172516299
1172347280
1168687244
1168575264
1168475206
1167574691
1167482346
1166806633
1166638767
1166555840
1166411540
1166353928
1166207913
1166045893
1165237956
1164649242
1164336441
1164262765
1159761706
1158825677
1156606199
1156397702
1156333130
1155688214
1152874703
1152809490
1150691350
1150553107
1149930244
1149879581
1148326695
1146311056
1146005855
1144667838
1143809583
1143074353
1142969998
1142801628
1140933174
1140818479
1140729260
1140617750
1140517845
1140358791
1140060306
1139926833
1139796601
1139614140
1139142861
1138504101
1138396198
1138297727
1138140960
1138005913
1137876916
1137716675
1118401998
1118286752
1113856080
1111768420
1111700637
1111634548
1111520879
1111257158
1108314149
1108228407
1107234587
1107149387
1107020388
1106720789
1102271091
1101130147
1093504398
1093174967
1092965354
1092863949
1092790947
1092518854
1092351492
1092265510
1091424957
1091326166
1091175346
1090039342
1089198318
1089122159
1089007527
1088898299
1088689279
1087568359
1087461027
1087021432
1086973034
1086906658
1086839452
1086764664
1086338942
1086204178
1085451339
1083637095
1079525858
1079460518
1078856409
1078496621
1078228588
1077817927
1077771281
1076669372
1076562443
1076369730
1076245637
1076099203
1075962472
1075418959
1075349863
1075242508
1075140353
1075055184
1074196845
1072635902
1071863809
1071774740
1071695914
1071591835
1071378523
1071200256
1071055190
1070920695
1070643675
1070528931
1070456271
1070366445
1070312273
1070247068
1070172935
1070095770
1070003566
1069209693
1064376187
1064244266
1064170404
1064131399
1064053715
1054644995
1046029760
1045988772
1045919225
1045855794
1045664646
1044871865
1044613574
1044490874
1044245432
1044122140
1043937764
1043832714
1041863125
1041610679
1041482128
1041386488
1041327227
1041173509
1038797250
1038100922
1038050511
1037946953
1037881180
1037818641
1037724070
1036833116
1036780743
1036143842
1036092611
1036038634
1034993469
1034616368
1032826593
1031000085
1030175931
1030113725
1029099638
1028675444
1028580604
1027756469
1026614140
1026439694
1025632141
1025568615
1025515744
1025432115
1025336278
1025254098
1024284775
1024212393
1022238853
1022126973
1021686008
1021638812
1021595396
1020595891
1020341065
1019852653
1019802711
1019743846
1019679065
1019602969
1019396378
1018298349
1016653892
1013300283
1012199265
1011714766
1011648853
1009477682
1009377618
1009268064
1007973099
1006813161
1006777492
1006519868
1006143725
1004775267
1004739588
1004662016
1004578438
1004499348
1004425182
1004362134
1004259387
1001284027
1001184829
1001121454
1000521712
1000468970
1000355484
1000277422
1000160280
1000008913
999204194
999050279
998981289
998826865
998190349
998137977
998070510
998003176
997924390
997832036
996966346
996519111
996446384
995856182
995814404
995781473
995728540
995654621
995587951
995522947
995261110
994595192
994461486
994116567
993307623
993202319
992177707
992088293
992023221
991961003
991884062
990352475
990070756
989525806
988338276
988284015
988215999
986590765
986467442
985645876
985577645
984581611
984437071
984341535
984193505
984108965
983428889
983129735
982055949
981913379
981798452
980893972
975091375
975043758
974966844
974108953
973980717
973856152
973810962
973359727
973266284
973164832
972695133
972392926
972230926
965595969
965488856
965400355
960363500
960211790
959723284
959661057
959599248
959544193
959129648
959071675
958998096
958895434
958345987
958287541
958187480
958028850
953473791
953366196
953292388
953164511
953066765
952968068
952480000
952406320
952311735
952239639
952066842
951841794
951629017
951538979
951422100
950537618
950475108
950407973
950344192
949956241
949625591
949446304
944868022
944796297
944735821
944637810
943782660
942892198
942840463
942703403
942228703
942104931
941749122
941608252
941426280
941318100
941161277
936645067
936511291
932018693
931969539
931783639
931157209
931053577
930908038
930746736
926446405
916794342
916736922
916665062
916619152
916567603
915875692
915527882
915366270
914207022
914172107
914126395
914070666
912924798
905865515
904021788
903940957
902055538
901961314
901884747
901829198
900054273
899982366
891026394
890975340
890900550
890183069
890147834
890104373
890048815
889983368
889896484
889818721
889710324
889652767
889198838
887826990
887742748
886946320
886799602
886727407
886674706
886635905
884888685
884708350
876031682
875923650
875592585
873578969
873517057
873419896
873372068
872941044
872867402
872802647
872738443
871317753
871266765
871180668
870442385
870335034
870285115
870217285
870176172
870119959
866859325
866682603
865337895
865219583
862697690
858284528
858206474
858154281
857644236
857099350
857035964
856864005
856804941
856731269
856705235
843884192
843818454
843738544
843671911
842149791
842032364
790705789
738257087
738233440
722804572
722741842
722099898
721956458
721898636
721812644
716179250
716151058
716088544
716044209
715952749
715873251
714325478
714296715
714256197
