1190611420
1189558460
1189476364
1189360456
1189252905
1189164476
1188443063
1187578273
1187348301
1187228863
1186363123
1186294552
1185898707
1184895240
1184752412
1184613778
1184508765
1184402613
1182492381
1182275950
1182170459
1181471882
1181415647
1181350383
1181295008
1177831921
1176977544
1175183251
1175135833
1175064211
1174973507
1174864586
1172646637
1172495623
1172397347
1172272199
1169124910
1168687244
1168575264
1167574691
1167482346
1166417164
1166353928
1166223277
1166164731
1165436415
1165357423
1165262466
1164262765
1164195155
1164119038
1163185752
1163079715
1162932188
1162146641
1159369689
1159314014
1159158844
1159061527
1158960140
1158835843
1158718027
1156852992
1156683630
1155740169
1155641414
1154856190
1154762224
1154661076
1154514755
1154427156
1152482585
1152411701
1152301712
1152186027
1150625850
1150553107
1149899713
1147801248
1147746027
1146315260
1145159212
1145005715
1144839052
1143210612
1143154881
1143050681
1142904240
1142818538
1142696028
1140933174
1140818479
1140729260
1140617750
1140517845
1140358791
1140060306
1139926833
1139796601
1139614140
1139500108
1139386134
1139300270
1138548833
1138486664
1138370477
1138261338
1138152404
1137999576
1137888140
1137745640
1135945582
1134101295
1133257569
1132949882
1132809386
1132675727
1132561378
1132340716
1132194717
1132066385
1131943735
1131222349
1131168746
1131120133
1131074202
1131026399
1129666124
1129559094
1128606119
1128429891
1128349441
1128196931
1127930807
1127827756
1127120195
1127011832
1126073384
1125986533
1125866914
1125767601
1125560794
1125225019
1125087978
1123373553
1119507831
1118346105
1118227852
1118151168
1118041774
1114858407
1114750381
1114640018
1114040183
1113993477
1111768420
1111700637
1111634548
1111520879
1111394993
1111274139
1110303713
1110221698
1109638615
1109554694
1109471355
1109411077
1109304134
1109201301
1108500560
1108326130
1107108879
1107029290
1106941108
1106821205
1105641424
1103911265
1103756100
1103653744
1103310775
1103204977
1100887751
1100823233
1096340133
1095791212
1095675313
1095231090
1094554489
1094434626
1094363570
1091424957
1091326166
1091175346
1091086652
1089198318
1089122159
1089007527
1088898299
1088760742
1087470203
1086745459
1086613422
1086480544
1085406291
1085353107
1083500733
1083447927
1083386653
1081429466
1081352830
1079417688
1079361142
1078361971
1078228588
1078091477
1077533457
1076512393
1076374399
1076245637
1076077888
1075303906
1075178668
1074055262
1072726771
1072652913
1072568182
1072478252
1072229126
1072153121
1071176793
1071067346
1070955413
1070816256
1070756105
1070645601
1070535092
1070303271
1070223752
1069866891
1069838586
1069799405
1069747396
1069679924
1069602263
1069542705
1069476697
1069375006
1069163338
1068342328
1068247747
1068183077
1066140084
1066076569
1066008956
1065954824
1065899834
1065801911
1065731792
1065687445
1065601134
1050515831
1050439082
1050179563
1049681806
1049555402
1049461265
1048439284
1048386657
1048345522
1048310371
1048253627
1047593680
1047469182
1047371319
1047246240
1047137446
1044843086
1043345749
1043255235
1043109821
1043028309
1042900222
1042744223
1040836015
1040640983
1038885298
1037790175
1037611858
1036879505
1036826974
1035762950
1034094667
1032363505
1032327760
1026232448
1025263717
1021577384
1021500763
1019829939
1019782243
1019714208
1019619896
1019549116
1019491375
1019401677
1018536567
1017898350
1017838537
1017784339
1017717256
1017660559
1016783020
1016669493
1016597673
1015927427
1015875351
1015784608
1015405863
1010961205
1010877478
1009445741
1009345158
1009258586
1008777201
1008717514
1008662245
1008590095
1008461700
1006859893
1006822527
1006788099
1006719568
1006640748
1006525349
1006123764
1005994542
1005176987
1005095536
1005035388
1004998943
1004938516
1004908150
1004862305
1004498743
1004425182
1003228065
1003166011
1003087844
1002633622
1002556636
1002453527
1002359903
1002232853
1000521712
1000468970
1000399073
1000311732
1000211247
998899584
998086067
997985272
997843704
996966346
996362621
996276022
995250305
994595192
993692182
993651974
993602777
993534131
993449704
993383315
992218915
991961003
991884062
991831551
991319220
989643138
988245639
988087552
988038308
987278726
987158437
986533479
986444780
986371960
984569145
984445136
984313350
981173877
981088252
980696209
978767006
978677286
978582008
977153565
977114526
975906956
975214911
975162868
974057918
973977160
973909616
973359727
973178554
973074824
971611370
971575763
971491891
969892489
969757349
969316235
966930498
962529992
962448496
962321014
962207236
962108724
962021335
960713514
957239740
957177834
956914981
956600634
955752233
955041285
954997378
954910657
954830981
954714930
954547287
954454312
954299361
954130249
953380857
953283588
950154310
949956241
948891383
948272149
948138786
946661087
941350000
941249308
941135892
940256629
939750344
938995021
938858748
938063943
936645067
935949896
935920998
935869039
935743633
935489869
935388823
935236566
935116028
933823233
933767320
933660378
933539965
932093650
932033432
931981015
931912231
931858893
931759661
931369546
926565728
923017304
922947953
922885195
922788659
922413810
922232520
921348266
921199036
921060043
920959041
920509752
920438386
920369345
919817048
916948042
916882988
916801426
915991227
915068605
914973847
914147469
914062388
913990540
913919592
913764595
913529076
913440525
913063483
