1138124267
1133834773
1128576001
1128532278
1107542344
1102669000
1098032078
1097979620
1096025724
1095990695
1071838909
1061853113
1061821239
1034385162
1034336507
928103654
928067442
923049334
923010441
922960827
922896656
922666815
922637418
907560491
907506014
907444906
907383437
903106317
903048251
902977632
901408510
901310682
898533647
895075784
877203269
868199866
860294131
860278171
860255372
860231142
858470559
858440587
858411541
858386514
858361702
855624720
854734069
854682653
854652067
854620035
850752715
850713383
850564826
849884346
848813850
846950316
845901812
845839275
841638439
841600023
841578240
841554684
834952876
834856276
834766474
834722654
834633275
834583389
832959091
832842202
832770371
832689958
830244367
829605698
829523260
829446474
829372474
829303898
829013304
828303597
828263058
822566286
822537683
820843153
820817728
818224195
818115171
818043853
817933264
816711366
816534968
816439613
816372050
816286814
816068132
815999901
815351602
815253785
815049735
807602238
804689571
804523664
803785426
803735409
799751165
798747860
798651333
798523452
797406364
797310193
796896666
796830391
796523066
796248395
778285568
778270692
778235916
778181994
778145546
778086343
772874503
772707887
772554830
772440324
771085473
770982053
770838732
770659821
769381711
769282496
769210921
769044770
768806277
767594655
767553808
767456280
767296035
766130280
762316364
762188569
755663285
754881895
745054406
739977042
738889352
738802178
737535656
737087757
736723278
735166623
735070276
735022641
731930279
731879865
728658131
728603814
728448572
728348131
727404267
727315680
727248714
727139183
716153168
715722386
715623689
714394898
714364355
714332505
713443005
713350294
712468070
708662476
708628168
708588434
707817411
707735045
707586608
707452973
707376134
706399359
706157974
706007661
705776409
705659896
703782126
702531737
701627056
700666029
700602460
700317558
699749142
696861108
696829012
696784091
695950207
695845066
695749798
695659770
689726190
688995887
688904426
676601736
675536521
675441610
673739379
670824223
669375628
667116684
667036895
665369143
665129678
661639774
657899876
657577945
656195894
655357306
654765310
648795366
648730314
648682547
648182294
647521041
647072155
645947806
645622055
636236318
634969404
634908143
634367092
632126779
632015033
631729277
631664087
628389879
625931418
620962411
620902522
620842429
620731409
620637263
616600985
616569032
613388843
612718334
612086678
612063356
612036652
611991982
611958467
609621181
604703073
603227639
603132764
603076869
601922243
601662522
601611407
601202238
601178906
599764736
599100202
599032773
598996776
598359682
598337199
597687131
594887796
594866282
593890975
593782522
593425364
593383123
593366802
592067297
591962228
591340426
590727886
590703987
590682604
590638319
589310400
589273970
589251985
588702651
587892374
587863795
587830350
587806275
586969231
586884666
584342561
584257089
582488082
582465743
582423188
582383786
581867327
581738147
580942897
580930325
580905953
580842406
580095092
580018758
578137597
578038474
576606413
576583663
576561063
576516173
576472027
571354565
571327595
571296369
571274321
569880311
569866636
569834321
569648143
568534931
568518618
568495650
568167711
568093910
567142171
566821061
566613724
566568291
565940151
565919574
565894256
565828446
565335927
561125456
561110201
560688133
559973138
559946312
559569263
559503221
559451002
559398312
559232361
557030681
556971340
556877398
556773396
555663089
555434559
555338569
553794760
552816713
552787390
552757142
552596386
551262503
550895412
550735044
550575077
550423322
547373715
547342189
547055507
546956964
546934015
546136063
546119053
545599554
545525023
542925323
542905140
541485099
541051085
540934335
540306132
540270704
540243664
540226363
539021679
538994534
538964195
538919865
537675878
532911925
532844749
526514732
526443364
525526989
525491264
525451678
525395863
525271269
524700351
523448122
514539259
514517423
514478199
513969454
513800100
513116366
513074691
512436821
512358345
507307727
507282948
507250542
504458260
504415365
504313350
504264099
504110339
504051706
504012906
503946309
503816151
503735736
503670710
502294840
502254192
502220006
502207080
502096462
501990644
501962476
501859967
501742964
501671113
501670082
501627475
501565673
501411149
501348288
501296767
501271278
501206842
500386466
498949890
498900881
498889551
498850899
498653032
498646853
498600825
496777773
496712542
496698555
494903339
494894049
494824384
494667156
494090228
494045041
494024784
493984831
492301874
492240353
491721004
491616997
491532782
491360188
491134083
491075295
490288304
490253791
489968925
489917515
489900699
488847496
488809466
488793416
488791609
488758347
488731266
487897665
487857467
487799682
486475976
486406523
486369179
486363691
486306137
486299954
486263902
486225212
486169224
484576944
484549054
484511907
484480271
482817656
482787866
480583942
480573241
480566492
480560583
480556008
480499584
479855855
479851190
479770616
