1191512265
1189840700
1189364759
1188423517
1188274201
1184810043
1183334475
1180141231
1179717411
1175920813
1173757015
1173671419
1168435042
1168366730
1150880234
1150806690
1150609218
1150479187
1150405562
1149869143
1149788105
1149672897
1147333313
1146130185
1146042942
1145959349
1145106349
1145032635
1144908657
1144154429
1142859700
1142758932
1142281672
1141889831
1141673586
1140659388
1140546130
1139312168
1127193570
1127076428
1094776621
1094592593
1093596375
1093499862
1091601844
1091529378
1086721236
1086535259
1085574271
1084621698
1084466269
1083604374
1083545259
1080234064
1080130879
1079747627
1079682602
1078885700
1078793465
1078718123
1077836781
1076810525
1076727078
1076583139
1073940323
1073815622
1073527488
1073347858
1071781932
1071694086
1071583280
1070891806
1070700251
1069426375
1069296438
1068853890
1068712547
1068622223
1068523988
1064847779
1064718950
1054644399
1052999597
1048986505
1046792036
1046700019
1045628365
1045499023
1044762566
1044504774
1044344975
1044243220
1044156397
1044043435
1040532792
1040448024
1040273740
1040162166
1039332355
1038985742
1038878148
1035420838
1035316920
1034962141
1033089940
1031210678
1031147408
1030203989
1030124127
1030038482
1027603894
1027477586
1027205258
1027054277
1024323900
1024242590
1022932946
1022798620
1022453655
1022398116
1022321451
1021413922
1021272290
1021164277
1020664045
1017789871
1017707552
1017644715
1017237746
1017128590
1016942666
1016869330
1016748044
1015773819
1015695291
1014339109
1008285417
1007346788
1004388543
1004304784
1002348726
1002250054
997935039
997826382
995408419
994802757
992875561
988740709
988141312
985016168
984266186
980717738
979798518
979738321
979643442
978702429
976878976
974832867
974614151
973204168
968492986
968401167
962484377
961711483
960851806
960704434
957053584
956996330
956598686
955503309
953527236
953380014
951832600
951719560
946421647
946245575
946064015
945524119
945438144
945387174
945314811
945262362
945172097
944710150
944637810
944518267
936293090
936230649
936160197
928932664
927948073
927856739
927752475
925512296
925320053
920028358
919935861
915981241
915912843
915690593
915557494
914967217
914880187
912809226
912168870
912110878
912037559
903146642
903097721
902961705
895973105
874353569
874288847
863626698
863386408
857004582
856242795
856182062
856112767
856060336
855449239
854952357
854917976
854364226
854281409
854201632
853332757
853275637
852422454
852365163
850583164
850529267
850469696
850414039
850290765
849435269
849333176
849271914
848587111
848524037
847566211
847280256
846716399
846649396
846607372
844784169
844165653
844081903
843937373
843854724
843644009
839942780
838249023
838018116
835981346
835552935
835432696
835367094
834949482
833656854
833616998
833571176
833474436
833130536
830985768
830888827
829984026
829936755
829844473
828961816
828867668
828818592
823416328
820492023
820407594
819828977
819722193
818244357
816031916
815947417
813921917
813861630
810155810
810043225
806911930
806660031
806573483
806472721
806358218
805879946
805842921
804519442
804228939
804192293
804012816
803834118
798544053
798453075
798272578
798195789
798074883
798007109
797884483
797855230
776170591
776068193
775979885
772349523
771196094
771032063
770919457
770838732
770632334
769433230
769290012
769106392
768999679
768809344
767671293
767504026
767419503
767300227
767122618
762452267
762407311
762334423
762268861
762156076
762073841
755708705
753747740
750937826
750845935
750457258
746380966
746016337
745876554
745835680
744222910
739043555
738407136
727256834
718391194
716518538
715857093
712947662
705643242
702208961
702111810
700318486
699579508
677252379
675344981
675201403
675157710
675123540
660159883
655928835
655875232
655061898
654951162
648596234
648532328
644806770
643323843
637724606
630964420
630899888
630821102
629946790
629834847
627985410
627920667
627866857
624315206
624274938
623111741
621732362
621692768
621164842
618779382
615151636
613635279
613608467
613051888
609673545
602180726
602107729
601977012
601896792
600867214
600802702
593681733
592319420
587056053
587021553
586671746
586622568
586519916
581262148
579046562
575332715
575272161
575187565
574359867
572539301
566123412
565629111
565568431
565492076
565436827
565002352
564943772
564885721
564781641
564717205
564640459
564562812
563163519
562891870
559055424
558781150
556801775
555638054
555248672
555185287
554849325
554767703
554703178
554660159
554059634
553989545
553859873
553756288
553690490
553067491
553024484
552982908
552379355
552336002
552241889
551954330
551500160
551462843
551424883
551389098
549267886
549156794
547629599
541815281
541784670
541193607
540601308
540546543
539582443
539507780
539334336
538091055
536774120
536649193
536617551
535674249
535392727
535265932
535202460
534275632
534187434
533624375
533556486
533493518
532157287
532092882
530328376
530276667
529275534
529180581
528781979
528710891
528640797
525990184
525871439
523483912
523449053
521675237
521528811
521431855
521369448
516581769
516506437
516391386
515092080
514999613
514928502
514847630
514806820
514768097
514676130
513947502
513863965
513799982
