1162117752
1146243629
1143273664
1140933174
1140839143
1138593723
1138518623
1138412401
1124440812
1124319996
1124244043
1116583358
1113950661
1113885911
1113698546
1111452893
1095789069
1095729104
1095639115
1095570007
1095418891
1093775101
1093727986
1093678677
1093555145
1093475890
1092233441
1092184470
1083636019
1082952943
1082912653
1082302576
1081065459
1081032627
1076119684
1075969074
1075846844
1075726572
1075611193
1075491293
1075402985
1073990533
1066094229
1064730586
1064457017
1064372758
1063741265
1063696966
1063638779
1063583453
1063528520
1063429888
1063322522
1063185663
1061595666
1061567848
1061418043
1061300319
1061150858
1060954701
1056604628
1056548246
1049948441
1049867038
1049800402
1048823307
1045251270
1045185787
1045107209
1044996454
1044929008
1044823333
1044731543
1044651372
1044541381
1044325548
1042531731
1042365068
1042208514
1042081576
1041927019
1040069502
1039955396
1039818605
1039712126
1039353545
1039174847
1039050281
1038993452
1038924300
1038828239
1038567167
1022045394
1020147654
1019876141
1019835949
1019797556
1017465168
1016125542
1016076522
1016023392
992203441
988858514
988751331
988273047
984337850
968492986
968401167
949229786
947402324
928972386
923832562
919059167
918977073
918767300
895974486
889409971
861611961
859411447
859291965
849484453
847566211
847480656
832021328
831985747
831745362
831665037
830123022
824382542
824305970
823259495
823025183
822998041
822573371
820769402
820704773
820653183
807823022
807764587
805951994
805917921
803949659
803904805
799815895
799764616
797013133
796949592
796821040
776170591
776068193
775979885
772349523
771196094
771032063
770919457
770838732
770632334
769433230
769290012
769106392
768999679
768809344
767671293
767504026
767419503
767300227
753747740
730455555
730389108
727256834
713175802
713081843
712997858
704221513
704123361
701782398
701665166
700569024
700493724
700437141
700318486
699945923
694562561
694422393
694340466
694067593
693934038
693813401
692251487
692153529
692045210
691959357
689694713
689642874
689437134
689378443
689289615
687991424
687960159
687891981
687848094
687750209
662506848
657723921
652597439
652115754
652069306
650880975
648596234
637948957
635536037
635000347
633904814
633780017
630002579
627011781
624300197
624251931
619939461
619878572
619349447
618132303
618027844
616390101
582152462
581262148
549001820
528917699
525990184
521807694
521673553
521578858
521555202
518594545
518534577
518487504
516752059
516581769
516391386
482984803
472541901
472451709
472316166
471195207
471013095
470929869
470876882
470209792
470165869
470122440
469909659
469621923
469582430
469540322
469506611
464800440
462891354
462858204
457872424
457812732
457803601
424293400
422224702
421969023
420706330
410182640
408099152
408081086
400010328
399968638
399966092
399944457
399942195
397394677
397391232
397315447
396271033
394742055
393539707
392481358
390894580
390500720
390425558
390315136
390218435
389943090
389894831
389833359
389589690
389553890
389477898
389438465
389405391
389401365
389381735
389366807
387493362
387443544
387382089
387271120
387165344
387131764
387052144
387041522
386892026
386795778
386714435
386031721
385988804
385949682
385654648
385625957
385597314
385570522
383798555
383769820
383742077
383715481
358591130
358123579
356369564
353710153
350681517
350603139
342200046
338607265
335127335
335070807
335029356
335000024
333996436
332057306
332030363
331992299
331965900
328532304
328340561
328281444
323876344
323855460
323838828
323815148
323799579
323774985
323735873
323710998
323686956
323603190
323304386
323238335
323207437
321672616
321653655
321642006
321620924
321604035
321601206
321502240
321453554
321390750
321354175
321077186
321040594
320656189
320654554
320638257
320570575
320525403
320484515
319432373
319351086
319284881
318746991
318300199
318253241
318186004
317795571
316995971
316938568
316895057
316851172
316401348
316348153
316300559
315839508
315813327
315786578
315618429
315603721
315123070
315091109
314670567
314649852
313758870
313740843
313727024
313708378
313693280
313673860
313550552
313507181
313475995
313425807
313363418
312603274
312564780
312488353
312426823
312028252
311990260
311481686
311433305
311383307
311306670
311220615
309370778
309304292
306556941
306498305
302029528
300701917
300664003
300612719
300545241
299328323
299240479
297833689
297812022
297790664
297771649
296443926
296393318
296351419
290397340
284640542
284595122
284542245
284496835
283156621
281896001
281841691
281816159
281808560
281297677
281240850
281165262
281111281
281064305
280776100
280729017
280723032
271008789
270979841
270942504
270016993
269981681
269952489
269777362
268963993
268881455
266832024
266691076
266675550
266642819
264470591
264431672
263677108
263659844
263593584
263559744
263433706
263395326
262632112
262604402
262520933
262504787
262367754
262341896
251913017
251889819
250904898
250895116
246879405
246130275
245988853
245941299
245915023
245642458
244541086
244512821
244300506
234082179
228624445
225789590
225772686
225769450
224032266
223942906
223834882
223296505
