1191898962
1191786514
1191719741
1191647339
1191592679
1185918641
1185807771
1185737410
1168947437
1162130629
1162067684
1159363603
1159298573
1153576749
1140958494
1140847725
1140734796
1132414785
1132338269
1117463616
1109793242
1109748861
1109700631
1109633958
1109543580
1109393650
1109276045
1107575711
1105191992
1105135361
1105066206
1105005464
1104884842
1104177404
1097782637
1093689077
1093614976
1093546976
1093166433
1093047196
1092960134
1084983764
1084958192
1084890611
1083055975
1082150399
1073258201
1059833098
1057607063
1052826070
1044456896
1044062003
1041978490
1041859804
1039085585
1038926824
1038852702
1035874904
1035080312
1029980302
1027257525
1025603184
1025546111
1025475919
1025416236
1025349826
1024744782
1024403724
1023554864
1023508294
1023459359
1023390321
1020969260
1020834544
1020700095
1020637493
1020543675
1019718558
1019670347
1019596571
1018880206
1018751709
1018675590
1012461464
1012298787
1009162813
1005637213
1005574642
1005455542
1005348630
1005289399
1005242686
1005199137
1002746226
987663312
976435686
973322825
963988708
963890140
963766947
963631338
960986309
960957840
960893245
960842224
960767661
958529214
958406313
958278167
946562105
934895348
934730991
934636353
932447822
931621507
931487646
931346653
931241104
931089266
930505372
930458008
930404652
930354259
923435196
922627143
917273904
917174678
904095798
902734531
902662298
902532960
902401627
900103371
900021276
899036202
898940486
898882250
898830901
898565735
898509668
898379566
898311639
898234870
898090756
897986645
888987487
888871340
887442266
886990984
886919378
886844845
886778065
886698838
886663053
886622209
886579317
886543490
885815765
884986261
884916919
884824737
884775327
884692372
881188498
881080877
880996304
878570728
878448263
878349784
878246492
878183996
878069644
877951828
874997519
874931263
873967835
873757458
870424921
870375693
870338784
867163146
861065922
860121537
859375156
859328925
859274974
849294844
849257402
849191276
846048153
845968276
845880080
841013715
840944265
840907834
840803260
838987757
837041846
836941507
836838521
836770843
836565983
836449472
835110763
833034711
832968421
832714474
831794937
829936095
829805278
829235505
828302581
828096877
828045010
827914502
827765777
827717146
825684989
824571202
824493842
823811189
823725610
785453168
785389859
785298771
776341481
776279238
775044751
774997867
774976386
774954664
774923041
772937077
772432494
772338691
771242116
771086362
770923178
770826349
770545864
769387354
769229353
768999679
768904872
767701332
767553808
767481166
767386648
766171960
766130280
764122829
764075878
763854894
762251217
758194744
757572782
756719088
756576609
753086852
751003043
750936018
750707531
750666333
747045248
743199426
742722727
741792419
739989229
739949463
739891610
739384286
739036834
738953806
737123571
737059071
735370592
735300193
735216713
733335964
733045074
732927580
732827862
728868272
726648071
726581705
726331499
726278804
724641091
724586358
724506137
724454149
724394546
723139003
722972152
722811475
722699668
720947179
720853271
720798396
717424512
717319423
717254610
717113589
716676188
716508551
716482272
716013247
715952877
715906469
715657498
715565025
715221684
715029411
714947224
713549332
713329954
713118128
712897771
712742099
712712077
712642243
688606794
688492261
688431911
688395374
687209617
686450233
683890637
683811964
683733078
683078307
683029260
682974136
682471567
682429378
682358976
682286211
682232674
682136605
681549538
681508792
681366797
680753413
680735403
680624329
678825079
678537779
678513231
675389454
672641505
672582345
672519316
672426914
669810249
669581451
669507336
669453721
669353872
668067693
668033062
664055413
659661031
658645526
658175087
658094336
658053570
657994161
657896896
655432156
655404640
655384583
654770108
654642244
652799874
651502720
651482935
651424421
651126947
651023800
650948951
649091395
648901289
648213956
648200889
648179572
648151522
648119829
648076528
647898091
647469004
646730429
646146732
646020814
645151065
645131931
645106110
644447040
644181754
644122872
644075646
643509065
643461216
643316939
643279288
643209925
634489617
625386550
623877395
623081307
623063961
623048175
623028399
622390428
622278310
621592240
621558275
621536436
621517256
621196685
621146616
620954207
620868989
620802384
620750147
614410383
614301209
613053280
612998665
612945269
612704259
612630421
612565276
612527372
612097210
602923909
602877872
602838775
602499498
602462236
602432903
600757929
599845445
599827759
599804444
598777981
598730188
598668541
597510347
595884776
595801783
595732744
594283764
594218293
592041398
592017126
589803670
589757887
589332425
589299475
589274567
588606990
587882727
587862460
587035903
585447601
585369833
582556601
582532911
582505573
579283438
579248481
578596259
578526011
578438758
576895669
576839051
576806559
562330232
558103498
557928823
557888483
557848077
557441642
555462717
555403218
554427267
551408548
550782079
550716503
550048747
548283760
548240780
548001288
547473235
547453883
546957144
546329662
545393397
545337718
545243162
