1184761094
1182106248
1177487067
1177433724
1175996281
1175926801
1175654009
1175595891
1173794943
1166177407
1166051789
1164269929
1164197837
1164111788
1163956047
1162758746
1159957933
1159919454
1158422136
1158095967
1157974337
1157890955
1155864099
1155433752
1153426456
1148635446
1148575004
1147357192
1146233333
1146130185
1146058066
1145990889
1142355222
1142276914
1141863037
1141756458
1140933174
1140835024
1116516897
1094761843
1094685337
1094580582
1094321244
1094232187
1093256086
1093152695
1093047091
1092934019
1092304900
1092261451
1092221448
1089615696
1089597517
1086370858
1086242093
1084295947
1083617184
1083562179
1083499823
1081553599
1079747627
1079682602
1076810525
1075611797
1070657483
1070578089
1070515275
1070399844
1068552642
1068488421
1068444462
1068383330
1068140667
1068087703
1066842004
1066489264
1066361535
1066294939
1066229397
1065457148
1065388053
1064672485
1064590869
1064470331
1064144805
1064084690
1062247026
1062191141
1062113345
1059860428
1059790308
1055449047
1055252461
1054841317
1053249868
1051804346
1051676380
1050845811
1050749998
1048829648
1048715192
1048628025
1048541190
1046752274
1046667365
1046615382
1046526449
1038985742
1038878148
1036879505
1036826974
1036776013
1035999953
1035888031
1035316920
1034882424
1034830632
1032887192
1032831752
1031496848
1031397902
1031038378
1031009853
1025308222
1024230613
1023977922
1023928661
1022304226
1022202814
1022135153
1022063329
1020433724
1020364506
1019483517
1019371153
1018576905
1018517801
1018461112
1018370056
1016871821
1016732555
1016656045
1009341184
1009271298
1007258249
1003528379
1003432147
1003352764
1003275172
1003199391
1001374691
1001290024
1001179053
1001070097
997213138
996861383
996472405
994460409
994366130
994297372
994204011
994138198
993886409
992942035
992362725
992263353
992211199
990889380
990745051
990332600
990264601
990212450
990151208
990111906
990071235
988424198
988361299
987447761
987310535
987211796
986321527
986271951
979881756
979765885
979681630
979392810
977764500
977681105
977590822
972009793
971972893
965544593
964491025
963645043
963564465
963485756
962300548
962211011
961759665
960789951
958039163
957685789
957072069
956685192
951331473
951255418
951138458
950921559
950874183
950361428
950268148
949471945
949321738
949064766
949009062
948388393
948292322
947536125
947431454
947359921
947216941
947175713
946488342
946374410
945397067
944320528
944237422
942493163
941344975
941149265
940356339
940284399
938531560
936295655
936242716
934776695
934653713
934588829
934352770
934308841
932743996
932399234
930930507
930839625
930772854
928839366
928738875
928644077
928565647
926033682
925968276
921407814
921242238
921110805
921029543
920953908
920733829
918868408
918814548
918750049
918704216
916975044
916893494
916839557
916741568
916689945
914973847
914891759
908510007
908415652
906526414
905692719
905626995
903584314
903538317
902955262
902832958
902758183
902652421
902050764
901966125
901920485
901864255
899779563
899729109
898220877
896211775
895336807
890880054
890790651
890514021
889975245
889878948
889310028
887765112
887682300
886934816
886827555
886800115
886595681
886562202
886510241
886479689
885872495
885783529
884987825
884929508
884851051
884789493
884742965
884645158
884597546
883432890
883310080
883174891
875355351
875282389
875094085
875056073
873644949
873561572
873519299
873442884
872035210
871961063
871874513
871827869
871658913
870385462
870338690
870220654
870199768
870165138
870124435
865286109
865089753
864408893
862580968
862526112
862465825
861820223
861723592
861659087
861566621
860884463
860801499
860742219
860688730
860625092
860558529
860524081
860485241
859103460
859001637
858949419
858889017
858773695
858720272
858576349
857875063
857224305
857145490
857056027
856793301
856754987
856719193
856074404
856013196
855888448
854364226
854310045
854257984
854144644
853467932
853061360
853000072
851278493
851198190
851138722
851057285
851005487
850957743
850893526
849568001
849493434
849125546
849087685
847695494
847618046
847383859
847313234
847264895
847223771
845646113
845599009
844671432
844097225
844045637
843975073
843678024
843616652
843585032
841947267
841906613
841848144
841777119
841731485
825214935
825163684
825124531
825034519
776907168
776831452
775486065
775407603
775332549
772371176
769887049
769817640
769746903
769678814
768265194
768198910
768143937
767928379
766610178
766522736
766465559
762092728
757380237
757321011
757263254
757195238
757109669
753776330
753668558
753607494
753554692
750378771
750091012
749076989
748282875
747921936
747873052
744397705
743984122
743946416
742540411
742480128
742436762
742368813
742219218
741859225
741830556
741790760
741746460
740623237
740377230
738751666
738656422
738595176
738542347
736672291
736631800
736597437
736557169
736523010
734663632
734609715
732466210
732408277
730121944
729356055
728409805
728294650
726256873
726136403
726106024
725559588
725451900
724365997
724326148
724289711
722566987
722511939
722480422
720741061
720646646
719353487
719102674
719041153
718590539
718523738
718472812
718420618
716878453
716703284
716637124
716566922
716518538
