1190563049
1190414809
1190309989
1190162655
1189775157
1189328201
1189269791
1188350729
1188235087
1188075369
1187816942
1187655580
1187204584
1185663793
1185502638
1183036233
1182866178
1182243036
1182177491
1182087509
1182023364
1181932707
1178951888
1178332019
1178052098
1177741293
1177686245
1176716219
1175986212
1175885752
1175799714
1175745702
1175670558
1175613249
1174721273
1174447785
1174321453
1174223418
1174086767
1173706436
1173558723
1172560915
1169992502
1169749244
1167467301
1166464480
1166386958
1166313660
1166213033
1166141981
1164070365
1163955635
1163105472
1162749765
1162234268
1162018364
1161789770
1158128995
1158055996
1157979086
1151727114
1151598649
1148707492
1148558918
1148418401
1148334731
1148213357
1146876563
1146777235
1146683089
1146442775
1146334426
1146116392
1146042942
1143789575
1141629187
1141545694
1141462099
1141363127
1138006959
1137419392
1135443149
1135313682
1135086774
1133874445
1132971535
1132886598
1132697054
1132545483
1129662512
1129549995
1127103136
1126998690
1125613709
1125496779
1125369593
1124502680
1123346035
1123182550
1123067716
1120686970
1120513497
1120212235
1119575063
1119464588
1118074307
1117885660
1117745465
1114628560
1114520089
1114459076
1112571156
1112479119
1112396368
1109092030
1108574768
1108327700
1108225010
1108122834
1108042279
1107790456
1104471238
1104370586
1104028388
1103898866
1103314680
1103209114
1103105840
1102982280
1102924591
1101931488
1101754946
1101174290
1101110853
1100980219
1100904261
1100791257
1098504210
1098422394
1098331820
1098234843
1096530366
1096468572
1096396402
1096335863
1095468836
1094660508
1094590538
1094293786
1094187132
1094105292
1093364297
1093305719
1092861606
1092600878
1092512290
1092457543
1087586904
1087545190
1087516069
1086370858
1086242093
1085477337
1085447436
1083500733
1083447927
1083386653
1083331002
1082509191
1081507902
1081422057
1081359483
1081267828
1080433762
1080343264
1079620860
1079556251
1079542592
1079455096
1077761527
1077739044
1077732901
1077696955
1075666442
1070574306
1070378296
1070183696
1070072163
1068552642
1068303311
1068284930
1068261006
1067328560
1067247445
1067170954
1067082721
1066606326
1066527159
1066439325
1066369744
1066292914
1064487634
1064424215
1064357490
1064292072
1064227612
1064144805
1063362430
1063343305
1063322317
1063184447
1063085944
1062856971
1062722437
1062131374
1062048905
1062031441
1062013150
1061081921
1061006600
1060972923
1060929773
1057648318
1057413659
1057298951
1057175172
1055117733
1055043689
1054893098
1054820589
1053413378
1053268693
1053028795
1052960469
1052876263
1052798837
1052752132
1052679151
1052632679
1051795390
1051693026
1050882067
1050783852
1050697889
1050635438
1050559473
1050504671
1050449195
1049690523
1048949369
1048923784
1048898590
1048734161
1048637444
1048519936
1048505201
1048396965
1046623132
1046544544
1046481123
1046415676
1046336086
1046250499
1046184195
1038714300
1038598653
1038450309
1036740477
1035674879
1035577942
1035464346
1035050407
1034969328
1034902663
1034849795
1034774808
1034723708
1034548025
1032906634
1032852026
1032804766
1032674826
1031494339
1031185151
1031162878
1031145479
1031033224
1030969680
1030924373
1030885312
1030876866
1030864786
1029100022
1029075551
1027578470
1027345037
1027205479
1025213026
1025160597
1025015886
1024280678
1024252431
1024115365
1023869867
1023813497
1023800668
1022386998
1022298735
1022230947
1022176767
1020433724
1020259121
1019318871
1019185862
1018999379
1018817193
1018703920
1018614288
1018501309
1018385897
1018362257
1016917199
1016889462
1016863485
1016789078
1016677340
1016650159
1009451049
1009402223
1009337595
1009278000
1009226193
1009140397
1009119996
1007331272
1005240607
1005220994
1005101297
1003981379
1003497706
1003334748
1003309171
1003273575
1001243379
1001144109
1001076349
1001047137
990268476
990245185
990215956
990193725
988218879
988197255
986376677
979975319
978472806
978340945
978043835
975968537
974941064
974178536
974041815
972864727
972706552
972463628
972356088
972282648
972205724
972139230
971093692
970952075
970771299
968882094
968779483
968644670
965359197
965338342
965259232
965201841
964157211
964021688
963850028
963677783
963511735
963422946
963351557
963297355
961913529
961751781
961646935
961577439
961510192
961459664
960508098
960387606
959689896
959637341
958650374
958559710
958435294
957867645
957788973
956821805
954432934
953678501
953519290
953436599
952885404
952871369
952857917
951755726
951320161
951245746
951160714
949252643
947509741
947422609
946400460
946311096
945882226
945766375
945689134
945665759
943864585
943846395
943415187
943364503
943270431
943208096
935419477
932878453
932775947
932695317
932641248
931415555
931316745
931189073
931040194
930772854
930683725
930625673
930556666
929094142
928747263
928680343
928620183
921353365
920959041
918852992
918766741
918696706
916903797
916839993
916757857
916658231
915051641
914956131
914910770
914718620
913343010
913013100
912983034
912960275
907867067
904174531
903990116
903950304
903872167
903847788
902419882
902011192
901992347
899881675
899741437
899730197
899719515
899189380
892787898
892706443
892638135
886775053
886751068
886731704
884814467
884757656
883091133
882949130
882855424
882792562
882767201
881432548
879233342
879121926
878256878
877568476
877541740
877516194
877504116
876625446
876501315
