1191856858
1191059047
1191015355
1189877259
1189788366
1189666701
1188934233
1188602678
1186458531
1186391212
1186308984
1183760485
1183684439
1183615344
1183533985
1182269275
1182164652
1181462943
1181402098
1181331271
1181256598
1180228199
1180087097
1180015636
1179320981
1179130211
1177247299
1177182176
1177114022
1177052353
1176031039
1175925605
1175864901
1175149124
1175080578
1174084712
1173972276
1173859202
1173784166
1173029929
1172966448
1172868117
1172782057
1170528907
1170442476
1170369011
1170237561
1167957444
1167895012
1167854742
1167804940
1166556866
1166386559
1165580549
1165516579
1164327490
1164256371
1163492872
1163421777
1163371777
1162228459
1162173457
1161429451
1161394668
1161329449
1160245669
1160146993
1157317728
1157176882
1155021004
1154831710
1154685422
1152449405
1152347875
1151008879
1150912515
1150014543
1149940827
1149865910
1147728624
1147674087
1147609603
1147520366
1146360312
1146267071
1143239888
1143185986
1143101039
1143018536
1142925988
1141061645
1140992576
1140904034
1140811302
1138687529
1138604206
1138533199
1138443039
1138360603
1136015793
1135907152
1133491189
1133402082
1133296629
1127748009
1126206161
1126100197
1125986203
1123841918
1123792420
1123727047
1123658128
1123560047
1121367970
1121335753
1121266011
1121182036
1121074502
1120971582
1116263236
1116209072
1112005798
1111943251
1111892550
1109691661
1109629208
1109574831
1107559249
1107489893
1107436430
1107358662
1107264210
1105197561
1105141873
1104714685
1102622536
1102586505
1102512589
1101225849
1101076048
1100231697
1100147647
1100084356
1098848973
1098758147
1098002131
1097931683
1097871334
1096763548
1096677803
1096602970
1095898766
1095854859
1095785997
1093878774
1093837275
1093784725
1093695633
1092762191
1092662274
1092570133
1091808982
1091747874
1089615723
1089552160
1089489523
1085675191
1085590251
1084914953
1084883733
1084834511
1084791351
1083687429
1083614611
1082937891
1082889394
1082817684
1082732591
1081725468
1081658502
1065928909
1065886846
1065851493
1065778295
1065692865
1062553052
1061849932
1061783704
1061711599
1061635942
1059428957
1059349466
1059284286
1059180765
1059118517
1059042714
1056729950
1056686988
1056616828
1055209554
1055090333
1054368822
1054318475
1054248806
1053136295
1052275886
1052230539
1052181283
1052090148
1052025614
1051227148
1050833519
1050075496
1049986546
1048908144
1048828639
1048100594
1048046850
1047970605
1028100374
1028020781
1027247307
1027118924
1025648955
1025578296
1025496423
1025401425
1024289293
1024225688
1023466918
1023400619
1021648837
1021587722
1021533395
1020571980
1020480121
1020429669
1019747584
1019692022
1019621422
1018709987
1018622935
1018538503
1017913856
1017859507
1013672109
1013618856
1013532689
1013477818
1013382300
1012662509
1011071149
1010898648
1010818404
1009741878
1008772944
1008711395
1007584339
1007510548
1006809970
1006775199
1006686464
1006560201
1004698617
1004634858
1004549570
1003512275
1003406230
1002689036
1002645049
1002589264
1000548670
1000508502
1000440408
989641770
989590568
989464720
987728319
987678367
987627592
985832390
985797707
985748668
985664541
983461188
983367505
983273916
981164894
981093255
981025753
980961392
979810053
979719716
979667412
977888307
977791060
977162122
977105931
976079139
975963901
975881826
975243288
975125815
973418715
973352158
972274549
971542708
971489281
971410329
969199577
969100734
969013914
968926611
966786337
966725949
964703424
964663699
964600109
964544215
963484142
962839357
962804073
962729800
962622009
961704647
961644308
960990280
960923828
960891940
960842812
959278448
959243932
959203765
959161127
959078927
942919758
942850714
942776543
940463602
940427578
940355484
940258862
938048150
938003474
934008118
933974982
932011931
931944687
925643325
925579152
925507512
925415697
923037849
922981189
922914798
922809468
914241966
914182115
892303669
892292520
892197176
892137082
890115272
890069319
888051528
888015022
886216555
886162375
886103874
884912857
884873646
884301815
884271971
878212359
878131326
878064463
874688909
874627043
874515069
872979381
872939671
872897174
871405452
871376058
871333644
871257110
869769003
867418795
867182011
863966146
863915766
863862247
860084793
860041159
858198713
856485144
856432399
856370234
856326514
856242263
848816753
848775656
848721932
848665452
848604328
846957153
846914708
846861699
845115716
845063527
843336466
843308127
843256386
841329156
840354102
840269377
840185021
840070875
839513089
839483766
839435409
839348582
839279494
839202489
839112073
838927186
838825280
838729106
838617247
838539197
838416990
838360499
838287560
838210272
837501915
837469266
837414712
835566840
833887802
833864301
833803421
833748728
832070366
832013571
831964101
830274813
830247090
830212385
830176427
830130147
828396613
828318920
828217182
826484011
826412038
825226284
824560606
824502505
824404365
822549889
822481659
822440137
820819414
820752654
820703602
820611407
818863551
817207467
817159293
817106841
817044042
816944471
815325572
815252742
813429725
813388040
813342069
813182112
813092017
812485117
812396138
811266662
811133413
797733771
797683931
797628326
796463979
796406078
796328942
796266899
796193938
795715658
795684601
795637262
778328083
778291810
778255418
777831578
756513384
755556977
