1192403380
1192247729
1192144654
1188693069
1188593201
1188512179
1187567382
1187469861
1187301137
1187198131
1187080700
1187002551
1185690478
1185531784
1185348693
1185155742
1183309598
1183173054
1183045201
1182918274
1182712810
1182333188
1182244346
1182130699
1180915572
1180824870
1180760423
1180653531
1180504888
1180372185
1180281701
1180164589
1180046824
1179902232
1178464398
1178301090
1178157474
1178083427
1177969688
1176963656
1175879233
1175792613
1175690771
1175622735
1174268945
1174148906
1174010759
1173890165
1171268847
1168600342
1166936267
1166810959
1166643629
1166586434
1166464630
1166377328
1164309847
1164069220
1163992640
1163928306
1160796936
1160702279
1147492666
1147396505
1146229183
1146103635
1144514163
1144362212
1144172222
1142363759
1141766749
1139321557
1139193403
1137880098
1137264982
1137154580
1136996005
1136875748
1135549771
1132122809
1131972825
1131893820
1131796586
1131724585
1129624382
1129500333
1129437071
1128267584
1128151765
1128023380
1127860946
1127683947
1127542369
1127062390
1126948203
1125912131
1125791187
1125662252
1125521494
1125370909
1125209121
1125008862
1124745175
1124636178
1123346117
1123238380
1123143221
1122922326
1122771460
1122411971
1122264419
1122157939
1122043529
1121951186
1121865129
1120696024
1120395535
1120237954
1120061690
1119858269
1119511746
1119386663
1117848161
1117720742
1117559335
1117366420
1117237644
1117102102
1117008889
1116818069
1114850965
1114737305
1114618392
1114516214
1112748496
1112658830
1112512220
1110904067
1110611388
1110540093
1110444731
1110364407
1110293385
1110196196
1108219090
1108145876
1108059577
1107996338
1107187253
1106620150
1106472346
1106348585
1106220209
1106068977
1105908428
1105761216
1105644216
1104242388
1103587711
1101438033
1099591681
1097138708
1096599096
1096491374
1096424301
1096357316
1087437603
1086006820
1085860584
1085461246
1085382583
1085235885
1084159982
1083955774
1083873558
1083786983
1083521932
1083435666
1083378510
1083325055
1081585490
1079871309
1079779232
1079717828
1079626666
1079550540
1079473671
1079408360
1078441648
1078296872
1068975924
1068355618
1068284084
1068226390
1068105749
1067181833
1067062627
1066939716
1066763129
1063198117
1062473786
1062406961
1062107387
1061510701
1061234746
1061130592
1060991782
1060482921
1060338929
1060238990
1060096167
1058278711
1058127611
1057083313
1056259313
1055971173
1055839278
1055655996
1055475072
1055110324
1054996876
1054940432
1053850416
1053731068
1053587159
1053410239
1053230798
1052623968
1052548207
1050737797
1050673217
1050619812
1050541737
1047411464
1047266449
1047199534
1047082248
1045419752
1045312068
1044669702
1044551021
1044387291
1044255329
1044103625
1044019115
1043930696
1042444986
1039715919
1039562690
1038882944
1038807222
1038511232
1037773066
1037688440
1037049001
1036810593
1036714163
1035361382
1035122846
1035051760
1034660031
1034581931
1033345954
1033245234
1031642649
1031172820
1030886029
1030837083
1029142290
1028614626
1027192053
1027079414
1026559800
1026008694
1025950930
1024264453
1023806916
1022759516
1022183516
1022122620
1022074092
1020988864
1020202073
1020143161
1020097453
1018980663
1018613168
1018227004
1018100983
1017273427
1017090882
1016532138
1016275430
1014315060
1014203087
1012672597
1012510806
1012007151
1011457365
1010201196
1009804148
1009198578
1009145369
1009064051
1008949195
1007916010
1007791922
1007168752
1007097514
1006302273
1006218673
1006117440
1006002514
1005883893
1005101522
1005044173
1004220220
1004122325
1001301865
1000865291
1000195872
999917139
999171754
998868107
998758316
997431857
996820116
996121824
995351211
995186465
994867632
994706777
994540327
992478074
992403302
990961140
990840835
990389504
990320170
989282567
988973831
988863946
988275106
988219917
988197315
988016613
986168791
985508445
985309259
985205839
984489963
984204740
982508652
981995004
981874694
981762908
981675951
980521277
978520216
978438092
978294605
977483765
976821142
976666079
976590865
976499303
976402543
976023573
974658455
974416477
973186695
972757031
972653905
971909380
971093758
971008870
970010389
969928929
968599212
967753343
967322513
966443087
966296597
966130796
965932508
965770381
965609433
965366239
965286722
964503703
964275305
964081616
963953868
962551890
962457869
962352322
961860984
961463473
961423316
961358016
960775703
960653800
960521171
959944481
959676149
959593208
959012916
958921856
958808394
958667209
958504792
958410755
958306860
958147580
958080620
957255639
957184836
954667417
954632518
954562019
953433362
953360288
953324045
953186291
953108728
952456448
952340277
952220920
952106335
951776829
951210123
950903965
950296247
950161481
949953437
949352935
949273996
948513501
948372490
948239126
948115872
947257979
946556254
946433770
946096221
944776361
944577611
942827610
942724859
942663686
942283993
942154137
940294017
940174098
939902392
939741520
939406553
939288655
939176216
939028736
938892339
938762689
937876416
937752951
937626199
937468911
937284172
937061573
936913406
936729026
935721570
935550501
935310401
934863798
934790367
934722713
934620409
934525422
933937489
933885302
933842744
933700814
933498571
933353458
933023743
932910212
932747137
932677496
931982183
931611407
931534555
931425130
931299973
930836853
930736742
930662052
930598902
930519722
929878017
929533986
