1192476384
1192261971
1192142465
1191791036
1191746227
1191679408
1191570463
1191499725
1191442463
1189888690
1189597159
1186779676
1186712879
1184889283
1179811344
1179754170
1179657554
1179600450
1179568010
1177851842
1177796149
1177737750
1177676579
1177608762
1177565042
1170883286
1170831512
1170773894
1170735675
1170660843
1170606847
1170577115
1170507412
1170429062
1170363314
1170239166
1168088812
1168047224
1167966783
1167909173
1167846633
1159018971
1154877728
1154820257
1154747899
1154623822
1154493037
1154358917
1154241461
1154118020
1153934602
1153824791
1153726979
1147591212
1147504825
1140842956
1140750866
1140607735
1140495423
1140179523
1140032166
1139950649
1139807414
1139716702
1139432974
1139361978
1139290704
1139099248
1138923326
1135172175
1135084979
1134994326
1134925215
1134838224
1134742671
1134659972
1134589470
1134546232
1132496409
1129122952
1126443230
1126386592
1126355418
1123930241
1123899166
1123851047
1123804403
1123740483
1121620837
1121546077
1117767339
1115586072
1115446314
1111821808
1111761291
1111655602
1111600898
1111543473
1111450954
1110966610
1107844264
1107804438
1107724318
1107691016
1107652712
1107608376
1107558944
1107507049
1107441526
1106310187
1102759107
1102726936
1102691616
1102650124
1102602705
1102532666
1102488401
1099655376
1093962805
1093917213
1093873537
1093848495
1093822737
1093749332
1089152563
1086366247
1086243461
1086129859
1083141580
1071379036
1069788412
1067333682
1065670453
1065520380
1055343044
1055201799
1051908755
1051767462
1051679387
1051507691
1047525904
1047410601
1047301235
1047186346
1044657740
1043139875
1042227415
1042051248
1041964889
1039238252
1037001925
1032060110
1031978338
1030290302
1030217549
1030159794
1030070357
1029776175
1028471995
1028412347
1028309280
1028254768
1021332009
1021258473
1021141439
1021022904
1019687690
1019616342
1019545029
1015506011
1013936037
1012815360
1012667981
1012565588
1011187040
1010561508
997820544
996946522
995271349
995158199
995057383
994925300
994809613
994692003
994560429
994480920
993814680
993768768
993728631
993712912
993706566
993655107
993629143
993618142
993590404
992749996
992640474
991550230
989562375
988503052
988413343
988335439
988165995
988119874
984755089
984676893
984413137
969488224
969450125
966660877
938126363
938097408
938066742
937492019
927210407
927062623
926941354
926807641
926670398
925680902
922636216
922478578
922216202
922088253
919728246
910051972
910017203
909986796
909948462
909912890
909869244
909813625
909771486
909685659
909304532
908427578
896374172
896253383
896145753
896060009
895971673
895871634
888082734
888051238
888006407
887927244
887866871
875872352
875691893
875441245
875332413
875249527
873825392
873752559
873640273
873469365
873402667
873343402
873298210
868199866
868188609
868166374
866283616
866245526
866210075
866179994
866142845
866095909
866050496
865993062
865975045
852741752
852709719
852680737
852663317
852632512
852590339
852552523
844862746
844359662
844275540
844184812
844072359
843107188
843045726
842996983
842930143
842847842
842796382
842712720
842639816
842555549
842460642
842400299
841564799
839777444
839661570
839623871
839604421
839572690
839513089
839483766
839435409
835596009
835537940
835448400
835277076
835191690
835121089
833864161
833828237
833792571
833743584
833692471
833587194
830087870
829687260
827894176
826579007
825984998
825900908
825835039
825782164
825710047
824403075
824349875
824274445
824185455
824096579
824024776
823934793
823681776
823575719
822587895
821828751
820638999
820495540
820425882
820346434
820259607
820185854
818968085
818226287
816994808
816928525
816862291
816797503
816749369
816686932
816542487
816462655
816373841
816297592
815525737
815474517
815458286
815444226
815115599
815071426
814881619
814782292
814704444
814630820
814550501
814349214
814276201
814225413
810669645
810508540
809412156
809320199
809155201
809076689
808837566
808744699
808653974
808609941
808515679
808457507
808364691
808274484
808217711
808174510
808105291
808044932
807569525
807518426
807476381
807419052
807087539
807045869
806968365
806871128
806751755
805324741
805235562
805159500
804884283
804661530
804427843
804385705
804326585
804192395
804136404
804064709
802713680
802650203
802525952
802450739
802404909
802347997
802285332
802238296
802118707
801119761
800995215
800919615
800829359
800742413
800653186
800570218
800508855
800438182
800375773
800035757
799004611
798930677
798831567
798681669
798607470
798545821
798486690
798433931
798347573
798228277
797378086
797319815
797269267
797204446
797119317
797070412
796993524
796843217
796749591
796428303
796363803
796276551
796233076
795714455
787943161
787900748
787871901
786407203
786330117
786269255
783801256
783746701
783676866
783571610
781949763
781932551
781898885
781875906
781837425
781770046
781687728
781606153
781570063
779846167
778750151
778695632
778624431
778564402
778530633
778462467
778390231
778351039
778321245
778285568
778270692
778239293
778204091
778170907
777187354
777119183
776911707
776851354
776807728
776717887
776691577
776653818
776609036
776583613
776557634
776355744
775238773
775197221
775131654
775068855
772548096
