1192590956
1192321458
1192179473
1191881697
1191792203
1191679408
1191589245
1191534810
1191447098
1190001023
1189888690
1189718366
1189700629
1189560619
1187709071
1187590739
1187490411
1186784953
1186720221
1184872823
1179885928
1179811344
1179754170
1179639674
1179598740
1179568010
1165870529
1165808845
1165766039
1165718659
1165684539
1165654872
1165639481
1163568742
1162631629
1161673999
1161365942
1159411207
1159018971
1158910946
1154877728
1154820257
1154493037
1154358917
1154241461
1154118020
1153934602
1153824791
1153726979
1153464479
1150196945
1150137338
1150071832
1147705938
1147591212
1147504825
1147172141
1144530179
1142641622
1142489321
1142417041
1142327116
1140607735
1140495423
1140179523
1140032166
1139950649
1139807414
1139716702
1139432974
1139361978
1139290704
1139180906
1138016387
1137883509
1135084979
1134994326
1134925215
1134838224
1134694311
1126166122
1126103807
1123724049
1120678939
1108615780
1106557102
1106379534
1106305186
1106168465
1106026686
1099412404
1099259163
1098949422
1098830168
1097674344
1097590455
1097511816
1097412919
1097313289
1097217223
1097139537
1095085142
1094988746
1093742882
1092813602
1092729274
1092659263
1092608000
1092487654
1092416623
1090011561
1086366247
1084897130
1084843135
1084770938
1082956813
1082290447
1082124838
1081979736
1081900932
1081842387
1081619137
1081549817
1074439201
1072408930
1072077388
1071961255
1067344955
1065993214
1065950730
1065913175
1065796218
1065727229
1063949036
1063866418
1062159082
1062105658
1062051465
1055351479
1053646383
1053516987
1049273891
1049108157
1048948446
1046645674
1046557303
1046475627
1040766352
1037583640
1027872333
1024966540
1023554864
1023487479
1023315396
1021772032
1021741481
1021403720
1013674287
1013504401
1013329339
1012936878
1006829619
1002671432
1002627659
1002532318
1002154256
1002007622
995877385
995827389
994723261
994615668
992741268
988984582
976861284
976757084
976642447
976491031
976275943
976114387
972564617
972426036
972351687
971490374
971406046
969080160
968441538
968342935
968254668
964536198
962771970
962651595
960673373
950158095
947095002
947051333
946649206
945022718
932029345
930063048
929987216
929916736
928063037
925706666
925650890
925607344
925523677
922911659
921840416
921619049
921472078
920211811
919948525
918220474
918190131
918161036
918130561
918061597
917865647
915320855
914254146
912408469
912395092
912377516
912353503
912309415
912262714
912206522
903336569
901371332
901334370
900733658
899475660
899455834
898420977
890127942
890088756
889213975
888163588
888089833
888016713
886281782
886272162
886241009
886205680
886183172
882253571
882224475
882184195
882130452
881204421
876779040
876662677
874670169
872067250
871940100
871880490
871838386
870524986
870465054
870392195
870334263
870275519
868968192
868902817
868830383
868753501
868702799
868639026
868521337
868479056
868166374
868142145
868110288
868075541
868045646
867914732
867532798
863729840
860188974
860141662
858281782
858214364
857573721
856504729
856463067
855940312
854730695
854685461
854664668
854614787
854576092
852698557
852666756
852628588
852537183
850764842
850740708
850708831
850065054
849973271
849889718
848818834
848775956
848611071
848541498
848488428
848182335
848069306
847952634
847864883
846983417
846730005
846672950
846369919
846310008
846212913
845254201
845179901
845134036
845073707
844956167
844891095
843304852
843240537
843209983
843152618
843114877
843045726
841555317
841512612
841452354
841419944
840863677
840678485
839093944
837374462
836722430
836661185
836570632
835053990
834976475
833202929
833135384
831774228
831713231
831619153
830325771
830296776
830049395
829960410
829881515
829679705
826608454
826576984
826279531
826201020
826142697
822587895
822516354
822338814
820820116
820781134
820720254
820660816
820590875
820478419
816682627
816550614
815326218
815286827
815250123
815209454
814875375
814766642
814631054
814536227
813512860
813487309
813459957
813252474
813205606
813159075
813119891
812774217
812701055
812611422
812525768
811419805
811386726
811253114
811190658
810987112
810513218
810395930
810288500
810226582
809568067
809533362
809508915
809471053
809412276
808595491
808490230
808439059
806686185
805466356
805404619
805336237
805240263
805028665
804890391
804427843
804385705
804255969
803295904
803209939
803136715
803067795
802985476
802898487
802832791
802650203
802586212
802525952
802450739
802404909
802347997
802285332
802238296
801119761
800995215
800919615
800829359
800450396
800347107
800228737
800171841
799534245
799473468
799360164
799249930
799195598
798962077
798845631
798681669
798545821
798228277
797005187
796896799
796749591
796656793
796508366
796428303
796363803
796276551
796233076
796167496
795336849
795256666
795148616
787897361
787827904
787778402
785923491
782400531
782328077
782255376
782203644
782171295
778750151
778695632
778624431
778564402
778530633
776632052
776604027
776568474
775247751
775119556
772548096
772432494
771125367
770899986
770858488
770551674
769374450
769328512
769161952
769044770
767689193
767596783
767497059
767419503
767198624
764327455
764305496
764259478
764225460
764174531
762550544
