1192640200
1192479480
1192382241
1192270038
1190902636
1190807186
1190718292
1190625723
1190490056
1190370492
1188940963
1188554767
1188395981
1188255813
1188151532
1188041462
1187887935
1186139414
1186034221
1185881784
1185720268
1185589180
1185433549
1185317375
1185159213
1184993447
1183140858
1183009828
1182906821
1181140745
1181024635
1180925522
1180784765
1180649809
1178941232
1178832308
1178745821
1178613311
1178510740
1176726595
1176606751
1176458871
1176415208
1176274681
1176153593
1175160067
1175121709
1175067771
1174992654
1174918700
1174842813
1174740434
1174637068
1174472879
1174365069
1174258389
1172894616
1172817397
1172739252
1172648385
1172316940
1172155919
1172058754
1170459193
1170398556
1170275957
1170195306
1170019270
1169880429
1169734719
1169603537
1169465980
1167974267
1167790142
1167714582
1167626278
1167516037
1167405594
1167249500
1167077624
1166929910
1165398245
1165312159
1165154527
1165043006
1164891602
1163338797
1163282126
1163205858
1163103730
1163014813
1162883121
1162760832
1162631629
1162490504
1161287394
1161230479
1161148833
1161048342
1160874245
1160799788
1159224704
1159155041
1159055622
1158968591
1158858043
1158766805
1157177694
1157099267
1157010432
1156906127
1156823118
1154711747
1154613089
1154544099
1154441406
1154322705
1154171972
1154083815
1152423455
1152363000
1152291173
1152192478
1152077151
1151974448
1151808006
1141243962
1141176544
1141113354
1141027488
1140940127
1140826974
1138917077
1138849834
1138799707
1138731416
1138668778
1138575183
1138479081
1138346853
1133022717
1132926769
1132771579
1132646974
1130773226
1130672994
1128587014
1128521327
1128408867
1128316836
1128219846
1127969090
1127817330
1127665217
1127480760
1125442065
1125251641
1125125961
1125012089
1124866727
1113079409
1112974148
1112829996
1112750862
1112671453
1111656225
1111514497
1111397776
1111264727
1111061423
1110953384
1110840572
1110709739
1109391637
1109321518
1109243833
1109078299
1108912538
1108810700
1108704970
1108598090
1102167943
1102048329
1101928187
1101807475
1101688065
1100231697
1100147647
1100084356
1099994692
1099890966
1099804486
1099701194
1099571094
1099423554
1099277916
1099161496
1099014506
1097871334
1097791549
1097722456
1097669184
1097597080
1097511816
1097412919
1097313289
1097217223
1097139537
1097020403
1096904912
1095792302
1095733692
1095682958
1095595782
1095478126
1095324215
1095238520
1095112035
1095006923
1094900691
1093685098
1093593859
1093479594
1093391666
1093290567
1093168333
1093092835
1092994499
1091615418
1091500471
1091360686
1091234358
1091079323
1090953800
1090846318
1090741425
1088824135
1088695899
1088540950
1088376243
1088210872
1086458834
1086346138
1086222286
1086106740
1085976140
1084263239
1084106004
1083980409
1083815198
1082194597
1082068888
1081959392
1081855340
1081770710
1081691134
1080693634
1080603372
1080464871
1080226361
1080081823
1080005223
1078468504
1078372983
1078284085
1078180303
1078071159
1077961035
1077886314
1077804493
1071306784
1071107375
1070937113
1070816777
1069261722
1069168882
1069063617
1068909683
1068805493
1067147406
1067061119
1066926388
1066792037
1065682427
1065590906
1065500741
1065351948
1065225898
1065128974
1065006138
1064858164
1063904141
1063872850
1063839960
1063789113
1063723475
1063682280
1063604572
1063520484
1049468473
1027102463
1025186487
1025087795
1024961858
1024623113
1023000490
1022893628
1022791130
1022674084
1022524200
1022431745
1021267706
1021172124
1021050270
1020892127
1020802314
1019466502
1019339913
1019251910
1019144933
1019023107
1018911506
1018768707
1018702893
1017333855
1017205010
1017091292
1016926299
1016825724
1016748186
1016675386
1010305921
1010205275
1010056796
1009899103
1009751258
1009620435
1008701439
1008618908
1008508530
1008382198
1008270776
1008196426
1008062157
1007948870
1007844494
1005994942
1005863449
1005718546
1005613533
1005506917
1005409781
990937994
990836483
990692560
990554793
990440023
990345131
974841879
974718663
974597010
974481702
974365421
974294175
974207805
974126577
971226072
971107618
970969052
970809197
970660157
968548299
968373395
968191395
968046995
967943423
967817868
966137450
966018184
965861917
965756705
965606687
965503604
965426843
965356325
964302011
964182272
964081332
963895175
963800050
963727873
963646281
962339887
962292306
962182236
962078380
961929786
961791582
961700158
960482184
960346221
960240006
960116071
959965753
959899947
959817344
959794140
959700393
958591098
958482922
958242322
958148377
957136417
957027448
956940238
956825395
956722356
956605314
956503338
956396933
956329585
956218706
956100156
949783846
949635107
946457597
946386031
946260227
946140700
946032773
945908387
945824558
945744788
944605915
944506853
944400007
944299225
944183880
944066373
943950752
943870269
943772742
943756443
942354078
942226602
942052471
941946953
941800567
941640939
941524913
933316634
933143748
933011859
932798365
932749020
929581067
929453457
929305141
929165823
929050184
928903465
928851600
928787231
927435725
927254725
927065245
926851061
926648069
925029625
924900938
924742991
924516891
924396778
924277611
924169404
924015173
913890840
913796762
913687760
913600111
913476432
911773403
911641684
911522977
911324330
911199209
911104798
908851890
908691718
908586974
908463450
908370910
908270940
906479762
906357208
906226810
906144359
906037648
904620555
904449209
