1192497219
1191550914
1191488360
1191440673
1191397140
1191351263
1189214666
1189155450
1189109954
1187407851
1187309798
1187221079
1186616237
1186555908
1184703614
1184577313
1184098939
1184004820
1183939159
1182235687
1181762289
1181724711
1181663069
1181604870
1181563866
1180501595
1179627559
1179594830
1179537131
1179479920
1177498926
1177443562
1177397226
1177347464
1176263614
1175467756
1175414993
1175370616
1175328682
1175299611
1174178930
1173357914
1173312115
1173272636
1173227123
1173184980
1170890703
1170838557
1170760128
1170705888
1168508357
1168363973
1168313018
1168216939
1168174330
1168114114
1168062822
1163678268
1152748275
1148094662
1148043761
1147994592
1147933931
1146756595
1141332942
1141271785
1141233814
1141190507
1139798136
1139193403
1138956085
1138899581
1138831682
1137496947
1136397029
1136311648
1136267752
1136200947
1132503872
1132354665
1132242534
1132149745
1132045410
1131972825
1129039543
1129005645
1128892185
1127134617
1127012296
1126827700
1126510797
1126459920
1126406045
1126372154
1125344929
1124129763
1124043974
1123971103
1122591859
1122009907
1121894763
1121782312
1121686504
1121613529
1121521332
1119532445
1119084995
1117556861
1116529930
1116471843
1116416046
1115562724
1115462487
1114931402
1114843573
1114787346
1110177802
1110035665
1109988291
1109922245
1109869490
1109828786
1109009785
1108852798
1108750439
1108622635
1107904954
1107124034
1107016475
1106900493
1106253326
1106132960
1105440316
1105377835
1105325529
1105283427
1105226279
1105181050
1105127689
1105068605
1104313705
1103447599
1103310266
1102856220
1102758363
1100622155
1100554698
1099457810
1099258011
1097171663
1096105644
1096057060
1096019826
1094626423
1094265777
1094199379
1094163689
1094119838
1094062212
1094019890
1093986426
1093206156
1093111241
1092865898
1092782921
1092592580
1092227123
1092129223
1092071554
1092019987
1091115176
1090962802
1090683525
1090585330
1090011195
1089836799
1089781672
1089741935
1089698657
1088703256
1087938424
1087773377
1087397176
1087319756
1087230303
1087178830
1087117253
1085192247
1085108828
1085060161
1085033560
1083169177
1083130267
1083083047
1083043650
1081228577
1081190274
1081148524
1081107941
1081072970
1079651137
1079575186
1079493970
1079425036
1079373868
1079325455
1079262169
1079209790
1079159408
1079119408
1076138575
1075996423
1075846683
1075531943
1075396605
1075326803
1075007742
1074961620
1067079947
1066949585
1066815400
1066714640
1066602408
1066511066
1064967762
1064778445
1064692090
1064577129
1060892495
1060782635
1060618714
1060463248
1060353475
1059965781
1059886706
1059770089
1059602547
1059532501
1059485292
1057819861
1057708106
1057608629
1057509203
1056918816
1056858487
1055935091
1055571838
1055351130
1055244112
1055133269
1054954564
1054708018
1052519725
1052483921
1052429673
1052377228
1052322585
1051589723
1051478690
1051347573
1051230724
1051131802
1050716412
1050642724
1050562964
1050477694
1049285919
1049137790
1049041658
1046538659
1046478507
1046408204
1046357985
1046286324
1046231609
1045404366
1045280901
1045043368
1044914751
1044773653
1044669082
1044551021
1044438588
1044205506
1044133540
1044023671
1043928511
1042747925
1042587716
1041669540
1041204449
1041067428
1040986860
1040866737
1040802601
1040737396
1040680212
1039906464
1039641619
1039326121
1039188253
1038917121
1038799293
1037624308
1036864934
1036496573
1036440806
1036398636
1036367879
1035402385
1034494718
1034435204
1034395808
1033828365
1033639660
1033092333
1032105853
1032033219
1031963774
1030891298
1030808616
1030759349
1030718514
1030045336
1029938028
1029576436
1029045637
1028923222
1028809495
1028720353
1028597934
1028501474
1027525030
1027379531
1027252149
1027130333
1026751638
1026578804
1024777700
1024663571
1024485786
1023857546
1020005164
1019945471
1019206562
1019087667
1018927019
1018806373
1018716366
1018610129
1018565051
1018292228
1018198424
1018113215
1018059013
1018016159
1017110751
1017001362
1016861886
1016779366
1016667844
1016586827
1014979364
1009856818
1009490509
1009060030
1009006459
1008955797
1008290180
1007856220
1007764616
1007627002
1007478348
993005865
992902476
992714647
992471365
992282753
992137025
992066686
992001330
991959525
991881754
991845102
991803662
991768168
988244002
988164386
988102428
988058032
987125461
986952798
986806451
986684992
986502016
986399527
986310733
986146156
986068305
986020615
984508468
981786015
981439294
981379481
977638639
977575812
977420238
977368843
973674436
973615664
970844641
970189692
970085575
968378496
967337054
967063860
966989321
964964147
964925279
964884268
961338952
961219589
961179269
959425898
959373324
959325359
952832984
952778100
950863795
950802367
950757692
950719531
949183629
949119243
949057015
948982349
948938903
948898299
947128955
947079733
947027764
945215992
945160381
945115425
944189257
944083878
943974651
943853711
941762296
941671344
941574820
941446640
941305034
941003407
940749120
940679878
939245143
925874247
925813476
925783274
925742426
923353845
923258709
923192837
923119326
920995490
920902473
920810148
920667577
916791673
916717731
916659576
916617075
916580942
916506264
916472322
916428359
916398221
916363506
913671633
910256107
910187823
910129553
907894052
907812647
907722611
907646882
907579859
906462783
905535609
905474421
905431558
903507010
903454750
899676121
899633885
899611630
899567927
899540572
897691509
