1188304787
1147199054
1141839356
1141785620
1141724452
1141173647
1136375681
1135339259
1135203313
1135078970
1132794473
1132436615
1132336715
1132217114
1132111083
1131889115
1127949755
1127758889
1126925705
1126218423
1126171597
1126072167
1125950776
1125884557
1125781868
1125490488
1125399362
1125295843
1108734998
1108607848
1108489243
1108375913
1107623256
1106889771
1106751252
1106634698
1106478267
1105936056
1105837836
1105746375
1105450516
1103012570
1102947839
1102897853
1102851737
1102756510
1101110267
1099892435
1099778304
1099440666
1099315073
1099181598
1098954888
1098860068
1098803730
1098681053
1098600953
1097755495
1097636411
1097531324
1097453622
1097138708
1096503931
1096270644
1095809871
1095710107
1095632557
1092196746
1092102991
1092046416
1092008268
1090854169
1090400524
1089860293
1089756509
1089708456
1087824310
1087721915
1087616524
1087549771
1087481068
1087410609
1087323337
1086702045
1086594283
1086508579
1086392073
1086269634
1086139021
1085910536
1085838102
1085749916
1085201921
1085147110
1085088687
1084447601
1084358029
1084239792
1083739082
1083624841
1082939331
1082888678
1082842089
1082770436
1082668572
1082332988
1082200687
1081796083
1081719175
1081650432
1081554367
1081335816
1081276600
1081220510
1081187034
1081148524
1081101425
1080495005
1080430151
1080337419
1079366199
1079325455
1079262169
1079209790
1079169860
1079136990
1077691031
1077617534
1077541832
1066077737
1066032994
1065967672
1062111875
1062060262
1062011050
1061977140
1060893337
1060830425
1060697942
1060603477
1059662781
1059594499
1059508870
1052574876
1052514348
1052457350
1052409656
1052368674
1050439676
1050360208
1050310841
1050257250
1049285919
1048331177
1048278762
1048213907
1047805424
1047710133
1047609733
1047514579
1047368687
1047241594
1047078240
1046740345
1046368132
1046240831
1046165842
1046104319
1045044729
1044782727
1044671059
1044511967
1041031393
1040958023
1040887916
1040821403
1040756373
1039181003
1039015914
1038888999
1038840673
1038756660
1038660231
1038583466
1038454766
1038404217
1038333195
1038240413
1036483016
1036420929
1036377103
1036339933
1036295626
1035595649
1035460960
1035261641
1035106655
1034876007
1034554720
1034500943
1034450717
1032731159
1032673745
1032617201
1032566685
1032529778
1032494368
1031867279
1031767349
1030856452
1030794423
1030761601
1030714060
1030670671
1028597934
1028509143
1028430103
1028351929
1027201079
1027059308
1026055643
1025945667
1025883804
1025828269
1025765619
1025712901
1024900263
1024778620
1024582236
1024171591
1024052627
1023982041
1023933181
1023847403
1023800839
1023746218
1023705751
1022898119
1022774202
1022647764
1021994743
1021951712
1021911601
1021877668
1021834134
1020030928
1019984528
1019917076
1019143304
1019043466
1018889922
1018782516
1018692441
1018634478
1018552474
1018493323
1018306909
1018262660
1018087073
1018033216
1017998149
1017324516
1017184342
1017062003
1016702683
1016641022
1016572445
1015058389
1014899069
1014775192
1014638111
1005059573
1005008020
1004921174
1004881964
1004837652
1004805824
1003477853
1003046455
1002994675
1002925811
1002877018
1002827411
1002786676
1001258646
1001162622
1001075462
1000987316
1000941271
1000862103
1000798740
1000757340
1000713930
999864588
999745294
992981844
992831924
991964459
991918323
991884811
991089329
990956971
990850447
990717376
990567809
990440723
990258487
990180592
990097114
990037431
989984436
989927269
989877694
988713409
988323671
988247408
987111180
986952798
982798829
982454330
982287394
982129971
982052995
978424584
978310800
977926036
977335750
977294232
973800405
973761919
973709949
973652035
973582963
972700445
972591291
972496291
972390031
971936787
971881029
971825987
971770471
971735185
970717774
969893942
969824742
969454681
969422079
969377189
964027627
963792204
963141125
963084946
963040101
962976117
962946741
962205660
962140162
961991302
961246536
961215046
961179323
961148421
960511612
959775455
959391788
959343099
959303717
956521233
951846910
944188884
944067986
943587063
943352308
942097988
887649894
842931583
842842923
842767453
841438162
836438366
835084383
834967418
833423227
833318512
833213964
833135296
827475811
827387426
825876708
825694767
825612030
825523578
824462807
824404926
824329036
824264199
824056628
823969575
823866642
823769085
823659107
823579669
823530303
823470320
823388333
823309836
823257944
823187983
823094391
823031497
822534582
822471403
822397882
822337664
822275763
822218902
822113697
821985033
821921883
821627062
821468342
821404369
821308332
821235166
821200439
820753988
820679263
820636407
820505420
820442942
820323294
820229400
820128275
819706640
819620421
819408360
819369453
818313605
817984139
817885586
817622962
817565427
817020095
816706671
816546005
816426151
816306331
815798442
815745109
815112794
815058399
814740059
814607866
814519829
813132467
813040605
812980774
812899171
812453104
812180437
812131735
811353864
811304639
811242361
811190428
811138626
811059369
811001591
810931917
810849050
810784685
810673392
810603909
810517668
810428313
810345816
810253138
810165080
810106760
809856596
809328460
809285168
809208060
809158819
809070816
809004686
808695288
808596290
808470639
808404927
808235250
808140048
806979180
806883296
806767126
806692522
806604856
806111927
805719299
805686337
