1192558466
1188517977
1188308738
1188174387
1187880933
1186337062
1185401916
1185261605
1185157543
1182639756
1180508767
1176497586
1175021473
1171838104
1170546641
1170487883
1167818991
1167591856
1167478431
1167431824
1165052920
1156048872
1155959194
1153944616
1151577091
1147058889
1144220674
1143260899
1143202161
1142261361
1137810594
1137225519
1137103459
1134888237
1134741198
1130172118
1129879142
1128436856
1128367249
1128259081
1128121049
1126188836
1126107231
1126029403
1125922602
1125800085
1125699959
1120562502
1120404336
1117886296
1117749628
1115128233
1115029184
1114843754
1114742133
1114676910
1114092552
1114055874
1111252245
1111106286
1109186707
1109042493
1108888136
1108777822
1108666624
1107253825
1106585001
1106477621
1104050044
1103912460
1103759865
1101154786
1101076934
1100290955
1100221191
1100162095
1100056601
1099942242
1093814641
1093774203
1093122583
1090986164
1090904196
1090753033
1090618711
1090502153
1089590999
1084840754
1084789564
1084732515
1084661357
1084352927
1084082615
1083958113
1082967442
1082926929
1080916916
1080864808
1080781658
1080511928
1080394882
1078534411
1077056933
1076960966
1076891934
1076729738
1076631522
1076511047
1073486363
1073373766
1073226440
1073127940
1071355516
1071202661
1071030047
1070887488
1069323721
1069196868
1069062558
1068937419
1068848922
1067767562
1067722408
1065755111
1065704677
1065272458
1065194801
1064842256
1063807429
1063761866
1061837223
1061736350
1061665933
1058789117
1058699269
1058429606
1056731595
1056678391
1056387371
1056290705
1048078578
1047884891
1039877183
1039450340
1037254009
1037182186
1035744761
1035663340
1035580321
1034336507
1031995235
1031864042
1031739287
1027933542
1027849055
1027731584
1027632327
1027497399
1027395433
1027004720
1026921385
1026787919
1026661466
1026546467
1025213213
1024877660
1024688129
1024558379
1017192679
1015378699
1015046670
1014920763
1014810567
1014661444
1010312619
1008036997
1007934392
1004621652
1004524095
1004410982
1002474947
1002371106
1002215369
1002113481
1002007622
1001904008
1001761987
998825876
997438558
994704266
990829315
990701390
989062041
988976965
987207733
987102762
986988712
986912502
982868545
982768298
982669241
982521107
982001971
981885698
979830201
979762364
978628790
978498305
978415588
978284505
978132452
977589402
976284543
967883472
967768954
965508312
965452853
964382476
963988941
963875125
959081428
957190841
956134100
956029494
954632859
954531237
954349881
954233513
953734468
953599848
953488152
952476637
952433733
951748868
951586529
951491693
950466998
950425583
950355687
950280051
949904662
949679132
948645721
948509601
948414318
948338133
948232975
948117639
946787147
946718102
946323490
946235811
944823688
944549859
944426690
942908665
942866379
942661041
941587382
941475052
939881181
939752489
939283943
939183916
939036550
937921025
937206443
935294834
933938607
933388260
931728116
931438310
927165589
927030006
926856174
926565138
924500395
924360066
924194136
924097417
923935676
922748949
920076021
919169439
919088185
918102921
917804219
917694671
917603124
917460682
916069928
906569722
906465581
904420601
904301434
903285013
902415490
899372202
898479778
896444480
896326475
896231852
894805409
894699359
894423128
893624659
893564560
892268401
892244562
892179710
891990723
891051695
890829556
890739508
890683814
890018122
889304013
889083997
888968060
888885914
888818256
888663439
888623530
888575196
887911340
887321467
886150634
886106166
885225175
885118372
884204583
884166034
883870592
882909693
882129174
882077237
882018468
880929888
879593244
878520776
878387700
878292210
876997114
876946176
875828285
875738905
875620469
873977375
873931008
873866364
873653705
873597960
872940916
872904163
872235061
872168911
871340891
870766712
870675536
869061339
868986225
868885761
868086419
868054852
868006479
867907468
867297143
867194413
867116841
866995084
866040321
866014229
865952149
865897972
865834043
863913008
863843265
863721123
863637203
863540129
863428066
863010294
862918967
861909435
861485310
861404377
861211513
861115640
860960088
860872367
859645898
859423141
859356280
859187359
859123597
859059905
858221936
855443946
854537910
854476675
854199654
854124614
854015545
853734526
853672909
853607267
853520498
853440494
851623257
851543934
851429736
850022293
849565013
849477003
848079183
847835545
847758701
847629537
847592864
846809065
846759286
846684154
846084475
845994251
845872749
845790615
845040236
844981650
844920033
844431245
844323544
844249423
844094452
844019071
843240068
842653299
842598917
841383125
841329543
841262919
841206946
841150443
841045977
840963069
840686295
840382787
840301635
840203125
840149858
839330036
839265570
838875295
838820160
837399810
837337591
837261576
837205345
837134093
837091613
836441342
836372200
835616189
835575292
835523888
835143797
834674911
834584710
834522743
833378679
833323963
832854711
832025368
831229275
831130774
829316325
829103557
829026893
827674540
827582597
826408996
826338437
826292745
825862891
825747320
825614670
824408103
824351569
823957437
823868382
823631117
823564275
823489123
822528303
821911140
821802701
821669474
821569746
821475762
820802604
820749544
