1192837943
1192721900
1192572888
1189103097
1189066351
1188149867
1186753264
1186699855
1186645708
1186607243
1186549356
1186494574
1186291822
1185447427
1184015817
1183896746
1183857222
1183319304
1178517819
1178416264
1178201751
1176497744
1176343926
1176228849
1176110923
1175978197
1175116625
1175022383
1163408007
1163364011
1163283492
1160573760
1160457061
1159230076
1159181140
1158999196
1158881041
1158416728
1158290816
1158170788
1158090063
1158036013
1156544586
1156451928
1156297505
1156197550
1156019244
1155788843
1155703426
1153941203
1152176484
1150954515
1150832912
1142830926
1134766705
1134384118
1134264313
1134165730
1133245576
1133180721
1133106477
1132940109
1132802040
1132652421
1132537285
1129511652
1129337941
1120155529
1119957744
1119849085
1119721305
1117536357
1117345188
1117219858
1117079738
1115396639
1114237395
1107299651
1107134732
1105475957
1102983932
1102862473
1100624014
1097399263
1095193398
1090846674
1090705137
1090560467
1090459940
1089280560
1089189865
1087021705
1086946455
1086755801
1085144357
1085035685
1084997083
1083212653
1068937419
1065269041
1065151325
1065022562
1063485415
1063350724
1063261991
1063122904
1053330948
1053207661
1051996271
1049020710
1047172937
1041837665
1039505663
1035074992
1031850228
1031521014
1014862974
1010169885
1003290824
1003221853
1001973820
999117927
999014777
998886993
998762198
995562296
995448617
995391702
995283885
992845254
992052702
991995138
991034598
990890956
986463967
986221233
986078581
986020317
985992319
985960203
981516269
981372435
981303838
979442719
979412280
979344563
979285227
978826510
977026146
975165382
975046332
974927070
974817714
973585701
973546842
973515258
973479101
972855072
963871141
961176334
961158574
961124702
961076403
961050970
961020613
960178222
960083208
959395541
959359032
959331544
959297384
959268155
956360540
952066971
945972026
944532037
939739526
937921025
937841346
933697456
932198354
932161133
927920303
927816295
927714052
927563424
927420068
922893874
922760302
922647222
920263767
919850276
919781981
886403326
886341170
886302038
871546766
871523437
870053440
870021700
869978609
869960270
859730592
858454419
858398733
858367067
856614530
856580222
856559522
856524842
856420408
855635816
854856391
854820471
854794215
854637267
854572139
854540017
854495468
854043934
853814390
852843893
852767508
852731897
850736464
850698912
850667183
850629749
849788136
849704677
849629529
848901500
848871406
848051295
847078768
847034474
847012827
846919186
846887581
846837252
846759632
845999097
845263151
845234269
831099899
831022153
827930054
827856899
827754542
827674540
827601797
825838936
825467781
825396923
825325052
825249690
823727996
823289240
822532219
822477707
822423918
821985684
821888657
821828946
821726459
821584987
820509748
820440188
820327765
820219858
819872157
819157008
819137930
819109779
818289149
818197645
818099866
818032877
817966874
817780473
817214768
817187075
817140310
816362890
816275199
816222663
816156019
816098056
815256981
815198259
815126540
815078335
815005021
814943211
814889942
814815761
814734588
814358681
814270033
814190726
813484089
813455861
813417251
813377754
813338021
813274835
813098776
813040868
810679964
810568308
810481122
810248803
810143801
810079507
810006643
809573020
809549464
809527158
809496378
809464610
809412453
809018061
808849788
808499912
808398855
808348802
808242052
808157211
807419938
807307910
807227231
807191444
807036771
806968596
806880324
806785442
806709693
806602786
806345708
806252588
806184226
806125982
806057044
806016472
805438502
805327212
805309824
805220705
805050861
804953949
804765352
804675542
804609754
804501249
804428605
804370890
803627054
803538316
803419188
803391053
803086406
802990992
802913088
802835546
802739325
802510418
802430669
802357424
802286103
802238296
802207972
802163863
801514877
801465343
801410370
801316990
801206963
801112441
800995215
800288953
800198541
800139920
800088785
800032180
800000564
799940914
799248528
799186881
799095198
799052649
798983804
798664419
798610176
798518370
798465367
798391437
798300712
798242244
798179738
798129753
798076547
798019373
797973048
797912010
797879970
797847626
797817528
796821437
796716026
796439940
796374250
796319624
796256228
796199832
796059943
796012015
795989205
795930681
795883641
795846618
795817327
795790677
795737759
786155643
786081747
786014812
784083938
784020762
783993840
783915022
782119353
782092289
782033217
781955540
781916293
781867598
781851585
781765377
781707236
781652197
781579490
778816474
778730695
778658265
778628704
778524557
778486172
778443598
778407849
778354183
778250752
778220521
776929295
774989760
774944317
774916385
774886019
773093500
773046882
772938882
772895265
772839868
772793801
772764460
772668100
771472484
771387204
769425497
769385301
767850353
767808824
767750434
767639203
767585653
767562403
767517701
767445698
767289215
766147838
766106182
766063928
765996496
765967962
765937051
765891482
765848845
765810188
765584336
765484066
764248239
764226041
763997859
763968272
763912572
763852348
763769352
762477194
762446468
762414665
762199421
