1190988389
1190902485
1190793847
1190674854
1188623086
1188519458
1188344903
1188169195
1186588746
1186548719
1186506567
1183914413
1183850639
1183800725
1183736286
1183602990
1183017401
1182871595
1181584120
1181549306
1181153226
1181071305
1180957392
1180889898
1180797784
1180707173
1179479230
1179417233
1179379729
1179348488
1179066185
1179011154
1178446024
1178293665
1174740880
1174646021
1161297531
1161210878
1159049495
1158955698
1158839621
1158723574
1157019837
1156509886
1156389049
1132782129
1132666704
1121498333
1121436264
1121373637
1121324827
1120892788
1120775641
1120661929
1120552448
1105205870
1105155587
1093027543
1091524713
1091234358
1089548025
1087259942
1087199534
1087155050
1082087104
1078860488
1078787229
1078640140
1078528587
1078365025
1076040303
1072150732
1072075648
1069934008
1067825516
1067785636
1067755157
1067704926
1065865173
1065820626
1065774667
1063891637
1063851710
1063813537
1063738675
1063651342
1063344613
1063291732
1061866718
1061822916
1061781738
1052042597
1049766589
1049222092
1047359415
1045774400
1045654210
1045547944
1045472593
1045323669
1041954143
1039505663
1032197017
1032021230
1031910605
1031832165
1031721462
1031562200
1028424471
1028360502
1025750064
1025685394
1023508294
1023459359
1023425769
1023374908
1016156921
1016124224
1011226694
1011172994
1010206973
1008967541
1008919494
1008878358
1004819781
1004272202
1004170282
1003989627
1002860659
1002809027
1002736301
1002358561
1002251608
1002117173
1000722412
1000677516
1000628377
999982656
999864237
999714148
999604735
998113710
997937799
995767158
995658955
991303660
991196870
989562814
983547746
983251252
983154607
973590101
973552472
972861594
971739485
971696573
971634254
969378973
969328893
966919234
966864042
966823109
964763289
964737058
962886891
962847012
962161215
960108160
959271417
959236762
958472333
958290397
958193210
957394922
955033992
955001843
954948208
953925051
953800798
950656647
950620521
949863748
948002615
947858986
945971207
945820058
945057072
945018486
944994413
944620311
944519672
942991182
942950968
942899075
942849702
937985881
937117857
936914992
935131880
934785866
934013022
933974566
933602656
932910477
931908356
885843652
885735312
870810472
870738601
870663950
865183735
865106656
850491109
848753135
848718856
846981507
846936849
846876733
846825276
844317953
844209982
844130386
838468693
838326816
836534939
836482884
834963614
833039784
832959091
829647121
825838936
823727996
820334694
820257142
820141793
819992953
819903926
819848475
814883726
814703070
814621549
812993588
812936482
812840509
812664828
811201785
810614080
805707916
805295520
805226083
805134979
801869012
801833283
801798029
799758870
799719606
797898575
797864862
797842958
797804444
797078403
796964866
796859305
796722081
795739420
795694909
795464573
795362199
795277261
795078947
794970071
793897893
793844365
793809759
793682619
793628426
793541393
793493096
791996329
791953125
791910852
791715542
791616965
791573527
791504306
791430758
789928854
789886845
789847502
789802926
789307417
789147103
787390715
787244850
781882330
781854690
781817113
781770893
780073036
779977605
779941710
779899736
779801285
779742232
779700176
779616620
779547196
779528680
779483238
778334695
778304513
778267506
778246465
778214990
778163432
778039266
777982323
777917115
776736522
776673249
776648082
776611516
776578714
776545854
774890321
774854032
774827382
774789345
774778832
774695023
774655399
774457383
774364202
771056175
770525257
767660824
767625210
765978061
765944473
765313589
764435482
764395966
764382881
764357463
764318858
764300241
764185356
764145852
764122015
764100901
763964197
763896207
762483709
762455251
762437193
762400090
760091720
760006884
759938089
758655895
758619915
758594907
758571359
756569477
756520404
756206641
755041804
754994958
754943740
754913499
754784794
754743151
754678726
754611933
754557757
753199568
753165398
752958991
752903537
752739919
752626682
750707531
750666333
750578294
750494789
750412706
750331360
749435528
749411955
749372512
749336278
749230832
749190198
749112198
747531810
747500745
747452082
747302694
747265580
747226058
747034039
746977121
746898633
746830648
746749163
746691931
745615390
745572062
745539035
745496634
745468324
745288048
745195252
745103908
744857520
743714752
743671107
743631365
743459089
743342215
743242181
741895301
741874825
741830846
740046199
739989229
739949463
739891610
739806802
739685248
738200997
738179603
738143591
737984346
737921447
737865888
736369918
736343737
736312361
736073970
736005076
735951617
735839508
735765324
735717933
735563243
735461642
734368648
734328725
734274055
733762659
733701982
733560159
733408076
733281350
732086603
732058280
732007138
731970478
729984820
729924209
729886522
729851264
727735799
727522949
727466267
727437764
726880041
725895520
725860304
725752182
725704861
725643067
725552417
725440671
725378543
725310179
724094828
724055862
723957833
723902180
723828038
722283992
722251190
722219566
722192947
722102465
721828225
721641934
721430702
720263285
720234905
720022733
719965306
719877120
719603871
719545910
719417774
718227754
718178975
