1192446855
1190208784
1190040998
1185969392
1185814233
1185650695
1185458489
1185226955
1185090928
1183624707
1182767547
1182518593
1181229121
1180572574
1180457484
1179150560
1176355842
1176287763
1174467674
1174288731
1172847429
1172744405
1172370920
1172256858
1170207596
1170084452
1169759926
1169006180
1167596103
1165244641
1165126636
1164843097
1164699628
1164500010
1163340955
1163023913
1162713844
1162609568
1162458040
1161299971
1161225091
1160550651
1160401237
1160283584
1159182418
1159091300
1158823238
1158631121
1158481027
1158374660
1158304115
1154672433
1152047946
1151838974
1151689885
1144510089
1144321291
1138238954
1138128661
1138012937
1137922181
1137788601
1135745666
1135627543
1135539952
1135457163
1135316582
1134874675
1133379080
1133285669
1130255350
1128272315
1128142655
1127998228
1125567201
1125396611
1125247050
1123419559
1121172540
1118708518
1118643731
1118581605
1118108538
1117936549
1117761248
1115676867
1115537713
1115263823
1115167863
1113610622
1112899278
1111214295
1110966223
1108862763
1105078839
1104852567
1104769105
1101752613
1101576441
1099952426
1099834574
1099687501
1099493689
1099346659
1097251965
1097111144
1094924650
1093060067
1092937233
1089544226
1089468656
1089396457
1089260796
1089124115
1089016637
1088322715
1087069468
1086234618
1083864897
1080705018
1080597459
1080077762
1074632550
1074427268
1073864548
1073643465
1073496797
1071320182
1071081886
1070953311
1069605699
1069264292
1069167067
1067309929
1065576404
1064999084
1053190189
1050093929
1047416916
1047333321
1045599395
1045481475
1045363535
1040163783
1037795387
1037052741
1035121305
1034108972
1034052192
1033981511
1033917230
1031366908
1030348109
1030284424
1030195344
1030104405
1027365309
1022813298
1020903187
1019274977
1011189784
1011151852
1011095257
1011048259
1010070793
1006045438
1005796237
989452851
989023931
988944550
985472036
982452897
980895496
976918691
976816321
976765302
970610070
968314705
965742489
965665728
965452853
963814738
963700641
962337555
962004647
961926997
960161605
955011731
954942364
952643145
952588401
950560703
950532452
949720117
949623036
948020338
947862387
947710746
946358968
946176690
945984627
945914264
941838981
940504176
940466129
940442715
938114006
935173034
934729685
934619691
933152309
933040879
931542341
931377654
931059352
927411176
927310792
927082204
926927129
925003962
924875808
924779927
924608339
921876773
917631512
917560967
917326123
917220658
917088985
917004476
915657640
915524499
915444728
915305733
909954527
909886421
909838149
908748023
907345750
907311785
907244718
906233349
902620685
900397537
900284184
898525043
898421140
898347692
896426277
896271009
890672328
889238938
889107343
888987487
888900170
885210041
881240703
878451370
877135034
873839405
870664540
870518116
870456144
868121415
868099546
866126570
865998571
864045705
863864799
862956853
862862659
862034119
861992414
861926794
861021135
860954408
859386109
859308135
859187527
859097386
859046964
857524962
857417408
854646315
854601845
853834391
853570787
851692231
850724612
850697887
850673368
850599692
849710619
849639746
848851035
848821534
848777402
847969587
847930221
847845441
847772980
847698895
846337417
846249752
844244997
844178550
844140983
844063392
841479286
841443902
840301635
838620989
838561568
837517583
837499282
837463975
834983500
834707764
833045822
832921839
832863368
832790471
831130651
829461728
829355113
829285677
829211025
829157036
827552120
827490784
827407548
827273991
826371270
826302530
826177869
825769489
825696932
825596198
825348730
825272233
823822958
823529853
823435677
823347721
823265589
821375375
804606154
804524465
804444293
804371935
802570251
800719384
799788054
799761109
799716626
799377502
797479761
797275130
797195451
797121700
797070412
796997306
796881340
796791495
796657279
795754151
795690806
795354031
793836932
793796187
793750543
793708758
793636642
793569545
793491166
793392361
793301843
793218398
793139030
793027979
791181204
791068356
790997362
790931443
789288989
789167401
789094960
789021199
788925240
788864925
788800691
787240286
787179412
782821077
781169759
781104673
781013173
780897726
779804550
779724333
779664420
779617181
779561842
779253590
779183225
778091804
778017215
777951190
777581150
777475658
777406193
777290906
775944871
775843804
775716863
775629493
775564038
774414671
772282088
772209922
771972940
771912722
768844611
768623650
766756218
765318731
764216784
764176121
763887217
763798446
763748224
763693066
763607616
760252900
760164795
760076690
759877122
759811143
754437094
754323591
750699409
750634016
742923094
742849415
740727108
740661480
740609543
740518940
740447804
739677575
739623136
739501853
739420589
739354720
737865888
737830617
737732066
737595781
737486685
737412717
734233469
734202679
734171664
733649803
733575542
733470698
731593704
731492518
731407875
731150989
731056731
728819940
728778427
727229510
726651729
726581444
725785506
725728132
724981997
724913650
724833341
724699354
724643516
724566890
724519568
724481744
724435460
724369487
723734349
723662459
723601604
721392562
721322978
721218819
719871183
719810409
719779760
719708483
719645386
719520859
