1191516047
1189326145
1183975948
1181898129
1181814675
1179565257
1179502430
1170722424
1170666886
1170529160
1161777903
1159977779
1157468002
1155362365
1155024849
1152773454
1150414466
1140876021
1140781713
1138855425
1136181988
1133789063
1131262284
1129403377
1129084189
1127283342
1127099344
1126480662
1126425208
1123901105
1123584459
1122046724
1121932347
1121797596
1121711719
1121324573
1121113722
1119067078
1118860680
1118777215
1116774991
1114527279
1114445672
1111973644
1111938093
1111838742
1111759943
1110265903
1109731881
1109705781
1109520996
1108105208
1107759301
1105365906
1103091466
1103007638
1102670627
1100861878
1100752076
1100699314
1100276144
1098402034
1098351847
1093942504
1092170820
1092097408
1089625834
1089561759
1087394977
1087167138
1086879071
1085201356
1085144218
1085097071
1085019938
1084985430
1084863375
1083334784
1083292248
1081467497
1081392587
1081095287
1081065300
1081022249
1081000744
1079298863
1079230602
1079077216
1077299882
1072094244
1066014833
1065895414
1065839999
1060367086
1060254167
1057204664
1057137282
1056929589
1056871312
1056818421
1054901751
1052418282
1052375257
1052327941
1048339830
1046502739
1046426003
1046375634
1046209288
1046172175
1043821789
1043693128
1041161371
1041100054
1038588401
1038500855
1038447219
1036739969
1036540529
1036471791
1032493478
1030867249
1030738611
1030664085
1030618266
1028175707
1024021847
1023703029
1023666619
1019904300
1019866254
1017994658
1017961075
1017926690
1016299128
1016266193
1016219090
1013820175
1013786475
1009583341
1009182200
1007247525
1006967517
1006918717
1006901082
1005468769
1005368916
1003994589
977482607
973684333
972086915
971856523
971810299
971777722
971655604
969647681
969249252
969199081
967307368
967250429
967181714
967110659
967047344
966912928
966883680
966845148
966802306
966735703
965153396
964671450
962987328
962737564
962712870
961193144
961163793
961123025
961094666
959446416
959349713
959109930
959060509
957777702
957718237
957297379
957215567
957147661
950017001
947028746
946963247
940787585
933869282
932444654
932203306
932150594
930202321
930170468
930127829
928378503
928217799
907469518
895144711
892410662
892364289
892171876
890418615
889952316
882387496
880701045
871595724
866065660
858610486
858569610
856687023
853061221
853022270
852952002
852771600
852732840
852552839
849064082
845336898
845073707
843564543
839158515
837931860
831710326
831662076
830522537
830454473
824877801
824752333
822849373
822823501
822642075
822607069
822550372
821185033
821099851
820811950
820772117
819070962
817575458
817156756
811442122
809650323
809626314
807590661
805915691
805866056
805718507
805653899
805553555
804380235
804331134
803982926
803945597
803815637
802357199
802300893
802248661
802048920
801882877
801840287
800074893
800039414
797993413
797961813
796002381
795960963
795819981
795781827
795695024
795631545
794149468
794098434
794055796
793937767
774318898
774247535
772554830
771196094
771125367
770995607
770826349
770724297
769408915
769337333
769166153
769083280
768808772
767698877
767633099
767570030
767304257
765876986
765816652
765748974
765679459
764114253
762608364
755175226
755147507
753276337
753248223
751512390
751338409
751298987
749693872
749363607
749321297
747843365
747787395
745969500
745876420
745547621
745507488
744023779
743768690
743745718
743664601
742151235
742051855
741900926
741845968
740317725
740285462
740241727
739963562
739906966
739870918
738452629
738396983
738357282
738326951
738270780
738176766
736515866
736480514
736336308
736314979
736288676
732120874
732071995
729499109
729402312
727958977
727924749
727872946
727823996
727782229
727675620
726287093
726221446
726155424
726107531
724382433
724323514
724272686
724204348
724157297
724060515
723807126
722677298
722007382
720605215
720517585
720462950
720300920
720268180
718473168
718395513
718326398
718282860
718176151
718115372
718048670
716572239
716503335
716438769
716170114
716113822
714760759
714605530
714532342
714506391
714479704
714425280
714384293
714362362
714332473
714290637
712772125
712689520
712645305
712585800
710874023
710837017
710779754
710724510
710685710
698897310
698559097
698484424
696737096
696692553
696636330
688031344
688000253
687975179
686146234
685790321
684337546
684311307
684175201
682565970
646759034
639668061
634395572
634362997
634203100
633073099
633034031
631389769
629327472
627595975
626225116
625908843
625884663
624773095
624717063
624586003
624408556
623150221
623020254
623002028
622968059
622916611
621697960
621645649
621547619
621513869
620268456
620239938
620191909
618740799
618505360
618423806
618398110
616827309
616776644
616720200
616615791
616569538
615360199
613724855
613669227
613551342
613483789
613444005
613412563
613353863
612208604
612183063
612026274
611979372
610834899
610739168
610712285
610589203
607860354
607796900
607596229
607496119
607471896
607399635
607362599
607310532
605900432
605842039
605792165
604281505
604240558
604193309
604114256
604076817
602787238
602712731
602685261
602654640
600090385
599926799
599896281
599866566
598339049
578214519
576812364
570020563
569991337
569958376
561198454
