1191004824
1190948409
1190783244
1188995314
1188957156
1188683167
1186154332
1185626972
1181146864
1181001436
1180601446
1175093045
1174691810
1172920730
1172624700
1165217825
1163500090
1161393580
1161313772
1160997577
1160853476
1157298845
1157246425
1156913006
1156163067
1154814527
1154750897
1154117926
1153978220
1151739678
1151614171
1149727095
1149538814
1149429412
1147718201
1147463866
1147352012
1147135731
1141046327
1139809537
1137300799
1137006088
1136904772
1135318292
1133339526
1133169471
1132804057
1132624654
1129816213
1128839559
1128255010
1126241081
1125803514
1122920305
1122830887
1118551841
1118373552
1118295365
1118026257
1117859575
1115744426
1115597058
1114060990
1114011650
1112989820
1111892349
1111824661
1111607418
1111407232
1109002626
1107585104
1107526080
1106566401
1102564005
1099550051
1099062066
1098790696
1097556045
1095138984
1093566812
1093363254
1091499032
1084840754
1084771009
1084523509
1082906989
1082862108
1082802565
1082508351
1082424760
1080210564
1078762656
1076127184
1071887210
1071749765
1071217654
1069050511
1068952573
1065622244
1063753608
