1192926078
1192653487
1186484318
1186299449
1186063795
1185923269
1183708113
1183634872
1183522132
1183425813
1183320236
1183081829
1182916311
1182783247
1181268422
1179120251
1179019949
1178912918
1177925640
1177749497
1177687482
1175318548
1175260649
1175168899
1175085879
1174907700
1174809717
1172909434
1172837582
1172617957
1172449962
1172351821
1170785395
1170742730
1170705828
1170669501
1169812026
1169601620
1169448194
1167737372
1167647867
1167578391
1167549887
1165997421
1165955313
1165836695
1165519169
1165426422
1163649829
1163478157
1163439280
1163310796
1163208343
1163106479
1161346863
1161265559
1161228644
1161152573
1160945292
1160849886
1159438114
1159386383
1159262646
1159198982
1159120692
1157588846
1157532715
1157490432
1157314853
1154641504
1154489931
1152394393
1152298079
1150373608
1150331113
1150058984
1149977476
1149912067
1149811848
1149664532
1147663790
1147552009
1147356244
1147269545
1147114081
1146989696
1145664166
1145620749
1145472028
1145388600
1145307434
1145205553
1145165463
1145064011
1144992081
1144847185
1143329125
1143285748
1143243799
1143200001
