1188510101
1195099033
1192404770
1187719365
1177012424
1176917937
1176783927
1192514519
1192294219
1187617662
1195278318
1186063795
1188631984
1199969990
1197588855
1195167066
1179049614
1195351071
1177082484
1194685715
1152306391
1169601968
1154262834
1154139084
1154489931
1169421109
1133417066
1133242348
1172096614
1167179238
1172265559
1134953820
1152394393
1133030712
1133012558
1152106280
1133534667
1167301725
1152202399
1135120576
1128830136
1128201468
1129952920
1125836828
1120277821
1118693417
1128340281
1123340098
1121076059
1130237291
1121127942
1120583792
1123231602
1132732716
1125947034
1120913319
1130128085
1120679161
1120467875
1120998749
1118614416
1102255375
1102152865
1111908645
1101964653
1097776433
1099539401
1109672105
1118486837
1118373204
1099103270
1099618701
1112015115
1111993467
1111860692
1111797811
1118655640
1102394483
1107343715
1118266551
1095657482
1097435224
1090829684
1097076194
1095986752
1097677223
1090646320
1095373057
1097186608
1095797216
1095954492
1095921452
1091484958
1091348957
1095728969
1097754963
1095885657
1097591048
1096005457
1096956061
1084121562
1086884649
1084636935
1084203266
1084772979
1088959363
1086794557
1089158965
1080758069
1082356098
1080400482
1084708262
1089004285
1088455387
1088913963
1084399808
1089577907
1086600573
1082461617
1088330593
1075653335
1076737738
1065456779
1065192221
1076083714
1065643674
1075456606
1078794219
1075910946
1075551912
1065571495
1076582558
1078854599
1073990854
1078920328
1080277355
1074093083
1067197039
1078204117
1076692760
1045284133
1045609381
1064948718
1065103873
1064876556
1058700183
1058619112
1049860081
1045711065
1042135679
1045159673
1061532610
1051492521
1058277443
1060907626
1047744158
1051617498
1058414985
1043376464
1049689180
1040604108
1036062774
1035932461
1027583558
1027758646
1038006215
1035987840
1030448772
1035778051
1037691339
1038079522
1030481791
1032017164
1042030871
1030387427
1040386181
1030005499
1040464213
1040529708
1029303572
1017313110
1020906449
1020989025
1019620656
1018949599
1017368439
1025215681
1019471118
1015859425
1015770551
1011120617
1017363620
1019574957
1010967785
1018848489
1013311211
1010215013
1008044832
1020880081
1008152030
990584812
989230250
993676990
993031373
987356743
994899300
1002262884
989475051
991677131
1000270426
997624714
993188208
989549851
987483820
993081744
998002557
986749255
991701365
997496824
990659339
951816385
976313657
949507544
944633197
976219524
973243343
980531960
970345351
949276965
985623127
947651297
972827643
980924811
985399879
970249308
951674373
949443992
982436483
986709622
947696558
942419045
944486219
942460684
891127183
893973844
918087643
944558519
917599869
909419871
909496683
893829459
906902326
942172344
942733839
912130696
896543095
891041843
911337245
917495924
911410964
888983932
882270987
828057500
828011538
781108242
781598014
890864229
888174543
807629544
888897028
823916701
807594339
888851563
890801909
884291235
884259802
884325573
882179464
880927481
882231608
768736800
770878342
768958386
776405426
778228728
772135460
770918054
770293329
765369260
772851355
770822139
769040484
772811472
767126424
779809165
767025414
772219329
765572459
779275085
770594925
762210303
731448937
745329710
747266465
761776993
739761540
739166218
762142628
751203171
765302475
749350268
747204052
746419324
739681358
731160429
731023297
745392102
735653245
730849717
731509704
729732441
721948451
729409439
719929738
721080411
713793401
729514308
721204063
713691340
725824751
719763448
721381031
719824700
710234722
721471040
720006800
719531666
728923361
712210159
730730244
686089572
673109732
671412190
686053025
709692222
676622178
696828787
694837598
673086013
687971627
698814685
698819709
698788332
694778333
676680799
691985856
700693754
687918425
671434637
694875695
658675290
655010078
663972593
669798254
668051589
655251066
661345978
655137229
649900560
665957104
649875712
659743672
660130180
665711039
658703528
658630519
662155649
666016564
660334628
660266492
649801646
639494244
629357396
625934253
618339526
641682868
641773575
641707665
622995361
618367286
641735688
627519389
639537543
645074454
621486503
617735747
621448173
620076110
620059333
649843585
616645855
616625787
602549767
610410296
591596733
607379713
613073274
601244204
607474578
580554114
580493155
611584334
591677777
585120662
617466579
597535817
597724453
610361301
601147927
613023325
555003702
552581652
577685711
572628146
574466326
558390021
563654425
577601154
574399572
569459955
565289493
560740146
557200294
574723672
563732408
561027411
568365893
557121127
552691958
562169757
542870841
539951161
520988614
515527150
541122392
538706358
545902330
524941468
547026914
513006269
539754707
545857952
538691480
547128273
545922832
541165429
519471282
545371920
520956213
519500675
508795100
508728726
511010626
495550472
508732089
497644374
496944338
508766634
496862043
494857935
500176773
512218877
495791397
508929512
512332644
498201258
489765035
489838804
495593821
510523782
486992050
482492372
485291474
488576371
481049557
486997076
480999865
483625879
486906690
485233587
483708833
479907553
478342464
487018604
483685055
482440846
485413120
482357789
479951700
478427233
465082124
474004780
474413821
466237343
464860988
465020817
466377122
474522804
471360260
465176877
471246782
465147613
477138985
464809024
465212387
474484539
466314007
464544929
477129587
465035123
437438887
461686788
442832665
442803411
461733465
442757226
454468577
447647794
451394393
446944148
443725842
437553255
437470770
437585816
443820891
455803881
451872786
447161302
444369361
443858681
436235262
436290627
436206796
430840478
436258868
436061227
429873086
429814220
436997160
429716122
429566493
437245961
431922358
436090156
437192375
431287541
436162414
437132817
429600117
430899594
426943446
425056754
421270555
428230145
415946156
423032839
415907223
415708705
428342493
415699455
412883509
417949626
412935527
428292345
418013624
415880254
423013426
414864864
412830726
425094385
407673386
400273960
400485564
407642351
407580494
409607700
399590065
399467833
409688403
406359667
400425741
412815625
400144788
399377775
400518788
407493712
399640258
400360050
409649690
407615858
390228611
380100521
377832894
382268874
398335416
382304430
392838286
383440428
380049390
383370276
382222555
395205303
377631291
395266895
398326926
392792835
377816953
377695730
377777359
377574577
373711595
368283560
371347684
377218332
377373457
377091861
376253042
373660199
377435700
372447818
368349733
373602079
376301784
371488783
371447192
368398779
371392034
377155812
377489852
377357650
363812933
364784460
363956277
361369363
360982547
362610655
360676325
362551020
363739094
361334697
365942665
360741549
365987351
364858895
367036978
364831262
363902344
358355312
367094621
367151655
353636213
331731063
331292738
357276030
350922039
349662452
331636471
353738130
353999156
350992788
349960788
357227998
353691809
349915822
349741287
331568185
331514140
356182374
356101097
353928427
318378742
327255416
320355394
326900998
326232180
320455258
315519501
328557791
328458448
328620881
328417692
327299941
326990751
327155023
326198090
323416009
322370936
327049741
321312150
320481010
302851220
299591058
313280688
302147111
300502450
304518033
306475940
308820072
314320607
304409716
302954097
302792597
307518508
307522006
306531861
310077259
312409764
302728535
303003166
304590021
296271217
293659263
293464164
296149001
293709597
293427703
295340389
295288106
295246346
293468193
288036421
299503386
287989715
287704670
290237935
296205327
293780679
287892801
291398843
287935822
276954493
279190995
276887475
276862662
276860107
287025187
285650735
287097584
285528281
285329709
276505357
276812406
281500826
285511325
285595513
282311466
279237486
283275970
279997404
277707668
275685152
275237682
272761183
276450840
275294355
275787917
276351143
273278892
273203512
273037670
276386169
275725589
272973775
272809534
275747580
272889678
272101510
272468961
275308307
275171287
250724364
238172800
265704115
233283359
236583292
243778777
240594759
236562425
252799847
270810827
248162017
246283089
234123551
248196040
254613291
234157990
241831867
241142156
232708020
233235973
228649822
223371471
229340238
226314984
225598692
221960877
227980681
228633896
225663107
228725403
231141436
228584703
226115757
223306917
223258258
220453212
221844898
228679852
224107425
221880420
197594426
192721373
192375328
200544290
192719594
195325685
197611149
194836142
206437717
210663614
203720050
200569938
196660285
199764626
218526453
195292417
196630910
201746155
199268346
219632111
190876445
191073623
190512415
187068635
188083185
187350221
188332504
187134353
190313185
190762450
190743252
189549810
189606277
191525904
189531123
188796097
188438947
189658846
189745926
190493693
178393911
178347986
183611073
184218242
182743929
179150524
177781872
184241919
186122843
186178909
178208717
184935065
179822960
178584854
180509991
186338186
186378310
186451260
186158097
182719954
169336776
176555431
176084477
172157999
173820155
170675247
173755817
170025420
169934678
175991583
173229776
170055525
172999102
171228823
176567057
172211305
177437523
175890965
175937268
175160798
165465597
164025512
168633015
164231909
168692545
168567147
168545337
168688968
164340921
166464108
167967565
168116051
169313118
167004739
166326895
169198558
164744417
164314127
163489071
165484750
162988151
162980340
159977689
159130973
157796392
159093503
159367929
163459922
162679130
156858717
162714173
157689391
160016481
159309520
161606929
159263512
157731052
157510834
156918984
157753086
156825144
151926697
153528951
153314102
153481254
154828679
153275132
152753188
152045897
151900469
151361076
154014713
152075212
156024812
151395251
156095056
153453437
156499403
150645181
154766642
148821958
149015570
148516865
148610450
148552927
150494184
150457248
150187371
149321203
150623025
150579215
150547007
149699274
149746380
149027583
149004646
148857287
148765431
148616290
148644221
147847335
148320951
148062108
146622293
148199142
147977707
143474119
146670331
148178771
148305291
142738706
145811277
147883170
144309951
146716088
145763674
147340874
142680213
147593119
145948028
140048439
139816313
137405021
136578473
137370364
141343436
140935708
139766489
138257356
140953923
140588194
139689417
140102398
141476852
138414106
136538525
141395461
140001023
138944338
142089980
134870558
133552617
130873337
130980313
135881400
130928039
135008600
133702191
134614046
133754051
134803146
135837164
131759639
130033815
135045031
133626524
132725208
132650299
131705987
136485385
124445690
125273596
124565111
126222843
125365427
124560908
123915670
129132249
128551176
122788324
126180223
122846531
125316107
128222885
126117827
124409164
128496048
124504456
128167235
123935656
116652514
117465859
115952233
122198565
114369001
122229624
121633258
119855404
117524683
121828603
116254189
118516419
116944063
121665845
120290799
117664347
119051825
117615177
114856273
114394261
114316001
113466643
109855923
109336513
113998984
111892307
110833249
112439622
113248848
114102001
109361333
113496870
111863202
111701314
114231504
110136369
113298676
109186920
114187973
112489958
108739039
107003055
106963274
107987653
108229915
106429882
106787884
108700077
107093800
108860516
107221144
107050111
106773284
106142213
106130855
106083185
106815393
106837484
108268491
108113150
105755399
105804827
104836456
103044400
105538170
106042783
103804602
103454356
105694491
105631150
105652149
104773185
104104215
105787581
103373199
103331927
105773706
103392443
103189103
104796918
101013522
98232374
97415578
102393909
96614669
94735067
99723121
95313372
102967420
96761396
102902069
97354296
101732141
98477645
96780167
102424662
98104339
97683485
102301863
94773793
94151775
92564251
94072791
93230740
93944697
93412385
93420933
93255464
92842644
92622106
93969980
94013293
92524654
93363127
94045626
93383897
94116650
93275127
92659894
92147699
91173426
91533624
91252739
89939352
91424007
90769416
90792732
90564396
91821220
92120792
91918933
91295964
92090514
92065651
91316376
91840350
91223275
90815808
90587061
91212143
88712704
88657746
87381379
89636013
89595465
89575545
88854011
89281865
87921477
87392944
88830190
89642131
89430431
89417106
88802251
88684475
88752988
89617308
89252022
87405391
87112402
87322413
87169483
86840464
86043395
85488083
86733664
85106433
86671613
87342000
87249790
86173572
85433350
87143429
85134216
87363407
85397847
85157884
86816786
85459144
84453017
84890979
84849560
84757092
83836437
83034939
84566719
84419479
84058162
83753152
84578179
84881158
84039342
84871884
84604956
84001611
83730803
85086062
82400935
82182818
79611619
78150979
80788662
78124691
80963603
79161935
80240640
81404187
78319475
79102935
78116223
80942025
78253793
78261274
81367621
80412576
80273720
78186739
78289213
80221713
77670872
77445549
77235652
77828099
77633365
77534531
77456346
78029282
76966875
77827121
78033088
77140094
77008571
77461968
77653657
77819273
77056742
77031545
77563675
77432497
75492315
75433962
76930346
76099035
75399856
76724778
76693180
74889235
75520095
76439348
75576532
75398415
76537486
76557525
76459486
76134969
76065072
75549944
74845101
76943737
72977915
71050371
71800587
71247950
73547899
73990600
71910021
74342878
73878900
71839630
73416626
72001131
71083949
74019189
72954386
72480427
74817845
74793935
73073915
71068166
65753167
70481303
68973539
68942008
67961771
69901986
67577386
65764050
67365493
67998002
66483258
68489753
66089714
66055382
66067381
69907822
68954569
69929617
68549990
68064448
64363071
64863959
63885087
64432425
64407472
64664332
64152583
65626716
64848121
65646558
64651230
65226614
65272144
64391870
64125889
63909078
63857438
64218853
64097200
64819715
63652132
61686601
63028575
63039098
63107123
62647611
62583612
62597457
62714754
62567847
62223891
61667509
61502221
62787987
62242093
63640455
62998877
62623051
62257419
61749120
61474713
60630512
61441731
60985645
60162441
61459047
60148371
60134076
60998190
60119814
61248440
61220973
61203611
60637727
61489001
60169662
60790858
61012547
60656552
60807723
58059093
58950486
58518714
58512569
59699031
58461761
58406787
59702396
59321408
59274957
58947525
58825991
59781317
59708969
60103440
57947350
58850722
59296397
58488914
59336775
57519315
57119170
57386080
57169186
57157049
57490043
56967852
56951414
56858434
57185002
57658928
56843747
56985565
57417839
57668840
57372162
57359256
57344691
57177464
57089421
56805830
56583442
56816518
55622945
56786191
56538111
56795093
56376232
55902879
56360741
56450347
56415782
55944088
55962548
56598922
56006007
55917425
55887563
55562061
56515704
54264825
55119687
54840599
55546080
54684467
54592702
54565454
55152594
54706595
54362302
55517412
55235023
54613395
54324135
55499274
54636203
54298531
55142777
55211189
54222885
51748670
52915393
53775105
52574758
52882192
52183159
52232962
53227695
52517380
53655815
52161695
54157848
51805443
52250687
51788101
54140644
54115576
51767006
52593517
53675320
51288320
49192094
48847753
50413611
49899436
49358335
49347236
51682319
50465223
49368522
49914975
48371758
51006736
48834502
48595202
48323914
48284525
49674348
49213502
50159292
47719707
47325889
48280012
47699889
47486152
46531404
46215304
46199560
48000374
45667241
45651217
45409428
46905966
46939861
47381492
47472840
47388259
45422565
47735795
46558442
44440384
41799830
42230688
44250009
43430512
43932097
41297800
41721264
42890827
42438841
44234628
44247361
43695026
44512171
41787177
41077816
41519501
43524255
41557037
41504305
40899334
38092089
39383911
38521037
38087610
40623424
39679039
39980577
40157908
40887141
40400752
39695984
39737226
39653752
39664488
39912321
39372280
38507649
39924941
40171508
33881808
33853480
37650249
38001959
37195339
36775279
37508368
36454695
37221106
36558861
38017727
37647064
33521645
37806995
36718529
36704740
33396187
36850349
36573277
36545146
33089812
33122017
33389024
33198460
33147417
32874563
32607384
33122837
32239527
33118216
32488982
32799802
32369587
32793760
33183971
33191436
32064942
32166532
32155165
32478375
30010444
30513474
31630345
29428989
31408607
30939895
30664213
29844751
29377542
29797265
31194885
31872245
29594777
30658636
31418883
30556762
29585551
31429338
30977908
31204976
28238921
27860961
27412671
27391636
27848754
27425199
28444556
29092808
27895237
28688687
28061006
28040577
27630982
27623258
27529228
28067498
27676265
28458659
27375634
28888131
26189492
25460299
27314857
26204727
26510252
26431916
26011274
26252202
25990789
26180893
25617254
25788855
27023231
26842042
27003334
26229008
26877072
26420821
26214320
27059508
24893083
24665000
25435882
24681369
25065807
24474842
25105011
24688523
25242555
25120078
25112566
25086158
25235882
25076052
25286816
25057596
24883387
24671501
25427394
24928845
23938123
24156032
23763374
23978950
24292668
24139796
23959736
24278106
24284769
23971079
23930149
23791250
23916941
23783248
23770933
24321534
23735353
24109640
24163128
24089917
23603724
23537392
23628489
23058065
23416723
23696022
23297072
22735334
23614530
23359726
23545236
23069724
23327230
23619069
23573469
23688861
23367441
23622780
23093903
23411348
22209820
22180004
21409947
22409514
21850295
22034420
22417351
22200631
22726682
22256598
22051314
22237639
22245099
22044099
21701277
22403555
21511001
22567847
22186587
21519503
20594218
20549920
21372398
21048857
20883534
20580116
21233578
21361600
20558449
20396575
20742226
20713967
20547895
21061334
21404534
21075429
20722990
20588790
21224786
21089967
20390636
20234234
19573374
19707758
19552624
19454542
19561908
20242815
19806945
20044847
19717169
20082261
19643193
20267035
19805013
20226239
20293284
20062369
19646532
19424213
19018730
17548950
17595697
18537517
17601022
19160209
18510667
17353512
18118107
17799554
19409141
17844299
19415755
17790353
17371931
19399793
17537544
17380511
17952754
17946012
17114317
17079749
16994186
17209892
17252423
17006657
17074883
17196463
17062005
17054898
17067883
17247812
17241655
17058477
17217136
17052057
16999392
17345385
16900143
17204959
16503013
16253870
16457355
16599081
16257440
16213160
16574560
16330635
16506941
16475950
16306094
16894850
16865782
16590473
16249250
16632887
16379250
16467924
16492295
16435019
16097113
16052474
16113968
15932627
15469370
16057904
15307504
16044811
16089999
16120552
16127781
15970284
15961692
16201880
15605353
15312609
16129919
15753569
16125988
15978279
15227606
14889192
13336683
14821593
15186251
14702373
15290760
14815230
13356308
14491934
15174174
13028909
13397492
15043416
12857380
13911847
15036111
12750937
13900375
13326609
12222005
12721226
12310508
12119372
11547308
11683897
11986758
11833599
11677101
11820723
11553207
11424096
12113300
12742859
11841794
11364067
12110993
11077152
11071185
11998915
11050160
10579267
10572079
10808120
10796214
10570861
10493249
10488280
10916050
10479843
10559886
10928743
11055728
10703299
10589823
10791889
10667728
11061067
10475039
10673117
10311073
10474755
10239360
9806166
10440081
9692445
9149907
10335901
10173181
9174703
10359083
10243134
10362377
8928733
8835044
10357925
9930522
9811841
9808217
8829786
8055172
7985122
8029944
8559496
7959579
8117301
7950818
7944186
8203506
7899170
7979490
7895947
8536101
8059951
8816423
8301501
8035719
8032666
7947264
8064775
7681306
7188528
7033462
7587904
7591737
7446364
7520286
7394411
7367341
7775882
7128684
6969468
6950952
7472514
7845638
7280192
7532540
7677266
7192807
7537752
6882717
6721914
6645217
6495219
6498771
6568841
6387096
6383596
6374201
6433248
6879559
6503964
6892031
6894703
6641049
6370503
6448926
6564659
6803088
6800865
5810150
6365461
6135678
5938778
6146295
6137777
6299843
5876201
5818926
5814029
6324444
6064547
6319829
6309783
6001355
6368403
5941216
5999396
5889098
5873771
4988650
5525329
5803724
5448382
5390408
5407461
5288137
5404232
4970973
5383040
5250434
5038709
5791295
5053858
5617921
4974052
5782178
5609140
5446079
4983886
4926278
4613975
4761255
4679560
4968728
4839303
4905679
4915433
4834739
4910955
4686530
4930086
4843816
4552825
4907765
4854029
4918178
4967222
4782829
4682705
4478441
4078160
4351616
4030511
4251350
4343372
4075802
4483434
4418564
4549650
4542701
4432506
4423629
4245930
4480724
4022839
4489494
4298166
4165276
4169116
3778362
3611060
3964787
3598109
3798014
3974255
3608688
3834025
3906647
3902982
3958795
3802922
3680014
3900768
4016760
3919538
3685743
3956799
3800469
3674224
3218138
3544951
3374403
3158612
3449026
3431115
3308000
3222897
3547405
3438316
3160340
3158160
3376781
3264659
3503361
3363554
3391539
3595765
3440944
3488664
2998557
3050367
2888108
3099099
3103457
3107826
2967470
3015373
3147162
2964100
3052194
3105031
3047276
2869343
3007828
2866530
2868098
3000067
2948853
2961848
2813503
2702936
2693433
2817849
2811961
2836742
2787479
2764234
2802186
2722096
2814972
2834269
2716893
2708139
2785382
2789418
2667901
2834858
2700709
2721453
2660968
2659546
2643798
2466994
2598265
2619104
2662596
2468584
2610205
2617642
2612437
2616241
2607482
2570287
2648580
2549419
2600166
2471651
2664536
2470447
2416102
2404138
2361726
2401136
2392387
2417096
2464966
2413187
2443730
2383682
2356417
2390161
2363747
2408181
2414736
2354253
2337319
2412022
2418416
2441495
2247002
2333708
2245931
2244567
2241012
2302044
2298233
2299789
2331231
2304418
2232544
2242973
2222709
2183920
2301074
2297624
2283251
2225402
2181396
2229409
2179837
2044473
2123469
2111140
2161915
2179643
2136730
2108982
2041812
2121016
2179546
2037563
2179344
2114457
2117098
2179431
2138276
2126567
2027849
2179726
1867714
1867654
1984543
1867410
1972887
1874894
1867586
1867468
1872659
1933339
1964278
1967046
1885978
1881527
1870170
1981269
1867761
1867497
1867339
1883629
1663091
1634876
1666580
1790343
1627672
1665149
1825687
1788311
1718308
1689648
1596976
1636736
1661071
1629113
1651447
1714862
1658310
1599747
1705346
1659797
1595106
1564989
1499185
1437289
1496661
1453786
1577147
1549513
1566984
1547662
1501844
1551522
1397884
1590825
1575478
1511879
1589922
1556114
1450127
1570193
1045761
1394665
1276145
1386631
1102932
1051916
1114991
1145737
1383887
1011559
1007083
1156631
1044098
1367925
1355246
1351936
1272736
1154496
1098961
1148264
932855
779160
721756
934661
714974
898608
680678
825297
983776
710790
979409
913199
994956
782698
712570
709860
827791
910237
759596
676319
584012
635356
599965
597827
561743
580880
579505
576539
582718
521062
556405
565009
636557
554938
634336
638348
643791
562939
490721
577779
415367
390464
484271
398473
421294
443093
369906
447052
422182
362379
441900
416389
395626
448378
391875
371605
367342
388833
482833
373247
249444
265137
361087
343084
341599
268051
334994
263325
293215
333285
356685
360042
359283
291885
357911
247789
340001
248608
264582
263899
208606
247696
219001
232899
231767
204026
206468
235588
232328
218217
217716
207989
203329
231270
220255
235056
221606
207423
204651
217249
192400
194331
186613
162552
173239
202010
174836
185667
175569
172582
194889
193855
193042
178415
187309
202711
189147
173911
190716
178770
