1187719365
1186437079
1197349277
1186192034
1186386944
1190817483
1197695088
1197273013
1186299449
1188320321
1186250045
1187617662
1183425813
1186063795
1183522132
1183164962
1185948552
1188406762
1183320236
1193143159
1181268422
1179019949
1180695362
1177012424
1176917937
1175010468
1170358424
1170177472
1181218735
1170283038
1180969794
1174939928
1181155422
1175081451
1180514769
1182662947
1170437164
1182806959
1179120251
1177082484
1165196900
1165316613
1169601968
1167737372
1170057010
1167808493
1167498150
1169421109
1167647867
1167895434
1165467606
1163439280
1169983002
1163208343
1163310796
1166933417
1163478157
1165402592
1167035812
1167578391
1156515266
1156367166
1161405122
1149762368
1162961444
1147552009
1161346863
1161228644
1157140915
1149912067
1154689309
1149977476
1161447795
1161265559
1156679371
1163075298
1156786024
1154769182
1157083565
1156986452
1145472028
1142345835
1133031484
1147472400
1130170163
1128201468
1128340281
1111085910
1137845806
1142496200
1133330835
1133619817
1133560792
1133154347
1130254693
1133398619
1135090037
1133498588
1144992081
1142629883
1095657482
1086673240
1093557270
1089066072
1093745763
1089178523
1086980700
1084772979
1110993473
1089424915
1095797216
1087040071
1089287127
1095728969
1087059825
1086835440
1084854195
1086759027
1093687891
1089345814
1080780855
1082648896
1067752011
1084603967
1069808336
1069760651
1082562859
1069841853
1069588937
1067782479
1084708262
1067704964
1082701278
1082777571
1067639183
1084516949
1069648347
1080720531
1069702498
1067540854
1054043248
1063564582
1061297342
1053942948
1049787127
1049855564
1065643674
1051896941
1049934256
1052108752
1063689007
1047867024
1061467432
1063634126
1061422686
1052006049
1061548617
1052156870
1047935750
1049689180
1025640592
1021517932
1006491731
1017553513
1025085145
1015851130
993540252
1025215681
1032288918
1017765907
1006431974
1025398147
993437406
1025341073
1047744158
1032207273
1025695090
1023394239
1017661247
993487844
982906145
985525847
985438745
983221058
981119095
989447240
982121592
982070918
987394494
987402690
983390306
987483820
983305631
983022342
982851438
983471511
983134403
985348779
981169194
985267094
942380581
966394409
966649056
919833221
962373339
962628794
968555241
967510783
951467739
962536525
951379870
967624975
919988466
962470590
942526439
919909600
976972995
966497417
919719830
966688787
907159793
912145943
889852557
906966563
899112460
912055075
912204772
911568124
906904664
899026971
889933691
902890511
911470261
908518467
899246640
911901959
908638725
899340720
911976113
911683698
869540594
869483846
885940521
885842401
883860690
884050316
872567732
889745094
871288712
883745730
883615369
885756911
874290418
869404531
886023927
874221627
883949398
874153875
872471178
883509659
867234184
865957544
867469243
865822232
867536001
866023607
865882590
864016462
867972544
867295218
867080130
864813898
865572231
867764573
867378043
863975111
867679809
865487239
867139388
864908343
830115683
863695954
831588133
831499184
863781820
862014047
830171327
830223057
863293791
863927427
861981101
831330673
831428946
829992050
863409570
861743814
829737903
830058533
861824076
832101394
821891416
818040232
826000473
829623956
821988971
821503608
819940783
825348587
820142728
821772654
817218297
826599579
823779315
820034542
817244605
819556517
819624525
818114429
821568590
823563981
808702692
815016988
816172195
816284946
814738820
808552799
808414512
804803403
803652142
808810781
808470290
815150263
815084960
814962227
816398808
808626102
803703231
804961730
817175713
804861198
777841578
777407318
790649496
790795543
790591422
778228728
778190887
789129643
789235086
789787090
777443975
789062798
788839627
778147814
793013971
778151501
793803950
793776939
790712699
788953616
774136096
770878342
777305663
775825690
776405426
774060918
772355520
770918054
771863757
775904599
776438808
772851355
772811472
772160697
776475851
771946880
771029705
772219329
771790527
772726246
770671961
769916043
766748534
770755236
768958386
764080376
764072424
767432581
764036647
769867105
767349388
766706734
762380938
768402952
770822139
769040484
768316754
762416607
768882478
770594925
761553965
760125236
762210303
760365103
759965920
758446015
756549161
756174728
760412389
757852836
761672432
760298389
762331947
761587007
757920652
760212670
758380084
759877279
758397166
759807833
754425976
744836313
730432262
737901578
754729320
739761540
741695930
749170410
754845002
750616696
749091193
739681358
731023297
731160429
750912636
744940650
754318344
749221585
754795379
730849717
715944724
716011996
726889345
717260365
698691603
698410263
698573128
717134668
715704720
698618313
716060428
698503365
727020121
725514448
719531666
723184202
723242863
723300439
727097145
715781909
696692677
684169805
684032789
683596458
696068412
696828787
696173418
682199025
694837598
681953482
684259529
696484841
687560468
684217480
696560404
696644666
694778333
696264867
696787406
694875695
675410715
674612718
674666248
672947037
676622178
675363017
677881384
674771762
678067062
674740039
678146933
678219595
676219102
676680799
677958167
675986981
676318808
673010525
676415708
676123362
660266492
658675290
659641530
658262002
669005491
672697592
658125889
671117499
662074628
659520871
669524142
659422824
659743672
660130180
656945619
671180837
658703528
659364432
660002970
669152810
649801646
649731470
655011891
647640196
647570760
649153874
649057564
647602106
647507829
655251066
651303334
649900560
656508483
647337852
649875712
647698584
647412135
655322250
655104881
649843585
644931518
644888174
647169642
641682868
641773575
644508653
641707665
638961340
641735688
641597907
645074454
641073603
647288923
640698408
646521500
644570044
639133911
638885771
638966929
641639634
628168291
628348791
632222457
632543738
632119984
627428919
631134509
628647273
628330644
628221627
632249556
632099164
627360838
628749352
632471277
628855180
628604572
630838149
631179765
631078243
622138015
618037297
616372309
622003720
616298040
624069132
622211724
622156873
622072663
624230911
622280274
627284717
622481512
614333223
621267234
627305345
626973326
614258333
624129578
627006182
608963584
601924649
600829047
610388344
600926833
612420340
602007453
612360310
614136622
610034797
602334593
610233785
612468590
600966948
602377667
600790027
612517006
612401604
610146153
602087288
589030129
582313948
600786060
595960952
591831694
596234282
583111636
591770242
582352055
590431437
580554114
591677777
589089947
583144915
600738734
594451586
595792407
582380802
582406003
595780886
576293294
580187627
576533861
571988440
576470621
580267968
574466326
571316375
574257571
580493155
574399572
572067161
574326954
576238105
571800531
576174933
579136360
574723672
571293320
576505571
547327595
546710050
546960017
545600076
571269166
547252948
546633785
566850839
571174725
563733489
563614040
569471489
547288234
545580937
547161209
571225604
568365893
568150952
571130647
566798388
536123234
539951161
538692990
539887440
535916519
535774118
531158108
529714141
529609543
536057250
538534121
538747618
535838657
529495156
539834101
538830770
538785872
545496257
536189956
541167703
512431847
511275809
511010626
517577339
515474491
515527150
510888799
510650222
510840439
513006269
526415294
517406272
527809953
511221920
511134090
511399412
512332644
511362572
511453052
510707744
510448619
510390404
507303552
498921470
500212614
508066631
498851665
508255741
498887634
498801590
501040031
508149671
498755645
500258134
501101810
501618569
507990647
507283822
501562789
510523782
493795273
493894482
490073717
497162532
498133421
489994756
490033394
494857935
493397510
489934727
492285747
493474189
493929935
495791397
491183916
498201258
493339065
489466954
495593821
495550472
481305444
489413504
482492372
479989956
484431455
484371133
481011204
482757743
488590389
482667284
481222241
479365762
479907553
485756758
482790575
482440846
479951700
485797518
482828303
482618800
477300250
475851587
472967697
474413821
475767378
474566897
474320113
478645227
477265192
477044873
475797246
474522804
472716827
478688011
478640827
477207082
474484539
479312646
473000363
478427233
471566407
471570126
468952721
468933490
469758896
471592274
469624471
472631539
469032855
472187860
469582772
472675208
465176877
465147613
472596811
471627426
469718261
465212387
472240363
469669643
445447482
465082124
464417227
451394214
448437343
464860988
452918457
462915672
465020817
445386460
464473117
459337407
448555686
464906059
462975276
452990571
463057768
448488071
443858681
465035123
423465201
423122484
430840478
423537414
430781193
422653674
438535916
429566493
423324685
423394880
422952574
419194833
431185690
431064292
419441632
431156969
431128235
430899594
429600117
422546110
413077381
416912914
408607302
409607700
414595263
413167266
417082500
419119811
409688403
419069743
419022924
414961083
417038167
408716210
407777406
416850321
408654101
411793567
409649690
407767557
396695890
407673386
401539575
401721756
397181516
396355233
407642351
407580494
399590065
398335416
401569210
401950202
398400489
398326926
401783201
399640258
397152656
401645970
401832279
407615858
389252623
395625346
396305708
395480603
395407496
390477161
390408519
390374855
389274297
395650205
393080871
389149010
390442557
386926029
386864369
389179999
393060655
395691070
389226424
393122106
377832894
383326842
380209646
383440428
378946066
383231079
383370276
383274238
377631291
380154631
386685164
377816953
386744335
377695730
380206039
377777359
377574577
386583787
386525252
386805805
374758645
372639645
377218332
377373457
377283577
374687088
375994465
377435700
375934099
374611909
372550165
372447818
371488783
372603507
374805475
371447192
371392034
377489852
377357650
377155812
363812933
363956277
365061121
365775795
364736968
364843503
368349733
364786141
367272323
365006992
367036978
368398779
363739094
363902344
367234228
365744025
363673547
368283560
367151655
367094621
356028685
355897608
351068950
362665522
355942224
357276030
362729185
357079243
352431264
357171354
350992788
362588451
357227998
357030649
352335793
351085599
355101119
356101097
352648618
353928427
346251684
347199875
349401866
339965672
347401743
349662452
347278378
347333199
346174339
340022222
348614792
347532218
349741287
349451009
349362673
348661506
348502983
347121798
339805967
347485501
331731063
339742283
335331149
335813671
339708617
335952862
335711896
336979719
333991505
338693377
335462610
334127793
338777277
338643357
336895617
335387542
338827822
334388788
334058540
333821995
312522286
322445286
325673385
317892753
313435255
325612385
313405134
331636471
331402921
329668265
322431854
315519501
331568185
328620881
329615959
331514140
323416009
322370936
321312150
329460019
302851220
311439852
311386164
296149001
311513489
302954097
306475940
312480004
299047532
302792597
299009437
298925037
297594567
296205327
295973477
297099797
306531861
312409764
303003166
298951589
282777408
245620790
244743849
250207868
244781241
244403189
272983276
244426534
294949397
279884092
243173052
250176961
250530756
250228489
295933192
281071855
244008548
282751650
243017575
243631953
240605465
239507698
240569301
241987821
238997744
242370767
242286981
242251078
242391200
241493859
241527435
242424656
241461628
239821294
242790055
239824996
239466086
240272152
241356756
239783780
238667315
238172800
236986526
236583292
238966321
236562425
236532151
236511970
236534142
236486150
238077069
236996429
236964014
235757144
235726643
235002757
238128444
236209768
236331075
236910953
233438516
231616230
232738499
234346716
231927401
233138967
231573696
234082363
232767881
234975041
234960115
231960440
231255336
233405958
234049366
233500188
233118381
233100437
234301651
233456032
230849197
229500810
231215348
229340238
228649822
231238227
228633896
227335872
230124531
228584703
228462101
227258465
227295936
229561499
230161350
228838445
231185287
229599925
228679852
229534353
223371471
221920302
221148746
221960877
222593348
221104827
224020237
221909088
223306917
223400051
222647009
226574607
221200630
224059499
221181010
226531963
224107425
221880420
221824949
221177749
219167953
218769622
219410488
219140451
219133856
219244154
219913796
218640590
219084253
218490654
219274090
219551487
218742115
220997794
220364843
218526453
219454675
221023190
218715996
219632111
217208642
217168406
216553308
213220240
212295333
211662697
212472169
210806931
211506294
212418959
210831100
216579286
211544481
217105657
216516594
212343971
212393416
213180792
217866020
211574711
209823240
209758450
208986320
210499161
208912783
209662442
209855105
210055080
210663614
210747445
210693966
210444454
210092963
209723851
210130497
209689138
210776785
209795255
210408540
210738297
206586743
205932301
205989621
208721676
206777824
205146953
208309590
208343308
206753846
208384480
208753832
208793178
208416480
206523872
207303888
205965161
206671939
206712533
207262856
206492124
202095973
190512415
201246372
201148896
195240512
194709647
195325685
194836142
205116486
190468431
205065293
202032316
202068814
201274608
194805824
195179016
194270324
194241637
204486186
190493693
190420637
190302476
189787297
188395365
188083185
188830584
188002705
188054126
188369189
189838833
188753348
188786006
190390668
188438947
188256735
188041005
190335136
189746055
189099730
189015513
186567498
187350221
185713749
187628866
187560313
187381306
187933710
186626523
186600778
186531125
186631594
186494418
186454886
185755470
187256826
187905782
187199589
185825680
185802859
187588466
175349117
185644082
184299200
180797998
175903541
175991583
181272746
179016928
184093186
181295177
181235891
179179110
184935065
179135801
176049647
185607737
184885596
175937268
175359579
179080430
173881411
171634759
174524734
174032478
174565191
173232512
171288375
173284806
174003576
171332918
174683499
174606227
175315199
171057558
171020086
175258346
171034972
174498410
173917056
171046762
168697416
169446491
170738937
170621810
168633015
168567147
170103520
168545337
170656029
170060653
169412165
168005169
168798120
170021325
169344648
168724683
170695924
169278961
170704963
169296289
165638441
167115714
167032157
166268615
166219951
165576717
165712471
165668192
164083487
166837374
167967565
165732468
166996624
167362307
167341540
164039024
167251939
167326015
167296302
166193479
161837638
157375563
157639662
152733577
158451417
157755934
153540003
152685551
154663575
157466435
157505015
152835624
157427864
158512821
157778983
157697201
152629271
164006350
163988160
161805342
151937242
148320951
151437835
149015570
148985307
152002097
148610450
152045897
148552927
148334669
149004646
152075212
149321203
152134976
149027583
148765431
148616290
148962247
150271865
148644221
146677843
146594703
148062108
147227322
122614372
146622293
122593143
147626584
121200270
148015796
146246687
147883170
146566085
146741488
146715010
147860062
147340874
147297777
147979430
147264239
116652514
119604107
119005697
117974288
119580024
118279123
118230953
116895277
117995285
117766047
118175398
116991341
116944063
116692110
119051825
116563467
118368030
119682365
118407968
116593783
115775891
116263572
116079885
115095043
116200156
115959449
115247688
115055628
114368489
115216536
115140449
114907446
114275887
116233478
116128139
115177071
114344140
116172879
114311751
114040598
112716464
111739253
109336513
112778407
113998984
111011956
110210402
110006839
112307829
109967134
109361333
111910284
113888091
111105862
109296001
111882228
113931649
111932459
111134113
113971957
108150669
106473247
108310418
106915409
107003055
107208977
106439207
105804827
107835899
106963274
108229915
108062937
107167735
106861656
106837467
109225390
108182615
109268624
108268491
108113150
104968036
103494030
105755399
104095954
103424489
105568336
105753114
104249648
104051994
103454356
104272515
103512703
105601012
105787581
105005503
103373199
105773706
103533789
105025434
103392443
101823310
101802163
98477645
100576094
103293493
102490830
102578778
100529558
99875825
103331927
99916398
103189103
102518181
102209332
101759712
102462302
101226674
100499479
98501603
103247013
96166354
95453663
95485874
98447551
96767429
97566743
93982123
96132349
93255464
98415163
93230740
96797462
95423888
93201576
97650133
95508268
93275127
97621892
97595836
97667511
91118328
92563939
89339186
89324474
90731956
88595345
92535894
87816716
91545091
91978251
88630820
93158703
88003514
91189106
91095373
91316376
89310411
91107342
90030925
92504940
87185190
86545446
81624139
82486269
81636015
87213303
86524020
82417223
82443882
81611913
82460384
82552007
87196638
86510873
87159806
82429793
84604956
82505218
82536244
82400563
79786309
79651285
79615776
80963603
79758295
79714203
79576707
80407937
81541736
80373352
81521335
80342989
80882950
81558116
81573456
80893929
80942025
80920411
79738742
80412576
79142163
78464188
77754826
79161935
77775358
79041811
78438903
78399822
78335762
78456781
79000378
79123829
79102935
78842886
78877614
78319475
79537290
78374430
78434932
78419021
65753167
64432739
66600302
65764050
69080187
66953106
64455181
64412213
66565226
68600545
74019189
77735618
66618811
73997905
66998845
66149522
66540270
64369805
66975113
64351359
59679545
64228921
63830053
62315400
64149109
63897297
63884207
62327493
59850371
61956506
64205303
61945685
61934131
63859682
62340047
63797181
64166396
63898547
62361394
59834367
59337182
56805830
40899334
56816518
42480569
42457947
32114467
29399907
56967852
44753949
57008140
43704511
56843747
32123313
40887141
41987474
56985565
42448146
27206843
32113526
25986840
20462576
21056487
22887382
20455163
23987016
22986438
21119280
23813460
23807803
22976333
23996692
22901695
21050596
24002364
22981085
25980876
21123743
22804349
22756182
20192192
20275598
20189687
20197852
20406945
20256560
20376273
20305335
20283781
20449560
20381176
20396208
20267035
20212939
20226239
20292023
20062369
20387620
20042481
20299465
17253936
17204959
17209892
19728697
17353512
17342131
17799554
17102074
17465542
17778585
17836319
17790353
17238216
17217136
17371931
17243971
17771831
17380511
20001700
20032484
16994186
16579986
16564020
16545613
16551892
16311390
16308307
16558743
16213160
16306094
16559750
16302582
16249250
16127781
16120552
16317690
16313029
16559170
16129919
16125988
14661366
16113968
14499344
14889192
13188075
13179178
12680196
12680131
12702326
16093198
15172397
14873729
14506795
14491934
14881683
15240611
13527378
14672305
14501133
14305299
12684439
12133031
12127759
11554211
11050160
10564947
10493090
11683897
11677101
12678318
11820723
12305966
12311552
10832461
10451275
10489077
12333369
11808367
11835567
10544618
10037536
10034054
9920548
9914099
9796183
9923813
10180039
10188027
10230150
10235349
10047480
9939693
9917963
9746109
10226672
9943351
9808217
10192711
10042295
9811841
9697032
9279726
9284681
9626258
9272877
9592160
9439255
9276459
9287211
9692445
9449739
9287011
9585181
9629521
9579756
9704956
9442996
9742792
9621005
9292352
8114416
8218614
8304899
8229594
8203506
9166045
8936225
8799734
8231071
8614396
8222840
8140464
8136570
8117876
8931701
8048815
8234465
9269270
9045243
8198893
7681306
7985122
7587904
7950818
7693336
7591737
7886060
7690672
7755611
7677226
7848714
7979490
7891314
7750397
7673100
7600608
7947264
7876487
7686495
7970836
7391512
7385522
7523176
6961724
7268658
7449029
7520286
7446404
6957845
7230065
7385745
7398657
7277567
7280192
7453801
7110580
7462025
7038380
7233175
7537752
6387096
6377903
6563076
6374201
6568841
6659688
6555362
6890658
6383596
6553345
6905196
6456672
6817001
6902677
6678561
6641049
6371128
6820150
6559924
6645217
5712558
6222020
6138283
6005903
6000922
6367981
6146295
5934550
5826722
5863860
5868764
6142508
5873407
5609827
5515881
5504700
5502184
6218076
5829731
6074611
4677365
4095366
4539996
4537035
4157703
4080560
5382810
4976841
4917169
5171530
4542701
5449981
5386186
4271234
4020234
4914648
4022839
3963820
5167162
4362863
3953002
3771062
3670332
3601214
3598155
3951738
3899752
3677494
3956851
3908097
3835092
3958795
3842494
3674888
3906718
3903320
3911501
3839051
3863467
3923514
3589785
3544951
3593404
3496148
3434155
3449026
3308000
3596642
3368722
3219570
3150372
3551637
3490766
3371411
3304126
3447240
3451154
3548487
3216418
3488664
3101934
2888108
2840917
3100060
3112583
3141834
3147162
3138523
3055667
3002000
3042768
3056971
2967516
3136076
2885992
2809212
2948118
2998413
3041472
3000067
2545617
2496330
2333708
2328484
2492312
2436636
2265448
2267762
2543995
2494583
2470499
2434721
2385530
2325255
2383682
2337319
2169304
2489761
2388077
2490799
