1176783927
1187987909
1177012424
1176917937
1174847474
1174735673
1169601968
1187871217
1169421109
1199567322
1172096614
1172265559
1195278318
1183522132
1179049614
1168912668
1183708113
1195351071
1177082484
1194685715
1162916782
1152306391
1167498150
1154262834
1154139084
1154489931
1161203889
1167179238
1162999140
1163106479
1152394393
1156772491
1163208343
1163310796
1152106280
1157023206
1167301725
1151830015
1152202399
1156850531
1149762368
1142812367
1145222602
1130237291
1144766513
1140854441
1143089753
1145123538
1145056524
1144905359
1143163103
1143022514
1142869836
1140767020
1140375362
1134953820
1130128085
1125947034
1140517776
1135120576
1120277821
1118614416
1125836828
1118693417
1114922176
1123340098
1118486837
1118373204
1121076059
1115745046
1121127942
1120583792
1123231602
1120913319
1118655640
1115820933
1120679161
1120467875
1120998749
1118266551
1104684839
1105025528
1111908645
1109215905
1109448234
1103154995
1111720421
1106800028
1112015115
1111993467
1111860692
1104850717
1111797811
1112695691
1111483171
1104465147
1111566114
1105973231
1104936766
1104800515
1102255375
1095657482
1102152865
1097776433
1099539401
1097677223
1080758069
1095373057
1082356098
1099618701
1095797216
1102394483
1095728969
1084399808
1088195404
1097754963
1082461617
1097591048
1088066056
1101964653
1076737738
1065456779
1080589284
1078486028
1065643674
1078794219
1065103873
1065571495
1064948718
1064876556
1078678539
1076582558
1078854599
1078920328
1067197039
1061532610
1078714483
1078583985
1065192221
1076692760
1035932461
1036062774
1060726221
1049934256
1058700183
1049860081
1058619112
1035987840
1042135679
1059339892
1035778051
1051492521
1051996671
1058277443
1060907626
1047744158
1042030871
1051617498
1058414985
1049689180
1020906449
1027758646
1020989025
1017553513
1019620656
1030198652
1029911749
871107463
1019471118
1017765907
1015859425
1015770551
867764914
1019574957
1029466172
1015516152
1030005499
1027583558
1020880081
1017661247
857028406
853463340
854526971
862014047
863293791
854324836
861981101
851763980
853376116
864813898
857718761
854414826
857657414
863409570
854471068
861743814
864908343
863157806
861824076
863121919
848598920
834934446
821891416
831596533
831499184
826000473
834834424
820461371
851470291
821988971
821503608
848266529
835047562
825348587
826599579
851555059
823779315
829377816
829477491
823563981
808702692
816934157
817010940
816284946
817121554
816172195
776405426
804803403
817164516
808810781
819940783
820142728
808626102
820034542
818778311
816398808
804961730
817096449
777924412
804861198
768736800
764080376
766748534
768958386
764072424
775825690
762210303
767432581
765369260
766706734
768402952
775904599
769040484
766919873
767126424
765302475
768316754
767025414
768882478
764036647
754425976
744836313
745266816
754729320
752135588
752310073
747266465
745329710
754654920
750616696
746419324
760298389
749350268
747204052
752238900
760212670
744940650
754318344
745392102
754795379
730432262
731448937
717260365
739166218
739761540
717134668
699810622
735763942
739681358
731023297
698819709
731160429
712210159
699883951
698814685
698788332
730849717
741371502
731509704
730730244
696692677
698691603
696828787
696173418
696068412
694837598
697799632
684259529
696484841
690957418
687971627
696560404
687560468
696644666
694778333
696264867
684217480
687918425
696787406
694875695
672947037
683596458
684032789
662120674
661245314
660334628
672697592
661345978
680366147
662074628
683245670
669524142
683348591
669152710
681919022
668989475
676318808
662100192
676415708
684169805
658675290
659641530
658262002
657759469
656399067
656347741
658125889
657699605
656508483
659520871
659422824
659743672
660130180
656724870
656945619
658703528
657631093
659364432
656273746
660266492
649801646
647570760
647640196
649153874
649057564
656178217
647602106
647507829
655965438
649900560
647169642
647337852
649875712
656014473
647698584
647412135
647288923
646521500
649465240
649843585
646396405
646316271
645964163
644931518
644150756
644888174
644559570
646235172
645848373
641773575
645731797
644602305
644689061
644415069
644286137
641735688
641707665
645911484
645074454
644482423
618037297
641682868
632543738
626643708
613073274
626816119
638961340
626731158
614029715
624230911
624152956
625296461
641597907
640698408
641073603
632471277
625222640
638885771
638966929
641639634
579059621
600257698
580187627
591596733
579003893
580267968
577685711
602007453
583111636
578930386
580554114
580493155
591677777
591300923
600330785
583144915
600221649
602087288
613023325
578845797
577316754
572569194
573782526
574466326
572628146
572519661
574257571
569243723
574399572
577601154
569459955
574326954
573848301
571800531
574723672
569378530
569316360
577378022
562169757
558339357
558286906
529714141
512431847
529609543
510448619
537655279
539727944
537624707
529495156
557200294
526415294
513006269
558255247
537671854
540909627
519471282
552691958
512332644
519500675
510523782
503648287
508728726
503778691
508066631
508732089
503873853
501040031
508149671
498133421
503676829
508766634
497644374
501101810
495791397
501618569
498201258
507990647
501562789
505297878
508795100
487987668
489413504
486992050
482492372
484431455
484371133
486997076
488038864
493397510
486906690
492285747
493474189
493339065
487018604
489466954
484250310
492255904
481305444
495593821
495550472
471570126
474413821
469758896
474320113
479857523
470236508
479365762
476911469
472446876
474522804
466334095
479907553
472596811
470281557
469718261
479951700
474484539
479312646
469669643
465212387
437438887
465082124
461686788
460419019
442832665
442803411
461733465
465020817
447647794
443725842
437553255
465147613
465176877
437585816
437470770
443820891
443858681
460473449
444369361
465035123
436235262
436290627
436206796
430840478
436258868
436061227
429873086
430781193
429814220
436997160
429716122
429369723
428342493
437245961
431922358
436090156
437192375
436162414
437132817
430899594
427888305
425056754
423465201
418178725
420319938
420250101
428076771
422653674
420144354
423324685
422353530
428292345
423394880
419069743
422455475
419022924
418972159
420221343
422546110
425094385
412935527
415708705
415946156
412883509
415699455
415907223
412743198
416784079
414595263
412696343
417949626
418013624
412815625
415880254
414961083
414786731
414864864
414237520
413319410
412830726
407673386
407642351
408607302
409607700
407580494
402649683
409688403
411468496
409365465
409410428
411426319
401950202
408716210
411391307
410851958
409303324
408654101
410798925
409649690
407615858
394033550
400273960
400485564
399590065
391198145
392838286
399467833
400425741
400144788
395650205
395205303
399377775
400518788
395266895
398400489
395026859
392792835
399640258
400360050
394078408
390228611
383119419
380100521
391163490
383163702
382268874
377832894
382304430
380209646
383440428
380951908
383231079
382222555
380049390
380154631
386864369
380206039
386583787
386525252
380890681
374758645
373756885
377373457
377218332
377091861
377283577
376253042
377631291
374687088
377435700
374611909
377816953
377695730
376301784
377777359
377574577
374805475
377489852
377357650
377155812
370898785
372639645
367151655
370940455
371107412
373660199
372550165
372447818
368349733
373602079
373133671
371488783
372603507
373123977
371447192
371047356
371017327
368398779
373711595
368283560
359382175
364784460
363475787
362665522
362472114
363474225
362610655
363524682
363552309
359649874
362551020
363739094
365942665
363594410
364831262
367036978
364858895
363673547
363444375
367094621
356028685
355897608
353636213
355942224
358099967
355779692
358155979
354790790
358052230
356985999
358419142
353738130
353999156
358015856
353691809
354858099
358355312
356182374
356101097
353928427
346251684
347199875
344932891
338827822
353573058
349401866
345171692
346110113
349662452
345035971
346174339
345216503
349741287
349451009
349362673
348502983
347121798
347068051
345117488
344988862
337891398
331292738
337443502
326232180
337533832
329381637
335952862
337501268
326266138
338693377
328557791
328620881
338777277
338643357
337850037
338145019
333821995
327544597
327494193
329460019
316501295
321663044
316634008
320355394
321676416
320455258
315787278
315430880
322088304
326139539
315519501
316694756
316562278
326198090
321709230
321115168
320481010
321312150
321053428
322698658
312522286
305329049
315384154
305372432
306475940
312480004
305433502
308437069
304518033
315064391
315162243
309498433
315105295
307522006
307518508
306531861
305483679
315131766
312409764
304590021
296271217
302851220
299591058
303479287
288036421
295340389
295288106
295246346
304409716
302954097
297594567
288846072
302792597
290237935
297099797
303513471
302728535
303430671
303003166
288793948
279190995
275685152
287025187
285650735
287704670
287097584
285528281
279657644
281500826
285511325
279884092
279621303
284399325
275725589
285595513
279237486
283275970
281071855
279997404
275308307
268263064
270671860
274168452
275237682
272761183
275294355
274051587
273278892
273203512
273037670
272973775
272091958
272809534
268221427
272889678
274114604
273879905
275171287
270606797
269555286
258923050
257351775
258882620
257717816
258053149
256917263
265012263
256653438
264228992
252416626
257303359
264182777
257325581
264984440
265548281
265025859
256879707
256845432
258931419
252447100
246043172
250207868
244403189
248162017
244426534
245272816
250653621
246283089
246086953
248196040
246538795
250530756
247832383
247867689
245315476
250228489
249636015
246555455
250609774
246495976
241285171
240605465
239507698
241069623
240569301
242895615
241987821
241108936
241322351
240234069
240202925
239767451
241310190
241831867
241461628
243017575
240983713
240272152
241356756
239740807
238172800
236986526
238966321
238997744
237894351
234975041
234960115
237355074
238077069
237873846
237386569
236996429
236964014
235002757
238128444
236209768
236331075
236910953
234655579
235356102
233438516
233283359
232564281
232738499
233138967
234082363
232767881
234123551
234331937
233405958
232631434
234157990
234049366
233500188
233118381
233100437
232669568
233235973
234355770
233456032
229500810
228649822
229340238
227938941
231927401
227980681
228633896
228725403
228584703
231960440
232327638
232304916
228462101
227881452
229292063
228838445
229262378
228679852
232531745
229534353
223371471
225598692
227335872
225663107
223869210
224020237
227258465
227295936
223400051
226574607
227150353
227190640
227854762
226947919
226913388
226531963
224107425
224059499
223986314
223831618
221920302
219410488
221960877
222593348
219244154
219274090
219551487
221909088
223306917
222647009
222219517
222239437
221200630
221844898
221181010
221177749
221880420
221148746
219454675
219632111
219167953
218490654
219140451
219133856
218100677
217208642
217168406
218458231
219084253
216553308
214544425
214129605
213526540
216579286
216516594
218526453
214101519
213794362
214080872
213749602
212295333
211970742
211662697
212193269
212238721
210806931
211506294
212418959
212113979
210831100
211544481
212894561
212343971
211949596
212393416
212156425
212068757
212836507
212870120
211574711
210499161
208721676
209274333
209298314
210055080
208025947
208753832
208793178
210663614
208416480
210747445
210693966
210444454
210092963
208912783
210130497
210776785
207996252
210408540
210738297
206586743
207883526
207554771
206777824
207528833
205989621
207919975
207985459
206753846
207609959
206437717
205747106
206523872
205702170
207955633
205965161
206671939
206712533
207589757
206492124
203705359
203685612
202597163
202095973
202603333
205146953
201752925
205116486
202045545
205642779
205065293
203720050
202557469
202111406
203151113
201715053
202068814
203388132
204486186
201679483
196225140
200544290
199523554
195591686
201644431
198838641
197611149
197915908
201037922
200992413
197190301
200608288
199207408
200569938
199552123
196660285
200513252
196630910
198900355
197594426
192180568
190876445
190804796
195240512
191487039
195325685
194836142
191907150
191724046
191525904
193034346
195292417
194546711
194510305
194805824
194241637
195179016
194270324
194593653
195570995
187588466
190302476
190512415
188083185
190715597
189430758
188054126
187560313
190762450
190743252
188753348
189606277
188710482
188438947
188041005
187381306
189658846
189745926
190335136
190493693
176555431
183611073
187068635
178922159
187350221
180797998
178896124
177281265
177319264
187134353
181272746
179016928
181295177
179135801
176567057
178818402
177351011
186378310
186451260
179080430
173794936
172157999
173755817
176510174
175991583
175438234
173229776
171228823
175194873
171057558
172211305
171034972
171020086
175890965
175937268
175449722
175132558
175160798
172268692
171046762
170675247
170025420
168633015
167115714
168692545
168567147
167032157
170507559
170055525
168688968
168545337
166837374
167004739
167362307
167341540
169296289
167251939
167326015
167296302
170482900
166765064
160652710
159977689
159130973
163925189
159367929
164083487
164340921
163459922
162679130
160599006
162714173
160016481
164314127
163489071
159309520
159263512
164039024
164006350
163988160
157375563
154591165
158250681
157314426
157796392
159093503
155953175
157339038
154837439
157689391
157466435
157731052
157505015
157427864
156878767
155913035
154602442
156918984
157753086
154638496
151871630
150645181
153528951
153481254
152593512
151361076
151900469
152685551
150494184
150457248
152075212
150623025
150579215
150547007
150106925
149321203
151395251
150142568
152629271
153453437
148320951
148821958
149015570
148985307
148610450
148552927
148334669
149004646
148305291
148857287
148015796
149027583
148765431
148616290
147883170
147297777
147340874
147264239
147979430
148644221
146594703
141636698
147227322
146483987
146622293
141301970
140935708
146670331
143379233
142623088
142738706
141677610
141338353
140953923
146566085
141646754
146716088
146504440
142680213
142045167
140048439
140423591
138766547
137405021
137370364
136851086
139766489
138816439
138530746
138554752
138257356
139689417
136890995
140102398
138414106
136876979
138791256
140001023
140430691
139816313
134870558
135214132
133552617
136361582
135550278
133702191
133097743
133073305
135610342
136319526
134803146
133754051
133516147
133460343
135239001
135193809
133116375
133626524
135654583
132725208
130873337
131647161
131222040
131602717
131239080
130980313
130928039
130364572
130380950
129906000
129132249
129478816
132071377
132093667
131759639
130033815
132445220
132494390
131705987
129954419
129046694
125194184
125080530
128985714
126222843
125295770
125871810
128551176
125338810
125256463
126018063
126180223
125898591
125143778
128222885
126060104
125949412
128496048
128167235
129096124
122742817
123050094
124405523
122085835
122229796
123835446
124324023
124361391
123873492
123071660
123746370
122973123
121886194
124204169
122204738
122136215
121620773
124288021
123007794
121928811
117465859
119387727
117364288
117344396
117373608
121004709
119855404
118906880
117524683
121200270
117026436
120290799
121570952
120634801
119146633
119051825
117664347
118866187
119682365
117615177
116652514
114316001
112489958
115952233
113593753
115900571
114369001
113998984
112439622
113248848
112713148
116944063
116991341
116692110
114231504
113298676
114394261
114187973
114040598
113971957
110656434
108739039
109855923
109336513
108911394
111892307
110833249
110607022
110210402
110628011
110775542
109361333
110732956
108700077
111863202
110136369
109296001
109186920
109268624
108268491
108150669
106473247
107840496
107003055
107208977
107767359
106963274
107715661
106921163
108229915
106429882
108147779
106142213
108062937
107681324
107093800
107050111
108182615
107826430
108113150
105755399
105804827
106042783
103804602
103454356
105753114
104249648
106130855
103424489
104272515
103331927
104773185
104104215
106083185
105787581
103373199
105773706
103392443
102301863
104796918
101823310
93383897
94151775
97415578
94735067
99723121
93412385
93420933
96761396
101732141
96780167
93363127
102209332
98104339
102178848
101226674
94773793
94116650
96166354
101802163
91252739
90769416
90792732
93230740
89636013
89595465
91821220
93255464
92120792
91295964
89642131
92532828
93201576
91316376
89617308
92147699
93275127
91840350
90815808
90587061
86043395
88712704
88657746
89575545
86671613
88854011
89281865
87921477
88830190
86011057
89430431
89417106
84881158
88802251
88684475
86605910
88752988
84871884
86612098
86581423
83772188
84849560
84757092
83836437
84832547
83034939
82102037
84058162
83753152
82127694
84039342
84001611
84604956
84068376
82148450
82078204
83730803
84721354
82036296
82180034
81560450
81624139
81595722
81994692
81919453
81897202
81951063
81906622
81636015
80963603
81611913
81938614
81931348
81882046
81404187
81961890
81975941
80942025
82014664
81581609
79142163
80434761
80788662
78811789
78782367
79161935
78464188
78753466
80407937
78438903
78399822
78335762
78456781
79123829
79102935
78740668
78374430
80412576
78434932
78419021
78104855
78158833
77456346
76724778
76966875
76693180
77198464
78319475
77223477
76439348
77008571
77461968
76626485
78253793
77056742
78261274
77031545
76459486
78289213
78108911
75715612
75492315
74247232
73587638
76099035
74305854
74528456
74889235
74342878
75520095
75576532
73601393
74546966
75732341
75549944
76134969
74279260
76280330
74583148
74561079
72977915
65753167
71800587
70481303
71247950
67577386
65764050
73577945
64432425
73547899
71910021
64664332
64407472
66168376
64651230
72001131
72954386
66149522
68549990
64819715
64363071
63652132
63885087
63028575
63107123
63039098
62647611
64152583
62714754
63909078
63857438
64125889
63640455
64391870
64083969
62998877
62623051
61956506
61945685
64218853
61474713
60630512
61441731
61686601
60614413
61459047
61901035
60148371
61667509
60563415
61502221
60587696
60575063
61489001
61426854
60674499
61934131
60352524
60600947
61749120
59337182
58059093
59307149
58518714
56816518
56805830
60119814
60134076
58512569
56583442
56858434
58461761
56967852
56538111
59321408
56843747
56598922
56985565
57417839
58488914
55174774
54264825
56441884
55119687
56376232
54840599
56431249
56360741
55152594
54362302
54157848
55235023
54324135
54298531
54222885
54140644
56515704
54115576
55142777
56413268
51288320
51138078
49867920
53775105
50413611
49899436
52183159
54037404
54075968
52232962
54060146
49914975
52161695
53655815
51006736
50794592
52250687
49674348
50159292
53675320
47719707
49192094
48847753
47699889
49347236
49358335
48011294
48000374
47486152
46855666
49368522
46905966
46939861
46840375
48834502
47472840
49658184
49213502
46497740
47735795
42480569
45409428
46215304
43430512
46140066
43932097
46153687
43533471
46119882
43511217
44008982
42438841
43695026
45422565
42182712
46479050
46115974
43524255
42293732
43774397
41504305
41460799
42053243
41341119
40899334
41579807
41822001
41474996
41721264
41690320
40623424
41968283
40887141
41345912
41700319
41077816
42046446
41519501
42168700
41816109
40492538
38369265
38364123
39990742
40246425
38521037
38533248
39679039
40000458
39980577
39752910
40400752
39695984
39737226
38373977
40239558
39912321
38507649
40486762
39924941
37650249
29882447
29978553
29972203
31630345
37508368
31408607
37647064
38353652
38343574
31872245
31644375
37806995
37818800
36718529
32178763
36704740
31418883
31429338
36573277
29253223
29789209
29869458
29770205
29877460
29383255
29797265
29594777
29683172
29571344
29462523
29453687
29392842
29245110
29375509
29778812
29585551
29671485
29678492
29444633
28238921
27860961
27814459
27744915
28011207
27848754
28240187
27934360
27926517
27738690
28127089
28688687
28040577
28314825
28134909
28733975
29237741
28883174
28116911
28248579
27391636
27325832
27425199
27602258
27252791
27215236
27524228
27528303
27320031
27630982
27623258
27513366
27593549
27735059
27676265
27023231
27519755
27259167
27206843
26992944
26776461
26801035
26903858
26204727
26817690
26671764
26770851
26243097
26794941
26252202
26909753
26680628
26977655
26809237
26669523
26229008
26877072
26687902
26840287
26214320
25801604
25732756
25435882
25725977
26105973
25294311
25627759
26011274
25990789
25617254
25305207
25474878
25737819
26018679
25810779
25788855
25639386
25460299
26189492
25427394
25130325
25049098
24873710
24862486
25065807
25105011
24688523
25242555
25120078
25112566
25086158
25235882
25076052
25286816
25057596
25041196
24883387
24952432
24959401
24893083
23938123
24491753
24444806
23978950
24484350
24681369
24474842
24284769
24278106
23987016
23971079
23959736
23930149
24321534
24463142
23996692
24002364
24242879
23921909
24251238
23603724
23810481
23783977
23794057
23775523
23711494
23628489
23704307
23696022
23721343
23614530
23897097
23912320
23619069
23084347
23904633
23688861
23504835
23622780
23804417
22627455
22633708
23058065
22976002
22735334
22986438
22726682
22619710
22587797
23069724
22581047
22746876
22563918
22610160
22557458
22553428
22550786
22981085
22571657
22804349
22180004
21832777
22409514
21850295
22034420
22417351
22536562
22200631
21820694
22256598
21812466
21808739
22051314
21725936
22044099
22403555
21730733
22186587
21825375
22545096
21519503
21089967
21541012
21409947
21352585
21372398
21534661
21640317
21715414
21399288
21333624
21278618
21360855
21404534
21075429
21346536
21380904
21422863
21340918
21691327
20234234
20089781
20462576
20883534
20608966
20795407
20242815
20256560
20863936
20693857
20212939
20082261
20699870
20267035
20226239
21061334
20892021
20575274
20581152
20299465
19573374
19707758
19552624
19454542
19561908
19396546
19717169
19543866
19401660
19331763
19643193
19317677
19310661
19484634
19646532
19551298
19424213
19489632
19392346
19325558
19018730
19025247
18726993
19043578
19010104
18564299
19004226
18550179
19149130
18722657
18717266
18557647
18711710
18543710
18533513
18519720
18526223
18996598
18537517
19301684
18409966
18036306
18389185
18510667
18118107
17932555
17799554
17844299
18449841
18462902
18484746
17895948
18476127
18470184
18455675
18249448
18256084
17891200
17952754
17946012
17548950
17510847
17015350
17209892
16903058
16599081
17502856
17465542
16896207
16865782
17790353
17011947
17217136
16632887
17614851
17607302
17537544
17380511
16899505
17204959
16503013
16253870
16257440
16434552
16574560
16506941
16475950
16364763
16321744
16303723
16590473
16357596
16338496
16313756
16249250
16467924
16361051
16492295
16301501
16308506
16097113
16052474
16113968
15469370
15227606
16213160
16057904
16044811
16047889
16089999
16120552
16127781
15970284
15961692
16201880
15605353
15312609
16129919
16125988
15978279
14889192
13336683
13558469
15186251
14702373
13871198
13843084
13377952
14461083
13356308
14723342
13930208
13527378
13397492
13746474
13573366
14382850
13564461
13866077
13326609
12222005
12119372
12130798
12105163
12912091
13218763
12139115
12871164
12123758
13295354
12923173
12224479
12877968
12113300
12230942
13234437
12747890
12919319
12759943
12754207
11259804
11050160
10315857
11250050
11429075
11030474
11820723
11424096
10354050
10673199
11186186
10362377
10703299
11055728
10359083
11194241
10679692
10357925
11808367
11061067
9920548
9443924
9952317
9712016
9403034
10311073
9923813
10230150
9616382
10235349
9620664
9451774
10289574
9948051
9610915
10226672
9407173
10293125
9943772
10169415
9336874
9315684
9340977
9279726
9257086
9284681
9123079
8930011
9332369
9322833
9080509
9073276
9264992
9327629
9192883
9259995
9351079
9345748
9076684
8935413
7758144
7840078
8403655
8470022
8043311
8544129
8341088
8535834
7762515
8538791
8708144
8336054
7309019
8332378
7975031
8390540
8341708
7474066
8398661
8394624
7192206
7027796
7300641
7266912
7025274
7022120
7306104
7303306
7270325
7189261
7053056
7048916
6952797
7113940
6950340
7195432
7186157
7032695
7288029
7273164
6882717
6571390
6529930
6581886
6574855
6875853
6524618
6654693
6527356
6879559
6900208
6521009
6894703
6515417
6873421
6567050
6584487
6586871
6518516
6599390
6513235
6498771
6495219
6063645
5964719
5803724
6394952
6130140
5794835
6370503
5791817
6132318
5881268
5788851
5860057
6505807
6503474
6368403
5823110
5967931
5452568
5515881
5619039
5448382
5554546
5413881
5544862
5660370
5663387
5555556
5602984
5554114
5556215
5554419
5627523
5654835
5782178
5609140
5557387
5446079
5288833
5100503
5345996
5074789
5130058
5348844
5351685
5109369
5076349
5411749
5383040
5253968
5171530
5286258
5356579
5354810
5257094
5407234
5378405
5343198
4854029
4988650
5048711
4851693
4968728
4970973
4905679
4915433
4910955
4930086
4843816
4994468
4907765
4991679
5045803
4974052
4966104
4963830
4940899
4918178
4716773
4618393
4713632
4555094
4552785
4721494
4545343
4539996
4839303
4719458
4688160
4679824
4542701
4645492
4708970
4647681
4563266
4842294
4549614
4560362
4442005
4351616
4480760
4345913
4251350
4483612
4176731
4343388
4439794
4245930
4242635
4438136
4248521
4171016
4444258
4445581
4489494
4364752
4476425
4341269
4158872
4071500
4167855
4019127
4010375
4014078
3955412
3906647
3902982
4008001
4073375
3900768
4016760
3987390
4012270
3957379
4152951
3988673
3953067
4156124
3571252
3859646
3680557
3598109
3798014
3510690
3547405
3507871
3512256
3790574
3802922
3680014
3856223
3626083
3685743
3539619
3595765
3800469
3674224
3794282
3456968
3462875
3374403
3308000
3431115
3438316
3444578
3376781
3388471
3461432
3399271
3395822
3459883
3297595
3505054
3440944
3391539
3251949
3256999
3454961
3050367
3099099
3103457
3158612
3222897
3158160
3160340
3107826
3015373
3105031
3052194
3005293
3214779
3110714
3171606
3237598
3007828
3013190
3095739
3218138
2813503
2721453
2967470
2817849
2811961
2787479
2912731
2964100
2869343
2814972
2722096
2840318
2816333
2866530
2785382
2753219
2789418
2868098
2837343
2961848
2660968
2659546
2643798
2702936
2598265
2469979
2619104
2493632
2495395
2662596
2610205
2617642
2612437
2616241
2607482
2642042
2600166
2700709
2664536
2471651
2416102
2361726
2401136
2392387
2464966
2413187
2328261
2302044
2443730
2468584
2331231
2304418
2390161
2363747
2414736
2301074
2412022
2385183
2441495
2466994
2247002
2245931
2236345
2123469
2161915
2244567
2241012
2298233
2136730
2299789
2121016
2023066
2242973
2117098
2114457
2297624
2126567
2138276
2022890
2027849
1659797
1595106
1570193
1663091
1984543
1666580
1577147
1665149
1754323
1689648
1596976
1661071
1885978
1881527
1599747
1936540
1981269
1847687
1575478
1883629
1204034
1437289
1394665
1453786
1549513
1547662
1322961
1258463
1317632
1551522
1397884
1355246
1321061
1351936
1252862
1210093
1254052
1559676
1556114
1450127
847862
827791
1045761
1200026
1164898
895992
1121803
825297
1102932
1051916
1017397
1156631
1044098
1014095
1154496
1096624
845725
1098961
1148264
1015760
779160
721756
680678
751724
725750
666643
794029
822503
750131
710790
653131
719124
652332
643791
782698
712570
709860
704316
759596
686015
635356
599965
597827
480547
484271
478897
522626
632030
553257
490721
556405
632989
636557
554938
638348
634336
551919
482833
448378
611776
415367
390464
414019
375417
421294
443093
362379
447052
422182
388158
441900
416389
440462
395626
391875
378160
367342
388833
363800
374386
249444
247696
232899
361087
231767
334994
263325
235588
232328
251681
293215
333285
356685
360042
359283
291885
357911
262964
289929
248608
208606
194331
206640
225945
218217
217716
225860
207989
225916
216929
194889
231340
193855
221606
219698
225891
230797
207423
204651
217249
192400
147319
173239
183486
148515
172582
184111
148001
159939
141799
160673
159161
193042
182632
184667
173911
182534
168222
183027
158450
