1200202708
1200136828
1199969990
1199834097
1199567322
1197588855
1197349277
1197273013
1195465956
1195409184
1195345447
1193143159
1192926078
1190711448
1186437079
1186299449
1181268422
1175085879
1172909434
1172837582
1169812026
1165519169
1165426422
1163478157
1161346863
1161265559
1161228644
1150058984
1147552009
1147472400
1147356244
1147269545
1138775794
1138735935
1137845806
1125947034
1120277821
1116287076
1116245530
1116204329
1116138739
1115903140
1113089531
1110993473
1109546225
1107295911
1100110801
1100045812
1099950566
1099682099
1099607410
1097186608
1097076194
1095893508
1095875485
1095864223
1095810977
1095564017
1093557270
1093450039
1093363254
1088066056
1084772979
1084708262
1082777571
1082701278
1080833996
1080780855
1078845909
1069702498
1069648347
1069588937
1069485772
1069386030
1067639183
1067359521
1067295244
1065506630
1060907626
1060726221
1056853087
1056801896
1054043248
1053942948
1053834284
1052006049
1051896941
1050039788
1049855564
1049787127
1047867024
1047744158
1045859262
1045800330
1045711065
1045609381
1045284133
1045159673
1042694558
1042030871
1200136828
1199567322
1172837582
1181268422
1172909434
1192926078
1199834097
1197273013
1197349277
1186299449
1195409184
1195345447
1195465956
1190711448
1193143159
1199969990
1175085879
1197588855
1186437079
1200202708
1116245530
1125947034
1163478157
1138735935
1120277821
1116204329
1165426422
1165519169
1150058984
1138775794
1161346863
1161265559
1161228644
1147356244
1137845806
1147552009
1147269545
1147472400
1169812026
1116287076
1095864223
1113089531
1097186608
1099682099
1095893508
1110993473
1107295911
1116138739
1095810977
1099950566
1109546225
1095875485
1095564017
1115903140
1100045812
1093450039
1093557270
1097076194
1099607410
1100110801
1088066056
1067359521
1069588937
1069386030
1082777571
1069702498
1067295244
1093363254
1069648347
1060907626
1078845909
1084708262
1069485772
1067639183
1084772979
1060726221
1082701278
1065506630
1080833996
1080780855
1051896941
1042694558
1049787127
1052006049
1045159673
1047744158
1045284133
1042030871
1050039788
1056853087
1054043248
1053942948
1049855564
1045800330
1053834284
1056801896
1047867024
1045859262
1045609381
1045711065
1037934293
1023394239
1040529708
1034203658
1032207273
1038079522
1032288918
1037865464
1030387427
1030163854
1034150462
1034031271
1023120535
1030448772
1038006215
1030305455
1032017164
1030054862
1040604108
1030481791
856459581
991508225
987483820
1019683197
951816385
1019471118
991449789
857612138
857657414
1018848489
856423850
857718761
1019574957
1017765907
1015770551
1018949599
1023036057
1019620656
1015859425
987402690
844439067
855660245
844521258
826000473
854471068
838485019
829123931
808626102
808702692
826682206
854526971
829076753
838357745
824510671
824440280
829477491
845161101
842541023
829016647
829377816
789062798
801667992
801457447
801390151
789129643
788953616
807594339
807629544
806594151
790712699
806524245
789807223
795672455
805232582
801612391
801319957
801234447
789787090
788839627
790795543
778190887
777841578
779644765
779063557
762416607
778151501
779809165
781450995
779144902
778147814
763908333
763829755
777707071
779572697
781523493
778228728
781598014
778075361
777652942
760543306
700481506
699883951
754318344
699726421
700414030
743479229
741032436
752238900
743378529
754425976
699810622
698618313
752310073
698691603
741632432
752596559
760508360
752669556
737832037
711927099
681359247
674213790
508336932
508255741
669152710
698503365
697799632
696560404
698573128
696264867
680160253
668989475
698410263
517471589
681919022
674168798
696644666
672947037
697892808
570886705
491488528
469032855
481011204
491352010
478645227
493718960
491931331
487987668
501686929
491633365
489838804
501739397
491581060
494604606
472446876
500255742
476911469
492025620
491964527
501618569
443820891
442382898
445625285
458161282
442251293
442832665
442678110
442803411
437470770
457637250
442312590
438535916
459337407
442731339
442470497
440295997
445578448
451289163
437585816
458187696
435776638
415946156
413077381
415907223
429716122
419069743
435849352
417082500
415880254
433956712
420811101
427888305
413167266
437438887
426907353
422353530
419194833
419119811
410851958
428076771
407797865
408654101
407817786
402649683
408716210
399590065
402975652
396355233
403012582
408607302
407777406
410798925
399467833
402902441
399377775
401721756
402939542
407767557
401645970
399640258
388538818
386583787
392838286
392792835
388746211
389274297
393981070
390557778
390530167
390310589
389252623
389226424
386525252
390587160
394033550
394078408
392584920
388643046
388697243
388593617
373756885
374758645
380154631
380049390
382222555
380100521
383370276
374805475
375934099
372772214
385402287
380951908
382304430
385374160
380890681
383326842
382268874
379980571
380730051
383440428
365744025
365570040
372741779
365775795
371392034
371347684
365146278
365061121
365006992
371047356
364843503
371017327
370940455
372275581
370392430
364786141
364736968
363524682
365166811
363475787
354858099
361613543
355002983
357053980
363474225
362318618
359382175
357171354
362665522
358355275
361579015
357227998
362390491
362729185
356045389
357276030
354911747
362513049
357090564
356985999
348502983
351024221
353573058
345327481
350971396
353691809
350987558
353999156
348661506
345216503
353636213
354790790
347532218
347485501
347401743
347278378
353738130
347333199
350889758
348614792
336002336
334127793
345171692
336895617
333991505
337501268
330660394
330975296
337443502
331731063
336979719
342293959
330962231
345035971
334388788
334058540
345117488
337533832
331636471
343571706
328297780
323416009
330508325
322445286
323342764
322088304
328417692
328458448
321084635
320455258
321459054
330580597
328557791
330639102
322431854
328637664
328347886
321419815
320526394
320481010
314569187
289160420
304518033
291593236
300502450
292560725
314320607
313502500
306475940
304590021
303479287
303103552
308437069
305329049
304409716
297099797
290560144
304290048
297361049
289387853
289113201
275725589
276505357
274168452
288360397
273403749
273879905
272809534
276386169
288338559
286448196
285935398
273037670
276450840
276351143
275685152
274114604
274051587
272973775
272889678
263566032
256917263
272056177
258882620
256653438
258931419
267455410
272761183
272091958
256879707
267410640
256626611
264228992
258923050
257351775
257325581
267354353
257717816
272033143
256604766
247832383
256085814
251090168
249805422
253836664
255920689
251139563
250653621
250228489
250207868
253864064
250609774
256129432
247867689
247755798
246484294
256195206
249718271
255960927
251721114
239453700
239414538
246043172
245723540
238381482
244152194
241142156
244167878
240202925
240392152
240422721
240234069
243631953
238390655
245315476
246086953
245454438
246283089
240638311
240272152
236964014
234781875
233334701
237795661
234822075
234655579
233405958
234850011
237524443
237894351
237873846
235002757
237759474
234331937
235356102
234355770
233456032
234975041
234960115
233438516
229362897
231713644
233283359
229500810
232669568
227938941
230032648
232564281
232631434
230005288
227295936
227190640
227119916
227881452
231888442
230002808
227980681
227258465
227150353
232531745
214436079
213716508
213220240
217760519
223986314
224020237
212193269
212156425
213749602
217208642
212399907
213794362
222219517
213180792
214431870
217605819
217794868
215754703
224107425
215720312
200676325
200992413
210081660
201037922
210831100
210806931
200604021
210010868
200957244
201746155
202095973
210045793
205702170
201679483
205747106
202111406
200629552
205838634
205146953
201644431
200351808
196660285
196607295
196225140
200291146
195855485
196464097
196902919
200513252
197190301
195591686
196571677
196487908
200544290
196552212
195570995
195820514
195805290
200257829
200571018
189838833
190762450
190804796
189658846
189906958
193204633
194203102
190743252
191830440
189746055
189606277
195469001
195179016
190175351
189787297
193176275
195496048
193262776
193121219
189895424
182329610
183528654
182296380
183550025
181257912
187134353
181700949
187381306
179822960
182360470
184218242
184241919
182646666
179971858
189430758
189559485
187068635
184278432
183584462
182602281
179622933
179135801
178922159
178818402
176069082
179749326
175965337
179080430
179799559
174720131
178971334
174003576
174032478
176547305
176524111
178896124
178349898
178339093
175989304
175926582
171228823
170890953
169427142
167960550
166837374
168798120
168697416
172141240
172113779
167621343
168005169
166996624
170675247
169296289
169278961
169344648
168593808
168724683
169395687
173950180
123835446
161805342
123071660
161837638
152685551
157755934
152629271
157654823
164680845
162488506
162563811
166234349
162643855
162455059
162530683
132725208
156878767
123873492
166268615
157778983
123050094
58461761
58950486
54613395
54070857
54157848
54636203
123021088
120290799
54706595
54222885
54140644
54115576
63183883
54684467
58059093
54264825
66110445
66089714
65272144
51006736
52183159
49899436
49658184
53367045
50159292
53322567
52574758
53773995
50465223
49867920
49368522
53800546
53339676
52250687
52232962
49914975
52161695
53675320
52593517
47381492
49358335
46215304
47759543
47388259
48344553
47325889
47735795
49192094
49213502
49347236
48634896
48595202
49174465
47719707
45939162
46965250
48659352
46267235
48371758
45044850
44440384
45422565
45392666
44530853
44512171
45409428
44250009
45673293
43922635
44852625
44836770
44549846
45180347
44234628
44247361
44540625
45195888
45058883
45751555
39916173
38544023
38807732
42277627
38733198
42230688
43907582
38616235
41504305
40157908
40171508
38533248
41077816
39928399
38608340
43511217
38559117
41519501
43761560
43727282
38282055
38507649
38267053
33508268
38373977
37806995
33410356
33403889
38364123
38092089
38332638
33321849
38369265
38127712
38028826
33415808
33198460
33516624
38521037
33307470
32903200
32725403
32719624
32239527
32896441
32607384
33118216
32488982
32935400
33183971
33147417
32478375
33134790
32837562
32595743
33122837
33089812
33122017
33081730
33191436
31852641
30466084
30574395
30224917
31429338
31418883
30212345
32166532
30568362
30442975
31681076
31870492
31242024
30977908
30318637
30310094
30010444
29844751
31204976
30017706
29385006
29015836
29649270
29021478
28718863
28501046
28901862
28314603
28711874
28458659
28299996
28236897
28444556
28222691
28127010
28067498
29428989
29418645
28134909
28257308
26431916
27412671
26189492
25627759
27311220
26639430
27049961
25617254
28056808
27297285
26489219
25460299
26631019
26105973
27059508
27529228
27422498
27306970
26688969
27039037
25270775
25287349
25258663
25076052
25060076
25112465
24873710
24665000
25242555
25054314
24463142
24581087
25105011
24444806
24882499
25086158
24862486
24474842
25235882
25118022
24125472
23948539
24144562
23783248
24109640
23763374
24133349
24117687
23959736
24163128
23930149
24156032
24292668
24285244
23978950
23770933
23791250
23971079
24321534
23938123
21728423
21940644
22202504
22603063
21701277
22610160
22594602
22417351
23093903
22114983
21934962
22746876
23359726
23367441
22409514
22051314
22400563
23327230
22254942
23504835
21399288
21075429
21372398
21404534
20892021
21674288
21352585
20722990
20608966
21360855
20599872
21666946
20863936
21682967
20745606
21409947
21691327
20713967
21519503
21511001
20566256
20292023
20575956
19806945
20581873
20406945
20082261
20594218
20572056
19810554
20275598
19717169
19646532
19561908
19573374
20242815
20283781
19805013
19707758
19643193
19179461
19543866
17502856
19160209
19551298
17711781
19415755
19552624
17844299
17380511
17353512
19152041
17510847
17371931
17548950
17537544
17715100
18811628
19409141
17465542
17247812
17074883
16233036
16994186
17114317
16590473
16999392
16379250
17241655
17252423
16900143
16632887
17204959
17209892
17067883
17006657
17217136
16865782
16599081
17079749
10987662
11547308
15036111
16213160
10925695
15343675
15906984
15356044
15346126
15043416
15186251
15469370
13571586
16201880
12388115
11553207
11131170
15978279
15913344
15970284
10703299
9955983
10350647
10335901
9718057
9498953
9187506
9503086
10239360
9952269
10916050
10589823
10243134
8956594
9357924
9045555
10503915
10173181
10673117
10808120
8829786
8048815
7913235
8222840
7853560
8040591
8055172
8140464
8064775
8943794
8928733
8037112
8136570
8059951
8835044
8218614
8032666
7909328
8132539
7845638
7608422
7043059
7271717
7677266
7600608
7768209
7782442
7128684
7230065
7612224
7280192
7268658
7233175
7227967
7196875
7787228
7110580
7681306
7775882
7394411
6902677
6448926
7033462
7031065
6387096
6957845
6721914
6442409
6371128
6568841
6969468
6961724
6718922
6564659
6374201
6437223
6717022
7038380
6383596
6503964
5889098
6173528
6319829
6137777
6324444
5881756
6299843
6146295
6176636
6171169
5617921
5613365
5658548
6142508
6135678
5605009
6071514
6075986
6000922
5941216
5504700
5404232
5502184
5250434
5390408
5110673
4926278
4752960
5119740
5407461
5593413
5288137
4763343
5053858
4974052
4756848
4720269
5108390
4983886
4988650
4499669
4496502
4563560
4298166
4613975
4566103
4477649
4080560
4425578
4403222
4401204
4078160
4168054
4718304
4165276
4432506
4716018
4554520
4686530
4483434
3683650
3911501
3977047
3969195
3966308
3963820
3919538
4020234
3906718
4030511
4022839
3160340
3908097
3158612
3150372
3158160
3503903
3222762
3264659
3557792
2549419
2802186
3147162
3100060
2784631
2659278
3101934
2646006
2811961
2814972
2662500
2667901
2656915
3109066
2648580
2782597
2813503
2693433
2836742
2664826
2417096
2512024
2494583
2333708
2546945
2385530
2283251
2496330
2325255
2330150
2418416
2392140
2354253
2300706
2520091
2416392
2356417
2388077
2278687
2343963
2276171
2183920
2190156
2232544
2213135
2185747
2127948
2114033
2273486
2044473
2267762
2215102
2265670
2041812
2218578
2123910
2229409
2131287
2136730
2037563
1985124
1874894
1970489
1933339
1936540
1960038
1883840
1872659
1988666
1962445
1877778
1982755
1964278
1888330
1886171
1919368
1921972
1967046
1972887
1870170
1641355
1460072
1556114
1395646
1718308
1501844
1431851
1564989
1559676
1424887
1570193
1714862
1499185
1456874
1722108
1552261
1496661
1428051
1515995
1393604
