1194663106
1199412263
1200271926
1197028575
1199603074
1198666735
1193099018
1197583999
1200177842
1197395969
1195186890
1192851216
1198727573
1192371873
1200084937
1199948521
1199743544
1194981312
1192653487
1199147660
1186437079
1186249942
1190623989
1185195397
1188683167
1185969219
1190817483
1183730756
1183081829
1183565236
1182910315
1185566430
1188464276
1188199399
1185074282
1186560180
1187414954
1190711448
1186484318
1183320236
1176584478
1181268422
1178655149
1178474821
1174361728
1176432018
1171958789
1180719554
1174907700
1181001436
1174495635
1172624700
1172072732
1171593768
1174809717
1172449962
1176902091
1180601446
1174691810
1181146864
1165426422
1164967297
1170149716
1167361149
1166865319
1164733955
1170390905
1171548186
1163302357
1163242974
1167647867
1164860717
1168969391
1165198525
1169812026
1165519169
1167549887
1169662255
1165057271
1167578391
1154641504
1159135023
1154531357
1163066741
1162811660
1162730788
1156533241
1161346863
1161228644
1159262646
1156064736
1156913006
1157131187
1161265559
1156679371
1158949259
1156786024
1154877728
1161152573
1154769182
1147463866
1149664532
1149147115
1153696476
1145472028
1143329125
1143285748
1147352012
1152398991
1147135731
1149811848
1145263178
1152297037
1146565099
1145345704
1149538814
1151739678
1152449675
1143243799
1151541046
1115517711
1114060990
1123055490
1123507716
1116204329
1113709501
1118373552
1142655284
1118640717
1142553500
1118040522
1115701598
1123604887
1116138739
1115877071
1115409815
1113914361
1115802916
1116245530
1121330841
1109646606
1111618478
1107453794
1110777336
1109771365
1108692887
1105098234
1111407232
1112989820
1105033072
1107243138
1106186703
1111309091
1107593869
1109564558
1107533021
1106676454
1109693669
1106969981
1106839782
1101965428
1101772423
1104954526
1103612868
1097318312
1097677688
1099962890
1099854552
1101699332
1099682099
1099607410
1097186608
1099932574
1097456473
1095717033
1102536482
1099363359
1099464439
1097556045
1104215001
1086429009
1093450039
1088762706
1091538874
1095236520
1093557270
1088076277
1086933970
1086151035
1086824872
1093363254
1086030285
1088467542
1084171086
1093094174
1095545085
1089380049
1089225187
1088658967
1084347122
1082108749
1076494487
1080703917
1078242208
1076946876
1075704067
1080323455
1076818523
1080833996
1076595644
1080625475
1080743034
1082385498
1076875982
1076759580
1076731556
1080220051
1076404405
1078679745
1075976474
1068980158
1071858425
1073431640
1068867689
1067328964
1066936444
1072869261
1073296493
1067186823
1065429025
1069614590
1067039331
1065618639
1065533724
1065253918
1071673872
1071355863
1065178569
1073025601
1071249909
1059388737
1063027866
1061541453
1060431493
1063388222
1059333689
1060642369
1065053620
1061311263
1059171935
1062966779
1064968250
1061426377
1058991663
1064842805
1063114287
1060555709
1059284779
1064932874
1063502573
1058029309
1054043248
1053942948
1055400626
1053256310
1055875352
1051896941
1057761398
1053565360
1055767411
1058876318
1053834284
1054126372
1052006049
1051740725
1053401884
1056642755
1055528688
1058152207
1055924513
1049787127
1051178083
1045609381
1047867024
1049855564
1045800330
1045524611
1045060644
1043388414
1045859262
1045343993
1047712811
1049931032
1049614029
1047467925
1045711065
1051306850
1047345016
1049473085
1051537471
1043282642
1042504387
1042050326
1043152647
1040722473
1042259307
1040413606
1042694558
1040323974
1041678129
1039688931
1039055692
1038176596
1038074075
1040640561
1040051737
1043065732
1040589870
1039940386
1041907447
1034203658
1035459450
1031881304
1035682762
1037449214
1032017164
1035606826
1033939399
1037548470
1035912375
1034150462
1035817995
1037838748
1038031788
1037761190
1037965474
1034031271
1033793755
1033704405
1033546014
1024846648
1031674408
1026560410
1028014482
1029215187
1027912660
1027109193
1026868521
1024756562
1027785429
1026424755
1025064864
1024662091
1030163854
1024558723
1029973406
1023394239
1023083516
1031595051
1026325240
1017042146
1012941160
1008545370
1014576744
1019214620
1013610817
1009924724
1012683642
1020928390
1010967785
1014776080
1022758750
1010135830
1017539481
1019683197
1022960475
1015547805
1008411122
1010876891
1017611171
1008025037
1000005689
1004314075
1008312298
1008170065
1000214341
1003950102
999549573
998234440
999977416
1006542049
1004091336
1004214592
1000120023
998298481
999363375
1005964919
1006477084
1002135801
999620288
992934752
992583232
991397647
997704338
991533364
994799460
991292249
997403694
995838897
997136651
997579358
997504144
995706842
991467402
998133700
998031765
997847413
995776427
997969585
992705628
989729632
991155796
987165593
989481643
987614423
990380446
990340105
990999431
989391255
986816034
985867364
989671254
990801394
989534720
989320348
987744568
990726909
987687724
989610252
985901611
980891151
983546543
983580355
985625455
980741262
981118431
980961388
982944643
985438724
983119514
982690028
984878290
980366229
983399154
985036895
983460873
982315234
983507066
983307595
980022273
979020985
976132718
976538447
975131658
976382564
974933945
978488350
975194966
975069914
975979977
978966167
974993216
977009861
977209548
978176671
975249240
976701553
978361984
976281382
977112118
970784882
971090521
971523101
972679527
970604900
971583535
974565727
972579504
971255883
970459065
974329848
973386602
974244323
974123732
973338360
974430426
971461328
970936648
974056863
974733741
970342420
968438685
967936927
966649056
969268064
968052533
969263824
967739229
966686036
966347132
968553450
966221479
970200358
970168283
966053320
969169518
969032147
966468624
968923800
970077333
965396095
963958105
962315980
962145703
961685834
961964312
965880181
962054110
965403620
964427322
964501510
964238846
964159232
962511611
965718320
963861727
965595296
964328618
964061440
962358092
957006030
958744938
960729753
960411572
956312427
956159246
960322079
958939384
956010622
956625806
956730716
958450664
955935817
960271188
960629296
958860237
958547594
956863838
956518187
958661487
949851777
953375890
953834953
954284508
955795985
953976348
952183958
949762332
951648578
952386851
948545534
954768652
952022265
951730947
954111640
954399231
954855391
953648100
954545122
948470535
946681014
941653072
942335945
940393491
942761723
946455370
944704395
948002263
948379712
942674509
946106379
946600882
942531512
946345505
948129449
944598709
942449830
942141852
946250871
941919768
938933664
939069871
937989928
937892545
939743928
939968386
939507088
940376426
940325232
937335894
936981005
940197613
935839518
936884439
935752960
935920578
937513005
937184054
938066066
940083607
933380531
933859914
933769326
931862879
931577703
933496881
931214183
929638709
935579900
935306220
933782093
933600187
931689616
931405270
931125330
935092326
929514951
931498307
933207455
929748881
926805896
926612213
926513754
927717226
925622476
924926740
927447079
927853303
929388765
925450631
925101337
927137155
925565662
927573876
926439027
925265121
925213569
925505396
926842981
927044666
923930064
921646552
922811519
924824934
922714850
922619793
922525619
924039062
921766074
919972922
922969812
922878899
924352301
924683800
924577381
922263346
922424377
922092552
924230438
921893837
919915748
915405307
919532147
915597439
917783769
917729822
916004628
919444061
919368708
919780712
919660927
917862069
917544789
915947919
915761484
917446791
915877970
915321963
917661828
915491544
911842889
910807193
912131121
911735611
911039232
909759589
912016409
911118770
913669303
910880490
909853767
910950864
909903897
911949778
913944426
913805180
911325856
911545544
913517083
911464576
908313493
906715401
906433566
909162973
906211508
908536120
907264678
907000784
909592449
908816778
906332936
907058868
908254718
909320226
908637271
908993596
907183609
906886657
909504279
908142163
904519361
902931496
900946960
906124343
900643846
904863083
902629472
902476656
901026271
901094910
899074319
905010954
900832030
899141736
903019570
899237980
900759286
902752043
898982001
900557516
898904952
898773753
897131178
898846080
894821936
896805410
896979029
896634860
894698046
894265476
894754210
894894133
897212337
897080718
896920991
894936269
894056067
896503781
894967024
896728716
893695066
889545534
891813140
891349832
887883198
889313439
893980451
891674567
889922379
887766713
893266581
891462125
893821714
891229003
891715046
889467890
891142560
893388007
887933125
889851079
887698978
885973839
885911848
883926930
885626675
883682753
885850332
884071590
881852701
881736145
887480935
883997945
883846468
883779759
881932902
885523116
885432503
883591083
885754161
887582022
878779207
877188029
880916473
881336972
881467708
879674229
879584550
881212554
878877430
881552658
879205012
877100367
876973762
878857964
879057750
877158918
878663922
879492453
877236819
880994186
874121821
876242333
874205863
875979001
874068033
874742171
875852089
875478701
874614695
874455787
875486458
875538999
874687551
874276479
873710678
875717614
876626815
876750682
874480168
873809768
873027175
870793474
873010847
871420576
869893420
869818665
873056268
870720099
871338296
871372307
872896589
869857282
872470563
872980662
870626615
871940659
872378217
873686502
871457690
872947150
841282637
869060351
840470831
843130552
869156920
841197085
843089602
869565002
841446521
840234428
869244461
843222723
840827362
840322453
840765648
840945920
869770038
869738648
869624988
841494058
838672600
837504788
838913754
839467448
839352221
838844676
837367771
838455218
839561045
837471121
837299338
837561903
837402717
839292701
837242141
839525113
837147869
839433759
839239011
838755874
834930210
836971181
836565068
836481656
835495062
835406035
835121688
837048124
836701097
836802989
836311439
835003255
835716593
835355126
835746156
835198536
835666337
835767665
836282499
835283016
832120546
832145386
832191864
833812119
832051173
832164688
833593446
833843106
833147495
833710028
833923955
831874398
832803973
833649413
833217329
831913949
831981103
833300978
832091391
834847613
831648002
831106006
830216249
828441471
830260274
831174392
831064127
830044278
829634975
831731583
828475837
829268079
829554052
831351177
830292756
831793780
831269878
830190650
830129102
831499011
827756697
826473058
827424256
827271148
827971029
826264022
828235145
828411260
826496784
826446137
828380918
827584884
827365967
826384220
828176766
828045191
826330913
828353570
827837509
826183816
824052649
825679055
825194685
824487115
824568945
825397306
824321072
823892339
825605528
823760942
826030684
825483044
826127612
825274618
825967936
824163795
824405325
825765863
824536002
824278204
822648417
821593666
821931437
820417169
821731787
820487585
822347761
822048089
820666918
823721325
821647901
822605696
823364371
821453036
820377314
820798121
822543443
821533148
823657195
820717247
820279422
796403793
794998350
793226857
791317422
791478550
793368346
796504527
795585750
795096042
796766555
795519608
792975174
791399605
793113424
796697088
795203184
791252276
796618258
795425637
789294544
789063351
790896947
789235086
790559348
786781521
787154322
789147787
787019624
791008679
790824468
786644869
786422621
785734658
785694413
788972834
791093929
786561443
787603304
787551384
781651116
781570580
781241128
779616470
785520238
782730560
784874683
781370479
781313705
785064967
783183937
785617195
785020935
783082273
783444549
783538176
784937170
781505530
785129409
783368836
773564768
779465248
776046015
777765776
777708140
779366673
774060846
773832447
772636670
771984900
775917851
779554797
775860349
777848746
773506969
772096882
773739945
772805737
774115518
772299489
765338784
767306826
768698139
771867778
771763665
767264381
763724957
771626325
771579131
770943041
770185694
768166744
770844384
765558089
763801509
768610904
765408231
763908333
763624868
763702496
759963353
760099717
760365103
761563871
761132983
761318492
760412389
761898661
762030495
760298389
759765917
760469059
761469674
761194564
760212670
761068266
759869340
762078352
760036819
760450087
756409833
756204333
759642633
758272074
757934643
758177527
758120506
759585878
757802554
758444768
757999740
759262320
759299735
757877516
757635447
756376235
758405148
758335959
757732248
756314974
750679763
745181594
752759205
756092726
754521912
746021242
754591144
752529167
750537683
750737685
754447442
754384951
750797293
754295369
745252447
750611669
752627657
752452624
752688267
744711866
737761143
737573811
743047001
739567657
743207447
744648183
741321427
739480648
743277196
741450534
742980639
735903638
737487062
739356423
743146871
741394620
737667508
741228863
737838069
739666978
735224110
735812171
733843068
733419929
735513983
732909778
733929719
731953259
731859807
733236589
732741742
735584986
735402046
735167683
732843274
732036032
731984189
732657913
735325951
733996733
731158294
730885987
729203047
731483445
731370587
729299695
729474071
731072081
730634868
729577522
731278866
729644075
729117675
731780273
729714864
730715209
731625620
731000306
731706261
730789714
727155270
723665994
728922175
727564298
727087555
727238190
728102896
727522182
728703926
728801403
728217544
727464085
725475810
728572866
725367806
728312781
728408165
729056312
727356879
727308573
719126829
719082931
721110851
719929738
723417242
721736689
720773703
719690791
720139383
721190582
720084961
720982201
721499361
723593174
720006800
721631441
721567296
719801829
719425319
719297983
718120238
717666572
711901342
713754574
715868757
718889192
717189602
717289666
718045202
717958460
715524136
712048641
711828085
718083306
713870646
711756170
717409337
713663454
717524510
713949561
707740586
708123410
707140361
710046539
705957036
707674157
708538554
707564098
707830584
707207388
710102645
708631615
705866429
708330699
710207981
706317745
706375937
708394348
708218662
705707097
698086862
700286925
704996638
703789610
698381858
701967742
705109558
704192843
700061110
705599834
696418169
704322229
703566539
698317513
702214984
703649473
698176562
705425779
705224393
700186143
693981589
693480915
692384113
691278852
691888015
696171635
696276575
693319796
691633202
689888271
689844933
689770819
693901424
694481457
692563418
692271455
691953833
691749648
691526406
693603097
687719571
687572838
688584815
689271052
687664653
689452238
689614556
686695216
687817923
689007574
687273584
687378458
686859339
687836710
687172082
688636991
689175785
689701594
687912377
687729268
683895884
681964374
680031199
685645198
679847099
679756271
685902569
682103882
685399139
685192257
681873944
680322394
685321395
679278035
685512454
679906822
685833877
680226570
685734456
686074433
677671116
678471079
678044581
678192700
678609892
676614164
678523163
677366443
674429424
677815501
676647289
676523234
675971195
674482844
677956500
677460410
675886843
678567628
678158744
675730987
667037552
672785055
671088711
670903919
669478167
670832814
667115963
674196656
674373440
672698567
672510133
669413776
670979567
669276710
672616443
669332723
674261025
669202998
667654773
667251328
666723952
665336411
665240763
665462907
661533013
665807234
662971558
664635906
665870983
665752463
659970748
665554256
664854942
664569767
663201653
666950449
664514959
663061898
665930449
661590825
658182148
653301400
656453864
652936538
652698293
655900542
655279327
658392205
659798890
653106705
656759380
659883801
656123050
653200749
652780938
656347866
652610949
655918841
652810706
653012046
649307273
647782553
649221990
650923501
652026163
650841307
650781070
652460065
650579872
649408623
647799953
647750920
647614668
652102624
650661541
647680838
651504960
651457799
651983950
651423264
642534402
640977867
643189957
640373883
644859116
644721497
646365350
646270831
642325413
641160104
640889238
646113985
641088204
644776376
644597482
642732779
642992952
641301332
642250445
642851801
639406535
639263021
639007028
636997838
635392152
637559053
639674764
637635064
635599286
635970018
639485367
639577302
637727581
639192808
639749767
637424953
636871725
637773376
636109624
636037842
629303194
630570633
630423759
628958652
629252069
630671842
629108690
630935218
629152187
630773874
630061902
630258562
628889794
629211773
629029735
628725865
633904480
632195665
634024001
630133994
627240904
625960428
625934253
627132125
626673371
628705787
626426292
626367175
627395299
628540119
627329301
626470044
627523531
625824592
625776682
625898949
626890541
626592763
625867864
627471792
624382500
623827407
623613024
622945910
624425282
625553144
624462384
623936345
624904910
622630003
625469103
622906430
625624912
624037459
624135417
622995907
625384794
622862034
622454338
622293923
622191662
621209798
620872516
620594618
619810109
621534423
606062284
621027150
621379568
621275634
620512288
620757250
619631901
621092208
619529734
618020636
622054433
621459887
619212078
618937536
604957709
605446111
604712640
605511623
603798381
602249362
601984141
602189499
603157960
599512501
605121261
600652291
604882860
604622001
602984207
600771183
603623138
603435606
602303735
603042936
597478298
594647055
597963275
596304379
596521442
596374803
594134781
595449578
597835249
595880616
594849292
597720633
596173488
593957242
594710120
597578503
594012178
598014535
592971366
597187716
590374870
589011727
588770378
583452788
592912825
585648486
586890422
585445938
583379225
585280903
586154669
586043434
590351311
585873473
591673774
587402992
584111876
587535590
583969150
584061788
579005102
574198752
582028323
579177214
575757437
583305994
582215147
580603781
580510825
574685549
579053223
576082264
573960890
573785946
580451162
575474811
575372935
583270461
577869965
575949225
569695541
570952584
569723664
569655778
571108299
572296897
573518094
569792020
570385514
570491708
572860403
569758858
569608976
572219249
572060553
571889054
570810983
569830196
572819108
569528549
564079996
565534529
563123473
563974313
565213999
569296512
563794556
564878354
569235658
563900964
562416900
564034727
569481880
565352689
568237588
562530956
563452288
561886083
560995672
565144873
555703110
557034549
554191530
552686797
553603822
547977613
553671705
548041490
559643816
549559231
558353672
550984897
560841363
547854618
552276037
552197016
552117874
560898185
549644012
555321619
545615286
541144360
547148420
547082687
547326950
546067150
545965803
541963142
545550479
541914512
541084274
541044713
540689191
547225104
546984903
545922773
546638156
545845643
546645537
545719885
524861689
538676506
537289915
520940683
520437664
517413793
538550122
531264739
526411366
514121214
539919322
531367658
526466703
538629231
531189138
529451710
521776641
539821217
523118152
519377866
498592429
500004603
500057364
505539091
510316221
508522217
512836410
498537901
513630340
511947189
501375820
510207783
508637888
512891792
505868335
501471970
496922918
499972472
510121094
508683392
491618117
495528972
496313163
496759625
483926736
495592219
485269916
489760329
493334632
485636220
491701151
489950367
492961312
488456403
491422295
489938178
491810166
491933600
486939748
493178876
472431880
483858213
474255970
478467457
477098086
475672994
482180806
474160586
472998667
475085897
472876566
474313778
482077833
472571324
474521927
472864659
472945599
481054852
473036665
473540694
465147291
464973470
467659246
466025022
466101820
470197214
471373079
470107577
467609709
464874310
467524979
465962379
464782308
470232890
470020739
471289900
468923085
468814309
465781502
467572120
461851099
460557696
464667905
461984674
464358514
464451365
463425521
458929595
463558698
460600802
462934874
459225294
463520419
459083321
464195602
463169876
462983413
464494210
464597390
462883266
458299831
458782489
456483567
458068485
455095567
454761611
454951391
458196278
456135194
458124046
456722904
456208319
457924922
456659328
455814155
457856712
457555472
455061866
458240518
454893289
453137463
454249678
451898525
453484377
453422334
454091918
453360315
454689148
453509868
454439817
453240303
453032264
452789746
452731478
453456631
454357181
453296638
451848739
453197289
452861080
451182896
450467837
448589588
450992200
449998495
449954295
449932287
450246610
449822865
450414667
451812158
451340733
450369057
450147023
449738169
449562554
448376500
450194978
451492006
450064312
446944103
445662422
447494108
446853552
446776555
448210539
445322538
447564852
447142127
445124223
447304121
445709331
445423381
447008561
446626922
445626445
445388036
448278881
445792502
444411620
443774379
442578422
442299757
444269530
442765238
444008278
444189649
443491860
442707306
442253116
441958038
441153791
440923164
442354322
440632061
441912054
442652254
442443223
440657022
444125202
437304204
440250877
437485686
437226032
438389728
437378519
437148484
438326091
439987251
439005348
440043258
440204391
440314389
440299435
440151946
439105273
438439365
438148575
437099985
438953146
437061124
434344164
436248531
435471978
435986046
436100655
435407277
434397475
434185684
435706029
434105224
434518203
436182484
434256049
435771238
433921139
435835439
436219779
435602679
436950609
432428457
432488826
431850202
432553738
430993974
433319013
431042716
433384780
432602837
432661203
432300462
433813378
431992474
432088591
432195429
431099854
433439502
432719319
431901974
433728422
426693765
428271239
426822615
429681234
424397649
429622648
428155480
426875571
424665726
423451199
428341681
425361510
423386464
423302614
428214075
430942320
423248033
424743049
423169405
423111583
421108810
419290344
422947249
419162702
419147983
418009714
417868038
416972449
422845794
421045764
421168172
422585877
422010976
419220136
421254797
423053539
422495882
422689514
420973767
422771815
413274079
413149293
412972085
414359981
416967683
414817312
414737548
414194490
413204236
413525633
413479459
415815759
414234153
412796004
413564938
416877144
414481725
414473708
416934609
413315291
412148361
409425316
409628063
409581495
408705913
407522437
412167343
412045498
407578332
410849906
408744515
406592142
410676619
412093015
409789032
410753431
409750201
409632598
407697901
410701088
404657693
403848120
404560849
404612008
403797673
406151852
406479194
405067428
405992613
405020098
403768251
405418919
406054413
406212928
406349219
404001246
406571040
406273323
404088471
405145274
402795576
398189475
399380521
401662314
400552012
396829829
402730544
397998051
400604877
396400984
397802568
396633596
399480869
396176191
402844528
401789254
396524498
401846263
400519424
396123244
395318966
395419985
395552663
395168597
394269494
394746166
394202389
395627183
391699623
391567827
395657685
394948331
390258269
394642433
391644837
394808746
392817460
394075768
392877064
393946346
385394059
386989912
387077019
386580327
385280019
387147339
386534233
386337715
386231649
388277397
388162454
385327980
386693684
388828876
386866134
388577904
386283128
388903208
387515434
385375981
380119700
383611115
380176230
384736673
383571268
378881986
381119692
378948820
383514652
383478267
381186381
383496397
382329912
382266730
380059015
384932607
381310462
381324986
385036295
381244646
376912117
377095434
378615954
377786216
377771696
377242173
376969951
377671429
377145006
377573250
377562734
377737611
378660159
377620039
377342222
377405141
378787291
378560459
378837162
377475493
374969472
374821402
373779173
376800596
372590293
371378395
376358627
375010254
372610200
376819160
376291560
373740472
374872643
371426836
372539569
373636655
372501292
371481868
374919091
376883184
368993291
368958728
369990440
370104910
370276256
369509848
369431032
371313068
370053139
370061315
368804586
368569926
368577933
368908427
368865731
369803040
369886885
368693964
368998831
368759147
366737329
368080721
368308979
366308801
368448045
367545438
367222100
368401964
367339858
368247273
366941726
367289721
368133097
367573978
368181436
367447158
367050434
366998224
367504430
366889923
363870042
360810992
366251431
366282280
363696997
362551059
361131890
360067377
361403589
360062603
359971432
362708698
359784238
360973902
365935464
364586524
361498776
359922753
361447611
366214341
354931583
359187775
359494491
359224409
356301433
355071821
353650146
358721114
359426836
358633321
358298881
357227746
356117718
354982690
359254584
357354024
353723421
355153024
359315214
357414831
349947388
350523953
352372224
349612695
352051596
350001079
352027324
351136673
350704228
351454903
349500665
349880566
350576484
350971747
350052688
349724737
349983510
352473504
349419816
350464891
346281779
349307676
347328594
347053889
346901800
349211334
347425676
349343547
348360655
348137668
347269608
347210040
346505604
348277825
346340098
348039248
348582337
347675337
347121276
346463201
343769421
344764057
345436285
344632304
343896620
344916482
346215337
346029521
345108381
343692973
344169543
344690016
345459671
346157916
346082617
345013624
344802667
343600420
344219145
343838174
341027345
340160768
341983763
341914087
342121159
340722049
341367560
342732353
342672137
343429325
341314572
342505250
342406928
341505943
340887442
342814530
341173606
342022891
342612980
342307579
328360183
326193113
329601911
325901640
324709951
330718780
324742996
325776932
339832960
330579193
339632223
339579682
329612145
327368530
325313654
330466932
339896382
330331138
330691295
330633371
322503156
322415550
323401276
318934448
323499557
322542950
321464615
318185852
323569752
318895072
322454207
318319600
318821472
318889003
320307264
324132182
318274920
318122893
322327416
319403346
317639241
316958836
315690283
315479228
313352455
317440828
314451308
312403138
317775284
316858709
317405050
315577997
316909904
317880818
317573373
313441727
313420213
314384111
312492971
312448189
310895830
311355399
311088725
310796192
309590886
309724934
307491533
305614726
310978851
307533155
309652986
310300225
304606678
310745387
309818805
305528112
308793626
304667182
309447160
306502383
300650898
303210559
300705344
300834191
301045698
300752500
298331920
301010627
299349566
300791429
298463171
300811311
301302893
301146940
299440581
299404002
301099824
298382669
297462982
297393496
291557177
293838182
294888514
294779286
296470704
296304806
293549382
290450256
290227471
292930921
297281560
293894857
293445552
292955520
294979914
291456380
290367355
295196677
292551594
292846309
286354400
285074528
284534101
284752660
281256061
280084125
287927033
286473441
281324764
289161434
280208155
286611438
286529366
281187998
282291013
289108218
284445563
284612522
287979307
285182998
278963527
278811555
277287124
279037648
276596370
277332057
278875551
276556906
280060924
276798791
277756187
276321756
278558822
277607484
276633419
277935312
277690497
277461431
276693706
277992021
275178800
275375853
274100792
275529989
275570328
275153804
274555121
275649277
274468354
275093479
274421542
274121481
275103559
275337091
274501627
275227363
274180431
274243956
276145003
275424479
270635581
272027997
270439836
271653019
271580001
270753815
273282715
272612524
273052254
274019810
271539881
272988196
273968464
269689638
272868332
272811410
273105472
270691944
272917309
272851012
268196323
268625173
269391120
269459419
267060418
268132900
266553805
267383332
269161506
267444232
268078351
267175836
267302828
268342824
266982659
268395221
269544599
268553902
267101721
266947464
264917753
264986215
264513166
265631184
265686617
265521368
265119562
265457994
264544283
265395357
264977722
264290915
266252840
265244228
266358714
265055314
266348033
265175105
265658790
265288594
259246858
261861364
261005120
262224997
264274579
260726912
260232699
259144769
259032821
258715982
263108781
262878675
262266078
263878091
263165691
261049955
263838612
263006841
261776906
260242693
254894671
255895034
254999588
255637025
257753387
257917215
256614040
258154952
255684880
254749356
254366907
258704758
257853955
256014515
255563346
255030665
254818970
254860480
256744933
257164349
252836903
251883854
251051368
251005986
253961044
252424936
248646934
252919923
252388197
254036053
250538091
252780596
248757524
252727415
249609116
250922101
248879387
251797360
249641395
253997610
234881129
231812444
231725643
235606637
232994363
233351674
234094036
236094423
236039645
234151939
235330203
233412403
236278805
232634803
236515564
235556743
231763969
235740772
235664091
231451823
230257121
227908212
230796370
224768788
225502471
230967664
229418499
230660001
227108437
226332899
225599705
227878855
228624042
226410181
228660765
230630455
229377700
225410253
226236478
231048843
224023157
224745645
218592383
217106944
224125320
224139164
217897463
217857276
222508799
223323751
216429158
215627348
221758011
214737991
221034820
214834239
217146297
223973729
216399727
220929795
209920679
213908802
207128050
212249162
206702388
213891213
213979044
208763896
206731066
207802297
206524173
205767700
212331497
208684437
211464118
210701001
207416827
207193420
213038175
214373384
199401335
199699822
198709451
199665454
199494022
201103330
198386315
200439115
201144875
204189427
204288295
199531643
201971165
198622923
205053779
198582129
198547885
198564244
204223294
198672064
192389818
198370347
198039945
196073220
196016626
196668455
196708440
194169248
192930426
195383752
194126346
198347714
192898322
192887713
192957800
193252134
193818072
193778439
197349797
194814203
187906047
190957718
189749239
187831639
188648614
192241114
188960605
191444185
191042294
188161633
190337790
191426353
187971760
191612348
189665928
190975331
188859011
192316597
189780857
188810846
171411517
173834206
179071029
175256289
167007296
187356956
184866320
186468935
185395280
180403323
175860005
182284169
183285607
175186893
170741991
168634125
184147892
179751840
172940947
176567772
165560222
166710485
161772376
163869921
163438178
154134811
162673040
163176499
163398117
162022555
155046026
154773692
165498977
154667691
153361658
163508790
163199182
164786785
155007546
165250051
153116562
145114108
150401242
144758781
151308828
153080662
152404681
152795717
148802025
146839897
148098678
148813725
147535785
146719840
146120814
145940748
150480486
144813816
153287665
147400562
142941259
139906765
143151350
141469776
142121278
143214048
139738125
143276431
140779702
140450675
140457438
141522818
143245215
140572549
139762496
143448350
142794229
143321852
140700220
143542825
135924068
139078420
139062367
139033974
137493110
135007470
134087775
134043861
134717877
134866226
138260171
138294864
134624495
136589771
136652689
135758107
135812264
135880738
139448618
139420914
131850894
130929546
129251020
133449457
126927417
133491112
130161136
131041306
126890907
133254062
133997945
128337726
133335810
130224455
130992746
128112849
127540395
133220813
131927547
133370841
119220193
118336730
118940031
119238899
124483856
119748551
119581718
119149899
119563476
126270649
118877169
122807258
118381801
122842103
123406637
119267200
119787510
118888731
125335434
118974033
114547974
114522487
115615967
116055616
116878213
112589156
117576694
116809014
115668884
115626735
114965166
113329779
113373478
111734709
110961653
110884580
115929426
112529270
110058599
116109525
103768130
105523599
108136520
104845607
108836189
109866511
108914949
108091834
105638607
109773650
108812496
108465092
108053194
107999466
108531537
104148671
104088614
103702367
106309173
107064898
101719618
99172364
98980048
102788192
103278390
101063364
99849900
103086759
98778551
103671216
103381781
102896296
103426805
102965985
99182817
98750521
103041483
100426040
100395762
99825834
95321475
96673446
98098292
97934351
97405387
97570907
97535990
97908234
98665287
96037667
98207274
98696339
95982342
94765745
98150246
98083525
94065873
98644765
98359657
97460061
87725367
93850319
87426585
94027288
93859350
88412052
87269014
88438664
87058202
87161470
93948866
93730918
87084118
87916324
93990336
87125441
93270037
93766815
87350851
86816070
86610008
83950870
84369825
85256836
85190147
84628536
84098856
86102947
83607927
83763808
85524074
85506350
83982682
86667431
85187583
84547342
84520778
83995099
85228329
83967307
83085094
82770724
83235798
82385773
82355470
82338948
83194545
82369021
83246612
83211491
83579584
83135900
83101708
82425978
83225471
83161502
83118540
83264241
83255362
83592444
81987120
81874336
82078203
82207088
82003516
82026604
81456191
81309951
80863649
81433556
81969547
82296758
82280180
82043519
81910643
81897498
82319518
82261514
81482568
81883116
76596959
78266967
73900315
73447980
74398115
65725149
65302871
75670142
78830293
79027287
77658817
76107730
66824094
80838228
80311000
80251886
79617081
78666986
79640698
78818173
59316841
59368075
57926024
64393541
63140079
58499359
58938255
62276791
58897274
58921725
58484036
57894307
62714714
62704843
58519746
58458282
64411700
64194006
60687063
57910898
57361824
57025575
57424904
57009420
57536889
57598064
57052284
57489725
57612883
57578260
56572909
56548406
57451183
56531053
57068910
57627626
57327646
57113425
57099027
57084710
55527752
56449551
54003544
53281011
55990736
52940201
54683051
56512273
56384021
54194948
54736900
56496703
54242105
54171408
53739768
54024977
56411126
54774674
55504462
56503065
51820715
46816689
49546327
46855666
46500487
51472253
50434141
50190831
46272870
46259584
49478459
46840375
49299582
46647527
51492345
52886811
49276360
46549680
46621208
52589577
45943157
45664859
45060371
46244520
45639712
45712721
45366462
44889510
44709594
45613252
45406946
45574365
45106196
45437953
45148370
45626405
45931041
45084322
46198691
45418586
44495628
42007986
42771895
44184683
42709346
43113013
43161408
42246263
44385534
43960132
44467397
42485528
41982568
44366056
43712165
43447340
42831647
42809617
44662138
43935108
40924820
41527221
40863093
40564890
40942020
41156028
40577601
41208530
40604084
40972603
40713883
41168648
40692774
41508951
40896170
41242673
40680418
40998236
40847787
41732508
39148018
39918058
40181848
38542708
40159988
39456564
39931448
39439215
39670814
39656347
39397356
39136252
39127354
38521332
40413166
40202694
40447235
39019734
40425172
38315461
