1187867604
1187719365
1187617662
1183708113
1183634872
1181027992
1176786284
1172909434
1172837582
1170419477
1169812026
1167647867
1167578391
1167549887
1165519169
1165186981
1163112107
1161053615
1159138453
1159059438
1151951087
1149528901
1147663790
1147552009
1147472400
1147356244
1147269545
1145034100
1142762476
1142650882
1140653271
1140618087
1135979321
1135090037
1134940213
1133398619
1133330835
1133242348
1133154347
1133031484
1132890033
1128340281
1128201468
1115802916
1115701598
1113209115
1110993473
1110630314
1110571315
1109546225
1107593869
1107533021
1107295911
1106969981
1102099382
1101989374
1097553188
1097485689
1095452707
1093684270
1093619903
1093539513
1086829813
1084836768
1082739592
1082663003
1082562176
1080890623
1080833996
1080748915
1080656760
1078999884
1078939868
1077024817
1076875982
1076818523
1076692543
1076596755
1074600977
1074560467
1074448678
1074291776
1071731741
1071663902
1069702498
1069648347
1069588937
1069485772
1069386030
1067359521
1067295244
1059339892
1058991663
1052027187
1051914112
1051737688
1050039788
1049934256
1049855564
1049787127
