1170419477
1197518177
1183708113
1187867604
1187617662
1199834097
1187719365
1167647867
1199969990
1176786284
1183634872
1200202708
1197695088
1202724284
1172837582
1169812026
1197757520
1197424848
1172909434
1181027992
1167578391
1165519169
1159059438
1147269545
1145034100
1142762476
1140618087
1159138453
1161053615
1151951087
1140653271
1142650882
1165186981
1149528901
1147356244
1167549887
1147552009
1147472400
1147663790
1163112107
1133398619
1128201468
1115701598
1110630314
1109546225
1107593869
1113209115
1110993473
1135090037
1133330835
1134940213
1115802916
1135979321
1133154347
1110571315
1132890033
1128340281
1107533021
1133031484
1133242348
1082562176
1082739592
1080656760
1102099382
1086829813
1084836768
1082663003
1080890623
1107295911
1106969981
1097485689
1093619903
1093539513
1080833996
1080748915
1095452707
1093684270
1097553188
1101989374
1078999884
1069588937
1074560467
1076692543
1069648347
1067359521
1069485772
1078939868
1071731741
1071663902
1074282240
1074448678
1074291776
1069702498
1077024817
1074402427
1076818523
1074600977
1076596755
1069386030
1076875982
1052002598
1040604108
1049787127
1059339892
1058991663
1052027187
1050039788
1049855564
1047935750
1049934256
1040464213
1040386181
1049689180
1047867024
1040529708
1067295244
1038079522
1047744158
1051914112
1051737688
997496824
968326141
1035758930
1017563307
1010619201
997993742
997624714
997112743
1038006215
1010537471
997024718
1017615018
997946755
1023243259
1032160789
1002220040
1036012989
1032219338
1037934293
1035912375
872758667
879017446
874480168
884133531
922369146
924991059
890260158
923806103
882270987
882003288
881750461
878917540
884325573
874614695
881924117
879425908
879527435
874455787
873019075
882231608
850127580
855660245
854471068
854414826
851536410
869852354
850280359
871232706
859617968
856459581
856423850
851713082
850194649
852188242
849936868
849793909
846385039
854526971
845161101
852099295
836957061
838762539
841574702
829477491
829123931
829076753
840834796
838485019
842453304
840768709
842541023
829377816
838357745
829016647
828341637
828327877
840926387
837034676
841435159
842378002
806428961
805747533
806483310
806967369
807594339
805232582
801612391
824440280
807629544
805623320
806594151
807060320
805686952
828231261
805787112
806524245
828308614
828184499
824510671
827423020
792815400
795672455
801457447
793273384
793216954
791437984
801319957
798466484
799438356
792625456
798892319
792924223
801390151
791592430
791532029
791413191
789807223
793081097
793009831
792540613
778228728
782684003
779144902
779063557
781450995
778147814
777997828
778933536
781598014
778913043
781267294
778190887
789787090
783794597
781523493
778029143
779572697
778151501
778075361
781358349
769952966
777841578
771711101
772126001
770822139
770878342
770000119
776452475
776480239
776466809
771685450
772244868
769941391
777707071
777652942
770646498
770624881
769976130
771880709
770918054
760412389
737480900
760365103
737643851
735653245
741632432
735550024
769915527
760298389
737832037
760266193
737579995
735735534
738823152
769893033
768209600
736011457
768232360
735979461
760282036
733345631
731827202
731509704
731815631
731948119
731896624
731857764
729067228
731906231
731875438
732693469
731448937
731023297
732741713
729174495
731715689
730849717
732652565
731606117
730453725
721381031
717260365
728221205
721471040
721979216
713793401
728260880
713691340
718084499
721901581
721610763
721292927
717911843
728964583
728666035
715896226
713454978
713556230
713410076
717856192
707964300
698691603
693518639
693548479
698573128
709851538
709382104
698618313
691985856
708040602
698410263
709284722
708122261
693316277
697504379
709761522
698503365
712960555
709674739
713315412
682435901
680213209
691324344
680160253
679630911
679560536
691217398
680065211
679459470
687016213
690847258
686860937
686925349
689828306
690972574
687475333
691885415
691771834
686810024
689767627
671894366
668051589
666996761
676622178
676415708
674612718
678331857
678146933
667953833
671306650
678219595
674666248
667831906
668014397
678067062
667882864
667086147
671938717
676318808
677817285
597891956
620588828
665023275
620882903
608287000
621055361
665134811
622902512
665608578
622858116
621278264
619245876
615934543
619163675
620487792
608127190
665238826
654249316
608278686
618965903
597535817
587486252
597413230
576346426
597811571
597777329
587036332
595960952
595780886
595686850
587426433
595624329
587154530
587342734
587102730
595792407
594451586
587719127
576400628
597703848
576293294
569378530
573470344
575575699
571130647
574326954
573782526
569316360
575651947
574257571
573561925
575728126
573848301
569243723
574399572
563152209
563295283
563810449
563732408
563654425
559750710
557951347
558390021
542118534
558255247
557897911
563085493
560453377
542005335
542075349
562397610
558286906
558339357
557028016
557080403
562446512
560502859
542171431
560536668
560410156
537671854
537110075
541057021
540143503
540172420
537655279
537192636
537257423
540959377
540117003
540894320
541276194
541216408
541480260
541447196
541141621
539951161
540836702
537624707
541404585
533072883
526617346
536899494
536269951
536200208
533769545
531364117
529495156
529070040
533106491
535641108
529714141
529609543
529178613
537026657
531471154
533151608
536136059
536957367
536301910
525077138
517577339
526014428
517471589
518626860
525145263
516993097
520956213
516835880
520938703
526531623
518818640
518702041
517406272
524957424
526283488
524897261
520988614
520663567
520623579
506303965
506227125
508149671
512431847
508336932
506444256
508066631
506561631
508255741
506369628
516756879
506336696
515800875
507200791
506267797
512619862
512190195
507238433
515753430
506404880
501686929
501985306
501739397
505811256
493944642
505297878
494604606
493976073
493900628
506172273
497323409
497252849
496899625
496738778
492922292
498910001
505827874
498939634
499454119
496824280
487227017
486681568
485250046
488038864
492025620
485181922
484250310
492894445
488670907
485327426
492084023
487987668
492133943
484149611
492851131
481011204
487200578
487137613
487096055
489838804
480940134
463480463
458187696
472281579
463312164
464270297
470832219
465827815
480869948
470879701
464376154
470904575
472229211
464906059
463252659
462171025
465200191
470813205
457637250
458161282
453029952
452938177
446014628
456147757
452971456
456254675
445947428
453394723
450514303
454958804
454813067
453439870
448708658
451289163
448687837
445990438
455019327
457582264
453364539
453103540
442803411
445757437
442470497
443820891
442312590
442251293
445625285
445578448
442209087
445331124
443858681
445195008
445486670
445115917
442382898
442731339
445814324
442832665
442678110
445262266
437141960
440991051
437470770
437438887
436235262
437260152
440875701
438631719
441216564
438436735
441879750
437353978
441206347
437585816
437632890
441255136
441063108
438535916
437553255
437197574
396355233
434511304
422455475
432735808
422546110
435849352
422353530
435776638
435362174
422653674
406742354
436206796
405226950
405271831
435654540
433956712
390673187
390587160
436150205
435551737
389274297
387184782
385374160
388538818
386583787
389198280
390557778
385203497
389252623
386525252
390530167
385402287
389226424
388746211
389168821
388643046
383440428
388697243
389294453
388593617
355306676
360728403
361579015
378877075
370429581
370420013
361613543
354036194
353573058
378814184
359649874
363926316
378923782
370392430
363919950
361346490
361430356
361109931
361414869
359382175
350987558
334127793
343670271
334388788
352412513
342293959
327155023
327299941
333991505
351024221
343732176
325673385
343571706
327255416
336979719
350971396
343508205
343488958
350889758
334058540
318072865
318120612
318009912
317973495
317531997
316288049
319597073
315226717
317579574
313162460
319639802
313280688
320455258
320526394
325612385
313111154
325542635
316336510
320481010
319623768
311524089
295188411
312540264
303103552
293780679
293709597
293074993
295574803
311439852
311386164
295288106
290560144
295340389
295246346
289160420
300502450
297361049
293101863
289387853
295558237
288322337
287186845
274114604
272033143
267455410
268496424
272056177
288360397
269626948
274168452
273403749
287781753
275725589
269555286
287721763
285935398
275685152
270810827
288338559
289113201
260191842
263566032
258391115
258923050
260152595
263531692
258882620
265518245
267410640
263537628
263191223
258931419
265472972
264182777
263127580
267354353
264228992
265570754
265297616
265430204
253712524
252984786
253864064
255851849
251721114
253020373
258122611
257325581
258242674
257351775
253836664
256085814
253561888
255960927
258058521
255920689
253627970
257303359
251139563
258009847
245454438
247832383
249267384
245723540
250801828
248162017
243631953
249718271
248283453
248196040
250653621
248845008
246484294
247867689
245504264
248799132
246538795
249236718
249291531
246555455
237240590
232631434
231616230
230032648
240638311
242251078
240202925
231888442
240392152
231713644
240234069
239414538
232669568
239453700
240422721
231651145
236583292
240272152
242286981
237524443
215486208
213749602
230005288
229898030
229213540
229292063
215754703
215720312
214436079
229185594
214549657
227980681
214431870
215276625
213648700
229235436
213794362
213603110
224020237
213716508
205838634
203469202
208721676
203434397
209274333
207898229
207506370
206437717
208025947
210081660
207791156
210045793
207086770
209298314
207985459
207955633
207996252
212399907
207049086
210010868
200604021
197611149
198838641
197594426
200257829
200629552
198140460
199552123
201037922
202095973
200992413
200571018
199207408
200957244
200291146
198900355
197190301
200351808
199523554
201746155
195496048
193911322
192180568
191487039
191525904
193121219
192960785
194203102
194019763
193176275
189838833
193034346
188976517
188830584
191801660
193262776
189015513
193204633
191830440
195469001
186567498
186378310
186626523
188698167
188319192
184278432
186631594
184218242
188786006
187588466
186338186
186494418
186309697
188753348
187560313
188256735
186531125
186600778
184241919
184011460
183584462
183344829
183328457
182602281
182503889
182646666
182296380
182360470
179822960
183299898
182273981
179749326
183550025
182329610
179622933
183528654
182523352
181700949
179799559
181257912
174720131
173330421
173075362
173029538
172984287
175926582
175890965
175334833
173343052
176069082
174657160
175965337
173232512
178339093
175989304
176524111
178349898
176547305
175194873
175160798
167960550
171332918
168827442
169427142
167682745
169296289
167243095
169395687
170890953
171284975
169344648
169278961
170911079
170936847
167822511
171160207
172141240
168005169
172113779
166837374
163465684
166742614
164744417
165712471
164039024
163443282
162488506
163480871
164083487
162643855
166268615
165732468
166234349
162563811
163414670
162530683
164680845
164713886
162455059
166765064
160272182
155736786
160239725
160883174
161805342
161530884
160727061
157755934
155703201
154638496
154305481
156662368
155785089
160652710
155953175
160696545
156630142
160599006
156878767
155913035
153453437
147297777
150623025
147883170
150579215
148105728
148075140
151389664
151358305
151427398
153528951
150645181
147434506
153481254
147340914
152558951
148632426
147593119
147565707
148597752
146704269
141683656
146669057
146504440
142738706
146622293
141969283
141338353
140953923
142045167
140935708
140001023
139766489
139689417
146483987
142015366
147264239
140704272
141948533
147227322
132362614
135881400
135114165
132404085
133601379
138530746
135008600
136860648
136855538
133724420
132494390
136890995
138554752
138902480
135045031
133655184
138944338
138502737
132445220
135837164
131239080
130980313
129906000
129132249
125871810
128985714
128222885
131222040
129046694
125080530
131759639
131705987
130033815
124752102
131647161
130928039
128167235
125143778
125194184
129096124
109855923
123050094
116782387
123021088
122795028
115230386
124361391
124324023
114231504
113248848
117026436
113593753
114102181
122731433
123071660
113931649
109336513
124405523
121620773
109361333
109296001
106160690
97683485
98186351
98154552
95485874
101226674
95413765
101792692
104104215
95388596
98533764
109186920
106255868
95453663
97354296
109268624
98551946
95378146
106122160
93201576
88802251
92532828
90564396
94045626
93255464
88830190
88854011
93969980
89417106
89281865
89575545
94072791
88712704
94013293
90587061
88752988
93275127
93230740
89430431
87249790
86872757
83591321
83575830
83730803
87213824
88684475
83605018
85979074
87509384
84456101
88657746
84472658
83753152
82805951
82444766
83772188
82546165
85985115
85105209
81533765
80399576
79444851
81942142
80385985
81197350
79476504
81926707
82417223
81587279
81558116
81624139
81636015
78753466
81573456
79611619
79577621
82429793
81611913
81599822
76537486
78740668
76966875
76557525
78292323
78277457
75556474
73073915
75408355
75151125
78466618
77235652
75753228
74832466
78245808
74042550
72973599
75740415
78476764
72001131
64432425
71800587
64407472
71429470
71433792
64651230
69039641
65366662
64819715
64391870
64664332
70055734
71839630
69054922
71383832
67961771
65727265
65694755
69084713
67998002
60630512
61426854
64125889
63652132
61208000
61193955
62787987
60614413
61441731
64083969
61474713
64218853
64152583
63885087
63857438
63640455
63909078
62409939
64363071
61459047
57923880
60352524
58315534
58122026
58584302
60600947
58059093
60563415
58822342
60364204
58809068
60374764
58327818
58100630
58573591
60587696
57940203
60575063
60384475
57908168
56563418
57529811
57668840
56441884
56431249
57864160
57544986
57372162
57344691
57879234
57359256
56843747
56515704
56858434
56538111
56413268
57849981
57417839
57893646
57386080
54264825
54362302
54684467
54613395
54538889
56376232
56298103
56318289
54298531
56308201
55235023
54592702
56360741
56279640
56329027
54706595
56340068
56288886
54636203
54565454
54020584
52556429
53773995
53367045
54037404
53800546
54115576
53330577
54075968
52921168
52574758
54060146
54008637
54222885
53655815
54199135
54202615
52593517
53344246
53675320
48659352
49674348
49174465
49347236
51288320
51006736
50794592
49964553
50465223
52517380
51682319
49658184
49497676
48834502
49553205
48847753
51829844
49571117
51798747
51845402
46939861
46531404
45751555
45481373
45422565
46267235
48344553
46905966
45378529
45474192
45368853
45852870
45409428
45195888
45180347
45099046
45673293
48371758
47325889
45392666
44512171
43695026
44440384
43524255
44540625
43922635
43907582
43677789
43533471
44549846
44852625
43511217
43430512
43761560
44836770
43281334
43273987
44530853
44766924
43727282
43259625
42168700
42182712
42046446
42053243
41919857
41721264
42438841
42293083
41505652
41512722
42303177
41799830
41700319
41787177
41690320
41523763
41557037
41968283
42297025
41077816
40442981
40920038
41341119
41345912
41242479
41232328
40887141
40472559
40240744
40233657
40243962
41474996
40483197
40476885
41359485
41331168
41297800
40899334
41214493
39752910
39372280
39637190
39740314
39653752
39618621
39735649
39695984
39626985
39467004
39449569
39383911
40016414
40010880
39916173
39928399
39728160
40171508
40157908
39664488
38544023
38733198
38369265
38533248
38028826
38608340
38364123
38282055
38332638
38105258
38616235
38001959
38559117
38373977
38858814
38507649
39357485
38521037
38321750
38017727
37827839
37818800
37806995
37977959
37774835
36529994
37962927
37961227
37834759
36718529
37508368
37525353
36978581
37206140
36558861
36545146
36850349
37221106
37785946
37988491
33881808
33396187
32903200
33191436
33871253
36519590
33147417
36469550
33081730
33089812
33321849
33122837
32943107
33198460
33134790
33389024
32935400
33853480
33183971
33118216
32199185
32115512
32561789
31729376
31505854
31733815
32155165
32488982
32607384
32166532
31745194
32896441
32478375
32552196
32837562
31681076
31852641
32125146
32143599
31512222
30568362
31171145
30939895
31204976
31408607
31254940
31418883
31022083
31040651
31280481
31148348
31286317
31047929
30574395
31429338
31395100
31157510
30950999
30466084
31242024
30442975
30318637
28458659
30310094
28444556
29661142
28718863
30017706
29649270
29656439
28711874
30010444
29844751
28888131
29666591
29377542
29428989
28436356
30224917
29385006
27039037
26842042
28299996
28056808
27412671
26807947
28222691
28127010
28068676
27059508
27015200
28314603
27735059
27707407
27118154
27422498
28134909
28236897
28427552
27049961
23978950
26798375
25118022
24109640
23971079
25270775
24665000
25060076
26204727
25112465
24444806
25054314
25258663
26214320
25460299
26510252
25627759
26688969
25287349
24671501
23622780
23084347
23628489
23367441
23327230
21733589
23619069
23791250
21728423
23783248
23297072
23614530
23069724
22209820
23904633
23959736
21409947
23093903
22200631
23359726
20594218
19284316
20283781
19424213
21061334
20292023
20883534
18811628
20892021
20608966
21399288
20275598
19298633
20923262
19317144
21075429
20745606
20599872
19322209
21404534
11131170
16599081
17006657
7532540
7227967
16129919
16125988
9545172
16590473
9292394
16134615
8829786
7979490
7876487
7128684
16127781
16137322
7367341
7985122
15753569
6319829
5881756
6879393
6876407
6176636
5814029
5810150
5613365
5601920
5407461
5404232
5390408
5606952
6718922
5889098
5893017
5791295
6075986
6892031
6717022
2802186
4483434
3551637
3919538
4480724
2354253
4478441
5102013
4030511
4165276
5250434
4613975
4477649
3966308
3958795
3778362
2662500
2356417
2656915
4926278
2108795
2111655
1636736
1515995
2343963
2283251
2183920
2123910
1972887
1970489
1621050
2127948
2111140
2112229
1629113
1456874
1397884
1874894
1634876
1393604
