1199869869
1192826556
1191016874
1190623989
1196872047
1196995079
1192877994
1197695088
1190817483
1196805837
1195436042
1193057212
1197588855
1195167066
1197757520
1190711448
1190208701
1196926349
1190091877
1195241843
1187719365
1188479388
1186437079
1185834558
1186386944
1183174071
1186480373
1181445158
1188828517
1185575280
1186299449
1185738329
1187868586
1187617662
1181329824
1186560180
1181404446
1186521718
1183320236
1188871644
1181268422
1179019949
1171958789
1175046784
1179239546
1175103608
1174907700
1172864509
1172072732
1174809717
1177129921
1172449962
1180851675
1178912918
1174588414
1172351821
1174691810
1179120251
1177042082
1169974456
1165426422
1164967297
1167361149
1160945292
1167647867
1167441858
1161346863
1161228644
1163369203
1169812026
1167238365
1167549887
1165519169
1163439280
1163478157
1161265559
1164837700
1161043473
1161152573
1167578391
1159198982
1159386383
1158798680
1149664532
1159007151
1156533241
1149561047
1149912067
1159262646
1149977476
1160849886
1158883810
1155154866
1149811848
1156679371
1154769182
1159438114
1159120692
1156786024
1154641504
1145472028
1142946194
1143329125
1143285748
1142629883
1145413196
1147356244
1147734192
1143200001
1144847185
1144528697
1144661261
1143139234
1142840789
1147269545
1145064011
1143243799
1147663790
1144992081
1143068303
1141084868
1134671861
1140060953
1140149495
1134924168
1138758797
1135589755
1135758281
1142158620
1141142637
1139780800
1141003222
1142496200
1136064225
1135664176
1135893517
1139927552
1135090037
1140355874
1135983166
1128201468
1133031484
1127948963
1128340281
1123331141
1128751194
1132890033
1133242348
1123816759
1133330835
1133529204
1128790667
1129855954
1133154347
1130296499
1133398619
1128536666
1128681734
1133463920
1123476487
1123271049
1117763745
1122487931
1116204329
1118000572
1115903140
1116287076
1122802237
1121053321
1117637572
1121205730
1122400089
1116138739
1121257536
1118137076
1119738927
1116245530
1120793796
1121330841
1120961172
1107295911
1106497693
1112919857
1107143688
1114010121
1104434536
1105098234
1113089531
1107242254
1115701598
1113960795
1115565392
1107593869
1115802916
1107533021
1106676454
1115046875
1106969981
1106839782
1114987666
1093450039
1095383135
1100110801
1091710359
1093557270
1095647050
1091128907
1091684383
1097827869
1100045812
1093363254
1091484958
1095717033
1104304039
1095281164
1091348957
1095489212
1091254498
1099937256
1101020233
1088363730
1082838053
1080780855
1084749127
1076946876
1077024817
1088229267
1082625352
1084270386
1078539286
1076818523
1076680242
1075957861
1078845909
1080720531
1090845926
1080908049
1078647372
1076875982
1082739592
1067540854
1067463445
1075842955
1067359521
1067716096
1071663902
1063451412
1063374897
1060930117
1069614590
1061366950
1065591843
1073292907
1069706608
1060690929
1073207495
1071986532
1071870117
1071937924
1069761884
1059393972
1054043248
1053942948
1049791281
1047867024
1059337793
1051896941
1054169721
1059175622
1058991663
1053834284
1058876318
1049897008
1052006049
1059390829
1047935750
1059387076
1056191676
1060557649
1049689180
1037952496
1043282642
1034203658
1045609381
1044883236
1034031271
1045524611
1044694843
1042769189
1043154432
1036012989
1035912375
1034150462
1043065732
1035817995
1037963485
1047641908
1043376464
1040080457
1045392989
1025640592
1033947801
1021517932
1017750415
1015851130
1033763398
1019545589
1015769572
1023470936
1030054862
1021630833
1021412970
1021347232
1032017164
1030163854
1015523172
1032154197
1025695090
1023497437
1023394239
1010876891
1006354881
999620288
999549573
1015435626
1008735876
1000546017
1002316036
1013452712
1010967785
1010619201
1008776220
1008250210
1015025069
1004562055
998298481
1014899712
1000323639
1013347663
1013558361
997831267
984397615
990859682
998234440
998085204
995274273
984566667
993597029
988872398
987335249
993661728
993525838
991292249
991650509
987483820
998133700
991639186
990782163
985245558
987763560
979020985
982895227
977019650
977154357
971523101
974795505
974979825
974950433
970282535
978185493
975255927
970486772
968916907
978966167
975243226
976941935
973375894
971426033
967937926
970922649
954657851
960834478
963880971
966649056
966748030
966512014
966573546
954535333
966714469
956986329
956075540
951258617
960759885
954768652
957257315
955998465
956452095
964537006
954899265
956323801
941918075
933896507
933738014
949754259
946011093
942319768
940455866
940325232
946651773
950372509
929960999
929417631
940197613
944348734
935002055
946738200
931823855
944777461
948647295
933821679
926896656
922958379
926995355
922818815
923025773
925531678
924048603
927835003
916022397
925201521
925364295
917544789
927674895
927780003
922897838
917731725
913944426
920018664
919498138
917661828
894916433
897357060
912258668
911879953
896337345
902952017
911989720
899072494
909853767
901237342
912161387
909903897
911574947
897223736
909812281
912206815
911675090
899187959
898982001
894967024
892214741
887379329
894565341
894460464
884221432
892296614
888174543
892019202
887266132
887079569
886065587
892089805
888126027
884291235
886123570
884259802
892267111
884325573
892146815
886999146
879795530
877158918
877188029
881555557
884175821
881878123
881794246
878916030
874741395
883627889
882056606
881027980
874711161
879057750
881727267
880927481
882127281
882179464
877236819
882231608
873027175
872978313
871416972
870793474
873056268
872189851
872920320
871446701
870670542
872363434
871472916
872261906
874614695
869831461
874455787
873002923
869857282
869807763
872886248
874480168
864105952
867778648
864072795
868188796
863695954
863781820
867729593
869140226
867637697
869663941
867883001
868171531
869244461
869003759
869772221
869070005
867584027
867799913
868131810
869713938
858377900
859918923
860162906
859092758
858320797
858350508
859262474
860125858
860227322
861046921
861120231
860085891
861211513
859198225
858132656
860206515
859991040
859785022
859122430
858216684
853921665
854571890
852482753
856482665
856306319
854615905
854524149
853819770
853714795
852559699
858088037
856052826
856392479
851928745
856357100
856439189
852609866
856257807
856159442
854026483
849587859
848754288
849787168
848018367
850612837
849543147
847928817
850568583
849677696
848375453
849909282
848128528
851605589
851830859
850352672
847654389
850478729
847854390
847706221
851713082
844789916
846887740
845071107
844209820
844054313
846698006
845142451
846128858
844889720
846279623
844101287
843130552
843089602
844934462
846788772
843283207
843254043
844377312
846955760
846919186
822648417
819023424
843040711
816228641
815160028
820927786
841197085
822044715
842928118
842457415
822605696
819139816
819070246
822466676
822543443
842392779
819109698
815246390
842853686
815440508
808702692
810598297
814412368
813484630
813130646
810436210
807197734
811260592
808810781
814282156
807369829
810274608
815103004
811170250
808626102
814621549
810533376
813507972
814336326
807016588
803114623
795146310
802728153
805506601
801639377
789807223
801390151
801457447
800867860
793647961
805547913
801234447
801319957
795672455
791008679
802796732
805604578
791093929
805368146
805291730
780853816
789294544
781723832
777817527
763829755
772670828
789235086
786781521
789787090
786644869
787019624
781662274
779728969
781549465
773832447
779809165
763908333
777755385
773739945
784608455
760100221
759558888
759642633
754591144
752135588
752310073
761776993
754483506
761898661
761672432
762142628
754424557
761587007
759765917
752238900
760212670
761512565
762078352
759869340
760044554
744711866
739666978
735752585
737901578
739794964
735812171
746817469
736159986
741695930
739464708
737832885
741450534
735903638
741632432
750912636
748462042
735653245
741371502
735547992
747409945
725849534
729743065
725718981
724905892
729864215
729909467
729800077
726880757
725789021
725824751
727340556
729054035
733025253
726942755
725669506
731160429
729095768
724807399
729699318
725589975
721722081
715496188
721648956
719929738
717260365
716280629
717134668
719690791
722950523
720139383
717031221
722154985
715749826
720084961
720006800
717585377
723020634
717478606
719801829
715678665
709337053
708474589
711578622
710523184
710046539
709995383
715135244
708148829
706558289
710102645
713398253
708351997
708631615
708600119
710483670
712454137
709834813
710407126
710462995
714381082
696692677
702175782
700681436
705957036
702498654
701305056
696371118
698410263
705544834
700481506
696484841
698503365
705866429
705711889
700648420
696644666
696560404
696301017
702456859
700582179
688846182
689836397
692227407
692628160
693904813
691121539
694627360
692662308
691888015
691282747
689070334
692312823
691953833
689926756
694033415
689874181
688773988
694671439
691519059
689203437
683596458
687951675
687152006
687055957
687232840
686886371
681953482
682199025
688017969
687854253
682057937
684084435
687986640
680316232
680521225
687350923
680475632
687905950
680396501
686954664
677749988
676241628
674702414
673531586
677881384
674771762
673739278
674109886
674740039
680009594
670859287
671318389
676312843
680124454
677958167
680230182
674073369
674035201
676415708
673010525
664785438
669683101
664890510
667415807
663969372
669471293
662971558
656953603
667543850
662894666
661950678
669272408
669079263
660174897
658553974
655359839
664977610
665048069
660940053
667331859
655280800
652645194
655031366
648036007
646402235
652523046
645028177
648125007
646498366
644958732
646337786
654963594
652453559
655157790
652348889
655322250
649362215
646528329
655104881
648079519
644739354
641463273
639406535
639254191
642704301
641394933
641519425
639674764
644849436
642784357
644788636
641612178
639485367
639577302
641312632
643144157
639133911
641642723
641561244
642851801
639068204
630925181
629357396
629303194
630627776
636175622
629252069
632714732
628982185
632661789
630544673
637957340
629152187
635790245
629211773
636134075
631179765
630470759
629063446
636199860
625960428
628572608
628584292
623654873
621578180
628712476
621475240
625882737
623808714
622211724
622156873
621519413
621542182
625296461
625222640
625898949
621597102
623587193
622138015
625934253
607431356
607167474
611141196
607099437
607401745
609188422
613073274
609157962
609943795
609861765
613470465
607331554
612944576
607239294
607369611
612836059
613425458
610588307
613023325
610610810
605000246
600803023
599181963
606554811
599242676
605042863
606784992
604941265
599331920
600914175
599546509
602334593
602267928
606645342
603515739
602295389
600966948
602377667
603459419
602462700
585390245
587343069
596007561
587627323
590353201
596436527
587681642
598120463
597564359
596087112
595915747
590405038
587397515
597497819
589084556
584233341
596146735
596277551
597428320
587590403
583367296
580615027
584196028
576293294
578067323
580673394
579338675
584155427
583506554
577992106
576345378
582081027
580770525
580721080
584102964
579311833
579213814
579136360
577764683
583639005
572544934
572275062
574099712
574002493
572648280
575777170
575717106
575907694
575977850
574466326
574257571
572008213
574399572
572133728
574326954
576238105
573938767
572497956
571869875
572210185
569621503
567504333
571819180
569741208
569788353
569178207
570886705
569243723
567769844
569378530
570957928
567552461
569830063
569316360
567475881
568365893
567996745
568080158
568150952
570385302
554152309
555351599
565418577
566447123
565357854
557091359
566199845
566400687
566306867
557291454
565594679
558596666
558492198
566738090
557262000
566976469
566795847
565495295
566162275
555616663
552590070
548310126
547327595
550941965
554042731
547420265
552413370
547252948
547288234
549748522
549832109
547397754
551965367
552103768
549790851
549593735
545751823
554097250
549883739
549652743
538874921
544425025
545459997
544527099
545600076
541043031
540133902
544249836
545580937
540159649
540969061
540094796
545389050
544388379
542351708
544187432
544470928
541140379
541083145
540036579
528021693
536123234
534279586
537230775
533070688
526437538
534266247
528050214
525247047
525226592
525048062
538830770
526659813
535998446
537318596
533875594
525205060
525101267
536189956
533954789
523173180
523221005
523278622
519310840
523178358
524923184
523393954
523095133
523317108
522964442
521057583
519452558
523028809
519282209
524481928
524634298
524558915
521107690
522894521
519482850
508415481
507029492
511275809
510676609
508781519
517944843
506579280
508809076
508324074
510553387
508289200
511134090
511221920
517987013
512332644
512683917
517882118
511399412
511362572
511453052
498827078
498392936
498314825
498421774
505398269
505129521
501328704
498514590
498582441
505795501
500103518
498755645
498681579
496883592
501653515
500279726
501647333
500183976
501866364
506290668
491581060
496743311
492040996
491633365
496830321
493920453
488496195
488590389
487264693
491488528
494024245
495261810
493970817
494062742
493453361
485865084
495344169
493543182
492180637
492113984
482538363
481098202
485508388
479908597
479842838
478603737
478596697
478550865
481114880
479980297
478709420
480009164
481120848
485579367
481330334
481167790
482455775
481106367
479946596
485720512
472847913
477400443
473039140
478547975
477069048
473962341
472931127
477362962
475940259
475992263
475140373
477002584
472896198
474074293
475132368
473676238
473732988
476061228
477014452
478452673
464381392
465155504
463318425
464435235
462237655
465031408
464988986
472739118
465193804
464848568
464685302
464612013
461841823
460901660
472553114
461788186
472637222
465221587
460856964
472688413
459433351
459384888
458044871
457959454
452058912
453015298
454548671
456838502
453077347
452784620
459525742
456589878
455144756
458200970
460788179
452727239
458105960
459550635
456497488
456689698
451598664
451416143
450365697
451487983
449907745
450546741
452027150
450472695
448518661
450321618
451840752
450170901
448434178
450514540
450250407
451210144
450419784
451322893
451895078
450107896
446084866
445646206
445212960
444543048
446113647
447643350
447581673
447615528
445688941
445364747
445129408
446695624
448369178
444521727
446023896
445538416
446740684
446048145
445694592
445425166
442754089
441011830
440765046
441350749
441056886
442743422
442722607
442831987
442882418
442685121
441398509
443625551
441378199
441104961
443744700
441295609
443980022
443938492
442856965
442782528
438964404
440375856
437677957
437636888
437518914
437725066
440348107
439865585
439931469
440250483
439803410
437470770
438918388
437566936
437599885
440220725
439130910
440295997
439983255
440170040
435905617
432425691
433590095
433513605
432083728
435585837
432012894
435648564
431372070
435505488
436227738
435404302
432354184
435957560
431926471
435771238
435367307
436257663
437438887
432248516
431158434
430840478
430942329
431271275
430781193
428432707
431333853
431063417
430610263
428503636
430735052
428374275
428264537
427131963
430563945
428571310
431026351
431309131
431352996
431113843
427085589
425449754
421247971
425376178
421152252
427020672
422625669
422700522
422353530
425342194
426653724
422952574
425527747
422513023
421303528
421091381
426955504
421203067
419468639
426871678
416033180
416003230
415866200
414930102
418320327
415930045
418282289
418210279
416791635
418143495
417082500
416794813
417038167
419194833
418233135
419441632
418279289
417148342
419348275
416076936
410758152
410585140
408590792
413077381
410957684
414638332
414693853
413167266
414564619
409836465
411750051
408725332
414864864
409870661
408694029
410709817
414790057
411793567
413319410
410637754
405100377
405299260
405026204
407688511
406510897
407606382
406617023
406320824
405458098
405426737
404824330
407795753
405490367
406430131
407639342
407574409
407714756
405430359
405366507
404747647
403891565
400747999
399688617
398200381
403843182
404731567
398335416
401944160
400666361
400734784
400816562
400563603
400783551
400616274
398400489
398326926
402664807
403010152
400745302
402975652
396611211
397181516
397028177
396877654
397036476
395393364
397096083
395480603
394395532
396954489
395270215
397042307
396638839
398135112
397152656
397968205
396999821
396624639
395333272
396695890
390238785
390310589
394345383
391907154
391856186
389252623
392664002
392844142
392584920
392883302
391933933
391905782
390557945
394374034
391929747
393069306
394342933
391893868
393122106
393028131
383397568
388852139
386390693
383326842
389028150
387283841
387502810
382555999
382368181
388588235
387289451
384905804
388920292
387530821
383266136
389226424
388649143
387347316
383628451
382318527
381330204
381273893
380033932
377831285
378946066
377894308
378504235
378573726
377783671
381110456
380318705
381380902
378821293
380285695
382274600
378735324
381064613
378630949
377865117
378866497
377731788
377037797
376436773
376402394
375898972
376318476
376293300
375994465
375934099
376452952
376995017
375126503
375067391
374622429
376256656
373909690
377676530
376371535
375829256
373942407
370399839
369957597
372490004
373699084
373854589
373766650
373760539
372634549
370265601
373852542
369904822
369812517
372781389
372715782
372454900
371620519
371244736
368986103
373715916
368937177
366933030
367508051
368475521
367545336
368427662
367184596
365829266
365775795
367096415
368850974
368341298
365238055
368662256
367272323
368609888
367405366
368894019
365872276
367515052
367234228
361369363
362390491
364538203
362043493
363477010
363333855
361997244
362891675
362490326
364736968
362318618
364843503
364786141
364593475
363559184
362886336
364673517
362869076
361977787
365211724
361142536
359917147
357214277
358823567
357220672
359593400
359976603
359649874
358874476
361209620
359761882
357079243
359980641
361334697
358848764
358786983
358736165
361281033
358196072
358635060
355208669
353646855
357018825
356405065
356281513
354949863
355203744
353738130
356327004
355044292
356234993
352553193
355255711
357030649
353691809
352496807
355101119
353582317
352648618
354048985
350870311
348252597
351068950
347401743
347498762
350702646
350761867
349404761
349785367
352431264
352488529
350807310
347557356
347450299
350992788
349511746
351085599
351246704
349738966
352371488
346510475
342044029
346514895
342111991
342272483
345762390
344822236
342897415
344180789
342808888
342479768
342330929
343903836
345377747
345768445
343832122
341263851
344870209
344753030
342852667
339093697
337863650
337921787
339126612
335832851
336905475
341185897
339896996
337081287
340274536
336964296
335952862
337141153
338085938
337116349
336002336
339162126
335825676
339805967
340247089
330354205
334451413
330604871
330311814
335663006
329814965
333901777
331635447
331773923
330418285
329832173
333354116
331714526
329845178
335588320
333336278
330953984
334498854
330688175
331886370
326100508
329750600
327255416
325673385
326053703
327114711
328297780
326056729
328347886
325732431
328644425
327363720
327565451
327299941
327006718
327544597
327172441
326172723
325990173
324350329
324290860
321459054
321419815
321539999
320314240
323264369
319224890
323635723
320395028
319108668
323663636
322630616
321335787
323342764
320471887
319547737
321305958
320279666
319521540
322606968
317639363
317892753
317577708
317791295
318346211
319039428
317596834
315732169
317584201
319098337
317872189
316439658
315774676
315437719
318378742
316443447
317083094
316785376
316521346
316371941
314683762
313626846
312626031
311439852
311386164
310308508
310205584
311603542
315361992
310244918
313643065
310366625
310342214
309878297
310077259
312325946
312638414
315430379
312249039
310277862
305773029
304667777
309760801
306684129
306655265
308461559
303260235
303152097
308997084
308820072
309698463
307748379
304617200
309825068
302889427
306591134
307499011
308737346
307772055
303003166
300130022
299144257
300088659
299587554
299210865
298612520
298548421
299047532
298516697
298245729
297629031
298575858
299092272
298472874
299550846
300176667
299638615
298609964
297648945
298129535
297529844
297500029
296560730
295451013
296590075
296028636
296629549
296074261
296468555
295417464
297607219
295964825
295374722
294929808
295558237
295478854
296609302
295574803
297582090
297569817
293659263
294888867
293709597
291793977
291760679
293951307
294881907
293780679
292804042
292715037
292496217
293915046
292602989
292768731
292541375
291783476
292594476
291735765
294844668
293009198
290052856
291558252
291478962
291552869
291614189
290607736
291361129
290545297
291311208
290570481
289212805
290111802
289303745
290516331
290572304
291239730
289277578
291694054
290010662
291640149
286610909
289160420
287852658
288304502
289108638
286625831
286448196
285636777
285566979
287711596
286689566
288335284
287975650
287797288
287664024
285985973
286749220
288264797
285499929
288351789
284725207
282613856
283567064
283527771
283089320
283755266
282580797
283632534
285455486
283782835
283637342
283388858
284241114
283321786
283135826
283726606
283684726
284282416
282538095
284798166
279170899
278995337
281220784
281485760
282495039
279132167
278856470
281281007
279167604
280438711
281401176
278894120
279041477
279237486
281446072
282455106
280400313
279944785
279895744
281524174
277785020
277367908
277897579
276887475
277336415
276885578
276862662
277934028
276860107
277610122
277328935
276812406
278740129
277616402
277936655
278807701
278759132
277985359
277948402
277860743
276138994
276229707
274473396
276450840
274511928
276351143
275539881
275146621
276505357
276386169
276239790
275190013
276200741
274410520
274356113
276777921
274548675
275571140
274368197
274306888
270671860
273337310
272761183
272162889
274153633
273278892
274141326
273403749
273203512
272809534
272002122
271981906
272889678
271053292
272113817
271646595
270824911
273371944
270864581
270606797
269830292
268278670
269625066
268227594
259398945
268586264
259373183
270556084
259148162
269670130
259860416
270490931
259088992
259421003
268423868
258923387
270471695
259047797
259435168
268530526
258839773
257935967
257259480
258257735
257220522
257096015
257289815
257350189
258253840
257319679
258789117
258120934
257184506
257176678
258081860
258331848
258051566
257336132
258304496
258374562
256993225
254959187
255680605
257025674
256917263
256272879
255908845
255130062
256085814
255735099
256248591
255949267
256270850
256864011
254921405
256012357
255151660
256195206
256129432
257066892
254069442
253948338
252447100
253996833
254881210
253850054
251850188
253712961
253755967
252071657
253627970
254638893
253907575
252664637
252020657
251890231
252041975
254092792
253789808
254592960
248283453
251139563
250858641
249122198
248206449
248799132
250917877
250891508
251109081
247349146
249034139
248762587
249912642
248250212
251990283
250946869
250862090
249002812
248845008
247367352
246989350
246506480
245612119
243739856
244403189
243778777
243708638
244426534
245454438
246896935
246884321
246929876
246198414
246150379
244570209
247021576
244642871
246476450
244008548
244464852
238239797
242895615
241987821
240422721
239755528
239024976
241935258
237369549
243173052
241874593
239693732
242852367
242790055
240392152
243694760
243017575
239705604
239783780
241878789
242981386
233322599
236986526
236583292
236511970
236562425
236532151
234346716
237256785
234822075
236534142
234781875
236996429
236964014
237240590
232708020
232669568
233334701
234272608
234301651
237311118
229235436
231888442
231616230
230726012
230710953
231927401
231651145
231238227
231255336
232555605
231739341
231561711
232586581
230124531
231820827
229377795
230032648
230161350
230005288
231713644
228649822
227344310
227119916
226384662
226177548
226133129
228736681
228732021
228633896
226466117
227258465
227295936
226432108
227150353
227190640
226522168
226231279
228679852
226267693
228759485
226086126
224689599
223909019
224879328
226091096
223899005
223472455
223370707
222593348
224741148
222647009
224712307
223344773
224178641
223373557
224912504
222559560
225336807
223986314
225304287
221786002
218835795
218769622
219706320
221104827
219913796
218742115
220331191
220997794
220364843
220952358
219952461
219896178
219693091
220245820
220199620
221901039
221023190
221824949
221148746
218490654
213220240
215627906
214458066
218458231
215720312
217942993
215596794
215426665
215388850
217978094
218526453
214561539
217866020
216034783
215356225
214423243
214482691
213180792
216062697
210738297
211662697
212472169
210896157
210806931
212418959
210831100
211450040
212393416
210747445
210070401
211269909
209351285
212931701
209338843
209322963
210776785
211574711
211355894
213085122
208187466
207883526
207144444
207170282
208309590
207919975
208343308
207985459
208384480
209027654
207609959
208264763
209125740
207303888
207955633
207205793
207262856
208986320
208215741
207589757
206586743
205007495
206512251
205281822
206409136
205305758
206361855
204925480
206546841
205260224
206065144
205642779
206296817
205695362
205116486
206321852
206477975
205621120
205188840
204963209
203705359
203685612
203339123
202827301
202822943
204033647
204323485
204073457
204223516
204816037
204844392
204376992
204319124
203720050
204343104
204417693
204249338
204890449
203388132
204158650
202443620
202597163
202538760
202429096
202603333
202499472
201624028
201784666
201246372
201644431
202708095
202741839
202792339
201032646
201003490
201274608
202400864
201363466
201374633
201733088
199814888
199717301
200885544
200648527
200544290
200676325
199968610
199565388
199534888
199235782
200608288
199226378
200569938
200320074
200513252
200971453
199758803
199218036
199812731
199190986
194139133
199088070
197506242
198838641
197455787
194836142
197555676
197250944
196748015
196660285
194203102
198775516
198951931
197474778
194805824
197339243
198758689
198900355
197375679
199035541
191789433
193956959
193243029
191221432
191676428
191709978
194019763
191877278
191651509
191831105
193236921
191238202
193386748
193426243
191624228
191763414
193911322
193299652
191252707
191857383
191117552
190876445
188395365
188319192
188083185
188054126
188369189
190468431
188941004
188976517
188438947
188041005
188256735
190070760
189745926
189801891
189099730
190046644
189015513
191141968
184299200
186567498
187350221
187628866
184977491
187381306
186531125
186626523
186600778
186265447
186631594
187600036
185162067
184935065
187256826
184885596
185825680
187199589
186451260
185802859
182445728
182017207
183611073
181930708
183299898
181631254
183550025
183344829
184221732
182705413
183994844
182743866
182492347
181295177
183376025
183328457
182330458
184259409
182878329
181987001
181186835
180435219
179963251
180471711
177521245
178390084
177622836
181156287
181272746
181235891
180532993
179135801
179179110
179090040
178354753
177462681
180509991
180634213
179971858
177351011
176938108
175349117
176555431
176920497
174565191
177281265
177319264
176510174
175991583
175315199
174683499
174606227
176567057
175258346
175359579
176049647
174072799
175937268
175132558
174055036
170911079
170890953
172157999
172072468
170805743
172984287
173229776
174003576
172542238
171332918
171272148
170766224
172211305
172511795
171265138
173075362
172268692
170834008
173917056
173029538
166479772
169243589
166502114
170025420
168735286
168692545
166516994
165712471
169467977
166837374
166450238
167967565
166419489
166996624
165741186
165732468
166083205
166122048
168772169
166912734
164998611
165638441
163648044
164713886
165576717
164656252
164361922
165668192
165519709
165054535
164340921
163960173
163683682
164744417
163697114
164314127
164039024
164006350
164381186
163988160
162988151
162980340
162143908
161837638
161805342
161165095
160960590
162545229
161192647
163459922
162679130
162714173
163489071
163239817
162604195
163435441
163289268
161054976
161752232
162490417
160082588
159977689
159823585
160696545
160278821
160939250
160780961
160727061
160131761
159937956
159485392
159845303
160257068
160016481
159470929
159433108
159487219
159775845
160883174
160212370
158250681
157796392
158200161
158498356
158142274
159035504
159367929
157639662
157689391
157466435
159309520
159263512
157731052
158464024
158344913
157505015
157427864
159010518
157753086
156918984
154219743
156630142
156777677
153921544
155668138
153314102
156542288
154947449
153540003
155736786
154837439
153946183
156662368
156483149
154734416
153904299
152835624
154261595
156862222
155703201
150298795
149655316
149675342
148821958
148062108
151361076
152045897
149704756
150187371
152075212
149321203
149376238
148918340
148857287
149746380
151395251
150142568
148765431
152122914
150219926
147486457
146123195
145967585
147565707
144600627
146020826
146090680
145922976
145094733
145068446
146056087
146189152
145023497
147518578
147447759
144572236
146858668
144499927
147593119
144547188
142805574
141513904
140861183
140048439
142850680
140704272
141580108
139863987
140535526
142943895
143413674
142291815
140588194
140102398
141554130
141611041
142968813
140001023
144464003
140647422
138415779
138321369
137342355
136772201
139251154
135881400
139724743
136840999
139766489
139185859
137282440
138257356
139655220
138902480
138363881
138944338
139219556
137651982
139664910
139816313
131826956
134870558
133552617
135008600
133702191
132541253
130928422
133754051
134803146
132021803
135837164
132607448
131141738
131759639
135045031
133626524
130271516
130061071
131705987
132975146
129347172
128361419
127388505
127485914
128310444
126554104
128551176
127110769
127570858
128222885
127610734
129484702
128496048
127528213
128167235
128407520
127264654
127218494
127150454
129410897
126383264
125194184
125992799
124600003
125295770
125256463
125338810
124741585
123557835
126030871
125143778
124324023
126060104
126432716
125949412
125890407
123873492
126516346
126510151
124288021
122742817
122266242
123050094
121733171
122085835
122229796
122795028
121200270
122973123
123071660
122256182
121277254
121294494
122136215
122204738
122713842
123484909
123007794
121928811
121246342
120106564
116263572
116079885
115952233
116200156
114368489
120059735
119855404
120162484
120255899
116233478
114796496
121160615
120287371
120309773
116128139
119907528
114856273
116172879
120222718
111134113
109186920
109336513
110295842
110210402
110006839
111952228
109967134
114275887
109361333
111105862
110136369
114344140
111052074
109791192
113997311
109268624
109835396
114311751
114040598
108150669
108739039
103868123
108911394
109055536
107938371
107208977
104280331
107835899
104149299
107987653
108229915
104249648
108062937
107093800
107167735
108182615
108849126
108268491
108113150
101823310
101802163
101226674
101013522
100576094
102393909
102490830
100529558
102614744
102328355
101732141
103189103
102642301
102518181
102596600
102569990
102462302
102424662
102301863
103247013
97595836
98232374
98533764
97566743
98154552
100446123
99231449
99875825
98520555
99916398
98477645
100499479
98551946
98052386
98863868
98501603
98186351
97686915
97667511
97621892
95453663
96111632
95413765
97415578
95388596
94802223
96761396
97308113
96132349
97279688
97354296
96733247
96688283
96780167
96081909
95508268
94773793
95969895
96166354
96027153
93529128
94151775
93570205
93945431
94735067
93230740
93255464
93912861
92749649
93969520
93547692
93349875
93201576
92821022
92713243
93453372
94116650
93383897
93275127
92788692
92038058
92563939
91252739
91730844
91424007
91902788
92120792
91224284
91893515
91295964
92167040
92620496
92532828
91189106
91316376
92688407
92147699
92597496
91992018
91983687
89967149
89866209
90769416
91048467
89595465
89575545
91051586
91129695
89281865
89925495
89902841
88922493
90069712
90042973
89617308
91161533
90815808
90746407
90697496
89242387
88712704
88657746
88875972
88213860
88899533
88854011
87816716
87921477
88884441
88830190
87790314
88590308
88003514
88802251
88684475
87993969
88752988
87519009
87508458
88200261
87489406
87221735
86840464
85886146
87323988
87440862
85836218
85579950
87259985
86173572
86603535
86857869
86657882
87364500
85981169
86687867
85950062
85848348
87406138
86830830
85213875
84056173
84849560
84757092
83894310
83847430
83934848
85543263
85567190
84596088
85550187
85507187
85280375
83251840
84091876
83966776
84473824
84721354
84119541
83294071
82979617
82486269
81923308
82397609
82417223
82298344
82443882
82211292
83134475
82460384
82378538
83025189
83245435
82322690
83004060
82429793
82043535
82887862
82024540
83162764
79583543
79786309
79651285
79615776
80963603
80240640
81541736
81611913
81587279
81521335
81558116
81573456
81599822
80942025
80920411
80893929
78877614
80350665
80839332
80273720
77770104
78464188
77601814
76694766
77578014
78438903
78399822
78335762
78456781
78319475
77700655
78842886
78806356
76626485
76613032
78374430
77270159
78434932
77686145
78419021
75165390
75727686
75740157
76214544
76146823
76182058
76164408
75692590
75450493
75602837
75407192
76244559
75177828
75632527
75474791
75558350
75185465
76098878
76220829
76608967
74455070
75109784
73981511
73382672
74947311
73547899
74528456
75073091
74889235
74366339
74021276
73882777
73537718
73098706
74546966
74967290
74001035
74480845
74447228
74561079
72582136
71436094
70714932
70027726
71939200
70751593
71971241
70649658
71871790
71288910
70676518
71809139
72547549
71353304
71217939
72000408
73073915
73043811
70733713
72029878
68063149
69905881
67613013
67963580
67512875
69079351
67540202
67630354
67661076
68016075
68600545
68161179
68036449
69937857
69555453
68542972
67646783
67679349
69082656
67946130
65254590
67028558
65288584
64871153
64800348
64432739
66465460
67471955
66150139
64455181
67111696
66181495
64750865
66467819
64412213
67136537
64902954
66128747
65545595
65271640
62759817
63911547
62373570
61229406
63171246
61251779
64227920
61926301
61282112
64138628
61460357
63644913
63248574
60913598
64205303
62793545
64324450
63183883
60925413
64351068
60696548
59834367
59781615
60162441
60688600
59702288
59449414
60328733
60879843
60346392
60281164
58739084
58555827
60169662
59423518
59850371
58749188
58976191
60310270
60355143
57429921
58119592
56663714
57111826
56918511
56652830
57157049
56636003
56562707
56538686
58529117
57974863
57941387
58511666
58026799
56608365
58103230
56588133
57138514
57154470
55923116
56376045
56223561
55906921
55888407
55518600
55270636
55129677
55871913
56523398
55251609
56127052
55108765
56359953
55954492
55656093
56437402
56141278
56393188
56214841
53663982
54183236
54635339
55025037
54304973
54270175
54147250
54139367
54070857
53842880
54854690
54201503
53822334
55044665
54667056
54323998
54102580
54657932
53313620
53290705
51087467
50711869
51310429
52608899
50493832
52243790
51890928
53227695
52181781
51355770
51288557
51742875
50734593
52199085
50699560
51541318
50662543
50475000
50761382
51850046
49336383
48966653
49334230
48823538
49626306
50145603
49599721
48975714
49539898
49654007
49565395
48616617
49183332
48803459
49656478
48657002
48598670
49919804
48949572
49319217
48346171
46991159
46904440
46263026
46878124
48594998
46922337
47300809
48360542
48069968
47463386
47327466
47438072
47476152
47043382
46236242
46226090
47745374
47769060
47387541
45732127
45833112
46216451
45851470
45840950
45972025
45844477
46195719
45564362
45866155
45561580
46162502
45701166
45939004
45650514
45613281
45714605
45925780
45597270
45604726
45151884
43484938
44846748
45054121
43954819
45079400
44753949
44244800
43474334
43215964
43745343
43968104
45094123
43497609
44718623
45180347
43700380
45123509
44135444
43514601
43155319
42875408
42853320
42745760
42440582
41924796
41533470
43148146
42890827
41549271
42429657
42265666
41723600
43165920
42771017
42791301
42408116
42020571
41999582
42220194
40210116
40758221
41257645
41289663
41035423
40743881
41003772
40769305
41222210
40415679
40950288
41202777
40763036
40974262
41519795
40929639
41234157
40776283
40989391
40393128
39397282
39028587
39967986
39938359
39683376
39378473
38614998
38611997
39927546
39057204
38511319
38622653
39411656
39066005
38878052
39705295
39442080
38362955
38620229
40155445
38054487
37568733
37609395
37595327
37966300
38135965
38350510
38042199
38011162
37511663
37483735
37496694
37525353
38355555
38251725
37993522
37453522
37602871
37551115
38326152
36328960
36469702
35996874
35867175
37452232
35989323
35871746
36090128
37074431
36994552
36445459
36092537
36573154
36335522
36252130
36563794
36978093
36316318
36543724
36234495
35850770
35511054
35499498
34873845
35260034
35224285
35844872
35759762
35356211
35236885
35539399
35311226
35806474
34867674
34855424
35820466
35623393
35249347
35857755
35784806
34258549
33881808
34290361
34638409
34331593
34610448
34298533
34553200
34343252
34086929
34412970
34391408
34620832
34280698
34273421
34157530
34410089
34318134
34628654
34389517
33205489
33351106
33802172
33321849
33307470
33389024
33115903
32959248
32874563
33855416
33198778
33106221
33178400
33396187
33871253
33826151
33806293
33360928
33191597
32935287
32324541
32837825
32114525
32682481
32101274
32486609
32331946
32227522
32424405
32467513
32479263
32704180
32666057
31972037
31962801
32396684
32725403
32644918
32388246
32719624
31943450
31417514
31677540
31496818
31224568
31870492
31140923
31399355
31515851
31649356
31449649
31408457
31926031
31041895
31728649
31852573
31630177
31158350
31049150
30932158
30685150
29559150
30068646
30009750
30271740
30218485
29585090
30436371
30063062
29975576
30699537
30914582
30796217
29985927
29428533
29641561
30235646
29446031
29999896
29573954
29410786
28907114
28940900
28523642
28487925
28313922
28299996
28718863
28986671
28733856
28459227
28417907
28754264
28510917
28996497
29125175
28501046
28444501
29134203
28711874
28291523
28110278
27297285
27413069
27617814
28039994
28098132
27450116
27520576
27467472
28250783
27311220
27265909
28056808
28032086
27626639
27702294
27459210
27306970
27678291
26435085
26283260
26225076
26196784
26189492
25986840
26809294
27078000
26275782
26867463
26215282
26617014
26608771
26885438
26817471
25646000
25997646
26420407
26858827
27021967
24517856
24499375
25620743
25441312
25466272
25281735
25089216
25457904
25605497
24924735
25254296
25077170
25054314
25117711
25427690
25060076
24323820
24910539
24875184
24556868
23537392
23341510
23572214
23269573
23149419
22976002
23511388
23142452
24138812
22986438
23967192
23545236
23500109
23407337
23397718
23369300
23750163
22981085
24113145
23130980
21502503
22069807
22061102
22083138
21507850
22603063
22747100
22021590
21666946
22552382
21674288
22775668
21524168
21727200
22562563
22438616
22425597
21682967
21516845
22413207
21036675
21373375
20547045
21413992
21056487
20753752
20552615
20455163
21356136
20895804
21204360
20718463
20538638
20449560
20511756
20588735
20961497
21340724
21224786
21099686
19298633
19716645
20214908
19728697
19875432
20428200
20068808
19561307
19880667
19924021
20279291
19403403
19554098
19867910
19602501
19546965
19397677
20222740
19612316
19446550
18701636
18550186
18519281
19277822
18877781
19059906
19201857
19062857
18990071
18811628
18894443
19289687
18801941
19196374
18999841
19055462
18864572
18651045
18635891
19051288
17607858
18360587
18353619
17918014
17939415
17857163
18062299
18336195
17658035
18462902
17860405
18340093
18476127
18470184
18120447
17755347
18231706
17620629
18395632
17893863
17195840
17241295
16563826
17130116
16545613
17221880
17019389
16742824
16830233
17383431
16627477
16874749
17525289
17203994
17092821
17013803
16864776
16540636
17542977
17232942
15932627
15792060
15703912
14328142
14226978
16206425
15764213
16437898
16096664
15743936
16114890
16467776
16243107
15796101
16462333
16317690
16313029
15753569
16196442
15768028
13190753
13025499
14172137
13687528
13284687
13151127
12884761
14070321
13304034
14051694
13994151
13350567
13692643
13277706
13888321
13339476
14166924
13900375
13296500
13907900
12674435
12410214
12297636
12508731
11860279
12678155
12124817
12515400
12718179
12524846
12854244
12744300
12578593
12543860
12181879
11853441
12382744
12417626
12132144
11808367
11694134
10781741
11172837
10574328
11551336
11075884
10812699
10820928
11421453
10595625
10584875
10703299
11677944
11802808
10910385
10658126
10589823
10665080
11389837
11654319
10535979
10165321
9920548
10547292
9932520
9923813
10325526
10052336
10341895
10439280
10335901
9939693
9917963
9948051
10457836
10030555
9943351
10205571
10061136
9909543
9423211
9810163
9551900
9736335
9675890
9327928
9302794
9682068
9697881
9258920
9798271
9332693
9585615
9744276
9568366
9738396
9689586
9308175
9185684
9450681
9146841
9056829
8676737
8685313
8597771
8463153
8459478
8918228
8581597
8936225
8454508
8430451
8913489
8928733
8601624
8573380
8670507
8827151
9137409
8700159
7859269
8417292
7886060
8318404
8425579
7755611
8050881
7677226
7891314
8229755
8142922
8291711
8120864
8109770
7975741
7958053
7952393
7946640
7876487
7742603
7513193
7364892
7523176
7268658
7609159
7603612
7520286
7601193
7271717
7208363
7467895
7290622
7515086
7673100
7462025
7374568
7294125
7362727
7217700
7282643
7186418
6648504
7205044
6892389
6818705
7035707
7044409
6958372
6900629
6727035
6661145
6722721
6961699
6974241
6718541
7130628
7105918
6809472
6745857
6739113
6503333
6453072
6136523
6164058
5952710
6642732
6497014
6131126
6563869
6582724
6436178
6232810
6319829
5994215
6091049
5987935
6380254
6560333
6388885
5983520
5924487
5893351
5861362
5790191
5639535
5605009
5708574
5945435
5863487
5809421
5703299
5656461
5819856
5926352
5794219
5705791
5931925
5723380
5858779
5897601
5392977
5059959
5055785
5451438
5163149
5122413
4976323
5052439
5505049
4972632
4968868
5502184
5171530
5041729
5182618
5104730
5388431
4966456
5186164
5166448
4778978
4677365
4761255
4478970
4857487
4706959
4751793
4607347
4546330
4611473
4549650
4919695
4473864
4714127
4757604
4552825
4773935
4754808
4498103
4710910
4074710
4072987
4178774
3919854
4261515
4162275
4033599
3786087
3977128
3677494
4271234
3911178
4190314
4344644
3787894
3674888
3597826
3683650
4165276
4169116
3145688
3364345
3305925
2947503
3489343
3501686
3483483
3544199
2955773
3003119
3327399
3323200
3088397
3100993
3107732
3243689
3228107
3044562
3555732
3289571
2546945
2485829
2593902
2802728
2797359
2756125
2399987
2899012
2453376
2185747
2706228
2520091
2850384
2183920
2604471
2218578
2586922
2549419
2441352
2648428
