1155133074
1154319512
1108896934
1099310540
1155187590
1149980486
1155037686
1099675210
1093818353
1154480250
1149128027
1093499775
1148904564
1095107671
1093632754
1150066720
1154110987
1117591334
1149257973
1150128901
1084335575
1045744433
1086099288
1063667033
1080800861
1086883471
1045876092
1083952404
1091534977
1063578646
1054296971
1086751754
1086272948
1045634217
1093348260
1084140725
1084571354
1085948456
1054226590
1093065997
1027987873
1042720490
1038004017
1040214599
1033585020
1040356836
1032211159
1027733583
1033404550
1027542806
1037911761
1032305928
1033929037
1033792301
1031898571
1032027051
1030379784
1042505750
1028083001
1027893446
1006223738
1006055987
1025542033
1025434727
1015634833
1025603275
1017812262
1015485948
1013123648
1010994604
1010766419
1016013687
1010880836
1017877130
1017524512
1017407259
1015952399
1012964699
1006391520
1017699853
989095802
984897939
1005716304
1004548520
1004665137
993195314
984581112
999677287
992811522
1000308686
988990851
1005931568
984727791
984371414
1004114628
1004481076
1004390972
1000226003
1000063720
990777131
972689000
975092041
971489114
978139666
971656493
973120899
971083095
972411903
982061375
979608807
982210989
981934719
977768234
970908945
978458192
979771191
972566445
974479557
971241327
978326239
939111085
927377579
925202259
962229757
936442011
934531683
927959234
969079889
939632346
966647492
950618401
970777558
938340111
938252027
936323629
934664221
970642594
927728762
927579087
924990462
869675917
892202489
879219261
881902683
872658524
883783280
871088236
886135896
881678343
879232371
872734655
872542222
883914342
871013314
869508123
889692408
869419118
879202325
888082728
886087786
859847485
811404705
807620979
803609473
803274941
787929093
809353322
809238102
859607459
861453247
787897361
807419052
803552214
807491285
811360895
807577717
803359956
803213116
787827904
809398618
778543670
782400531
782203644
782171295
782134910
775119556
773735040
773619692
776598854
773522959
773865471
778611019
782255376
776561297
787771181
782328077
775249952
787778402
775283915
773540694
764286068
767497059
769374450
771125367
767419503
770858488
769161952
767689193
762541827
767198624
769328512
769044770
767596783
772548096
772432494
770899986
770551674
765787184
765715264
764308231
753757409
753161512
748520139
756818027
737659888
740807459
748349410
737493402
759558580
753213161
745054406
758329476
746641744
753077642
737593498
747154300
756782461
747066559
753137824
753120931
729330419
721693735
737417289
737090641
721893899
728678218
723729189
728623620
723850342
735284784
729151693
728563880
728640859
721806403
729046930
722113814
723952356
724015106
723637942
722187017
719150885
703548264
703622930
711421783
716100798
701604912
701782233
719645591
705512973
709596011
707586918
717375993
717463937
707658260
701688610
693327618
703344610
693202860
719538315
705632174
687046653
685372785
688615305
688529655
690416459
686444160
685048754
686910669
688710917
688466102
688853119
686400587
686579184
685249777
690635078
690961802
691099481
693082584
686756683
686370030
684533972
679394086
684756954
681482626
680965086
679617278
678961129
681242203
684952460
679257399
679453153
670542448
679121435
684630530
684692923
679178783
679683013
680924742
672169168
681617264
667781262
670476472
651172815
669230115
667875472
662939132
668829459
670420275
659490073
651073643
652850769
659565425
669600366
655238249
665142021
670258751
668739584
654576343
661888162
653132443
629087815
641230160
630088610
643141931
641368857
641134568
637826206
635778676
636101627
630185898
628982311
637733992
628398985
628484826
647934457
635667178
648041542
637620547
643056312
637544497
613927995
610447143
616428333
628056159
627958531
625879429
610263617
610175556
616486143
628136276
614443715
610510725
624177654
611878336
628275541
615298820
617404777
611928828
610550812
624073412
608750878
609024398
606445372
604951278
606943590
604812525
606577888
606399672
602478239
606815926
608936604
605417338
602413445
606700270
610041461
605466047
609889228
603874302
603798571
608868438
589157786
588747229
584015812
588852483
585494009
583845655
601976562
588546619
601013504
599633031
602089950
591924835
588921479
589072947
600800887
588658100
601072579
583924864
600875129
583783006
565756031
567018954
565596076
565695447
560950215
577907481
566987770
561068032
583654256
569607667
561066176
568394580
571059810
567081398
561021561
582286120
567112369
566890241
576042443
570962194
557162694
555890593
557106666
555826373
551097697
551040902
548561518
560867218
559882328
558503538
549803852
555815461
549645003
559555648
549665595
548615364
557340806
555756888
548490691
559573652
536241780
536097060
547285041
547138921
528029525
547282547
527992941
540175672
540142605
548378078
537408463
536183530
537482602
548354204
537536521
527928238
547038553
526768617
536239227
548421142
511027297
518003683
514078028
524832451
512990987
511231553
513025532
517654670
514447157
526741410
515808525
511289205
519431890
517745326
514345255
511141274
526704379
511331483
506973570
514199960
501673828
500278932
500239652
500197987
505608456
501854948
500347999
500314989
498893677
498775382
506746827
501744968
501606063
498815495
505412287
501816093
498852273
505178125
506327498
500374743
496984322
497295787
495657733
495257728
497353908
495148583
498663862
496426198
488693998
496926149
495321060
490137627
489986446
495567098
495618560
496517794
490216946
498717231
497073816
490260933
475880380
488644396
475803414
487187676
481299053
474273572
485883699
474165858
474154222
475683936
488690858
487216122
479986334
474344704
485877445
475760161
485933469
487253517
488640419
487281891
472251391
470268376
470092336
472457504
464967964
459737352
472467415
470348197
466562314
459580021
470200229
470185074
470242782
459788526
459759306
472388993
469120902
472551560
467472583
472332142
452835886
444412726
459545054
434469154
434442496
452781970
434318633
434131629
453083523
436047365
444369427
434270668
441238455
441087315
459489298
441287388
434200593
453262657
459543756
459529751
432778972
431108415
428567678
432847803
428438085
428610657
427106371
428511634
431033804
428647998
431342520
429568769
431163534
430988393
432821673
428381552
428323020
426939706
425546415
427072315
421036490
425396205
423450527
423198062
423361832
423022468
421182947
425279636
422847040
425182264
420949358
420835302
423294153
420700138
419405202
419365012
425472642
421152030
421120877
425221116
417093185
416972601
419144896
413293099
409865202
410833679
419278024
417939237
412741558
419102796
413010461
410866607
419322983
414690055
414620757
414569869
419210687
413145545
410912988
414571967
403759725
402930782
404832490
403949678
409812440
403888090
408697166
404918131
406547647
409646633
406599084
408784693
406640283
404759489
404010435
408636420
403620932
404691323
403675686
403807901
392996039
396862479
395600799
393217609
395858606
397116985
397167358
396953367
395728477
395688380
395551835
393112521
393260717
391913429
391877519
397263628
402788585
393062355
402680088
402859972
391724000
380331315
387947593
380364875
379650091
379570235
380284496
379226050
379250352
383990122
387869248
380214704
379018618
378988998
380326728
379146888
379611842
379109590
383935290
379195312
372748553
371622392
375223704
372481455
378971841
375093735
375066071
372675820
373907585
373822884
376368509
371611913
373880349
373947122
373685198
375197861
373631097
376332634
372768954
375177428
358389312
356478929
358768172
371377972
363623625
371566480
366204744
362705702
357405396
358502453
357360534
356451987
371462309
366162773
363661260
364016008
362613782
363850444
365116716
358786951
355348645
355162714
348502094
355030227
348423322
349953456
355313925
351268833
355337805
356415703
355215333
348564710
351481947
351322062
356140357
351187852
353969015
349877218
348626099
356052399
341127762
346205032
343991635
346564625
346594078
346402290
346268654
344021308
344083276
341039560
344131123
347650942
346459844
347444526
343973096
347602770
347555165
347492138
340980808
347480589
327530975
323369391
326113817
333330408
323628558
325875481
326254393
340831892
334646950
334617150
328641982
327501544
326035275
329435197
327429212
324857998
340776379
327361896
333359274
323686611
315676654
322566735
313600691
320369666
322378066
323011454
306486949
322154142
319493308
322974038
319542008
322539975
313603231
319352096
311544149
319410042
309962510
305661817
307604411
309898269
271145478
297544925
296519293
296589409
303392661
271102834
301377412
304775954
304828716
301240669
301853056
301283010
303315597
301278233
296554209
271123757
303264263
296595952
271088718
301897973
264431672
268683084
265677043
266896041
265767783
265697576
264470591
269927795
271076032
267690993
263639362
263657611
268737468
269910097
265672438
263584058
263565113
267640827
268775251
263462906
249703688
248923562
248833721
247951776
247305780
262426855
247262704
261315064
262520546
247898369
247349987
262385766
249148759
263387356
262650433
262546824
249194945
250699775
262629776
261340981
240427852
243872786
244723867
240664537
245361632
246099823
245260984
240502538
241126778
241187819
240620237
246077464
242502410
240631410
244681964
243833027
242918685
242924185
241151301
240468947
233493876
232039312
232584002
240387434
235078656
233538510
232622009
240241187
239150211
235673358
239131865
233570396
232753199
232707565
237391649
240423342
239918317
237452896
235719134
235088219
227943774
232012166
231613433
229618751
228667376
229685670
226632456
229579943
228807317
229650565
228711379
226605768
226566973
226405046
228770974
227998566
226577440
226191290
231863134
229707068
221574969
216499176
221882392
221626967
217025393
221240037
221749876
220900242
217260641
218785254
221209206
217208758
217943923
221273692
220951855
221921577
220836502
217307769
217281688
217907666
216345487
213773674
215791112
216452233
216257366
216309461
215487593
215721955
214691897
215753045
215631045
213808381
213059748
212550262
214816728
216404742
213871124
215476636
212892694
214633877
212470789
210851031
212426245
210748795
210704194
210172277
210153968
210115997
212540229
212436324
212175464
212479207
210793751
209919951
212510421
211696644
208373345
211473923
209734965
210659745
202949535
206712251
207257872
206787800
203962098
202352940
202218936
206480408
206612848
203918686
206758066
208192490
206517945
202242367
208158957
207059995
203235414
207396135
203021965
207437857
196589211
194809706
192561866
192338329
196497326
196522152
198501967
192619669
191754280
192640704
190505854
196549028
194769268
194709920
191805427
191837913
192537533
193936310
193999102
192531554
186021075
186007128
182746980
188424142
184264785
190459872
188341363
190430351
182776465
181815730
190214299
183320046
183632465
188313068
188449401
182814248
190183706
183641839
183673185
183279287
180616014
179761234
179949711
181574890
181365739
179799407
179795802
181653484
181781329
180150706
179829887
180173685
179998240
180128659
181713732
179876873
180630520
181621275
179911130
177616094
173285926
176096774
173904244
176017752
176136134
173351257
176117753
173840671
177575028
174140257
173001134
173312548
173097513
173144817
177501212
176060030
173969326
177549343
176133166
174004184
170017292
168113187
171597795
172219330
172240793
172974416
168070176
172564402
169967039
171723458
172128018
172580601
166398196
166309999
168007526
166430737
171625395
172318202
171736540
168150841
159951014
157727383
165445126
159320515
163485509
165619530
163454120
157842770
159385035
157769212
159984437
162674079
165557656
162564101
159903467
157805606
162634849
159359627
165416623
166269333
154969857
157545129
155109748
154319895
157679879
155822210
155762374
154966688
157624493
157031039
156772513
154335026
155037536
156888770
155128135
154979788
156817415
157046073
157007488
157583263
154148991
153107103
149602522
153853070
148226383
147621337
148514508
148197756
147604719
151890203
153132889
153167784
149552488
150440831
153564346
150334226
154189947
153501454
153533922
148832405
146099058
147580288
147234861
146913094
146053707
146742051
146848701
145461808
145444026
145400548
143604369
147489909
147540020
145361217
145309475
143740807
143698803
143783733
142885858
147255591
139778188
140781387
141415958
140817761
140934595
139184694
140730500
139308893
139146649
140853404
141679354
141663931
139287037
138499495
139114916
140149345
139216167
141494872
140165319
139747461
134655913
134590008
136809868
134790355
136739816
135047321
138475498
134713773
135131307
137565162
135860970
134612380
136776337
135108480
135085151
137603543
133914737
133881846
136509800
135738127
131964747
130332575
130253461
129900632
131998523
129177523
128619472
131026185
128582606
129928281
130305090
129520949
129481292
129129361
130366651
128516765
131924963
131124785
131092116
130038151
122577443
121691758
120897484
121629642
123770039
122553545
121660045
119376923
119345142
128475052
121719381
128120113
119309911
127407111
122522759
128180383
117033026
125543481
125507071
127332653
109685348
103765955
99815305
109659622
100497659
99775891
96883940
103891511
101074155
111891260
100421057
111961652
105723793
111939104
103814147
103792533
105567487
103857847
100470497
101033722
92408012
92721842
92647536
92563974
92503000
92441722
96868589
92542458
92419941
92748387
92703874
92626039
92619699
92607959
92475691
92459189
92791626
92681205
92149922
92776803
88106801
82478955
91358863
91903504
91883653
91921306
91840841
91968810
88180516
88079700
82524187
83023888
82987252
91813813
88163852
82973419
92092812
88132867
83003683
92125829
81604605
81522105
81591660
81394756
81349073
81285414
81537289
81379362
81327157
80758502
80691772
80732692
78518487
81312770
81261831
82445452
80710746
81576164
80974315
81562704
78356463
76174688
78463608
78507737
76690485
78487620
77277550
77107486
78410925
77259896
76152489
78322375
76589859
76194982
78436356
77232382
76237939
76126878
77613860
76217578
72914010
73900975
67700120
69466359
74054555
69587742
67683588
67436516
73538961
69575287
73985385
76109990
72604787
67607863
73513769
69078199
72906387
72921941
72571342
69489294
64833511
64252293
66644308
67395012
64445444
65374491
64313188
66620874
64860653
64415776
64293611
67093027
67115005
64429505
65713309
66585875
65364822
64403934
64888388
64272322
61959866
62490756
60344276
62804802
62306734
61984286
62396053
61973368
62446422
62377378
62436622
63289316
60364019
60324184
59954345
63284660
62466933
62458052
62476984
63741813
52230385
52558609
54692221
54662727
59921100
52995585
52305373
59941595
54686063
52296596
53004514
52979421
52284909
52661368
52961385
52211083
51924141
59947869
52649982
52266406
49704007
48939292
49942224
49679136
49687600
49664875
48645225
48364203
48378591
48042200
51908733
49952314
51718958
51732515
48957091
48670362
51705360
48677293
48658436
49694304
44231055
47787068
46576999
44435394
47799538
43758394
47774211
44451878
48028323
46619533
44249681
43997060
44263694
43984294
46281677
45708639
45134319
45695253
46597876
45938559
42859397
42246176
41544324
43744725
42819788
41562123
41515503
43472760
43499007
42254068
41512462
40762856
43521086
41547972
42234397
43483988
41529133
41980409
43509839
43733266
39994065
39964438
39939734
39698877
40727809
37278080
39949698
39955460
40746233
40452824
40443688
40691896
39689000
40738744
37118659
40702513
39988682
40753169
40462770
39971520
36073128
35879625
36067901
36255449
35875847
35859818
35820245
34587133
34580424
36105209
34535877
35406469
36264265
35811704
34551968
34571404
36039855
35851639
36030092
36100847
33306037
33318537
33297523
33400507
33371594
33358186
33350425
33406475
33410590
33206897
33395912
33309195
33352469
33393713
33402633
33903771
33361148
33384502
33207286
33329007
33181728
32972175
32978663
33158465
32942174
32914218
32916275
33122170
33102518
33111790
33196212
32920906
33142661
32928401
33151443
32890358
33190807
33168665
32951149
33174550
32462481
32856941
32469425
32734224
32439032
32882070
32709780
32622058
32739906
32717476
32643841
32496438
32867455
32478580
32739167
32485215
32698553
32693285
32682821
32672276
31722862
32342781
31947449
32431079
31740394
32391100
31744717
31521144
31758497
31729725
32240137
31939673
31750744
32365441
31735989
32403902
32377593
32235457
31927004
31527010
31281374
31265887
31501488
31514267
31488217
31041002
31509527
31285488
31458230
31492099
31489948
31246244
31236429
31272553
31055409
31254961
31274818
31046029
31483930
31263864
30522469
30243972
30064720
30762832
30056188
30254943
30776737
30754962
31001305
30729967
31014310
31024485
30545589
30420804
30410825
30796274
30533351
30983365
31038890
30476639
29651137
29605564
29215126
29203393
29672653
29163949
28331701
29658862
29225611
29614273
29783351
28342015
29988656
28336705
29595289
29583255
29789460
29572426
29665010
29995471
27863232
28304134
28089810
26706074
28294133
28327754
27927843
28121700
27871018
28321961
27919169
27910749
26891536
28311367
27888696
28096847
26882522
28131542
27494053
27881161
25452693
25291240
24909407
25133199
25272755
23190106
23785038
24917924
25459481
25463599
25470736
24937030
25121940
25283071
26678864
25130415
25449987
25116541
26698801
25477748
22424649
22451275
22618532
22967307
22956409
22414814
22725772
22609722
22403460
22951712
22730605
22739333
22458789
22394428
22444011
22269591
22263371
22433943
22255298
22706356
21367037
21720143
21373858
21380226
21519727
21840526
22089629
21266441
21737437
21427961
22095365
21730450
21423239
22246283
21526198
21390489
21360971
21714297
22068035
21513640
19436693
19453420
21237396
20275386
20093579
20089841
20085445
19474614
21253774
19459146
19469423
21246139
20366087
19565926
19558653
19443464
19448540
21243214
19329321
21103079
17658884
18223592
18649060
18247965
18213700
18654377
17664638
16480592
17014207
18346139
18551359
16484427
18381978
18217122
17669906
17381508
18993116
17675658
18229701
19325348
16474004
16359065
15816087
16195095
16355523
16202112
16366565
16243840
15976707
16239827
16255333
16250604
15988215
16114933
16247359
16110362
15981703
16372414
15808647
16119161
15350689
15781620
15617973
15789801
15505454
15065118
15495930
15224825
15805159
15800795
15191214
15207760
15770959
15202112
15364330
15217561
15374249
15357191
15595719
15378647
14889257
14856948
14752510
14725369
14757213
14874009
14719611
14896981
15035035
14707826
15030432
14531215
14693092
14538973
14878286
14865935
14926364
15044761
15051992
15057464
14362552
14226838
13597144
14497169
14382619
14357071
13593070
13709362
14518218
13677596
14385054
14491418
14506365
14366920
14234896
14387879
14350062
14527536
13698896
13689174
13528599
13536896
13188218
13161716
13050596
13207354
13213707
13180348
13542305
13199664
13367996
13153532
13589162
13561562
13549594
13378276
13171033
13387290
13055036
13061062
13043966
12609395
12720733
13031554
12596463
12574364
12764795
12714020
12733886
12749795
12554306
12729097
13025773
12755749
12566218
12588538
12760066
12708131
12537898
12739357
11719367
12000073
12028411
12357881
11975963
12032899
11704120
12372578
11843253
11696766
12022818
11693416
11561344
11685163
11992811
11550531
12149500
12168343
11691049
11712579
10929956
11200332
11434226
11385082
11239208
11052272
11281425
11269084
11549287
10924298
11262093
11253250
11274372
11062062
11226559
11426019
11204677
11418072
11245466
11212245
10805425
9939300
10698430
10677972
10598631
10590574
10919707
10823793
10821051
10795315
10816712
10595461
10704663
10811125
10828624
10801439
9918433
10586210
10690623
9917487
9914522
9916401
9824548
9700486
9828172
9705104
9915467
9836731
9699411
9698344
9802950
9816689
9715556
9709316
9624592
9803977
9840258
9802244
9737594
9830790
9444053
9424115
9623434
9415675
9299455
9190253
9449240
9593277
9578477
9600586
9196105
9411677
9467942
9475035
9428588
9596249
9307727
9461403
9421896
9588311
9073208
8313227
8310535
8955433
9046448
8834292
8718605
8960252
9175502
9180478
8830752
8967805
8836133
9055527
8725463
8699571
9067847
8963630
9185343
9052184
7969031
8146068
8139060
7613212
8052921
8063586
8056909
7664656
8305488
8222311
8061774
8131782
8216371
7977117
7966126
7674582
8225773
8060612
7670969
8220278
7470786
7294489
7297197
7608869
7465426
7284079
7549816
7542459
7606780
7459672
7123685
7474696
7454275
7526514
7604755
7530420
7127227
7119423
7123164
7533356
6802714
6973197
6969784
6812312
6817185
6820171
6975851
6642076
6955885
6906920
6896900
7052060
6892633
6901702
7055484
6799527
7040517
6639227
7117231
7045024
6091224
6378261
6574948
6578721
6511760
6384153
6636237
6388449
6326479
6322580
6318245
6520981
6379760
6518507
6391852
6321372
6508859
6451396
6453390
6506197
5818063
5822599
5878648
5923222
5864888
6085314
5944468
6003119
5932921
5868141
6087649
5999953
5895357
5924781
6073869
5883773
5934686
5887201
5826183
6081717
5346812
5403672
5793455
5380640
5799795
5343106
5809684
5394855
5387657
5346286
5813777
5724875
5508569
5392906
5796693
5729775
5505042
5274027
5384761
5345580
5266439
5048181
5112088
5118514
5262174
5116973
5109802
5061189
5057874
5121768
5104622
5270162
5133608
5047186
5043672
4992078
5052332
5051567
5108428
5131362
4985555
4855141
4928230
4985894
4932259
4924943
4921449
4917199
4873479
4987925
4982736
4851136
4919141
4860396
4907179
4913640
4922483
4787454
4868673
4863145
4774589
4780765
4681855
4637511
4625223
4564474
4777353
4708145
4634584
4619811
4633299
4622038
4551496
4784393
4705850
4703340
4629885
4560141
4679755
4562409
4284723
4258913
4247532
4502368
4366914
4356836
4540771
4487128
4489381
4546918
4497816
4494413
4423274
4361502
4481223
4265311
4419396
4249948
4254460
4543924
3842564
3859951
4186769
4093098
4085568
4088677
3923757
3922315
3978698
4084828
3862343
4095976
3981261
4182606
3842458
3848764
3975998
3845883
3920168
3857483
3499947
3605978
3609555
3603311
3598711
3505202
3553578
3437990
3501569
3444283
3612740
3443686
3440936
3550795
3615938
3447412
3842262
3617567
3600554
3510401
3153521
3154900
3300689
3244102
3387226
3060093
3115173
3395896
3066320
3016178
3009933
3058774
3391293
3162913
3057833
3157593
3160028
3012272
3302944
3054874
3008091
2961977
2903688
3009713
2963120
2916426
2957160
3004880
2846070
3007363
2905855
2950736
2894626
2959921
2949791
3001958
2953529
2907481
2842271
2780413
2669052
2613538
2778997
2690148
2614806
2611704
2717861
2699462
2715310
2616459
2755388
2659879
2658046
2696999
2688602
2758995
2686713
2617954
2608859
2685212
2605013
2350789
2355206
2351669
2348176
1974330
1923941
1820272
2342602
1975914
1883910
1978971
1817025
2602953
2353191
2350114
1981068
1886713
1822583
2358144
1705453
1511899
1702001
1812918
1462695
1758134
1513604
1762231
1697105
1756102
1646014
1515383
1814072
1651837
1509820
1566691
1756806
1520190
1564870
1502439
1357288
1288802
1378155
1459693
1386051
1456496
1385466
1281345
1353092
1278386
1285683
1453436
1381346
1211545
1156903
1154342
1208509
1390242
1388879
1394017
20313
32021
19234
24003
1152485
19566
20219
20292
28540
1153182
19231
25305
19549
19247
27130
20259
32063
20239
28585
19703
