1086162561
1086019941
1160294041
1182053584
1196118750
1160811759
1083847612
1083439169
1196237792
1191780018
1092204923
1083973975
1194193762
1181976360
1084440582
1084092285
1085386672
1189509895
1106202099
1181917282
1078136049
1076161264
1079431316
1075805000
1077646994
1075587590
1074235299
1081779392
1077848001
1077753339
1077545362
1075492095
1081630259
1077704652
1083312545
1082618890
1075668948
1075308581
1075990614
1083381187
1063379464
1070305285
1063013116
1070208283
1064747338
1074216321
1070142393
1064547900
1059394167
1059342021
1066342576
1066285177
1064654473
1073334411
1063485349
1070391851
1066142836
1063565525
1062708049
1070489299
1052960715
1053910433
1053779803
1053290350
1052767610
1055586475
1052830943
1053654390
1055324931
1055439120
1055760617
1053512908
1053420426
1052911186
1054112163
1052086161
1054173036
1053200696
1053029294
1054004123
1047646132
1051309714
1048494451
1047847974
1050643508
1052021209
1051819748
1051921871
1051621808
1050727327
1048620261
1047943204
1047875652
1047733366
1048557192
1048453281
1050882067
1051715601
1050797655
1051466270
1046865896
1045058167
1047276614
1045206199
1044885213
1046572762
1044445510
1044270625
1045505157
1047400112
1044774846
1046972671
1046439969
1046684925
1045592053
1045318028
1044175444
1047186648
1046807022
1045420018
1044070710
1042201730
1041971851
1041596543
1041585669
1042931623
1042714148
1043953647
1042085636
1040042680
1042803235
1039937194
1044152683
1042337439
1043866085
1042516315
1043000691
1041469811
1041321134
1040181873
1038673088
1038830280
1036833116
1036759469
1037129705
1037345379
1038915340
1038697819
1037247297
1034738547
1038513083
1033865829
1035241289
1038975435
1034826866
1038589296
1036891815
1037047453
1037463701
1037605373
1033723703
1032992097
1031764577
1032939503
1020852826
1021192235
1025494564
1023188207
1033062249
1032006386
1023435659
1021110912
1031486880
1033291177
1023038169
1033491222
1023259489
1020995167
1020719802
1031926101
1018316302
1018733594
1017323163
1020298312
1018371361
1018963460
1018815098
1020343806
1020463668
1020427327
1019174340
1020188292
1018522157
1020392805
1017201780
1017137804
1019045244
1018665817
1020227721
1018454696
1017006429
1012501429
1012219395
1009833416
1016551230
1006169764
1011732422
1005789603
1005677392
1016694113
1012005720
1009435800
1006061008
1005957196
1016630706
1012347160
1011917184
1011640596
1016865146
1011822661
1001978506
1005571370
1004318035
1004088642
1001222369
1005383036
999792085
1001803729
999200100
997955811
997721617
999974236
1004217542
1003981037
997831427
994021328
1005443939
1001106184
999096680
999312210
967677361
977071862
986887869
965505599
965585128
965684711
975023357
985166082
991196607
985082601
980890216
978669359
977128349
968322530
968060497
992069064
976997502
964587313
976916742
964374495
959844763
960404224
959887695
962405219
963865489
960690643
961955672
957130921
957204241
962054548
963985224
962305261
964142683
960549151
958796807
958013231
964260714
963724683
962158859
960789043
951376872
954576878
956713689
949495890
952167649
952073452
949389047
956542430
949320000
956932711
954430032
948397813
952268361
948464119
949651766
953314532
951167836
954709516
956851197
957029731
946572488
945579720
944570251
947883035
948293181
944044578
947539174
944483870
947637659
944184579
948023468
946291680
947462710
944346127
945735250
945652005
946493634
948134098
946392665
947757711
933411698
935308238
943441108
932760347
933499528
932629054
928815031
943746707
943506187
942050101
935364522
943841351
933275128
932913454
942144140
930681476
933702607
935229245
943596147
943690580
922345168
919738530
919368018
924181611
924335555
923780861
917400275
921228523
927141788
928595127
928542984
917539379
919868735
927444104
928725412
919777672
925017278
928652864
917708727
917187892
915397626
916827567
917006633
915104675
915536274
914932829
914815929
912931696
911297857
913566227
908678416
908979443
908545666
917082912
911710671
908777128
913472300
911195900
915210399
914754239
896325236
904029863
905771622
900472517
893498495
895910878
902618179
894140272
902457297
896232032
896016444
900347864
906945707
896100486
906751859
894244568
893299386
902213307
906249685
893412442
888820948
888711796
888890844
885368335
888766329
890873223
885486187
886922604
885116683
885187660
890788182
889618198
886987526
888665197
888594065
887253956
888949218
887075683
887162477
891906211
878717462
883257923
885056920
878546693
883840191
883114012
883619299
881300281
878877969
883665499
878415919
883697276
883497410
881156740
883787946
878135120
883028835
881433439
883421182
883179573
873738889
873680009
873531521
875406400
872545605
875723076
870704045
871848321
873967404
873585006
869458925
872081851
871887383
875531054
870430161
870491252
872623565
876307951
871809073
875330801
861463103
857878313
859752102
859365114
859116709
857724543
859529688
869366723
863129747
866931942
861561735
868700364
861132386
868663184
862644692
863467469
862921496
861208703
859624439
868584773
856943908
855219403
851763833
855082370
849470478
849397899
855168691
853875429
855799223
849284252
857154506
844840863
857087544
849339026
843847183
857025173
848108348
853564866
846297361
849677561
842126480
843786169
840224757
838058207
834688852
841257998
842636478
839981966
842770285
841427228
835240833
834674713
836642136
836758163
836923317
840050819
837970112
840128621
838129505
841358256
827495438
827564815
834362950
832768634
832648314
834327220
830729959
832571835
833408234
834507043
832606605
829718711
827907887
827833227
829052686
826960264
832715287
834439688
830678229
828994434
826891566
818401059
818452495
825773559
808566524
825844744
822274908
820270717
820135858
810225986
808178977
806146447
823674110
823753754
808072902
808123499
808031045
819993897
804492355
808271332
799002220
802930958
785677464
798835156
798893270
804400573
785723191
802312969
802398821
803156300
802453674
785838077
802527723
785870758
803022361
802821965
802201271
798144257
785797735
785751923
779947016
774751338
782076824
777762460
776090541
774627531
774793723
778935982
778820682
774297588
779908150
779846167
775651042
774836635
774538813
774501774
774417206
774723505
774679364
775876300
771822816
770956861
772119276
771892725
769408915
769106392
768917747
772668100
768801939
769282496
767748153
772565036
771086362
774112122
770634213
769371854
773942362
772342935
772436958
773796745
765701734
763514558
756278582
762063181
767350156
767596783
756186737
762268861
757895413
765174363
765313477
766300603
767122618
765601641
765749652
767267226
767553437
766351662
765509495
764534885
738837255
737967208
737565247
744497192
753972043
739568621
741089508
740878212
739468006
753891929
745028839
742913931
742247326
739020813
744695457
738934498
744610675
739366167
742783725
741287609
734607567
734799638
731716710
736707450
737118474
735124571
731134722
730442835
729741308
734739431
729508468
737446652
731034872
731624319
730694277
729601024
735539818
737307469
730602677
737031060
725229247
728651655
725690801
724680613
726354468
728474672
726412383
726307139
725305685
726234381
726989085
728192932
724905266
724547756
726362121
728116547
726512806
729140594
729285490
725418608
721698364
721468444
720059707
722057825
723713852
719975745
722920020
724415959
723520638
719877687
719684472
720101838
722759105
720931957
720761778
723615783
721558106
722825617
720848928
722660998
719507814
711923569
716086970
711764151
716025154
715244154
719136457
715551180
715450804
712167237
717060240
711652560
715644627
715540889
717324910
712241933
719616858
716122308
713303051
717122383
707811575
707535702
710225613
708110545
708174124
705516307
705385396
709543009
709435399
707425958
706051912
708003365
710298967
707068127
705606114
707721087
705229518
707262929
709748249
709886474
701752716
703025050
696373908
695727527
699726770
703947500
696654089
704965135
696075772
699875101
702877124
703495231
703287493
703201467
696293022
695796263
703618556
696192792
705095580
703862428
694553019
690460116
693029054
688742696
694135767
693881577
689439707
688811366
691825369
689359113
694451758
689688947
689248610
694258551
692949140
694561952
689546917
691659276
689621461
693727772
688435672
687499306
684844980
687716280
685720981
687704266
688505237
687617013
687275022
686701811
685608628
687826617
684929541
686618521
687884975
686852687
685326376
686986435
685509575
685031073
682154016
682085646
682315550
684634668
681889039
684689116
682965124
682224979
674001245
673871769
683021918
682895465
681734683
681626465
675888785
675579130
683060362
675965880
676155501
675705162
667053350
668585041
672413237
667685763
673616935
668665633
673391335
673460857
673356202
667486969
672012103
672710833
668456784
673513264
667608601
672326097
667370686
667760300
668512374
669508947
658677200
658619086
658552129
662409321
662937603
664299704
662643673
666354546
664211697
659049781
666296174
664732744
665711108
662777694
662328380
662514307
662224615
660154909
659817335
659246740
658320672
654892138
658234074
653452311
654704624
657005359
658418456
655642490
655310969
657520305
656973517
655230297
653513497
657954940
656535069
654799464
658141885
657087477
657047394
655670922
649848643
651344817
649904720
653421508
649813979
652994740
651452762
652144289
650607970
650930767
650273486
649769818
652276040
653306196
651408535
651069896
652019611
652868162
653363091
651290767
648706858
648089050
649412480
649189366
647630297
649710451
647995028
649056881
648642919
647499192
647934471
649648925
648586638
647701288
647198958
647855054
646612324
648059662
646983141
648937269
640222019
643886612
640155516
641432372
646345085
640846043
643900491
646517757
641338849
643861488
642886858
646239220
642074723
643798018
643321310
642981507
646073502
641170071
641080861
643263841
639242347
639601817
639506449
634787034
632674772
634276345
634244220
632593257
635433152
639136022
635966110
634154547
631699430
638980506
640083576
633113523
631744173
634722549
634657592
631802806
626889878
630130527
629951133
626739267
631655116
631505038
631613755
631554469
630278999
629880201
628784888
621433557
628418251
628166085
631601691
628325517
621395430
621164842
628261879
631567914
620439514
615817279
620572915
614758343
620963956
614827213
614500005
613948199
613617423
613317226
612898675
614863477
621083737
620829169
613729169
613358815
612999949
620483826
614428157
613407166
609831177
608330080
610182855
603315826
603802519
609933898
612722195
607969375
603459600
608094046
603903281
603371224
608250956
610404006
608445859
608050358
603868506
603563948
610063296
604707597
594193776
592896311
592696280
591471858
590408938
600690243
591540115
591297492
600600762
592624928
597701310
599313374
599204885
592563588
590506477
590197755
594359095
594003100
594073474
600407751
579357029
580332628
579222820
574549668
589128043
579172809
590059670
590033984
589949071
588239448
588348528
588835083
589769769
588755363
588294275
579382220
589663985
589727305
586627689
579322588
568421530
568731459
570924008
573200446
568374495
568065075
571188190
571140305
567402248
567373187
566213357
565802183
572200928
571766620
572648636
567967030
566974964
572392775
570856294
572308149
564812179
564087668
561489601
565758813
563342426
564023884
563552929
561905198
564723132
565616038
560779816
565708733
561294287
562001841
565664677
564677722
563730757
562740326
563104870
563674142
560688635
557817409
559985462
557971687
559736893
559312023
559241920
552297009
559780636
558930910
551614937
551557991
553629549
552353093
558056835
558965401
553936071
552219032
551682846
551232141
548954011
550244552
551179524
551136890
549380875
549081676
548263089
551093076
550721116
550414297
548627874
548150443
549445842
549041621
548986194
548534034
550351980
548371968
550589896
549220238
547254732
545816232
546851408
546544020
545740051
546454861
548042389
547789069
547215404
546320820
545182494
547833795
546281279
545428710
545530032
547113563
547270496
545865567
545641329
546390388
542026084
543368530
543858183
545083601
544945278
545030916
541833719
545136181
541280247
543067606
543297277
542117385
543970108
542458609
541323543
544980980
544882182
541369411
542280555
541891604
539495679
539226286
539261535
540064780
539921671
539705217
540794268
539654670
540658629
539983158
539311225
538732357
539552297
540962568
539352756
540162207
538783996
540524516
538545158
540606929
538441903
535925677
538218344
536677657
535652366
537449344
535526040
534706836
536723198
536021192
537329792
534521358
537909503
537552118
536643300
537581991
536921150
535335798
538463234
538382352
533085632
531656316
532599829
532179003
531552251
532994125
534091803
533981270
532859486
533657198
532321351
532145682
532939968
534198316
531344395
531504924
533121244
533851884
531423359
532089636
530935178
531261694
528078623
528008320
527661108
530468996
530320563
530680266
528804279
527958636
530424224
528043451
530380342
528774792
528837344
528719757
530524714
529696615
529613782
527509674
525960657
524133042
525745785
527035753
524032677
526619758
526557399
527243666
526151917
525781053
525844158
527065722
523970522
527158118
525904137
526483765
527281074
526083525
527418949
526643527
523154882
522639925
523014701
521782893
521673553
523829361
523771643
520499946
520438383
521324737
522936743
521862808
520782558
523064989
522333284
520718562
520367612
520823680
520003037
521594085
515893742
517468158
516651478
518454744
518489017
516289484
517384821
516528696
519387983
518418499
517708865
516823367
516479335
517020104
516362200
519025221
518551817
517143837
517579912
519944271
515056286
514902317
515198155
514462928
515828697
514419644
514378030
515677458
514491376
514838959
514334076
515777683
515272885
515003456
514225997
515598535
515738871
514942025
515543141
515860042
512616297
511764572
514078877
513911899
513460542
511873405
513998579
512274830
511976840
512401559
513784426
511122273
512483698
513580726
511032546
513644296
514159568
510946468
511309113
510691810
507715445
508285558
508227509
508617460
508334338
508016591
510027967
509402907
508567502
510273243
509812139
509373551
507929490
510130042
509693014
508683122
507778842
508497136
509537877
510530703
507130468
507677591
507625418
507216347
507574564
506950070
506666055
506854986
507075793
507019990
506552804
506697759
507164847
506802460
506623563
506920487
506770781
507097823
506987564
506889093
505555480
505278239
505239035
506353869
505513620
505318438
505652590
506261175
506465549
505793027
505756417
505607357
506170452
505697353
505474561
505430506
505355357
505390186
506518255
506396308
505122603
505199831
505162418
504548003
504998203
505068862
504887686
504393599
504468389
504959828
504721360
504632245
504427204
505033721
504791762
504831762
504759252
504358376
504677285
504504102
504230825
501719830
504129396
501610904
501295050
501161857
504205193
501441848
504173013
503851723
503275230
503586501
503087834
504317224
504073332
501567008
501831896
503715938
504275483
502916966
499386731
499480286
500749626
500301853
500983046
500585650
499527895
501060079
500180604
500690031
499605267
500614107
500056502
500240326
500791483
500133816
499998005
500922741
500867480
499712897
489096764
499262317
498508116
497981516
489545009
499302670
499349286
489198078
492476373
489142787
498151978
499243749
498414172
498103406
489246461
498782780
489064859
498029632
498730867
498230926
484737390
484886795
484343327
484395174
484232236
483210305
488030644
486603516
483384386
489031153
484831282
483318123
483259365
484138026
485563026
483158782
484288399
484195187
484077858
483491893
481901250
480730482
480572644
482606989
481763116
480395394
480794406
479826434
479705477
481709388
482324252
481952551
482506850
482679891
482569997
481262562
481198345
481156234
480522453
480685003
474367180
475167404
479030796
476464628
475758557
474204080
474933338
474405350
476586101
476521823
474218847
475035812
477715302
477021419
475262760
475099717
478984319
479222672
479156271
476364361
472830204
472190122
472758398
473348257
473270945
473633898
473582517
473379849
472595778
474115063
473803287
473460282
472889141
473748606
473419378
473239626
472253237
472688677
472883704
472937925
470579050
471922081
471673054
470239758
471650108
471602430
469616961
465754215
472073038
465706201
471541015
472027312
465635048
469569955
471287881
465485868
471363661
470134968
469556548
471482489
462727242
464625835
462660548
463951902
461109583
464340576
462648886
464941795
464014194
463022843
464111454
464512811
462742813
461403091
462780225
465414431
464022191
462973700
463184270
464867652
459748302
455380779
454189250
459909000
459961272
459814863
459849357
460673105
459028464
457740973
455526688
459787205
454925829
454804884
459879315
455397705
452946576
457543357
454882354
454761835
450030540
448606455
449513433
452355970
449210356
449292371
452409005
450042905
448996281
449247099
448909808
451399199
449448892
448969844
452312951
448929949
448524057
452269140
448877925
448821913
445462218
445177597
445665124
445559103
446424867
446330163
446376148
445233633
448456043
448084190
446771883
446654215
444889425
446707692
446929641
446258900
445610740
445402897
445326868
446917207
444687218
444741557
439546395
443173660
442400154
439413668
442066173
444795239
443432942
443243761
443135956
443336041
442125922
439457713
440968475
439878765
443388363
439512630
444811999
442345588
436883881
437174139
436833087
439249999
438767650
439324374
436634362
436687373
438238269
437855382
438660828
438607871
438828451
436895622
439376700
439371946
438292969
437094425
439213392
436732918
435663118
435570151
433865564
432232696
432211987
435542293
429588398
435309338
433648583
435387888
430945836
429494237
435509814
431642704
432334555
430797643
432285131
433564634
435556904
430698788
426297025
420028274
428162141
420153504
428333253
427990374
422313791
429061059
428438942
426760681
429399878
428376114
426529260
427893547
429100754
426652862
426309755
426079451
429252324
424087100
418074681
419945459
419075281
417397553
417353602
417426585
417058328
418849882
418905081
417655287
417575413
419843750
417509411
418787618
417538881
416923172
419005161
416979111
417143831
418967800
416698044
409501265
415719331
415289578
416787345
409637147
415566985
412990612
410493846
410080738
415699558
412747549
413213624
412037137
415318050
410184803
410131219
413201754
413143663
410440378
408298610
408530196
408168060
407556525
408419281
408328542
407263145
407041877
407035118
407015464
407306190
409311485
407129526
406408486
408539216
407497981
408497992
407091691
407049124
408376125
399982867
405818148
405778596
404094496
405926006
399913394
403961646
406139466
405959913
406288404
403999518
400020912
405720568
399947476
406352231
405870067
404073015
406122799
406202657
404028747
397842053
399034401
397439595
398795449
398179155
398095421
397466171
397408911
398869442
398847190
398821242
397640789
398809278
398010236
397850873
397689220
397599234
397915833
397520779
398906906
392930459
393299720
389626764
395084574
396255936
389679846
396543706
396471447
391675718
393319519
394933135
395922806
395165873
396414449
396007812
395976990
395929593
395006389
394864764
391768266
388094710
387320182
384310743
386371934
387999306
388700809
387987568
387926388
387093661
389581279
386849308
388254896
386648161
387197237
388493778
388307749
387258359
386833979
388181030
386530957
375451692
382322484
383976601
383907783
377213726
382945498
384209390
384006040
376018285
383447266
384159767
375604893
378089693
383945465
375554978
375486590
383360967
381580219
375295670
375781196
373012055
371343009
373696467
372020935
373040978
374251907
372042594
371264542
373606139
371489506
371192682
374553606
371607332
374693754
372501924
374295610
372392562
371103875
372332768
372560131
366878507
367960641
366128148
368380080
367915414
367847417
369634415
369715350
369829537
370368969
368267441
366947841
369623055
370405855
366142213
368000624
367076204
370326274
369769294
368055866
365818001
364391472
362207630
359767775
365972486
363641431
364167413
366062635
363554197
365768574
363712788
364824724
362143314
363146714
363620237
364736961
364704618
363787644
363190977
365876831
358595668
359686524
353244881
359565973
353419730
351061705
359043928
356617906
355705255
356615561
359621757
359071924
353488535
354823206
351005371
355699007
358505481
356032929
348654250
350987627
347836409
347426046
347219509
346792216
347953341
347996542
348567852
347223867
347343168
347212290
347147631
346850723
348605240
346765380
346821463
347085022
346738194
346894444
347839248
347926248
346095171
343128471
345367700
344181012
343162854
345326115
345171206
345054931
346326838
344264605
342077444
344558090
345122334
346356192
346089375
343094133
342397109
346363949
346234504
345365830
337553081
335603728
337579435
342016218
335491112
335596472
341249364
340149082
337413854
335543500
340117360
341302848
336923512
335436244
335659164
340760701
335863791
335805529
341996183
342003644
334542002
333250010
334420962
334157541
333947824
335068662
335296877
335172229
334483730
334338303
334273089
334211731
334097995
333542305
334014495
335219340
333187236
335016074
333639179
334593974
330499616
329466749
332866056
327478940
324439286
330645420
324673795
324658323
324522494
330561796
332756189
329553514
333137095
333062664
333026878
329410733
327424819
322530777
329601165
322584044
316371067
317290080
314374368
306531028
322483617
317345103
322278956
317283132
322440412
314424723
322341920
314435005
306596520
317453880
306485427
306646041
322388532
317435881
314575389
314609595
302523529
302826547
302444901
302015292
303253101
301957935
306426541
303082966
301719914
301405006
301643822
303317541
302559963
303186619
302622865
301355557
301451031
301446242
302915029
303001695
295019503
297627773
297494400
297595173
295217047
295158857
301078181
297258576
295211880
294773575
300304061
295108903
294925212
294788567
300400647
297632113
300199502
297365138
297458021
297553982
294716686
289733070
292433075
285789255
284707783
288188784
294672483
293698713
293232332
292595264
292496499
293622481
285622700
294543282
294564255
293978688
294452984
293535688
284433953
290763389
283198719
281871957
282334999
281953485
282987559
283430630
283031237
281900908
284378061
283084279
282149161
281816721
278000420
284260292
282326047
282258672
282230165
282916375
278038025
278205407
273210803
273090431
270228688
277915329
275202756
276307363
270158892
276372075
273248634
270899410
276810763
270937854
273160223
270174534
277257621
275129236
275254757
277975379
276852766
276429962
268431313
269533451
268273310
269556066
270103360
268588953
268387062
269318025
269435070
268471833
268221400
268167100
268103807
269067843
269192521
269382437
268330219
269157661
269120985
269677212
267288390
266936730
268069002
266224815
267719700
266362646
267415981
267969654
267008463
267249223
267105190
266910401
266274891
266499508
267604623
267995089
267653723
267045870
266971847
267351505
263213887
265982576
263276719
265884006
264802485
265924530
263291407
265306559
263330352
265371120
265894044
263077973
265860753
265272368
266021249
266175932
263151689
265183032
266059259
263439051
262423117
260929309
260824183
260249065
262225594
262058288
260796976
261109991
260118096
261648144
261784435
260308008
262192701
262113379
261706543
262411010
261894130
261730967
262457786
261985580
258529363
257053373
258881340
258077012
259866849
256927632
259912528
256995516
256922395
254850115
256184973
258031245
256066227
258158918
256831112
257099900
256129658
259963843
256870710
258495651
253849643
253452883
254770980
254629498
254459693
253288140
253239969
254423977
254808671
254342808
254725095
253379216
253347569
253485480
253319604
254498890
253407069
253812824
253926827
253889896
252313187
252015979
252229188
251947293
252242586
252906151
253260816
252848608
251981829
252430759
252514194
252777446
252745826
252633158
252410173
252362401
252940642
252968941
252474533
252713026
251446011
251360871
250408508
251281333
249976414
251816546
251397798
250532916
250596282
250430902
249448414
250010396
251369858
251872380
249429312
249926459
250951254
250047198
249472641
251905525
248707545
248422387
248757810
247693566
248867816
248702916
247494057
246910304
246880470
249232520
246926739
248396394
246838606
247984575
249403528
247619578
247648543
247745199
248911896
248656035
246754773
245069938
245273473
246328352
245903455
245217592
245422730
246008736
244834003
246109700
245277464
246254101
245225396
245856529
246379764
245876103
245967125
246778525
245925853
245319372
243714401
243791845
244710797
244669099
243825143
245327247
244357391
244803945
244771366
244327452
244292536
245114662
244420739
244538315
244495876
244644799
243938930
243856440
244593476
244376446
241032307
237816668
242942833
243132841
241000387
238214506
241092099
243167786
238138747
243572843
242881498
242999501
243647963
243492772
243102905
243046250
243608373
242845266
238167576
241062676
230622313
230601536
230599434
230128701
231078409
230953513
230118167
230082169
231029667
230808134
236881060
231119785
230867072
230910751
230640599
231402270
230174537
236908537
230580301
235155011
226066223
229156688
225511263
226095821
230000247
229172195
226781457
227661504
226716884
225953182
225980226
229094098
226763619
225933951
227691954
230044445
226027686
226378377
226141994
225967871
225375370
223681706
224550842
225164178
224813780
224646055
224623223
225350592
225457195
225189938
223810222
223700236
225290992
225227215
223783224
225253407
223747531
225422813
223724100
224678167
223660101
220597583
220642145
220120937
220604952
220300152
220693824
220125045
220065660
220765626
220673150
220332673
220324570
221649536
221595895
220607117
220233853
221571897
220701716
220728188
218808035
217642625
219799468
220035945
219234181
219378001
218623457
218725697
219205190
218763028
219922843
219483303
219891251
219164778
219302191
219265888
219417965
219329404
218659378
218584958
215221931
217616470
215494001
215385106
215534508
215157311
217539773
215454798
217564757
216310051
215306621
217588905
216356560
216395200
215413534
215348079
215631094
215581247
215191893
216451675
213761767
214756592
213719973
214704847
214314690
213900407
214357713
212012946
211966697
213800778
214391341
214834556
214464111
215103853
211949220
214502588
213938000
213830825
214820220
215129161
202526483
209164446
207065622
211920144
202362972
202320542
206979135
202651820
207004488
203322736
202298263
209196863
203259609
207037018
202480752
202575157
201898185
202271801
202002344
201973756
198952623
201702645
199079865
198986490
197992374
198002630
197945133
201765035
198242123
199027308
198527706
197799358
201801848
198022658
198140777
198052263
198109406
198749078
198779737
198265704
193116334
193150249
192808190
192874332
197282457
192920489
197220537
192522054
193321309
197257273
193285537
192437560
197727167
197770091
193610490
197750878
193641677
193352938
192956493
192834096
189356389
188277716
189371154
183391151
182987200
183006961
189015313
188639022
188043568
188170602
183350483
182943347
188666456
183319393
188704413
188954863
188224846
187445912
182964583
192333286
153433550
153366541
172682411
153303746
153248619
153205136
177861917
176401934
182424111
172656662
177920971
182395282
177904662
171358218
153449781
177880354
177050008
176535618
176559217
153136296
152331707
151997856
152417903
152772818
152343370
152705729
152011728
153042204
152733894
152574026
153059003
152540883
152437919
152626089
153000444
152361683
153114003
153090721
152677975
152500301
151953564
151227901
151634634
151649255
151724908
150378337
150974724
151765623
151855126
151707478
139735587
151690402
150414100
134798500
151098566
151611212
151192279
133779718
151323157
151908025
109884342
132730480
108498389
133722576
132790273
106943215
113146368
106776110
133729361
119595308
114095901
113240628
106926629
114163027
113203580
110442753
110446820
133597556
106896251
109933307
106645543
89195504
89299922
77185053
55931775
55974909
89257016
79704566
106741226
82141646
103806231
103766810
57441971
54110571
106665819
79536837
89224282
55943935
55915553
55946248
51377655
52084575
51397089
51713807
52143532
52104190
52123500
51822512
51768968
51641082
52063597
52050223
52451091
52165532
51744097
51469670
51789514
52435661
52076651
51447609
50688356
48821415
51363847
49090454
48881169
50069391
49085748
51336303
51050002
51308376
48834040
48849687
49474692
49077820
49459917
49159704
48897169
49097197
51322312
51019796
46025726
45345919
45013511
47983361
46345773
46056598
45772834
45764798
45759388
45811363
45819032
45502725
45492277
45491408
45803903
45778714
44992065
45498416
46031220
46036368
44826908
43461571
43285963
43418249
42661323
40953556
41736972
43790927
42670603
43445540
43281108
43928055
42678931
41280997
43396638
43659329
44978100
44589408
43838307
44598265
39185364
40935529
39713082
40494834
39602003
39622032
40407730
40177993
40504639
39488388
40428931
40160072
39610649
39478388
39706907
39837225
39829632
39685889
39671952
39739262
37972510
37072549
37959685
36708995
39139782
38570445
38508511
36422720
37984684
38536155
36718952
36973361
36671679
38685712
36992608
38271714
38262177
38554373
36946587
38676433
36021669
34620494
33792091
34631364
30542866
34641212
30531825
31360819
36007582
31137298
36035793
36163407
36317798
36189971
34250705
33778617
33507760
32707252
31315463
30949115
29956620
29860806
29847640
30280905
29945686
29865795
30409059
30144145
29823629
30414381
30178846
29974734
30267871
30266096
29964522
29833561
30291680
30184762
30146931
30422836
29746190
29736779
29177889
29361738
29340069
29799591
29629789
29771215
29300466
29728068
29370954
29717685
29415050
29380297
29806463
29623458
29538321
29331706
29611201
29322015
28425933
28975391
28280437
28393851
28569986
28388081
28305884
28477441
28241391
28248690
28293290
28577979
29101826
28604919
28594412
28585936
28437625
28404999
28381784
28314922
26415524
27461611
26772458
27353662
26778054
27361560
28107600
28100028
26430595
27345043
27176243
28118035
26971587
26615726
26424331
27184914
28223150
27805602
26607766
26582865
26381447
26280618
26180164
26209256
25991997
26286079
26199959
25934917
26408404
25919097
26253878
26188118
25983628
25950696
26387610
25942860
25912909
25905927
26266838
25927255
25780778
25532252
25521940
25648976
25376383
25370189
25236026
25788201
25636797
25363995
25267558
25550579
25795904
25414264
25657008
25773619
25528285
25382067
25276952
25543973
25183926
24904583
25189863
24914480
25039359
24860523
25007289
24696836
24873624
24804941
25023098
24840307
25217118
25204029
24707348
24817846
25195635
24830354
24811975
25225873
24281334
24390955
24609787
24322878
24693728
24417442
24396580
24334030
24503278
24676338
24484448
24620884
24662025
24627487
24615152
24402632
24512637
24474767
24466290
24407445
24274696
24241979
24125290
24222225
24057029
23964769
24257508
23924723
23899573
24065938
24226405
24076530
23906350
24050788
24147310
24234726
23914058
23891795
24138822
24045655
23692920
23677897
23669948
23537166
23743926
23715574
23857667
23884581
23556450
23520973
23723457
23876620
23736266
23704604
23565930
23545310
23683376
23867291
23752827
23513464
23146644
23381899
23487965
23470502
23458584
23348821
23316661
23288952
23164811
23294958
23154704
23329102
23275760
23356599
23478718
23463989
23308817
23172867
23265502
23336444
22888254
22736591
23060227
22861645
22842151
23089232
23076872
22727858
23109344
22906236
22677656
22673514
22847772
22923365
22853704
22718756
23129936
22913131
23050036
22897339
22378057
22341363
22512969
22245496
22365025
22029407
22238183
22572375
22385162
22394911
22559580
22039822
22371829
22549914
22592811
22130837
22254947
22583453
22517587
22508244
21535663
21624890
21515960
21677883
22012890
22021806
21685355
21635230
21488552
21670312
21662619
21844385
22001411
21508000
22006886
21985971
21530771
21522329
21629763
21500448
21170114
21366938
21006208
20883937
20855169
21474276
20902144
20893806
21368914
21021172
21480399
20876658
20920900
21331521
20928305
21319773
21381689
21165382
21015296
21469201
20541597
20595911
20751271
20546869
20731500
20832904
20723468
20845175
20712622
20678449
20672160
20577128
20564441
20686703
20509982
20840135
20586684
20534404
20556439
20663974
18280600
20216120
18191003
20336224
20494975
20425234
20418598
20228744
20351490
20359292
20347536
20052152
18204021
20205660
18195629
20498720
20431407
20338747
20239880
20406579
