991583963
985864794
991544174
983985823
987737788
983815467
984113600
989825438
981647506
979397902
978886627
977599400
1008938162
989874716
983763115
983911920
978972085
983665404
977637841
979463447
923584671
930369983
945213468
920572856
930306483
918580896
923368750
952957024
945347850
929828162
950617037
950572603
949079766
953031736
953116436
945281798
973060220
930098618
970142342
949018284
910305181
892799639
890388147
892259096
897846019
910502656
918515859
910368741
897610966
897790068
892917574
893029382
910449405
914672272
892328147
892154441
890329872
905854463
914630092
912649521
864577667
864387888
888006829
876685681
873263192
890018214
871390011
890082296
886494187
864036943
864471154
888475560
863786568
863666874
871710145
877621350
888434721
863916859
871661727
887918336
858514386
852766531
854645959
858569529
862294046
862031144
859924621
854872388
854836150
852998895
862364100
852862941
862071392
852951441
859827566
852899690
862122056
861774471
854797294
861861722
849053631
850860560
848715243
848987771
850811652
848655781
828632206
821054321
850716595
852707870
850931116
821009643
834131751
819033885
850674033
848793639
848601133
830486608
850949625
819078167
813156883
807877022
809809277
804188298
805536718
807957362
813805245
809767385
809410431
817495698
818985928
805617264
813880723
815486784
806056047
815660505
811398290
805969226
805918828
813737890
796060711
757013312
797829091
774830819
797777712
778440063
757064361
804163995
774867696
795873068
797229284
795806366
804094150
756971025
778372639
778480674
796007293
798172206
798075423
795777241
747588194
756931249
739938410
745882787
750950041
749401825
753037485
738181312
745383613
743879603
745403126
745540592
749529027
749572378
746075740
751443315
745955984
739978333
745459624
744058087
648013550
648022144
648075152
710811870
645100071
736304613
712352628
729825562
729982018
648111639
729748560
718096081
729857126
712281281
688026870
732018891
710779011
732051969
708900058
708862520
631353503
627268298
627792142
643551994
631324718
627831090
627722270
627382589
632995136
624680489
643726228
634603978
632960651
631505868
631522435
643526563
640059867
627192669
640099959
627328930
614845383
616387359
615043481
615201382
614958396
624618018
616316224
618584892
623207493
617028739
614897180
613693798
618497087
616940973
613783939
623173645
618534434
615167302
624646380
613732231
612341479
605391806
604165128
605340656
610808083
604207499
601399911
598485129
613474496
612097445
586527558
590883429
601358955
613502711
612301027
605613404
586604455
604269897
605582103
612151605
562903868
561163972
576799133
573480979
562583388
584477459
586466164
584626142
561120773
561351722
584553060
562822652
562612370
586395652
561319594
584285371
561285439
561078838
562849043
559848007
547590433
533253163
530147440
543190018
542881649
547571263
543240372
530184168
558868493
531600759
542781640
558723974
533205942
558596387
542831956
536605068
528436214
558526211
558827413
559810760
519516438
520999161
519465459
521441024
520945443
518053557
511342399
518412562
520975495
519825623
521497710
528378438
516264849
518364547
511384110
512107171
512054736
523536904
519546706
521026590
507202449
507546916
506290744
502947541
506548705
511269811
511302686
509528620
507269622
506677813
506800858
506731265
506407443
503006744
507420461
509460102
509325288
507516497
506453910
507291435
500447534
500424314
502694449
502066386
499153149
498988668
495987544
502318816
500331260
496062464
501828396
502868370
501982002
499199915
499106746
502580534
496083110
502904562
502478948
496221554
492493769
494119366
490790336
438076698
495887249
492533815
494347151
492684992
492617010
492443103
428684943
495956035
488809455
428661899
438144031
488785489
488803775
490859805
490715509
429206647
427559718
420457192
428161799
420159701
420013364
427005992
420069626
412124589
427359995
421353093
421213765
420355734
427155139
396244271
412304450
420270749
427400047
411068062
411085318
427097477
390609980
384036394
396193153
394500134
391864161
390633094
394450753
393330310
390870624
393355842
396142918
393383334
390662760
385485765
396129902
390939872
391895068
390896870
390687627
385384440
365284144
382591845
383908012
367860754
367811461
367737934
380444605
374090335
365256319
367914652
383973074
374120149
367747356
366343630
380466841
384003019
367777216
383946305
380239383
374164615
365195005
356662216
358239635
356696488
356829457
359098334
360533112
357816000
359174766
357878071
359067448
357845302
360483238
357786068
360678251
356728138
356927427
359352837
360728007
357762004
347804551
350367849
350286924
351861690
356628146
348017577
351895193
348032488
350344170
355433664
356609484
356586423
355721823
347954480
352021041
352085124
352074943
351918872
351965973
350416602
343212379
339568886
343045368
341726848
336407633
340468195
343103151
347775804
341794167
341860159
340437183
343163403
339444693
340539502
339409592
341765888
339533844
339492702
340496553
343066612
332137099
334877536
336164963
336142297
334910932
336106516
334967816
336085396
333635379
333403959
334851755
336193776
336367218
333630035
333472616
333439196
336067856
333512847
330048119
333590108
313771761
329933703
312778026
324933343
313769829
325126859
308004972
325056446
325022946
313754574
307973360
325081213
301276037
307922095
330012523
329981375
329948967
316186446
307944725
324973892
296822556
300899786
225899748
215051149
204538598
300933477
300868756
215033215
299719551
296804183
204534703
215012697
195694841
301221240
299749704
244271220
225878371
299765425
205347752
205322847
195680761
194368472
194351603
191349584
190002314
191333726
189935131
189778242
189317190
189304858
189292853
194398769
195025620
191993434
192015637
189333052
195049686
195668874
190013005
191310402
178707708
176979380
176190407
184413635
176169122
175470548
177884131
175562463
175579949
175493392
178686033
185986142
176944525
176155963
175596779
176965615
175572340
175487260
176142258
177863726
174811741
164388866
174296745
174324369
166980651
174797808
174775337
170362513
175444575
167084768
163636051
163665004
164341322
163486034
162954911
170341944
174279522
163579032
164255896
163534903
162893352
161200759
150695971
160214727
162010801
149858933
149785113
162096133
150758906
161946467
162060402
150737368
161168597
149831510
149089700
150716041
149075841
162017983
162920800
162726279
149057121
149072761
149041597
148965352
139344873
148908288
139613873
138688158
148369679
139445250
148934794
149020465
139413717
140233582
139331185
148981182
139389789
139369633
148385247
140208917
138674515
134291367
135200629
135316872
134247743
135303936
135269938
138654047
138636912
136150405
135223817
134272280
137827973
134158596
135290535
135251564
137855835
138615561
136127363
134547593
134119945
134068804
130321687
133245731
129700727
130475546
130382230
133146297
133176066
134092092
130402755
130516620
130492937
134030437
134128016
130468180
129717111
130537859
130352718
133210461
127765284
129675693
127816927
128777639
126606560
122364748
129655352
128839503
121434337
128809000
127783754
121455561
129635469
128791618
121400273
124901553
127845091
127719614
121377473
124926919
118610312
119486693
121277990
119462122
121354234
119441028
120368324
120107796
118629549
120065604
121303904
118702194
121330964
120026999
120137607
118679576
119990050
121249484
120398094
117835093
114310612
117048690
117798452
115928174
115450358
115429925
117065116
115286708
115250727
114276651
115481379
117759403
115984534
117829299
115336547
115317479
114342766
117139156
117158576
115412973
112952182
110639526
109450518
113643439
113578430
110401206
109404507
113598543
112928615
109538091
110385570
110329097
110422672
109431096
110455250
113654807
113624212
108401443
110438400
110364127
105840433
105111938
105758152
108314833
105915940
105166985
108346663
107429914
108371103
105933848
105866610
107406061
105823191
104517881
106620486
105190381
106603368
105773572
105897240
108288049
100027953
103538666
103634954
103605169
104349887
102627517
103660308
104503136
103556023
102604535
101928185
100040696
104366211
101394067
99414262
103524706
101386205
101945933
102634161
102776842
98427648
98462715
97756034
98489783
98537799
97653201
98631142
98556344
99379350
97793757
98598459
99390245
98660657
98523271
98381936
98348220
97815228
97775720
96968389
96300530
94308380
93523324
92930436
94990495
94120473
94970786
94820094
94149634
95619144
94323897
94291729
92962443
96287314
93543427
94339533
92945089
96222055
95603650
94957897
92872921
92771192
90623198
92855026
89661000
90584361
86865121
89707812
86859354
92224485
86895946
86871511
92214553
92237630
86889515
92747486
90690763
89680019
92253651
89690364
90652528
83415083
86422870
82787750
84817260
84232527
86389927
84857556
86852515
83468679
84210039
83445017
82777135
86362129
84224761
86440560
84867011
83406121
84217799
86469742
86383665
82590615
82580110
79927301
82724984
82741956
81720446
82766928
81699462
81739553
81729694
81778322
81756190
81765666
82653440
81711979
81747975
82643774
82704220
82713950
82598354
79917276
79838050
67206639
79298607
67790445
79802504
67773235
79262888
67228016
67217320
67751919
77343562
77356408
79283706
67738385
70116164
79819950
79273765
77334060
70125174
60431116
59963898
61050077
60459976
56711396
56198609
60463859
56212170
61080292
56191504
56718149
59974216
61066665
67178388
65013843
67190510
56182523
56240593
56205321
60446419
56174958
54307152
55787629
56054795
55306642
55756543
55299581
55779220
55771632
55254209
54449450
54441213
55324841
54427875
54403858
54901630
54416018
55764093
55316473
55262026
53070777
52671139
52337033
52693248
51506217
53369628
53812304
53053122
51484745
53078932
53330877
52681318
53062943
51518443
53350759
53423219
53851939
53833553
53416652
53087744
49421503
50857483
51208696
49979965
49412263
50318525
49040119
48762775
50886067
49033734
50018370
51192561
50010574
49987640
48752441
49049871
48744818
51467927
51206463
48735841
48142095
46769002
47163371
47108221
48438301
46737799
48426947
46757314
47838364
46745646
48121096
48663982
48676859
48651120
47831176
47532438
48432195
48637051
48147529
47407255
46368182
45463946
45255026
45263351
45765667
46015581
45233396
46354081
46037775
45510167
46023774
45749917
46030359
45771013
45753584
45474891
45275870
45269248
45758623
46192743
44587987
44625744
45192073
45182992
44886772
44614105
44523157
44861767
44945868
44602091
44874807
45226245
44594889
44533563
44980688
45217741
45208546
44965607
44936555
44926411
44507522
44054983
43717188
43804654
43795029
43710514
44313834
44222265
44289585
44212345
44069740
44061656
43798157
43573590
44037347
44306908
43940152
44047647
43811225
44299327
43547298
43481182
42987056
42487694
42607326
43464339
42936730
42978547
43301450
42628892
42597484
42504323
42519717
42334849
42318586
43563435
42617268
43555014
42919089
42324256
42054700
41155429
41135545
42047672
41588915
41230764
41246128
41105460
41124495
42066752
41603721
41595154
41587673
42071814
41582043
41398204
41144973
42079228
41391541
41113490
40817570
40831733
40540170
40848490
40493209
40559073
40695585
40708681
40499128
40730631
40533883
40564231
40681022
40821403
40547942
40758236
40485726
40742049
40555879
40714965
40278766
40271005
40060672
40431760
40457018
40131196
40070220
40048921
40299252
40264528
40116584
40464631
40478571
40096809
40036190
40292587
40286945
40107177
40427253
40029070
38909019
39191646
39215903
38953411
38944855
38933675
38918070
39244475
39792605
38925662
39182944
39776564
39573228
40021738
39784214
39234887
39197723
39259812
39549271
39205765
38156729
38097552
38128169
38406146
38378261
38137602
38651751
38398651
38148823
38174931
38888071
38145616
38393374
38168949
38357091
38641646
38900199
38877855
38161023
38385479
38088401
36365325
33348625
35148624
35130319
33339285
31085430
32921781
30978129
34903291
33356130
31074634
31077162
35123466
33653367
32950758
34906533
33770407
36119983
33647201
30805960
30350637
30844940
30584891
30563872
30609685
30338483
30847549
30888899
30548304
30849946
30853544
30593031
30567842
30635059
30557749
30819875
30357054
30813502
30602048
30116062
26731347
26537567
30109941
26122187
27958352
26343806
29910354
30084040
30065290
30128691
29700794
30053408
30330149
29695581
26736727
29496155
30102445
26335466
30075151
25160391
25343322
20641313
25349943
20331026
24578666
20647030
26116690
20477651
25510606
25170261
25165561
20326936
20483899
20315448
20811061
20319690
24572742
20116255
20815707
18752239
19959708
19783745
19657090
19820764
19974876
19836379
19768596
19487929
19663290
19968897
18860743
19512860
19799272
19827841
19508821
19791912
19668311
18919320
18914989
18521488
18704605
18460549
18713508
18155732
18575622
18157842
18435160
18588231
18130788
18543060
18593213
18531589
18581864
18442587
18514303
18695971
18452594
18539787
18746887
18126082
18010267
17996265
17993105
17870854
17856377
17415540
18008126
17287786
17874841
18089007
18075131
17917621
17761270
18077174
17736514
17868440
17860146
17732936
17878921
16646735
16512774
17284734
16392470
16373995
17177290
16366521
16270412
16505248
17169099
16389438
17172947
16366197
16357746
16375362
16377056
16509291
17182046
16625726
16926885
16153073
16154732
16151416
16222137
15993200
16015163
16257993
16248855
16023309
16151727
16002850
16146672
16266742
16240658
15999137
16263216
16261785
16018580
16148604
16006657
15662052
15663140
15797541
15686460
15662243
15809578
15986755
15793563
15987838
15670796
15947288
15694125
15831669
15849756
15826278
15844615
15835850
15700844
15791139
15680815
15344813
15657258
15476963
15656584
15253188
15486307
15233258
15220446
15316454
15173694
15363191
15340824
15340568
15370424
15219341
15340888
15268733
15259934
15179265
15173203
14986819
14127280
15034511
15108653
14120968
14436045
15111223
14878054
13835421
15100478
15046810
15039812
15032361
15115993
15103966
15037448
14869598
14836664
15099141
14834264
13424031
13491497
13487921
13438623
13417323
13440016
13431225
13264853
13413464
13259644
13432137
13586357
13257305
13623214
13250621
13441617
13486256
13258169
13420907
13617892
12942618
13086877
12935543
12924363
13235984
12798386
13242703
13105560
13101747
13196690
12951111
13108414
13100352
12804381
13093565
12794147
12908795
12928863
13074747
13078439
12380930
11890234
12031027
12243195
11864860
12210201
12031616
12247728
12381656
12789237
12784900
12377411
12252674
12053462
12042964
12369448
12358980
12271858
12050635
12040974
11859950
11854140
11747423
11582461
11442436
11729096
11452892
11742119
11564642
11607286
11445367
11722047
11571557
11602777
11557476
11737671
11718212
11567578
11598454
11448690
11146324
11261793
11307003
11440902
11095316
11282417
11288702
11000284
11294047
11434119
11143428
11414418
11132774
11300583
11132864
11089726
11109718
11211670
11101025
11137292
10962751
10922216
10975197
10994059
10976872
10855156
10927317
10952638
10947859
10999193
10977078
10870528
10858011
10986974
10865529
10983374
10943659
10967290
10862918
10851972
10386716
10700327
10506788
10729662
10696301
10381980
10738672
10636217
10725407
10850989
10548666
10512710
10403130
10393575
10393242
10704790
10568235
10638819
10734028
10398868
9921111
10230923
9888094
9891141
10250441
10300059
10112795
9986710
9917234
10254580
10116248
10111802
9884342
9926996
9990379
9995841
10259464
10246206
10126424
10121680
9807885
9755630
9764304
9651494
9880562
9657942
9870464
9767873
9631610
9636635
9761383
9866726
9775271
9540741
9546042
9654957
9771414
9753682
9628243
9535183
9477590
9462315
9392648
9370447
9473976
9378062
9530756
9511554
9388885
9350254
9386924
9340151
9473629
9383499
9521719
9526647
9467959
9516552
9365561
9349861
9224858
9240971
9233011
9322461
8993339
8985960
9218621
9103293
8996094
9082448
8962120
8878257
9215049
9228998
9098863
9094934
9237367
8989291
8984653
9331010
8632193
8471533
8758552
8765616
8753733
8459605
8873330
8454893
8616112
8631217
8591423
8596211
8611636
8762328
8477379
8603194
8473361
8627689
8628441
8620521
8257409
8164701
8082701
8264480
8162096
8140597
8137957
8134778
8449297
8369950
8159452
8156407
8261315
8142635
8085103
8373268
8258845
8144576
8369591
8377223
8078154
7903467
7890915
8065344
7897382
7887003
7848719
7954829
7941878
7901230
8068087
7900574
8075737
7969912
7863229
7966676
8073621
7876666
8077991
8080090
7543743
7813534
7803180
7539393
7531693
7529143
7525438
7530819
7559896
7686690
7562935
7558273
7813338
7805280
7750775
7682670
7815999
7562598
7812945
7547025
7344409
7453937
7156111
7341397
7340261
7475916
7294396
7164994
7168941
7501024
7476964
7346998
7291031
7287791
7447450
7152760
7463611
7449643
7457834
7336406
7149702
7085881
7019309
7083877
7079325
7017554
6996967
7000825
7042169
7025515
7082734
7017410
6995689
7089449
6950353
7006713
7150131
7004756
7076495
6998267
6272887
6916047
6918768
6864739
6778838
6334320
6267288
6947064
6274372
6924492
6270341
6337050
6777703
6946060
6913461
6866705
6858163
6921819
6777312
6338533
6175878
6108772
6104418
6264959
6265555
6042996
6092857
6106299
6036188
5972501
5969605
5878232
6038140
6265049
6102929
5970656
6266130
6039909
5974680
6168755
5362575
5306310
5660041
5756957
5871837
5308300
5657166
5432538
5311697
5354270
5404961
5759185
5350344
5875252
5359574
5368222
5352421
5300753
5434381
5321413
5239260
5136303
5137614
5007121
5080037
5023200
4999734
5024246
5242982
5140971
5021771
5236645
5240546
5012943
5247029
5168457
5299838
5005176
5026270
5002590
4979396
4923220
4870611
4804441
4918928
4917921
4884211
4882686
4879546
4859130
4808621
4794325
4801905
4790143
4875807
4999462
4964794
4947236
4806472
4886134
4580111
4575751
4566825
4561706
4559504
4560176
4715388
4650907
4579823
4576652
4567790
4652747
4787145
4718433
4645925
4649147
4736796
4734228
4648036
4582327
4510664
4488793
4453773
4385555
4451311
4510488
4501116
4486881
4381142
4445351
4559274
4510591
4442806
4379946
4380834
4383288
4510883
4508970
4449358
4510747
4281459
4357921
4292302
4264224
4257694
4347828
4293583
4375780
4298060
4260875
4374050
4359887
4278824
4269729
4290552
4351826
4369030
4291459
4371512
4294713
4071039
4066569
4190723
3950388
3971448
3975057
4070247
4071549
4048783
4198670
4075290
3957133
4070489
4150893
4187881
4046920
4098802
3956735
3956245
4098572
3913097
3911302
3895894
3910020
3920694
3840973
3849963
3917596
3947988
3911125
3900260
3912466
3883825
3830420
3846256
3897744
3885835
3917052
3894747
3946578
3752746
3750666
3736918
3749083
3823398
3735230
3822354
3742438
3740273
3829491
3820363
3828416
3804358
3738671
3810406
3812351
3757417
3808837
3762043
3806103
3586984
3573388
3725920
3648779
3533590
3639920
3534170
3668108
3668699
3652018
3729949
3638051
3575589
3567683
3728543
3636510
3587243
3731422
3672386
3573072
3522107
3472276
3465240
2865389
3532992
2842728
3520428
3516539
3465551
3532712
2864664
3001686
2832636
3466670
3468818
3258428
3518942
3518174
3516322
2832522
1884473
1845419
2750805
1845637
2804719
2798590
2794071
1895379
1885127
2804095
2787532
2805656
1885315
1883244
2800072
1882475
2760596
2760428
1868669
1921625
1820949
1795401
1841679
1842100
1838448
1829451
1793807
1829216
1842734
1830872
1827829
1827504
1822886
1794401
1838618
1828072
1838921
1843747
1821210
1834526
1788618
1776546
1787245
1781105
1778554
1792188
1785944
1762409
1786357
1785742
1784484
1783597
1793468
1792248
1789105
1788834
1786241
1777588
1768158
1791714
1730530
1759839
1757610
1021948
644718
1652971
1729562
1730424
1652617
1757216
1633392
1756422
1756933
1633813
1633297
1022220
1756686
1755419
1022711
1024034
579316
617702
578495
579201
584978
618228
579773
579388
584007
579063
594788
577144
577022
581606
579890
580908
578796
601027
607971
587793
571557
569738
572710
572631
572947
572196
569905
572813
570070
568869
548836
569215
572772
547800
575476
544667
576804
572736
547677
572096
539979
542072
528541
539625
541258
534176
543431
543196
539803
529850
525038
528382
541992
534374
526677
533885
535772
525476
532000
539871
522259
447153
446896
506146
524735
500898
466514
446839
466211
447000
524449
504916
504659
467378
465753
507522
502419
499637
465658
506043
438202
438871
425578
425153
423943
438271
438906
438245
424876
422969
425040
438231
421799
237472
438806
236713
423274
224574
424095
439362
82462
82302
224034
82560
82538
82452
82754
80012
82501
223827
224252
112571
82445
82234
95271
82473
95253
224150
82523
82204
79604
79830
79492
79909
79954
79805
79658
79939
79948
79725
79653
79960
79642
79582
79566
78604
79969
79707
79945
79657
