1192965919
1189040934
1193052001
1186079877
1185868872
1190536985
1190455414
1188650399
1190921454
1194504078
1189084942
1194942360
1185989370
1192584595
1192859763
1188790560
1195071219
1192722532
1190806305
1190711653
1185722050
1170741220
1179948292
1185569921
1181507073
1179897558
1181300105
1170680799
1160926159
1177185883
1161552889
1180059708
1181377361
1161584647
1158832271
1161505951
1172389405
1161146958
1172273347
1161021046
1150201022
1152608772
1157370741
1157332093
1152438536
1157279419
1152517301
1152237169
1152169211
1157417401
1152379073
1150047517
1150155656
1152572052
1149961432
1156694022
1156585565
1156470306
1152653861
1150112651
1138656325
1140348591
1147838249
1145128586
1141079297
1144363313
1140902722
1149744796
1146456449
1138620219
1149830443
1138118028
1137293480
1137412828
1147148674
1149631891
1138253951
1144486195
1141001633
1147351256
1123522275
1120823162
1121028758
1123729566
1121236782
1126460052
1126535360
1123565894
1123659211
1126344538
1121281097
1121099758
1126401179
1123905766
1120899445
1118624696
1123835200
1126615771
1121159840
1123792564
1118557473
1109948415
1118465908
1111628875
1109740974
1108976062
1104764149
1111697657
1104882989
1109340919
1109852069
1109207935
1105175504
1109506435
1109066392
1107597515
1105143101
1109885278
1107544639
1109913010
1093748201
1099503892
1093340365
1099890026
1098066198
1093890833
1095916137
1095797454
1104389316
1095839328
1099752119
1091997354
1098179067
1102193149
1100015657
1095670722
1097987610
1093821975
1098106782
1102113884
1078195352
1091453512
1080824124
1084489567
1091158815
1087179207
1088705836
1083050902
1091936352
1091371051
1078787229
1084620572
1083141580
1079159814
1089223118
1088556409
1080385883
1082268789
1078016212
1077905965
1073742348
1071440323
1070806564
1076970925
1070688799
1073258114
1074327758
1070953311
1076316661
1071276949
1076905223
1071580606
1071175022
1074155297
1073560352
1076790138
1074441073
1077139811
1076467391
1073993378
1067174486
1068937419
1067359601
1069340663
1069084252
1068831650
1066954334
1063815211
1066840976
1065415017
1067061245
1067583828
1069214217
1067641998
1063892378
1065660869
1065318869
1069684148
1065708908
1063854975
1061764103
1061062317
1063432027
1061917087
1061191978
1058908078
1061634929
1059239020
1061421989
1061570404
1061303834
1063329321
1059132886
1058157780
1059024248
1057909581
1057639515
1063227047
1058749642
1056759857
1047685275
1047511584
1044798373
1051123928
1049605057
1047283242
1043288113
1051016911
1055301925
1049963314
1054263030
1053698298
1044826862
1047175054
1055194682
1054473601
1055467095
1049360441
1053846589
1047768676
1039462410
1042952571
1037693515
1034884624
1026527350
1039639943
1039263684
1042497342
1029006718
1026438647
1042653902
1042774900
1032951619
1029295039
1024944905
1037434220
1042250762
1037759808
1037533833
1029133692
1024774514
1004619459
1018107109
1016045060
1024627347
1013267499
1002556348
993608418
993503071
1006719246
1006528944
1004547917
993202500
1015413857
1006602586
1023982774
1019433104
991472080
1008528578
1004373654
973327079
979406175
973390650
979847022
978931984
979604357
989639902
979780369
979686097
977270557
979472314
977039594
985330050
977296036
985853959
988976965
989476588
979540393
991196870
973438871
948648239
958282777
970919244
958887165
948778672
948529496
963979015
956663341
951688321
948435707
962093308
950140883
948716554
954508980
971083095
958716934
971361657
961957873
948276613
968438392
937033417
933955250
948160897
946298511
933888715
940129476
937494470
943946843
939831606
944495622
933809106
937347970
937142580
940001389
937399661
937092352
939688933
935176616
937307184
937526087
933696574
927609881
920060725
918152421
916136554
930091379
915977592
916066616
915864353
920159013
919946401
925446436
933609250
927693090
930182392
920107375
933569372
930042190
933437542
915699824
905222876
914148277
911880241
906547260
915643350
907283799
909112358
914208298
914251304
905264054
906193503
905312538
914064059
912250158
906373181
913842377
914125779
914272250
913965692
912188433
903235741
903362681
904935774
904699994
902748223
904506014
903398818
903394772
897130657
894824975
905184762
904790756
900485398
904609434
905000264
903330861
901025005
900387836
894734171
894622048
883695090
885855235
882017490
889398187
889561294
893632218
893564560
886137757
892383010
887981430
885976221
882101245
886063393
888101463
887853883
883897303
882149508
889666330
882045144
886234989
879425872
881666349
874075535
873998258
871263406
881463329
881325479
879197499
881842076
871315105
879306391
869911433
872778073
878906193
869877587
869941062
869128954
877129249
879110136
881960885
868199866
866106746
863855994
863966765
868018739
866188683
865446617
863293917
863247953
864015413
863510267
866130741
863167448
863059995
863375085
867665847
868188609
863909443
869001602
867585192
860134950
859592227
861977032
860791460
857785518
855521583
852618206
862026520
852524475
848382392
852575337
859509393
860080517
855443946
848331827
852661623
860859639
849994354
861051767
858406497
837411311
843375579
838420787
845017854
841516014
837452089
838232091
845122037
843349482
841595947
838352844
837305016
838694072
838514102
837349719
847577355
841532044
843312220
843404347
838588375
831531843
836480714
833101674
833173215
830788530
837188812
833966887
837261346
828202736
833939002
830995201
828096715
830877676
831042746
830920452
834007019
829006116
832070489
837111873
832028445
822680830
827258229
827138971
827063274
824218315
825257160
823529853
825346096
826336867
825396923
826229490
824374816
824318397
823400457
824432604
822643016
826279531
823457109
824113275
822689623
818728449
818794612
821638324
818643769
820917716
820865900
822495873
819974183
819895722
820041925
822544749
820887200
818923871
818855374
821860190
821801846
821551930
820137056
819547446
821695415
815710701
813890713
814054999
813479232
811461652
807183080
809438289
811373648
809643673
811101829
815794610
813504483
813016370
815885198
815742486
813955317
811157455
815937077
811411349
811242255
805654841
798056492
799363982
807079404
803738051
801301384
801736110
805710622
801174273
799280960
798115219
796999910
796882903
801438135
796771259
795690806
799669030
801124173
805105139
799738551
791742487
789435113
791284978
794971232
791588657
793814680
789809819
795100911
789587040
791916845
791643360
795224428
793763856
791527086
789218898
795171382
791448793
791705112
791386357
793682671
779636449
783080633
780910440
788000440
783565685
789080279
781850627
781007804
781927955
781379714
789157970
782792510
781219799
783149107
780002527
779961723
781422669
779932464
782974940
781102743
778264563
778169421
777744103
777424792
779570371
779451650
779123627
778238027
777295968
777164873
777115843
778210680
776399714
779049411
777505602
779250044
779360833
778987649
778076055
777841251
773845109
771003543
773649775
773592547
773511859
773929134
770988003
776312236
775640763
774653573
773746129
774121423
770383471
776121377
775714965
774607163
770285637
775792315
774009686
776353783
770192538
766820270
768151869
769319216
769289353
768630935
770065787
767426155
767677401
766873481
767025758
768522989
766715400
767615240
768100687
767650561
767560708
767506699
766960812
767594778
763832614
764145852
761898661
764365554
762378998
764265910
762334588
762263358
764191713
765262370
765162690
765084812
762413069
766591322
764022417
766624080
765354740
765016466
764075835
764225542
761696339
758245159
759869434
759519471
758601675
758349766
761578604
758656529
757779227
757478723
759801677
761752958
757340515
759441743
759658752
761817383
757680426
759389903
758621035
757605815
756291340
754278715
753276173
754915196
754192803
753380981
755773610
754846668
755451919
755966468
756574483
753446845
754937167
756638170
753301533
756666559
753493201
756457397
755889472
753337723
751704808
749439233
751559752
751631120
751127387
749408112
749559349
749475101
751963255
752091611
750015156
749934805
749636075
751203737
749698861
749596596
751175165
749527022
752221437
751497806
747449145
747740200
747879986
745647763
747480475
747835500
747659338
749369674
749251062
747399831
745598333
745751042
749067416
747354333
747942561
749321096
747250803
745495561
748047074
747697566
745465356
743994393
743832629
743751099
744215766
743483170
743398060
745396320
744364387
744299235
744092356
743777306
744148973
743563066
743303507
743184930
744041127
743086496
743024146
740216577
738037106
739721182
738283433
736486851
738386823
740199606
738326061
739675964
735976158
740132019
739870604
736277434
738178577
736332208
740173502
738206974
738080848
736225550
738111054
738354651
734061209
729683466
729744494
734268763
734330841
734296302
734198819
734100105
728882101
733853482
729607669
734238314
730917398
733922372
730787394
731083415
728744450
733208171
730997189
734160788
727536124
727948264
722328484
727994879
728574686
727791244
727865781
724125521
728036506
725686361
725617402
728491731
722358631
727817545
724027511
723994092
725752326
722082721
727577276
727429930
719054197
720122607
720772491
717370173
718218928
720685344
720193289
718968603
720519099
718300566
718258199
720838318
720637388
720254469
719182652
719114048
720562032
718877132
716372139
720355527
712416846
715916917
716010794
714091511
716252537
714267464
716079382
714223079
714304367
714063324
716179825
712481197
716118752
716226262
714155765
713987509
714355502
714458577
712533164
712503054
708228594
710416274
710360727
710184355
708421471
711747514
707933009
708648213
710560723
711863512
710527728
708540121
708159637
710478929
710311865
708488455
711648254
711926333
711981640
710247563
706193802
702465328
706655106
705939260
702593276
705421982
706698922
706347588
705797439
702658930
706045393
702637440
706618506
706421347
702546466
706295444
702716712
706124896
702308613
706241774
698972034
700584000
698802569
702050415
700833938
700650007
700516087
698608709
698917893
700808327
700781262
701934756
700724618
700742949
700435285
699760000
699663679
698779014
698729429
698674714
694891520
694865049
696733006
698536318
694498127
696765153
696896776
694808789
695037348
696812288
696429041
694920116
696932204
696670703
696634038
694645742
694414237
694314207
694954777
694991967
694231395
691113869
690858828
690363407
690761531
692000747
691867775
689135864
690418268
694032047
690553007
693656491
691734457
690985091
690219176
689178709
693737251
693885536
691596884
693795081
688231073
688195230
688020229
687626628
688858092
688090733
686275620
689028179
688759367
686231105
687979615
688941826
688830085
688206307
686181292
688165257
688122213
687705328
687838402
688042185
682444570
682592070
682525666
682212299
684315589
684342684
686145148
682142078
684379855
684244787
682469655
684362464
685895351
686051250
685729327
684421472
684270078
682570161
680680149
686073516
678272216
679959017
673144426
678341380
678164748
674506030
674884163
673042393
673073424
674561351
680576737
680644149
674935623
680096645
678514159
673167658
680612632
674903012
673204510
676175060
671413480
671524926
672251845
671382223
672967734
671476551
671497848
671320085
671570757
669722830
671350026
669675173
672008629
672365975
672635997
672064743
671595442
672906481
671264600
672439190
668466165
666093626
667881639
669586086
668383926
667806778
669151008
668526308
666019141
668362659
669217279
667749082
669360222
666150871
669301386
669496923
666060596
665997366
668436404
666123679
662020937
664029058
663429719
661954234
663860104
661729383
661640000
663630512
662107115
663972955
663723345
662150217
663087510
663241381
664002327
664076755
662127725
661980819
662063044
663309744
657170541
658209760
658072356
657078754
660233445
660169477
660457688
660354009
658346622
657126817
660388841
660432663
657106880
658479697
660473203
660327344
660282872
658435010
657937945
657156959
651023800
651738125
656860560
655408338
655230746
655446144
656741175
656900996
655303224
655382536
651699047
651646406
651611211
651684034
655333925
657059100
655469716
656960705
656796003
655511121
648300566
648212031
649864406
649906045
648267577
649894468
649932313
649786269
649445669
649360460
649978789
649277827
648233340
648194621
649735784
649175344
647774414
648174876
649946813
649836009
645129657
645103848
647442365
646517396
647606228
645186675
647521041
646479813
646701816
646676710
645222510
645162178
646653549
646624836
646001724
645055896
646297490
646089987
646181336
646589514
643534172
644915004
643050987
640914529
641791640
644692722
641753434
639910077
644591538
642982457
643642480
643336601
641780002
644780180
641193989
643229475
643571173
644858974
643593993
641257748
638034803
639794776
638059036
638135781
639519117
639333591
639264201
637995622
639196569
637954184
639025135
639891235
639693339
639597957
639854157
639827461
639392784
639102439
638961993
638108340
634354601
633889081
636147806
632762659
632401638
632702884
635743178
637653177
632478631
636212687
632636080
636183310
635835955
633961967
632865653
634333994
634374332
634404073
632903503
632790825
626869168
632088430
625899822
624342039
632230890
625836909
625802566
624525463
631007618
626988146
625873914
629411042
629460660
625932782
623996012
632315532
624496765
629440506
632153851
629359655
620047423
623090864
620190938
620085642
619462095
623067278
619630765
622909766
623004860
619689999
621645299
620019141
620125917
623055653
623036157
619988823
618515319
622977730
619955419
618544767
617942333
616719487
616680615
617528462
616755398
616558904
617849128
617773328
616227499
616409641
616638134
616297233
618033822
616454580
616357862
618448330
617631237
618464948
616655498
617703675
612123921
614644527
613594348
614820294
613520018
613553974
613476511
613125624
612856090
613618950
614766984
613569961
613045097
612976540
613185257
613382067
614870143
614902744
612926711
613440832
612024516
610603379
610546802
612071199
611769998
611825760
610626258
611988681
610515057
610678121
611968689
612106622
611885383
610660540
611930117
611670694
612044198
611724817
610471537
610394016
605375472
605434805
609320584
609161313
609116079
609101710
605496053
610185400
609029703
605584560
605550569
610131581
609297358
609274707
609247637
609183728
609074031
605525392
610245770
605456917
603859025
602581617
601124881
601243792
605170031
603491109
602605973
601097482
605315039
601160866
601192078
602443509
604044740
603641907
602519308
602480368
602544170
604065533
605240180
602401043
599581167
601057605
599495933
598452093
598476819
599680330
598410014
601042491
599841755
599780387
598426972
598385211
598353422
598366221
599816480
599715621
599648563
599740279
599767248
600995866
597730060
596464395
597951638
598003511
596710388
596644574
598155204
596674430
598333924
597872355
596554372
596508820
597822807
596384855
598250548
598089274
598205538
596606895
598292340
598315870
594225005
594347203
596313746
593283294
593328898
594716546
596074300
593062770
594908211
594423275
594775923
593412229
593362173
593004262
594861031
594812034
594885395
593163355
594928436
594291284
591480772
590421246
591625039
590506845
590762123
590545369
590071086
592024825
590734370
590011933
589412935
591947876
592067297
592037799
590576954
591897727
589941610
589392685
592007970
591967871
585968000
587568088
587309201
587617249
587503718
587686569
587095286
587814174
587929312
587026262
589361000
589219385
589176063
587727577
587976829
587950405
586967570
587771330
586897636
589377800
584294298
584153509
584079681
582591518
584119506
583957399
582467441
582539171
585827792
582446984
584231483
584187952
585915538
585731219
584327825
584362071
584257697
583655603
582562806
582511309
579376743
582311416
582150884
579414549
578136473
578112998
578091434
579381524
579020323
580478707
579475192
582264677
578918813
582355259
582418411
580457344
582394068
578976787
579437004
580588055
574771929
576583663
577648345
576491758
577479726
578019315
576606413
577571217
576530036
576412694
576309310
578057712
576204157
576365872
576143092
576561063
574735890
574697029
574649868
574468704
571274321
568535238
570613747
567243276
572804052
568556793
568517773
567145362
572743155
572690199
567228282
567205207
572846688
570686317
570476959
567179919
570558261
571246227
567269488
567130853
565956694
565839638
565771239
565557079
565160572
566827863
567107940
565865776
566891652
565919574
565940171
565510492
565611852
564198944
565348518
565717147
565249651
564164942
565894256
565825609
562569293
563411699
561055118
562466076
562401241
560736777
562305704
559873834
562577885
564134480
559931079
562617537
561106826
562551524
562518378
560990083
559950288
563988215
560811380
560851551
557018608
556962359
556918983
556021264
558674270
558427224
559507236
558771104
558720167
559650566
558614125
558501474
558692496
558651040
558584201
558741832
559566351
559451002
558380662
558306005
555111746
551325211
551257138
552614436
551276373
555851417
555630250
551347702
554308458
554386025
555705048
554353705
554121773
551306261
551226895
555985704
552620135
551191244
555939613
554203257
550080385
549754058
549667738
547472401
549894794
547454562
550004116
549961003
548404816
548707023
550037560
550108139
549947691
551156090
551122201
548775697
549922437
549980086
549862901
549810071
546061505
545979116
546844581
547044801
547345223
544576061
545794370
544568006
547376463
546016175
544664005
547394514
546784629
547412707
544602759
544540614
545287449
544631655
544582687
547325583
540294610
544316642
541458074
543781262
542136944
544435329
544375746
541179039
542311962
541259327
540274623
542389974
541478348
540252633
541210487
542456640
541422790
541335407
542251398
541393913
538948274
538859846
538937451
538925912
538625328
537578250
537534610
537312932
537243210
538684035
538760521
537421015
537688279
539005002
538715935
537492578
537369298
538974864
537722448
538573948
536241541
533144719
533121438
537157214
536272450
536100357
534850467
536206005
537190347
534384048
533041370
533194555
532984793
534884510
537140132
534459319
533172039
537205429
536157194
537173512
529925855
532429391
532281035
531681048
532209614
529822383
529967216
532376455
532149594
529948688
529911810
531079040
529860233
532327581
529994108
531185552
531265634
532243627
530979546
530009185
528726396
529641553
529383043
528796141
527964709
529518813
529302566
528748663
529439043
529181688
528069555
528878386
528674803
529108316
528023950
528099599
529750504
529578254
529018808
528939750
527711980
526761958
526164517
526285130
526019852
526443364
526113067
527819141
527777933
526351840
526774622
526782570
527912550
526801428
526792694
526565841
526827801
526514732
526190966
526065236
523494674
521017597
523249525
523390810
521085499
523119504
521247666
525909139
523199294
523583510
523333136
523436641
521301651
521121390
523359396
525952105
521050074
523464005
523295829
523534218
519910314
520878512
520024397
519827467
519951564
519567538
520733690
519603627
520947296
519590304
519542205
520902012
520794114
519990210
519631699
519516387
520662378
520606084
520830876
519871139
518260207
518155964
518033574
517532038
518021079
518074237
515885331
519458487
518002638
517914812
518204259
517479592
517981138
518213702
517634313
517145146
519490288
517258706
518117586
517866650
514482660
514212586
515550586
514638180
515507685
515442983
514423297
514152518
515664380
513231100
513151359
515861155
514586278
514615029
514514456
514451512
514559055
513205891
515603067
514537261
508771107
511067612
513071512
510987632
508693344
508295097
508800504
512674032
511237358
512937814
513041824
510816573
508681182
513101255
510902971
508232820
512894400
513009275
508737394
513074691
502208957
501742122
501607911
502312518
501653707
507280522
501801076
507230597
502165219
501769568
507254763
507209217
507173606
506964591
501971580
502076016
501879959
507303024
508174810
502234716
500363350
500337495
498574391
497395370
498993310
500302537
498973761
500273065
500901084
500831296
498945477
500960301
501052749
501096375
500789226
501460135
501570468
500065156
499946715
499982853
497033746
492366914
497152628
495811854
495679984
496796507
495733091
492235753
492213381
493959036
492340280
494002139
496854185
496913477
493895924
492316307
492283708
492408416
497331777
495768408
489640587
491676947
490183213
490160388
490358735
489584931
492159128
491622249
491792641
490256807
490383852
489480805
491418971
491691059
489574854
490487633
490444507
490410098
490196872
492109482
488531919
488387345
488803853
488801643
488674750
488922774
488822958
488708547
488764074
488740058
488648388
488890448
488839451
488599361
488545928
489431623
488422136
488300580
488864791
488640419
487305219
487294825
487070762
487210697
487241040
487455461
487381751
487351030
487300622
487404996
487248718
488275238
487108454
487482140
487165496
487432568
487325746
487510268
487347562
487487429
485796888
482850932
482817284
482876941
482792445
484253562
482992969
485624498
484209066
482922266
485633299
484308924
485764163
482942347
485961960
485919730
485686556
482974050
482898672
485879074
481438934
481491737
481145916
481316866
481610873
481390618
481604067
481410747
482762740
481257291
481554032
481462001
481514828
482726239
481578802
481354226
481533564
481198510
482621022
482666531
480018454
479936232
479729412
480152389
480938773
480215469
480121095
480242524
479871623
479952453
479818888
481106466
481013113
480187704
480084988
480948025
480248263
479982820
479742245
479925372
477330099
478905406
478753449
477983949
478167371
478864136
477875852
478624344
477368555
477843146
478842584
478093255
479489856
478656871
478899798
478222743
478175540
478706723
477920453
479561005
476098493
476783701
477125379
477169868
476862242
476073263
476050526
476980629
476618837
475999728
476741539
475965954
476694869
475504187
477231615
477286328
475576094
477056987
477113838
476918577
475423264
472490833
472366467
472315268
475268976
474517306
472427698
475347833
474187304
474556127
473988790
474109594
474413889
472868483
472825615
472323844
474347519
474040017
472776845
474472138
471672875
471168207
471411099
471448950
470277777
471700782
471529529
471724711
470420906
471026369
471366169
470423847
471640925
472274474
470373955
470337158
471224415
471589380
472232401
471092936
469720038
470106273
469051379
469134250
470053515
469473906
469917969
469615458
469557532
470240091
470205922
469481815
469832888
469478194
469444767
469519459
469103956
469407387
469982217
468970711
467073590
466689048
467958738
467753474
467018725
468676402
467962284
467949133
467922731
467987257
467952111
467829750
466978187
468432116
467945642
468507745
468939346
468846232
468585778
467861417
464285905
463765418
464360160
466397948
466637728
466437921
466497396
466554544
466356671
465151831
465017255
464926755
464233247
463788159
465090306
465204720
464979510
465278813
466664294
465252592
460835153
460687506
461436560
461358871
461490166
461612539
460855533
461546189
461284945
461247670
463151670
460887670
462234594
462179666
462148191
460917562
463200326
462256425
461315901
461401078
459013146
458884804
459483907
458935178
458805752
460447647
459283820
459593350
459398109
459097514
460355480
458749299
460637838
459525742
459227282
460494998
459437553
460547384
459559443
459168712
455340564
458203067
456577232
457872458
458713091
457641713
457732680
456726617
457776616
456629176
455377248
458132562
458092104
457548841
456762348
456514764
457976646
458246738
458049603
456684086
452113823
455323220
454641246
455165273
453447853
453592634
455134742
454580369
453519007
452056503
454469922
453570212
454300022
455186770
452137566
455247555
452088613
454410526
453492261
455213665
452021251
450527158
450472217
451511419
451705707
450145481
451852693
450438702
450388698
451616808
450294455
451555178
451982935
450154224
450078483
451758804
450247249
451900580
451943838
451814594
445559498
448764513
446106035
446177935
447200602
446949191
447125161
446140325
447089398
448292815
447026774
447649028
446123783
445489437
446870786
447135387
448647445
448701734
446081527
447675960
445431184
445312517
444161757
444438373
442911384
442880362
444447611
444265243
444388779
443720292
442784859
442851813
444470978
443812980
443933314
445387144
443879744
444209475
444495020
444350696
440815277
441024311
439071773
442463008
440457095
439047176
442564960
442689844
442620671
442509265
440958069
439012594
440889215
441429341
441131349
440441824
442717328
439103335
441174006
438947861
438661504
438564216
436263892
436226444
436145468
435853874
438789186
438414248
435919671
438738747
436908744
436327282
436192114
435999744
438340486
436039829
436298356
438922013
438465745
435966524
433917341
435676347
434450321
434426913
434581146
435798343
433824582
434657892
434353597
435737028
435601930
434689814
434003557
434747164
434623173
434499102
434529239
432888215
434080836
434602697
431256126
432823358
431324508
432607416
432045362
431185432
431211362
432344030
432644434
432122357
432848858
431298773
431355898
431033246
432495490
432431756
431106278
432713980
432560293
431996432
427692198
428639985
428762982
428074847
428243373
428734503
429998627
429933120
429888944
428682566
427959082
427772197
427146278
428328226
429672400
428382297
427683168
429969598
427668766
427187611
423507657
425265831
423268841
421209946
423658948
427092280
424978152
426697115
424891788
424533261
423165551
427021387
423607890
426847332
423553400
425585755
423086086
425592982
424783487
425319387
419503216
419072112
419445569
421120051
420427944
419309481
418967221
420123777
419514178
420329756
420187691
420509042
419046106
418997559
420250508
419560598
421030549
419534067
419339218
419464141
415725528
415808239
414745919
417095067
417050808
418841408
418280942
417170100
416752287
415957283
418878531
413750775
417059689
418256557
415878013
417129630
417178006
416812508
413787636
416012728
413267296
413738856
410934337
410890469
410990132
409813561
410472377
410828389
409776836
409743572
410534380
410987694
413205999
408803618
408783790
408757629
410954244
412200643
412159465
412241403
407662249
405571608
407817807
406299053
407863995
405434811
407498974
407405417
402918339
403017048
404002434
407446347
407852391
403051509
405593116
405629345
403088934
407860575
403112134
407871664
399599857
400281466
400789778
400737514
399650945
399733733
399634811
399126373
399036034
402827868
402869633
402673408
402774623
400266693
399658247
399226112
399209071
399086661
402720422
400358024
398027924
397186067
397910430
398388174
397212125
396567705
398352583
399011824
396346791
396689469
398045285
396637833
396454607
397937534
396466154
396645678
397248343
398187305
396881573
396271940
391449234
393781642
393018006
393704852
392619457
392502382
392547739
391381609
395407514
394206359
392691387
391611471
393059500
391808600
391540113
395368713
393540032
391849817
391522071
395410617
390192625
390241131
390362250
390308307
388982517
391184485
388486598
390424372
387461714
391308512
389200458
391242385
390617411
389024278
388380644
389234710
387474735
387359181
389213668
390418018
384269335
383351502
384803021
384714919
382999313
384308873
382960917
384414183
383188861
385471418
384230871
383277507
387091038
384881594
385167987
387252036
384994736
387149002
387036855
384630409
382003036
381466049
381336663
379935783
381135826
381223820
381915651
382232521
381950819
380295720
382177542
380370258
381190929
381437964
380883035
381379407
380128498
380224870
380054041
382066222
379106903
377932952
376519629
377875690
378637696
379621091
379867856
378880939
376484567
376447076
379716967
377906402
379671456
379178829
379137724
378593576
379591329
377904553
376468863
379811644
373777902
374425609
373607902
372369441
372523381
372297751
376345766
375073720
374777760
376423216
374527235
374004774
372462655
372839381
374474299
373811062
374481816
373741283
372855999
372418732
370127359
372194289
371242074
371326753
372119789
370858118
372036015
371176748
370405189
370937063
372071812
370316181
370173059
372241698
370898260
370987438
370077797
369990256
372041300
370375796
365816327
368842943
369032083
368926577
367641231
366282657
366311239
365864861
366322170
366243930
365914473
368969201
367669101
366140841
365162341
366018206
366070835
368777626
365218364
366327717
362538444
365105946
364789379
362860623
365008034
363380586
364691758
363231436
365144504
365047845
363810481
362396010
364760126
362356711
363447001
361650564
361647537
362492476
363281570
361672650
361622284
357989396
361300731
357919510
357312673
360201321
361425621
357378566
357576436
361583914
360060707
357619888
361356353
357550766
358036436
357955381
360129293
358118901
361568633
361200509
353473063
357206379
353374616
357307880
357266378
354745056
357175053
354039268
353529650
353913907
354921936
356473052
355705505
355811750
354874190
353666574
353733512
353607289
354801065
354999336
350797555
350924994
350686255
352642610
351549778
350031793
351491598
351571816
350629793
350939981
353290213
350863106
353347797
352649785
352481241
349989961
352380138
350743699
349593486
350057646
347153905
348044261
349520879
347700687
347550552
346600143
346585915
348346390
348587606
348175591
348285354
348650450
347609905
348720068
348547083
348124139
347671384
347090725
348082284
347585604
343803453
346338381
344129761
345060209
343090070
345469611
343756949
346410478
346176522
345129897
346584282
345426357
346536474
346275159
345394030
345205179
345049188
346557692
344986705
346501613
342823704
342930867
342871710
342113037
342188282
341568802
342292799
342783262
343053547
342007232
341651390
341625546
342708008
342962236
342256095
341592613
341676521
342062108
342989026
343024322
340371499
339680310
341243577
339275634
339839526
339188586
340303830
340351853
339237807
339214055
339136970
340327188
341326505
339282658
341375982
339775282
339719248
340247089
341517047
339121570
338543415
338163222
338664928
337162877
338197456
338592839
338760926
337112184
336907157
338125737
338641752
338537168
337739360
339049859
338708241
338478097
338219079
337169889
338499698
337032646
334781672
334724797
334448465
336035983
334114968
334783292
333234364
334758091
333294120
333973826
336055804
333318803
333924656
334819344
334687568
334046180
333183379
334798927
335985745
335942534
330810053
330369644
332870047
330688070
330510770
331336240
331523668
330610702
330769757
330413640
332887263
332899849
332955565
332049174
331871488
332021250
330892477
333137245
331950989
331987114
329845696
327650268
330295112
329810071
327617620
328230162
327636704
328089510
328171202
328132251
330286032
330199788
329841091
328614764
330162609
328555522
330176797
328659451
328685045
328304095
327194272
325782847
327594798
324854233
327496857
326245927
326382111
326274520
325461524
325721072
324796222
326329198
325399160
325650636
326308286
326359463
324881360
327562813
327201572
327534255
324734603
324182820
323777329
324129404
324668641
323986821
323587626
324290935
323555348
324349473
324088687
324608773
324714101
324239409
324062448
324605358
323514969
324509245
324134652
324013902
321578870
321249558
322117067
321616243
323462971
322606188
322629701
323331800
322189521
321574175
323201960
322584475
323381641
322654127
322362519
323284813
322446495
322271963
323228738
321600251
321165336
318247171
316924136
318190005
317973529
321138265
320471887
320693890
320296270
319608542
317041341
317019271
316997354
319644105
317870789
318288984
317795092
321051171
321203704
316963787
312634534
313231787
313161678
315340635
314056382
314725321
314160157
313305194
315263962
316754158
313086824
316371829
316301443
314195317
315197955
314732310
314117084
316438918
316266501
313114228
308865105
311587198
311994004
311957322
311913834
310946207
309033386
308903001
312601495
312117501
312073357
311951716
312214021
310225980
312267266
309011324
311921150
312313278
310909103
308801638
306858172
307637600
306875973
308573341
306582595
307291512
308709464
307633302
307235094
306635500
308650704
308526218
307199957
307342482
307564413
308747500
306846934
307097601
307605768
307502529
305908035
306405240
303041167
305572386
303493336
305887638
305866987
304691505
306269258
305923554
304654762
304000993
305849229
306474834
305867325
303937476
302347238
305875562
306542619
303113363
302307785
296920924
282538095
282086739
298415383
281557949
281598202
300639906
296880908
282074470
282479020
282487882
296872672
302214854
282580353
282216833
282141295
282624625
281622276
282610253
278968589
275443808
281462333
278749877
279186995
275494895
279023343
276533036
274645747
278759132
279106636
276450530
275662020
274667835
278817381
278905941
276581304
275617609
275527833
278740129
273540854
274160773
273476999
274618288
273340634
272989459
273498141
272791800
273428253
273454864
274211103
273501665
273042150
272744477
271629743
270576567
272950448
272893145
272798097
270640887
269295152
268265098
268385505
269533610
270470524
269798092
269887185
269714485
268324373
266778724
269467258
270415331
269668293
269758202
268252489
266745877
269824924
268821702
268602265
268806988
266455739
265685027
264313261
263631004
265262179
266407071
265303475
266669687
263653355
263421836
264693326
265348062
264353906
265717312
263606316
266724610
264720153
265485849
265381437
265515711
262396457
262187138
262227716
262340921
261535584
261117893
262461253
262173917
261558932
261173958
261331983
262169559
262574728
262288665
262190888
262232297
263407905
263267497
262506509
262523901
260138875
259510083
258457422
260167052
259576049
261024304
260462370
260497153
258485832
259535251
260320398
260430637
260101013
260475511
260231845
258463911
260407299
260090288
260289823
260195415
258406490
257466743
256953242
257470675
257323530
257389042
258049084
257016905
258431986
258379170
258359886
257436462
256883041
257491579
256942657
258089297
257411171
256949602
258013005
257437746
250155382
254770006
255281323
254106526
253602309
253748414
253649257
255231891
255229489
255956673
253735405
256816906
254817489
251054208
255909908
254803943
253697941
253744090
253782139
253832086
248964462
250125937
250078248
248917707
249752254
247971218
247056942
249234997
247147260
249009980
247962398
248968927
249980470
249953721
249193489
247873958
247096283
247844400
247067173
248926652
242787433
245787004
242743536
246965143
246552665
246483136
245767783
243778124
244900245
242875258
243341632
244827283
246999663
246452415
243352133
246425875
243737553
243728709
242849543
246530138
241974832
241928336
240335842
240450929
242016842
238706584
240496847
239520539
241212628
239485263
240371702
238339397
241124664
239525060
238857937
241188123
241096112
239458338
239109506
239517420
228733969
234664120
235049058
237291303
238238294
233562009
232034966
233535750
228738489
238322752
237408069
237322893
234894943
237352509
232018846
234937890
235031844
234693915
228359539
228425501
209135108
208944909
221480963
218867079
212551650
222017948
211627135
209138925
210541715
221500709
217343207
221544346
215304181
215263592
212560285
211641446
226508373
209185447
210538289
222030506
195494745
196557606
196668131
196522373
195458854
194771098
195552005
194696558
194612849
195276348
194642592
195946196
196497324
196612833
195901478
194743804
208930034
198750666
195526272
195245199
187929436
194268172
193493595
189755718
193469023
190288355
190245626
191683714
190213586
189891276
192601234
191600324
189791897
191701502
191635835
190284515
194169486
194245057
187998404
193210000
186744552
173040779
186766648
187685466
187675886
172945524
187285699
173191224
173245355
173912805
187665052
173958513
186648283
186685367
173298018
172987217
173899236
173989471
173140743
173105716
171662172
171426916
171387148
172436177
172398808
172519168
171728209
171636866
171217943
171746057
172584711
171523955
171286978
171691499
171581127
172560747
172545778
171546591
171256131
171721565
170050801
169372975
168849609
169982468
170939111
169894229
169454140
169306772
169483807
170927130
169405666
169267935
169460280
170002078
169364850
169928458
170160978
170095517
171194768
171216071
168742085
166991178
168708389
167195764
167382885
167348435
167153849
166862898
168215792
166547981
167087642
167370560
168803273
166953851
168139531
166869538
166832573
168774828
167190190
167057372
166533938
166436321
166267783
165651883
164718229
166428665
164315178
164299332
164840238
166513397
166234185
165563849
165035988
166472015
166195221
165123471
164947611
164341733
165109206
165685083
162763982
162500066
161998551
161091950
163343642
163677777
163649632
161961111
164118681
161033844
163224120
164236993
161927456
162543476
161065876
162726027
163175629
163311164
163201659
164168474
158491629
159208921
160081161
158408882
159928654
160151523
160120027
159947647
159877169
158449376
160025609
159846867
160183166
159228035
158527038
159268670
159313327
159405490
158295679
159804195
157790737
157478020
156677292
156947045
157741290
157767117
158222314
156572730
156529664
156481045
156440476
158254958
156412713
156616621
156760226
156986895
157728992
157393220
156721946
156976467
155102045
155195380
155213878
154995072
155894703
154766494
154263966
154789415
155227422
155027236
156372271
155084691
155066181
156098599
156049587
156080943
154813823
155115398
154230637
155171036
154140913
152098466
151653343
152063616
151358333
154189590
154101067
152816603
152754924
154194316
152028660
153894739
152836971
153558360
153465467
153537939
152123395
151404684
152801410
151936384
150953339
150409304
149717124
150981807
151255275
150541552
150245642
150507283
151331656
151008934
151036657
150452352
150325027
150175764
150299312
149683779
151127488
150643229
149739910
150658590
148966300
148891626
148852569
149632815
149466889
148591902
147415826
147450820
147589203
148947555
148264331
149552026
148242804
148215361
147566631
147543733
147492268
148156941
149516270
148927078
144395600
146860631
146800600
146002148
145094006
144560189
144629166
145922219
145529343
146053740
144612644
144588057
144348165
146829690
144130578
145936735
146888934
145867622
146742886
144427417
142296459
142263677
142024232
143655033
143722641
143622835
142998100
142319552
144095664
143514752
143013763
143584837
142917057
143552012
142844928
142221576
142198626
143031169
142854034
143690120
139902103
140744898
140865056
139295167
139576972
141943118
139884776
139667738
139755825
141558468
139631304
139835849
141900878
140824541
139614565
141564305
142000358
140787216
141972670
139718013
139013303
139258539
138471021
137638490
139168570
139065740
139146757
138434160
138125139
138325842
139280527
137571616
139232163
137598293
138384089
139207226
138835570
139235889
138063742
139113891
136609175
135035105
136799951
136665643
136416187
135872355
136571566
136388683
135949053
136681514
136493222
135079453
136425424
135156254
135911247
136859017
135121779
137117296
136835608
137528429
133951918
134151837
134555832
133851454
133913331
133072135
134109393
134055713
133107932
133126929
134580670
134641225
134896130
133042842
134061129
133154799
134704535
134011451
134528063
134839331
131854882
132835291
132799157
131879804
131691176
132435061
132472402
131904248
132589965
131739999
131899990
132781894
132391819
131707556
132521883
131658828
131148262
132668245
132722056
131913891
130100457
129987562
130303694
131026219
130628752
131129654
131098438
130607921
130650150
130256667
130220738
130160797
130712914
130023761
131053637
130065247
130566483
130134036
130596234
130317926
129960885
129908975
129480870
129489191
129285344
129419150
129234415
129167652
129452601
129225845
129190535
129134164
129454205
128924405
129318775
129965936
128972052
128635947
129946732
128942130
127659838
127688028
127119224
128553620
112797832
127064094
128345191
125511204
128468590
128391796
127182741
128512580
127331997
127236474
128614648
127293457
127623279
128590747
125476263
127250326
110336177
109912600
112679979
111604580
112701707
111131942
110170040
110080432
111145453
112742077
111689708
109947585
110323945
112750825
110123773
110175472
111652275
111556587
110300806
110141814
107093522
106300553
109782533
106902926
106304992
105717841
107207159
106893311
108708847
109830939
106949699
106926339
107055545
107013442
106856581
107185503
106350231
108369176
107272988
106974840
104619219
104247541
104161586
104851667
105676702
105429739
105574398
105388566
105617748
104951599
104360357
105650212
104349384
104052875
104186300
104213067
103999419
104280319
104256611
104926953
103427033
103855454
103915487
103108868
103402106
103292617
103203691
102612882
102374450
103955762
103169621
103073903
103258292
103493262
103896227
103538185
103524278
103455746
102574171
103554486
99636041
100358483
99644470
100385181
101668747
102343036
101867307
101685792
101713276
101149851
102281937
102216340
100409295
102252603
101851225
101178826
100438472
99657177
99731174
99704657
93298111
98927676
99604911
94256382
93828773
93266154
99005117
99252803
98386980
94222595
93847279
93536890
93517408
93514523
93465812
93264252
94238257
93488683
93808490
94269944
92811031
93207156
92491802
93230129
92201485
92733543
92655721
92792715
92701584
92617337
92869111
92563677
92857463
92829026
92228263
93181776
92845756
92528565
92214373
92456129
91559526
92197821
92119319
91506699
91386441
91237159
91287810
92147699
91543567
91217877
91450125
91473300
90795355
91503632
92056925
91421294
91526386
91189932
91546695
92096743
90649667
89563835
90032268
89239061
90534126
89586561
90552477
90700932
90614367
90676370
89520207
90004321
90581486
89337862
89288051
88878890
89484715
89266977
89216626
88856438
88809227
88773983
87102982
87460491
87128346
88216463
86746076
88842851
87482513
88199872
86764600
88171663
88193290
87443838
87423931
88777835
87358698
87399760
87378021
88666139
85875590
85358793
86634014
86418964
86535243
85871979
85240028
85904827
85249305
85390554
85480366
85466144
86507967
85276732
86474729
85864810
86445520
85299214
85839320
86026596
84857040
84701276
84662086
84629239
83946628
83912869
84346309
84397036
84372299
83667456
84603768
84915411
84897136
84734217
84883109
84566941
85208171
84728816
84422308
84799018
82261304
80056525
81594998
80041106
79484944
82239983
83170366
79457264
79675108
83636725
79598597
79413601
83616952
78934526
82407702
80681806
79630769
79436994
79383269
83206896
76770495
77185467
77154062
76650662
76662664
78193570
78767091
77653870
76447214
77638596
78730847
78712357
77128647
76751973
78230442
76746099
76683966
78689698
76761895
76618714
75974683
74823045
74494756
74347580
74321382
74027845
73872159
73595262
74845208
74042242
74008123
75538316
73135235
73581810
75257805
73146558
73888970
74872391
73840033
73866376
72652226
72001039
71967468
72065962
73099454
72053087
72393946
73001178
72462656
72093586
72468735
72029158
73032766
72976103
72491214
72959325
72417434
73116524
72374212
73106596
70043810
70085495
70056932
70734227
70373776
70353503
70511116
70330035
70248015
70743138
70006923
70479422
70714932
70295577
70073546
70025080
71854300
71936702
71883730
70688120
68531241
69859854
68556453
69853265
68577944
69519249
69817879
68596815
69760093
69500268
68141377
69542749
68104010
69777599
69990072
68136264
69836637
68091449
69794714
68065189
67342586
68000927
67589533
67702802
67294982
68043491
67484135
67694589
67431053
67681525
68019320
67609720
67318360
67902316
67971572
67925332
67626174
67383324
67522920
67993739
66630119
66644058
67280347
66491134
66455313
66157005
66916130
66387681
66654768
66135973
65736546
66172666
66513438
65713468
66893145
66205551
66401900
65318004
65696024
65336468
64425843
64260815
64050687
63690354
63234725
63666826
64055501
64858754
62771488
64093542
64235973
64878491
64450418
64116513
64076860
65306999
64439812
63181133
64895574
63209893
61941228
61673566
62554730
61659289
62705219
61683993
61969067
61647667
62748658
62298371
61705958
61472418
61458610
62258326
62275596
62686754
62719369
62583612
62569909
61953734
60757841
60942623
60907863
60737474
60580279
59776430
60960877
60611823
60638921
60593226
61229089
59788778
59351951
60262442
60239529
59371427
60287791
60928560
59803089
61438477
59337021
59324481
57947799
57876311
58052292
59211301
59180712
57963398
57933066
57890481
59190256
57994677
57918239
57904223
59159582
58135089
58106371
58123587
58088843
57978944
57410900
57345107
57331675
57528525
57513126
57444700
57425529
57573394
57485192
57462791
57148725
57842749
57542724
57140062
57558055
57052526
57066350
57038356
57858118
57358270
56636789
56552433
55877110
55858257
56515254
56657996
57013614
56532779
55893294
56998283
56498204
56625562
56481157
56465123
56438453
56612487
56648360
56594481
55909548
56567604
55129318
55599898
54815890
54082774
53722135
54075155
53747371
55545263
53707624
53370859
55830630
55844555
55146398
53208135
55557559
54798669
54782529
54109627
53382991
55580997
52834024
53183716
52615028
52508351
52912728
52926991
52896874
52286732
52599648
52948710
52876863
53187354
53164471
52854153
52551948
52534394
52453540
52500977
52274270
52588859
51821528
51549878
51533956
51736622
51756184
51122418
51485174
51151089
51140859
51867991
51802972
51519426
51505814
51132734
51838518
51472685
51776343
51103078
51853261
50997354
50721237
50436315
50984188
49693418
50973744
50707217
50470423
50414405
50959112
50196721
49929755
50429011
49826845
49816671
49702853
49687285
49943192
49955381
49288053
50185565
48649656
48942316
48997286
48987987
48849684
48269060
48621276
48930978
48955047
48635532
48859754
49265112
48341123
48314882
48290338
48966874
48977109
48305403
49251894
48328375
47603277
47593960
47344557
47365913
48060937
48255446
47410200
48021562
47384991
47447506
47583983
47637135
47576994
47407451
47427921
47363476
48045336
47775002
47608826
47622403
46902206
45992757
46533151
46142309
46871568
46519290
47125530
46270335
46172117
46650202
46886345
46629615
47329369
47132213
46597644
46507488
46154419
46132496
47340904
45990072
45106078
44822289
45091322
44892500
44886646
45125164
44830520
44781769
44428420
44228741
44214243
44809089
43681467
44798797
45332120
44419899
43671838
43906737
45114889
43673096
41691887
42925241
41761427
43199510
43165624
43484925
43182660
42466623
41681304
43495242
43086957
43119620
43127228
43644089
43102601
41719537
43222214
42935674
42193431
43235096
41296529
40611642
40785798
41059855
41561296
41442005
41014730
40624388
40826876
41555152
41426439
41568271
40818329
40834477
41187633
41171630
40980837
41414913
41428524
41155897
40238833
40105584
40233022
40124023
40379795
39991834
39944519
39930210
39920543
40367741
40114091
40155010
40502536
40483242
39908653
40400055
40496376
40489741
40354730
40139341
39485989
39878836
39020810
39440272
39010833
38862941
39604839
39855825
39526718
39072243
39901035
39866402
39461291
39455528
39524067
39629153
39518476
39890478
39474271
39614787
37852577
38365589
38009574
38476749
38037684
38352213
38026257
38587714
38301730
37845497
38488208
38264615
38050352
38071958
38081592
38360379
38849307
38059983
38346047
37836564
37554070
37219004
37080757
37068331
37542158
37365429
37489713
37319377
37612493
37254842
37606974
37324077
37503829
37245850
37520742
37234641
37073822
37359730
37498448
37495873
36464039
36724134
37060149
36303282
36220816
36996215
36452594
36870244
36213441
36327515
36713333
36862175
36705371
36475031
36855639
37026252
36333226
37046696
36320261
36310017
35864475
36176893
35975650
36021722
35987821
35873475
36062337
36008941
35870291
36091185
36073074
36193056
36202516
36085301
35852280
35845270
35959955
36187019
36056046
36000896
35237009
35224801
35609864
35835443
35773122
34160778
35584885
35294641
35567719
35793954
35785137
35513123
35280434
35560938
35594006
35307212
35242268
35255257
35268090
35759303
33591750
33568924
33562191
34041112
33788298
33553734
34133186
34152953
33800312
34021033
34142557
34033286
34124963
33893769
33888123
33779313
33879057
33644449
33771118
33649589
33543269
33403213
33361522
33324680
33371561
33351582
33164219
33338791
33404868
33312551
33208911
33204000
33532240
33396991
33525045
33180841
33171028
33389174
33380638
33186789
32726269
32633143
32731333
32702525
32603011
32956266
32720523
32696826
32667735
33154299
32889383
32738145
32703221
32642278
32931591
32682015
33142723
32941976
32958114
32617396
32252737
32125157
32492367
32379213
32241865
32216159
32365656
32472638
32498078
32352328
32249132
32485962
32225024
32190859
32112570
32232434
32113865
32185228
32333772
32173748
31992686
31248182
31988797
31950250
31701012
31230204
31984548
31280751
31975250
31251038
31264346
31707654
31718989
31273653
31748006
31967672
31746612
31732698
31672195
31663858
30983895
30965042
31006206
30805328
30959236
31217664
31034982
31171190
31201147
30807356
30970564
31025222
30810754
31033070
31192517
31021019
30993766
31015347
31181379
30799360
30499430
30320128
30732052
30312278
30706648
30508459
30527027
30550753
30544428
30479064
30795296
30442102
30787030
30518651
30740929
30454567
30490362
30537063
30463838
30717499
30180496
30078793
29797325
30174107
30069492
30188536
30012054
30170962
29992707
29819846
30048881
30002167
30037714
29984865
29972026
29811554
30275340
30292001
30207102
30286210
29605747
28413596
28338720
28334192
29581723
28419041
28328817
29596906
29572337
28426790
28407296
28449809
29466432
29780098
29771468
28321008
28145331
29787461
28439098
29763587
28122421
28110775
27806784
27923349
27735181
27935879
27928597
27943571
28141092
27933682
28077671
27873090
27738783
28115838
27859972
27742511
27948177
28104827
28037920
28098673
26888647
26650833
27389707
26518095
27492588
27382916
27726818
27025435
26721824
27014381
27718367
27373561
26880976
26868583
27033546
27232432
26726728
27710418
26717620
26730243
26094092
26502401
26086740
26298568
26101108
26002593
26000803
26512934
26010327
26273979
26261917
26477652
25999283
26491367
26469553
26304543
26448258
26507314
26096155
26019847
25945663
25963916
25870692
25879635
25652396
25594255
25586665
25642442
25612940
25949926
25968948
25621422
25981062
25605060
25579631
25573633
25987988
25956699
25629497
25881653
25255421
25423941
25378746
25313725
25307849
25211837
25322422
25407285
25570297
25319085
25325624
25243637
25235672
25221958
25399330
25386756
25418222
25229632
25280704
25390551
22221267
25028815
24239575
23907293
22242736
25021943
22235735
24263251
24254664
24246266
22225323
23133037
22251145
25016158
25205864
23140278
22178325
23919251
24256140
23899192
21059353
21054730
21262907
21273430
21557638
21122579
21043788
21562877
21407312
21093019
21728396
21411991
21735510
21077901
21553901
21067564
21049514
21268650
21035830
20937751
20884327
20723620
20912403
19746733
20903746
20877262
20870728
19688833
19732725
19770965
19183518
19179361
20933102
20927205
20042286
19142849
20897040
19776916
19740997
20920537
18875920
18732363
19011441
19003585
18994752
19126899
19018242
18988108
18892935
18981514
18867251
18727011
19136468
18857608
18681956
19134575
18692229
18845973
19024943
18888578
18636216
17821322
18516794
17947310
18523367
17772101
17762867
18616711
17752914
17674280
17780952
17667132
18640768
18610605
17677924
17830171
17758233
17767970
17825860
18528566
16719046
16585944
16475157
17646254
16663429
16710353
16975872
17515241
17540903
17642503
16984983
17132229
16671158
16970694
16679428
17546745
17135140
17493173
16659429
16591786
16341038
16352963
16339658
15482405
16466364
16334489
15921329
16432243
15821157
16437374
16427971
16240785
15909478
15901438
15502097
16443177
15815832
16448754
16346367
16471094
14822903
14904781
14848578
15348147
14865841
15043522
15366668
15217789
15325760
15341367
15031564
14824007
14816445
14856023
15357969
14833404
15319850
14875923
14710115
15036053
14495774
14537860
14545457
14375871
14653264
14358641
14353899
14519888
14481036
14227301
14661046
14232084
14510169
14490573
14219052
14703646
14643237
14383511
14549236
14366719
13603936
14210209
13887683
13890559
14186501
13897818
13583866
14082103
13548735
13916287
13556011
13909660
13576969
13614673
13828285
13871274
14074972
14180338
13608181
13569888
13048885
13159586
13201360
13192462
13043273
13414251
13403684
13305704
13300505
13343818
13397605
13032197
13054136
13008779
13316814
13154101
13419233
13411612
13017763
13208150
12576898
12982909
12207741
12221504
12988197
12912535
12706703
12995435
12714115
12052335
12738541
12973087
12582794
12214166
12975761
12979226
12718519
12901430
12229879
12592720
11582725
11794619
11590376
11732727
11718770
11800010
11586410
11831393
11811230
12035110
12043682
11822988
11789125
11791051
11818559
12029612
11724415
11863536
11806798
11728214
11267787
10282164
10287683
11445162
10543319
10440190
10159506
10429743
10413847
10546737
10417894
10154160
10169832
10152014
10422737
11263465
10164077
10435909
10147070
10830139
