804605263
798278246
798128205
797870900
807204795
801915545
806934837
804710659
798067992
801958151
804870760
798002455
804791443
804650183
802027941
806824372
807072193
804540613
810919539
798184952
638114019
797824103
698770697
667873654
797795923
756761550
668026924
797631189
638067129
700690272
667962509
756673650
638154827
723004948
797567311
698806680
756629187
638091067
756724982
700720424
546003102
545973470
601240576
557492067
601326897
546077186
601201172
596371190
601294543
559875914
601220142
636219426
601277074
546049314
555891800
596187795
596441085
544598569
601273447
596270175
535341857
536504945
529969305
544501791
544532173
537649100
531747271
533436117
529942539
536532023
531840188
544569557
537621744
531780058
533528570
533472705
531811708
536467690
529990975
533392027
515920262
517931061
511484399
517968449
511597421
511526702
511403572
511380200
500064684
511462042
500488147
500005918
515893631
500455029
511561837
517894206
496951566
506362168
501685775
517858891
491663964
491905349
491781625
493071524
491468339
491565689
490327964
496895185
493157140
493892815
490378195
487472859
496818206
493804347
487439904
487415229
490435202
492998201
490403364
487387085
480404164
477427305
477251423
477069475
477384772
458345840
477176627
456894503
480304958
486121159
480235248
486142221
477355346
486083689
477114107
480333444
477311757
458318197
480443711
480372238
453494590
453436634
451963471
438896425
456833524
453392100
451772826
439112713
451875964
452000719
439021831
456865238
453330040
451822823
439092941
439060496
453535640
438943503
451911248
456796653
436247642
429963485
421481654
432964203
421528147
421447285
423633908
432929624
423738031
438779922
438634038
430025124
423549153
427355318
437528038
438840605
432914440
432978201
423649923
438706977
387644346
417238248
387773125
421417264
387799917
421146657
387749193
387689538
421083801
390940466
421011068
419881632
407213824
417252808
419820233
387666841
387624012
387599499
387713425
417209780
387350389
369598909
387548225
387402598
369084967
387437076
357833596
384786339
386918016
357908662
387574824
369719196
387394141
368840360
369111351
359009027
387470233
357874355
359029304
358982362
356576059
356591362
356560000
355181234
345462028
355238879
355527188
355504854
356545435
354126053
354196360
354151160
354311831
354173330
357802803
354285134
355272121
346750046
345488816
334795391
326399634
326532770
318275046
321672425
318110937
325012343
319484759
326377664
319423380
318173716
326579537
334769411
324980448
326478494
324748204
326371640
322811657
317083558
317060200
325051533
317033226
304951104
298832690
288307335
285937450
285899862
280592811
280507092
309260475
275779385
275800311
280543886
309226412
285892306
304932292
280569744
305017664
285966415
288280761
285846917
274752621
273664568
261290616
273630266
257496115
261229124
272480854
256396041
274798186
273466270
273435975
261163292
261375267
259342148
257475405
256375635
275741373
261316427
272305417
272432883
236687497
236702494
239244497
241593025
237061139
236674560
256121794
255087946
239262300
256065590
232671081
255058959
241648165
256355340
241627398
232704851
256158423
237830370
237802895
237833433
219609041
216575320
231249567
218948469
218958149
215845517
219631925
219586298
214929513
220469738
218937739
214833738
219648863
230449209
231261855
224828707
230461511
215860282
214803669
214891139
209243603
212586617
213407762
202842704
204509285
204467333
210941387
209278872
212244764
209211344
207611332
205309428
204526210
202816531
202782733
205983655
212575007
205290689
204489725
210907420
196791458
189288328
193896675
201307231
201215946
199725710
189483064
189265279
189459292
200728446
199914830
189253035
201036565
201381115
201365333
201279253
192650971
201841557
188909802
201172411
188482434
188497008
173404299
188833682
183241416
187659914
187598732
177870346
187634303
177852081
173387894
171743941
171721022
187572916
188864491
183255475
181301686
171732492
187534706
173433424
167361664
161905508
171686881
163696221
169551021
162097162
162891771
162200519
171706052
161298231
162162757
161283023
161267930
162183800
167385840
167372700
169566247
162925097
161253365
171666636
152210451
152188680
140337970
140301405
133719113
130357389
135221298
154643199
130337581
152857747
135200305
133821067
154658184
152795257
137590324
139297514
140230964
152827615
134894572
133868518
128656558
115263195
115231587
120815045
127145921
116989520
128230382
127252125
127114762
128278974
116238903
128446178
130257398
130268062
128382483
128333768
130321957
130291939
127198819
116258106
89691987
105624666
87574685
87556688
105367699
102714176
91450654
89667547
88941251
102694208
93413301
91477547
87586639
87599911
88953939
87542416
105389249
89650195
103549324
115187684
85479596
86915132
85532528
84197874
84203255
86876310
86881217
85501908
86910782
85489861
86888518
85540176
86901354
86922527
85555211
86894379
85566060
85547543
84216934
84210514
83306988
83287035
83184569
83137821
83254553
83814055
83277274
84185127
83779810
83245208
83334378
83197621
84191614
83846729
83296041
83265491
83740258
83328893
84167522
83315968
60333367
60891909
60910297
60391991
60315089
60944663
60348317
57602182
57645442
57654709
60370246
60958720
60330140
57727155
60358519
57720576
57663988
60922495
60934433
60380427
57185714
56678612
57168487
57589699
57576074
56189343
56197596
57151402
57160489
56624106
57556159
57539410
57203467
57525273
57196556
57176397
56669780
56635784
56182396
57510950
47150121
53864895
53874751
52627043
54772785
51890251
54721600
52641994
51822919
51840316
47120202
54789862
54749338
47143702
47137736
54697245
55758611
54676454
53852658
56174994
44882295
44846456
44586396
43813546
39752906
44606637
38884442
47110311
44612251
38298207
44891073
44902190
47101480
44577681
47088914
44869509
39744752
44601696
44909578
44856192
31776801
31507573
30579151
28732265
31777524
28722524
31016906
31007751
31991669
31991172
31501283
29014816
33402434
35102274
31493714
33407619
30563294
30997742
30572050
29117726
28500559
26884367
27529042
28507008
26685592
27735569
26674952
26662739
28715333
27727132
26651691
28119961
28088130
27748372
28099892
28112387
27665496
27752468
27535858
28127414
26116326
26052687
26259062
25845809
24010775
24369286
26221725
26230369
26307773
26250121
25855430
24334796
24104993
25830865
25838512
24196424
26209575
24341456
26297788
24005290
23808382
24000722
22556669
20934929
22377939
21675522
22563184
22035373
22549946
22045170
21688821
22624563
22595187
22630726
22580861
22571963
22055646
21665413
21125904
23818660
15606693
19636584
20304173
19632151
18453044
15878273
15511856
15262873
15621570
15378885
18775753
17854979
15518487
18461012
15219415
19907034
15266001
18646089
19626739
15614376
14946741
14928680
14889354
14889329
14883517
14880396
13955512
13949794
13898834
13890503
14754570
14935145
13944133
14580555
14894132
14884117
14572691
14950343
15210139
15073510
13422764
12412070
13589193
12401473
12378482
13428176
12142463
13762164
13754438
11052261
12161936
12888692
10727954
10977515
12392083
13046598
12152176
13575228
11064830
13584282
9620290
8597566
8076962
8745129
8618126
9897903
10501543
10489808
9491998
10497898
9612817
8750086
10494375
8753415
8732145
10507486
8741435
8943371
9626237
8610742
6773725
6403950
6776473
6402653
6524473
6573382
6762062
6906167
6698481
6758054
6527357
7861972
6785062
6945509
6893720
6948113
6950939
8057139
8061769
6521860
6381700
4715535
5748904
5751339
5194585
5709437
6379486
6328670
5718194
6323549
5551783
6348571
6256620
6398096
6392959
5754533
5713911
6395227
6084482
5745372
4107991
4546045
4461420
4328730
4333821
4394396
4117235
4631814
4553411
4307958
4627252
4308227
4316110
4319276
4392772
4460052
4714403
4325042
4190958
4316938
3916411
3934371
3645760
3936384
4103289
3939475
3934478
4000721
3743187
3641730
3937979
4103035
3934250
3818297
4096777
3784469
3740415
3923814
4094844
3765898
3621671
3571332
3258093
3169891
3174152
3569489
3031276
3580693
3259015
3469622
3032587
2933095
3170287
3572962
3118765
3251718
3264545
3247390
3120410
3180812
2059276
2620301
2817321
2480674
2678598
2070331
2061934
2030908
2000686
2001689
2052725
1944258
2618219
2483847
2930637
2029221
2001051
2477750
1941818
1998248
1580642
1847047
1708412
1940117
1857734
1847646
1932190
1616956
1934669
1611068
1938685
1615480
1847581
1614021
1847683
1847233
1852287
1612173
1848038
1610726
1239059
1407113
1163159
1118483
1578123
1417605
1579447
1471865
1503462
1404793
1073579
1056463
1483844
1108970
1415234
1120384
1484906
1297221
1420122
1408239
727726
836045
729473
928649
722950
721323
787117
932099
726701
721041
720767
714822
647203
836374
684079
718871
784348
685208
717038
836230
495060
342658
585955
612431
615263
495611
343874
616580
340961
591822
495314
590571
617467
618823
579023
585896
581705
589389
612841
612975
275045
228056
164696
171813
151605
166319
228166
276502
165746
273016
151977
164810
228549
274117
182293
172325
334679
182780
168044
336499
