1186444947
1186565074
1188945032
1192203896
1191843265
1186525802
1188195409
1191933599
1188090683
1186481156
1186078869
1188280389
1192420583
1186002132
1192337418
1186378149
1191194498
1188657070
1192059827
1191262840
1185692346
1181426925
1183829103
1181467140
1181365373
1185411635
1181188401
1180822730
1180274489
1185588943
1185257066
1180605333
1180493355
1185837570
1183712755
1180179937
1185093728
1180729973
1183776346
1183621086
1179122690
1178212027
1174814125
1174890743
1178972425
1178692293
1178316618
1178497089
1180027935
1176861468
1174603262
1174500938
1173710913
1172757528
1172906616
1172839519
1176948428
1180132732
1179058925
1178835252
1167780567
1171860126
1170390905
1169844020
1168958622
1172475399
1167631345
1167075885
1166955656
1171992457
1171522167
1171435565
1167420780
1172653324
1167560973
1167507843
1167305632
1167864481
1167928024
1172131177
1163522860
1164934902
1166505133
1165051489
1165641096
1164709063
1164260248
1163482010
1164808062
1163572730
1161483341
1161509142
1161446936
1165595464
1164328924
1161340682
1164476894
1166765873
1166631760
1164611800
1161260294
1160965152
1158317883
1157233504
1160758075
1160332731
1157416114
1160568512
1160870643
1160235428
1157339501
1158851646
1158112648
1157170907
1160419542
1159437828
1158929213
1161099791
1159379009
1158193269
1157113084
1156401229
1149298258
1151779227
1149138756
1148910000
1152094818
1147798795
1147434458
1156469254
1151915488
1151344633
1147632508
1148726277
1149409177
1151669918
1151183187
1149220511
1156553881
1151587348
1143964352
1146759374
1147344718
1142314558
1145468519
1142000231
1146619208
1145288895
1146887145
1144398625
1145109776
1142497865
1144267819
1140975909
1145229101
1147247104
1144661261
1142141695
1144933896
1145016678
1139826587
1140402414
1137678809
1140267384
1139927552
1135907808
1137001362
1140628553
1138085580
1137832073
1140555454
1139741930
1140698266
1137550152
1140871070
1138416768
1138203720
1138336930
1137386043
1135977723
1135010457
1133147169
1135822471
1132921076
1135735985
1135115353
1133258718
1132761562
1127569378
1130380553
1128630885
1127895999
1132853295
1133351725
1134843374
1127742103
1128704674
1135659507
1128002418
1135544307
1119689264
1120404336
1111856875
1118269040
1118448876
1120569448
1120719311
1123636042
1120202803
1121147471
1118194187
1126188836
1118367310
1111822951
1111890062
1120035478
1111668046
1111548068
1123554881
1118105539
1109517890
1109352129
1111069007
1109597460
1109729945
1110598920
1108888136
1097832300
1111286248
1111202317
1097748561
1108335195
1097452626
1108427205
1108777822
1109688545
1107544962
1097902330
1108666624
1095910329
1082915445
1095851499
1091822784
1084974629
1086036797
1091350983
1081030933
1093390720
1080782423
1082683426
1090867173
1091778081
1081072901
1080916916
1084928308
1091881025
1080864808
1079158005
1091043217
1091157128
1069802533
1064431380
1078265357
1074302380
1078439494
1071729459
1067830198
1075814675
1074637930
1075946523
1069869394
1069839096
1067857518
1064532163
1063777736
1065819724
1074441402
1074518110
1072060033
1076197718
1025592008
1029100406
1025085661
1033915722
1062562638
1029205640
1045806469
1062517833
1063501059
1045603524
1027435800
1024769652
1062438334
1061859739
973913189
1045726537
1063323395
1063414173
1045949708
1063580713
959158356
960958181
957963952
960639165
957235605
957225609
930089817
930047409
957283069
927355842
959111436
960421565
960551713
930136154
935340463
973862004
960315534
958031521
960723748
957898507
889136024
927087343
889033287
925642220
888123308
905941769
888892535
920083026
920014071
915600319
925005113
915507401
926850571
887213377
924842465
919941722
906031837
889614372
926769321
905843608
887079422
885772020
884337853
885991956
883245085
883162146
884305345
876363456
876136440
883350701
876842540
881584982
885914420
886195268
887021035
881648769
876245884
885143980
882153987
884212055
863573086
865561253
865612285
862076311
875931573
869032389
869273850
866152805
862041302
869152718
863383611
862099607
869471377
868952821
866107310
865900714
865762183
865684178
866052827
869362882
861922891
854650768
860158983
857242909
860199442
860101989
856464021
858966080
859034631
861977362
861315590
853683539
859287330
860261537
857148630
861999247
859370919
859258772
857340413
860225374
852075193
852638060
853442338
852526475
848423967
848341291
848200478
852438445
849550751
853586095
852587612
853501914
849663364
849470956
848674940
852163322
849608265
852469413
852385744
849784720
847921621
845064048
844909525
844834340
848129637
847597700
846900995
846031657
844678569
846951750
845128003
846823968
847675156
846245444
846331409
846421767
846525603
844983323
845923930
847821840
844036771
840482825
841248885
842446114
840906710
837338475
844479131
840385936
844543824
843946079
838729106
840288344
841173903
840810477
842518127
842215500
844373228
844154794
838617247
840709856
836534939
835583101
834635688
835677991
835044332
834563005
834690269
835266056
834747136
837193135
836158692
836210630
837280101
836332217
835645599
836287294
835359378
836482884
837166071
834898432
831661161
829183840
828954492
828268411
830054595
832700016
829117657
826282297
831013339
831873118
832790471
832861077
830965818
832924802
829013304
832993848
834487954
833091686
829445828
829363027
819050512
823375393
822616810
826176165
819710162
821669474
820205280
826225219
825798218
820129144
825886286
823868382
823452444
819800559
819002951
823957437
823792956
823298921
821543182
825975283
814997653
817941231
816947803
816649787
818889022
817900070
818095453
817161083
814943211
816993121
818251243
815237542
818028898
815074650
818177112
817127813
812951738
818812360
814734588
814796395
808561270
807594589
807487127
807281892
808517469
809200605
807226280
806767622
809093548
810225966
810280413
809051711
809129368
807115455
809277788
807388022
808713729
807365604
806854320
808918912
805011937
805369187
805444600
803132506
803336809
806586813
805604134
804572743
802929807
802790054
802623932
802525287
806678651
805210833
805265597
804741987
804671838
805648692
803698372
802572329
801465343
799606285
798618520
801110513
801396916
800855626
798701703
798545821
801039859
799399133
797452829
799739923
799712582
801182921
798800799
799666134
801514877
800925461
797010227
799117857
756512524
796656793
756732557
796749591
796567008
796428303
756690344
756455473
776683951
757611816
758347231
757425057
776739186
759150784
796508366
757489036
757323032
758452665
756648108
757251213
755689004
752789344
751111594
753065551
754564009
752524406
751066352
755614634
756292951
754916172
754866580
752898826
753944367
754734061
752727151
754038726
754672891
753107492
752271731
752601126
721897511
724883061
724797580
721421028
739756981
727378966
721377814
739695880
727473618
721298995
724073249
722121092
722062838
733968833
725780410
724126203
750781083
730864504
724094962
721974182
717507802
716998720
718009019
720966966
718083808
716246633
716278597
719395429
718209064
719294614
716184895
721127952
717608519
718140680
716120541
714232363
721207663
721058316
720107562
718183807
697562863
698605823
697484436
710162271
698018224
696746588
697625991
705337353
710045846
701346950
698120705
701261385
700541834
712361448
698396084
700584077
696789082
710341033
698655088
698458722
695846895
693781304
693568411
693669115
696018068
692172200
693934187
695659149
696605212
695606806
691754627
694032047
694100393
693437485
695937516
695766064
696485929
694761779
694324189
693493720
649066375
647333729
649874807
649112840
649890000
649053225
648669592
647424673
648602732
648163797
666263567
649199147
689269965
645071762
691611225
651495996
649842089
691412568
651468930
649802689
637087247
641518291
641280992
641013925
638660423
643484653
644863559
637854493
643452642
642371134
644150909
641225119
637028886
645041012
641371255
644088004
638034803
637980289
637899809
637177439
635881129
625942802
631955113
635754405
634373972
635658056
636988132
633761107
633364221
633417152
626546375
631657779
631207761
631771224
634409050
626452183
634432956
635808010
633877528
633821990
624473944
625188486
622489092
623017210
619716236
616581811
625808349
617370945
625240149
625342539
625890597
615845286
625920569
624449538
622940915
621447640
622996780
622977739
625843940
619647103
581553829
614967343
613352922
612732738
571933935
570758012
581508566
613422431
572010264
568476987
614528720
571873572
569839365
569075970
569031670
568991272
578023433
611508478
614945272
612685663
564042545
557908397
553647837
567149928
564198944
557964763
564107369
566425596
567674137
560556744
566520397
559913952
560688133
559931124
566474119
561574653
560620455
560745532
564148889
567172038
546895672
551254713
549792174
551241297
546825662
549750213
549019990
547823315
550558993
550473224
547860131
546759100
552059526
551989188
547916558
547789653
550518162
553571670
550431867
547374135
529060659
528947866
540167781
536895867
540734107
538111007
538197468
532321275
536806927
530602572
531720083
536959262
533115484
540784695
532220016
546061505
536846866
538157108
538246200
532264391
515097365
517022060
515006246
516920493
516744989
526264274
513646014
528146250
524395641
522616280
528872014
524744858
516841988
515057192
514245181
524511783
514152518
514089799
514298547
514023445
511324927
512824687
508082756
511012339
508150816
509939028
508006475
509860704
511298485
509815565
512660694
510944661
512781123
510685855
511283564
510560582
508790213
508761731
512722601
511101520
501836758
506831915
500239895
503881206
501147192
501222994
500982604
500369221
498897594
500909469
504216945
504055053
498919248
499519609
507244475
507831441
501724656
507879747
499602037
507213238
497493212
498798566
492277064
498234465
497506745
496996568
498095665
497528657
495805446
493979911
495759760
498313203
498030676
492910482
497468068
498840743
492844076
498142461
495323794
494688989
486728658
486852285
485143217
489983251
491118992
491182101
486520371
490135812
485136930
492241802
486799416
485259674
485205032
485090644
488736102
486527391
490223023
486650362
488707628
491377853
485036799
481452129
480678444
480622598
480786838
482814003
480566492
478036596
480731764
478347800
478285985
480549801
480573946
480560583
478204861
478133993
477954849
478091161
480556008
469898914
469731148
469669719
467285069
431979265
430653870
429308101
429414782
467165147
467234401
469780923
469612924
467345768
467428559
430584299
467115730
469723403
429352821
430541698
431902627
469834956
425582586
426570804
427767501
426493191
426345785
426970650
429234622
426753553
426672765
426216581
426420968
422923212
420593340
426276367
427708250
427024009
427845382
425613455
426596006
427906332
415681606
415753264
420451205
417882525
420341534
419010618
417838045
418873016
418786642
419064655
417657583
420549813
417921331
417751583
417695730
417975661
418948700
417799336
420503644
418830355
408524809
408407644
410652009
410586745
410431681
415422826
409299248
408461310
409488895
409244032
415614625
409430567
415472334
410334877
415547824
408480984
410504525
410385742
409347442
408349556
399247642
399192359
399141056
400506820
399019569
400143114
408291000
408241742
395323138
399358410
395179867
400182764
399412355
400312276
399299535
400245429
400374372
399070545
395248099
400444262
392385431
394023573
391626843
393968714
392675579
392597211
395009303
392441072
392370819
391276327
393904123
395093679
393832149
391346802
391491685
392547998
392493067
391408816
391556254
393959633
389888385
384532576
383258218
384590494
384378408
384721630
383347064
385217749
384991776
385169452
385062132
384916296
384427327
390037925
384478384
389970544
390106171
384649451
389814125
384853761
380223436
380995253
380162469
383043572
382149924
381896687
380825165
382209765
383017181
382287750
383167976
383107588
382063748
380917364
381992851
381934264
380880412
380098792
381105900
381046092
379154888
378935439
378624714
379218160
378760721
378874330
379758318
379996542
379926001
379679901
376334191
378559069
377507447
379190227
378817945
378705209
377555347
376005532
376286586
379832914
374786191
372548694
374694818
373660653
375589662
374440198
372768954
373397412
372609705
372385945
375862448
372437492
372748553
374543939
375953444
375721984
375813222
374594548
375671148
374492092
371563220
371062560
370815703
372348823
371340350
370997521
371606617
370811331
372124502
371257950
370240894
372235579
371172340
372175642
370872075
370926558
372081915
371598803
371120494
372286986
363938390
363528966
365059801
363553753
363888872
362836385
362795499
362221415
364675613
361463917
363763359
363435985
365174250
366047604
362872213
362312538
363989516
366029567
370135280
365144092
358748895
360088005
361133382
361036512
359788327
359699526
359618199
360136594
358102887
356102322
361384280
359874363
358296529
360039003
357459636
356014667
360957646
358682021
356078770
357513980
353756508
355767441
355289652
355825820
353715411
352676457
352419156
350931750
355959775
353284264
353247153
352817378
355027777
352499460
355316442
355100220
352350333
352188548
352733158
353218787
348102212
345905347
341069767
340799229
350668381
346175736
340753195
340917408
347295080
348133427
348279362
349469825
345947648
346007937
341143496
340997545
341083426
341554237
341204727
340846734
340128650
340312159
339817411
338719446
339941837
339812922
339751236
339876040
339646487
339715691
338969886
338759131
339680108
338819183
338675182
338637226
340180834
338894991
339011403
340059094
337689037
336494345
337879841
337834825
337648558
335717972
337512733
336544682
336643285
338572432
338194121
336601618
336868544
336819767
337551082
338604936
337931812
337771162
337589530
336732606
330463685
330610511
335502892
330416600
335450789
330719099
335620799
335680055
330759209
330671012
331546896
335374428
330468143
335317178
330543957
335562171
330307722
335251941
330359848
330278372
329278455
329465012
329521810
327964235
329412232
327416040
329353370
328047367
329150393
329565493
327344346
327301976
329237197
329201321
328011033
327239914
327111892
328106676
329117800
327169977
327031151
325404337
327059140
324336387
324148225
324044938
325461524
326949967
325591210
326077646
324470189
324249008
324198275
324105025
324069859
325519506
324403734
324290795
326848758
326909429
319084875
320172258
323376318
323157850
320280515
323099055
323319428
322984967
324002292
324019443
320025516
323272470
323012393
323226772
319986479
320055534
319950613
323432980
323061228
320113112
317693013
315444037
316954102
315783911
318868596
316912448
315860984
315847387
317734004
317631891
315730467
315493695
318947046
316817822
317578194
315378642
315874119
315330110
317511157
316734168
313475624
314105889
315087267
314069196
315207813
313999496
313523320
313315289
315256600
314393055
314150221
315169623
313421845
314211481
315303252
315122392
314265404
314027834
313375019
314330752
311972320
312989374
313052778
313250237
312041421
313200189
313152451
313026327
312679361
312316812
312093289
309520720
307203614
312247747
311999067
312148333
312363854
310964962
313089048
312191667
302004831
303440517
303122125
300713535
296930017
296548369
296503182
295132901
299618103
299559305
297376662
301601834
295443636
300173829
306651609
299589243
302707135
298189368
303359581
303428266
282550845
290184335
295045628
288960905
294130420
279919502
293757116
289045107
293818981
292474743
280060580
279983219
288081181
282502887
293861822
294180116
288133198
292531007
288861315
282317973
272374341
273561196
272405681
273525451
278676086
273441306
273741949
273469176
273377325
277727010
272483012
272563234
279060500
278022192
278738916
272282108
272256207
273352623
272500391
272445753
264368248
272185841
262579147
263591396
264322647
263615830
262467064
259378320
263526474
262283296
262322091
263328756
262495365
272219982
259401414
262603145
266803581
263495756
263290556
259394183
253990925
251882242
252908972
251836324
251036315
252801350
253037640
252994168
253953747
250904718
250025603
252854170
251774000
250990179
249980168
252961271
251074230
250856331
253860931
253910342
247186361
249302137
248923562
248833721
249148759
248992202
249194945
245648773
246975451
249041660
247225140
246951189
247171556
248210594
248146343
247267441
245677845
245526172
245361632
248098993
240536393
244847293
240631410
243177804
240664537
244785987
241976793
243217132
244744201
239808802
242796552
242855740
244699399
244816918
239839210
243254732
240496129
243116218
240620237
241935988
234885988
235437667
235343526
235510592
239006691
239581339
239050957
235362472
235413193
239525811
239615501
236442535
236403439
236339012
235539659
236370226
235314426
235473231
236490736
235384760
233270198
230069272
231918341
229297710
230236111
230977685
232584002
230032012
230002600
234349138
229924536
230131235
229913007
232622009
232012166
231796570
229982480
229259113
232039312
229951597
224754698
228941183
228918595
228914275
228160729
225735456
228669394
224232050
229212886
224181864
224076544
228179139
225742603
226240413
225705780
224033156
229234017
228731114
221273692
228936985
220123873
220090082
217025393
217888188
216815780
220210873
218641353
218063822
217273201
217257942
221240037
218031093
217336554
217310829
221209206
218592217
216215230
218733579
217940175
216793071
212962049
215433386
213220909
212758898
212280400
212147003
212833223
212787161
212864993
216186186
214034531
212077838
212918047
212189481
213258879
212889035
212422015
212109357
212005747
212033300
210115997
210851031
211975084
211945008
210439015
209966061
210172277
210070947
210614068
210461520
210153968
210810533
210515891
211693027
210486315
211713943
211578642
211675053
210638329
210557245
207355665
208772251
207569056
209159973
208863087
207912576
207870045
207494642
208824248
209108109
207840188
209149032
207524157
206010558
209038739
207563616
208026178
209845347
208895390
208735313
205210599
205979677
199871871
199741290
204766057
204835568
204222942
199835773
204872626
199783461
204418160
201972810
200544092
204948818
204906752
205939523
205899378
204803062
199791030
205145850
196005880
195992847
199694107
196801820
197479908
199046405
196836228
197427319
196204777
196189453
196149733
196199896
199147098
196002460
199106712
198361612
198998982
197555809
197523751
198336982
171521586
188190899
189059517
191837913
188241422
185856116
192403985
195903213
189685368
191805427
189723634
192455893
193496436
195952221
189104049
195913561
193462250
192383407
189020242
188321840
168759647
163599237
160642921
167880377
167920579
171462405
163437536
160931317
160778742
160731025
166756515
163355236
160850372
160822579
160680415
159991691
168816523
163392838
160895965
166810569
155011638
151431832
151383196
151034583
150965870
159810200
158624551
151086494
154643199
154899737
150983278
159880225
154658184
158592975
151951524
158553162
154958230
159932390
158539548
151465084
147491521
150421309
146062486
142159476
143507978
146048216
143704309
135178146
145274905
145298868
148884523
144317936
142885858
142783772
134160314
145992754
143592055
140780887
143548526
145927875
128077369
132378959
129900462
130253461
128040491
127429246
128245606
133083198
130054150
129971116
130101910
127641079
128319022
127367970
134137235
128111612
129098553
134108996
130005335
134074805
125252058
125292551
127118770
124476150
127002365
125507071
125323551
124354441
126351728
127204734
125219695
124286812
124316649
124441603
124394935
127072667
127166059
126278293
127038636
125543481
123582587
122970869
124239881
122910934
117062732
123616193
116989520
123529586
124257371
123729297
116402902
117736621
123693432
117762656
117083310
123475626
122874964
122834017
123010391
123497525
112107145
116378604
115335464
114406095
112069140
115280547
112121430
114492353
114157989
112921326
116389821
114421213
114205310
112054562
114467596
114436522
112037299
115307850
112088693
114451419
102469916
108287739
102505750
111279815
103412792
99321629
111307399
99257006
111296214
111993323
99300695
103442804
101120392
111263430
110386289
112018833
101160492
97481134
110404158
101343454
96530761
96560533
96633827
81283934
84579952
96716819
80460631
80953400
96899813
96414358
96744881
96460570
95498914
95472821
82419149
96885469
81311423
96441334
80974384
80451078
80151679
61017118
61380177
61003410
62371038
62790239
77748755
80065431
80117547
80437184
80043610
62819848
62806603
61527625
62337768
73083051
59947995
61535827
61542004
80190244
59936984
58195773
59930013
58179621
58402813
56702033
56686785
59463926
59292146
58827080
56681534
59474042
57669071
56695685
58190191
59485237
59275544
58204511
58625669
58171610
55944982
50368804
55998034
50254829
56663620
54371754
50408900
56031155
55978622
50441870
55941962
55961103
53316544
50399123
50385607
53297009
54358703
50456594
56034310
56672565
49605103
49504921
49621483
48307624
48851873
49975766
48686569
48919307
48836444
48935737
48695594
48390553
48864101
48823515
48813893
50116401
49887420
48380711
48880730
48503326
45017743
45101445
47144970
47100138
47922891
47138815
46976530
48282923
48067562
47799891
47489416
47110441
46956194
45884469
46943134
45872869
48051642
45028397
45891528
47500288
44269580
44201049
43863044
43909864
44760475
43418054
44874551
44375782
44019822
44736355
44413617
43718849
44188911
44685906
43413411
44014530
44716715
44886486
44745153
44398521
41702964
41983365
42285338
42050612
41691572
42426277
42221506
42921259
41971869
42933661
42414595
42234381
42405471
41714340
42381622
43082748
42392093
43096287
42276416
42043173
38753151
41577509
41006374
41169026
40435595
40411759
40390056
40223639
40211324
39677373
40428525
40400770
39665575
41677711
39650708
41195523
41575319
39639733
39629154
41184493
38610270
38604003
38559004
38740770
38386771
38369528
38408185
38379074
38120148
38596498
38307440
38396167
38413409
38420013
38626350
38364884
38400968
38297896
38282871
38616155
38092251
38108694
35875540
37118659
36106331
38087819
36094121
35840244
38078311
38112897
36058458
36050122
36280903
36109585
35901467
36274157
38101480
35896379
35869530
36088386
33194552
33168129
33306875
33385875
33319910
33208759
33338202
33184905
33365598
33212615
33177330
33198404
33067192
33328348
33077369
33377061
33203274
32972175
33088049
35832848
32926448
32722073
32963994
32681018
32854351
32950148
32866840
32914456
32930731
32843768
32958802
32668261
32657948
32642611
32942429
32626820
32707790
32701494
32639842
32900851
30518952
29437253
27674704
32597766
32570499
29631504
28705062
29425295
28043009
27541826
28718127
31722296
32587747
30527786
27696567
30528879
29654538
29644356
32610881
30529596
25041074
25109007
27485299
26441887
26421635
25383464
25034128
24920736
26674271
25069926
27407170
27494053
27110591
25047131
25397198
25027425
27535587
27417214
26410958
25052895
24472997
24497952
24083135
24480579
24697521
24153849
24147509
24690532
24138747
24681412
23729383
24089242
24507519
23880997
24703865
24464394
23868867
23738088
23874691
24490591
22387318
23105063
23720622
23597284
23178677
22568151
22399408
22372948
23580808
23115278
22406176
22392475
22368080
22601579
23714971
22383053
23125387
23572222
23589294
22366080
20420491
19910918
21906078
22017766
19926255
19881546
20357902
22082334
19725653
20313034
22008984
22001976
19934308
21912591
19734898
19896672
20362784
19917771
20429855
21898073
16470019
16454334
18954896
19612112
16446597
16827210
19281584
16458976
18962402
19596853
18975627
16474064
19588978
18957632
19305123
19017126
19618652
19288328
16832533
18969025
16347684
16250397
16214751
16122514
16251268
16127299
16323250
16318903
16252233
15976707
15969685
16111309
16439635
16224201
16329016
16351293
15981703
16094139
16240811
16087881
15610037
15781538
15642116
15599577
15521181
15473052
15471266
15774208
15492457
15942503
15821558
15478591
15934894
15633039
15485086
15500441
15514285
15807751
15509128
15765730
15358324
14737801
15242001
15236250
15214291
15351559
15335326
14687237
15378129
14701476
15345376
15372991
15331667
15206735
15228601
15367923
14696760
15467471
14729057
15232565
14567433
14553497
14561029
14239748
14244144
14255727
14052385
14508236
14526772
14248494
14241116
14237432
14231247
14201147
14225336
14191257
14041453
14029439
14057289
14516456
13927780
13167813
13159340
13175453
13152972
13874635
13881695
13181514
13924604
13931613
13890821
13937664
14025587
13866024
13165217
13859163
13166409
13164181
13917958
13910708
12907449
12888347
12880747
12878709
13148276
12886217
12911717
12923179
13022141
13004154
12882359
12877843
13044116
12883565
13004743
12901046
12884833
13030561
13013257
12916951
12762571
12533345
12598728
12867310
12713820
12711052
12723812
12552496
12874894
12612212
12859282
12606182
12425548
12766539
12588538
12730985
12414486
12770712
12618045
12851618
11980677
11975063
11969170
12396392
12020551
12389982
12356790
12163553
12010460
11884168
11874164
11958606
11880338
12150851
12024738
12365779
12381460
12385035
12137068
12003913
11726889
11722269
11817099
11821399
11808285
11718642
11859420
11694084
11707376
11710953
11864447
11700747
11729229
11744953
11733823
11736908
11857643
11832037
11741068
11871575
11445703
11541220
11559643
11676809
11554116
11670432
11589979
11549550
11459249
11454431
11576325
11534407
11689531
11584524
11453705
11450692
11592774
11568476
11452890
11681413
11269882
11388895
11218792
11219182
11432225
11441258
11395223
11375357
11260633
11208189
11280667
11436681
11418072
11274979
11255667
11227742
11218246
11400181
11203228
11245946
11066496
10961531
11109854
11057687
10941304
11093797
10905132
11098678
10921727
10957396
10950389
11103648
11047438
11051972
11116236
11198082
11191808
10931523
10916981
10910472
10673195
10779876
10823793
10703822
10715118
10693665
10821679
10807136
10828624
10718337
10712631
10813479
10783319
10676010
10708117
10680295
10792419
10697430
10777226
10800395
10667246
10443418
10651410
10602231
10558532
10483860
10470194
10457102
10598631
10561245
10671595
10543730
10476230
10659289
10595461
10600103
10566212
10553672
10549120
10478661
9594918
10440081
9716403
10431887
10424025
10415843
10322673
9570116
10419559
10408351
9585717
9562849
10330710
9730839
9590371
9579122
10428555
10412016
9566125
10435997
8467386
8475184
8336409
8303997
8232124
8340979
8572116
8480279
8599598
8224155
8554651
8458845
8559772
8590140
8476507
8452962
8547398
8604549
8470333
8344887
8127902
8048989
7994295
7988695
8071574
8000235
8218565
8148651
7997267
8139060
8123947
8144532
8042412
8041585
7999968
7986450
7991400
8075228
8044995
8003409
7895866
7965312
7974713
7943253
7941247
7898364
7962741
7908508
7946079
7902940
7954743
7961440
7891143
7887482
7883769
7969067
7980622
7949943
7900534
7904744
7615028
7605105
7621857
7792158
7795382
7879917
7613212
7548855
7804743
7617490
7547985
7807772
7874247
7777541
7774044
7868023
7798772
7785876
7755183
7537486
7474916
7288617
7141585
7129096
7138930
7144713
7283557
7136100
7534491
7132099
7151963
7148817
7470697
7147839
7478266
7483021
7467711
7313299
7223381
7128386
7118677
6981890
7121566
6977811
6986227
6959244
6968385
7111465
7070965
6975311
7125326
7114301
7068186
6973027
6972456
7058666
6984055
6966126
6963584
7109250
6589911
6584124
6575797
6587144
6521030
6530595
6753165
6593300
6956686
6578472
6912665
6910444
6569629
6910967
6678134
6907796
6527724
6517395
6584996
6525033
6511747
6448768
6508900
6398603
6438059
6462896
6334059
6329482
6501712
6513437
6332101
6457896
6452131
6505116
6455654
6336503
6445810
6501112
6401128
6461233
6144064
6103047
6172786
6155205
6071704
6321713
6073676
6075867
6175672
6325032
6308808
6096491
6140640
6101720
6147239
6090701
6093644
6150850
6099412
6079553
5951531
5963290
5947498
5875306
5864438
5960785
5901381
5875644
5944786
5867344
5901268
5870812
5840505
6067832
5876255
5876053
5957543
5965903
5838638
5954236
5811932
5835492
5757639
5746180
5837288
5754490
5827359
5802414
5748972
5833217
5830001
5743866
5805967
5818446
5822435
5751514
5759932
5813893
5798692
5810022
5706291
5730534
5710488
5734130
5725296
5671435
5662965
5665120
5660306
5657316
5628012
5739565
5728725
5623250
5613559
5618517
5653075
5669496
5607822
5668214
5525357
5538568
5450144
5544990
5542886
5541470
5528538
5507576
5513604
5531858
5504810
5534533
5521033
5455549
5457938
5446953
5517308
5460767
5453154
5511188
5118036
4988851
5445089
4918606
5140050
5051165
5132199
5047002
4985273
4983349
5136912
5141119
5117703
5056028
4916177
5442559
4986826
5124539
5138666
5121722
4865758
4855141
4784925
4792744
4764644
4773910
4841226
4868673
4801704
4788482
4847433
4851136
4860571
4799040
4758389
4912616
4795247
4761161
4782315
4722381
4635215
4621583
4708475
4701648
4569485
4567052
4561283
4550603
4547030
4637734
4712724
4553119
4557075
4571685
4706389
4720494
4632638
4715138
4703695
4699258
4487128
4419771
4546655
4451786
4498809
4446514
4439823
4448909
4508134
4492997
4372174
4367758
4379191
4437128
4453919
4510437
4505568
4489381
4495281
4502011
4193294
4296589
4163560
4202062
4302659
4095135
4303380
4258362
4188356
4264464
4253785
4158756
4251093
4198573
4304305
4282242
4305955
4270978
4096751
4293452
4087827
4040437
3990348
3988547
3984662
4079188
4074012
4085026
4021265
3994222
4071500
3987074
4093208
4077254
4017604
3982388
4042661
4043826
4081693
3991887
3979440
3872132
3955985
3964388
3906362
3899926
3873556
3772744
3960779
3970040
3778498
3794357
3903491
3784147
3958897
3967118
3931277
3930298
3928221
3797752
3704619
3692476
3693523
3716826
3639219
3636502
3711115
3719987
3725210
3693873
3696778
3695228
3634345
3706704
3699850
3689826
3615938
3613076
3722036
3714525
3608635
3404070
3517135
3597690
3515769
3605149
3508255
3493332
3501205
3510315
3405361
3601647
3518740
3513905
3512278
3499689
3375832
3372927
3511279
3598786
3338099
3339493
3326466
3330024
3334753
3323400
3314970
3304140
3298663
3267989
3265975
3310407
3332638
3336228
3318102
3308541
3263306
3341979
3301227
3344126
3262236
3242325
3225597
3159205
3250061
3251714
3149642
3259256
3167394
3163330
3165496
3234251
3238313
3151076
3230043
3153435
3255815
3161492
3245577
3216464
3026460
3128736
2864702
3121820
3061491
3113399
3066079
3035783
3063685
3127213
3115456
3125915
3058989
3056377
3029730
3050356
3048075
3030064
3028387
2866601
2858701
2799449
2862366
2843539
2809175
2863191
2860385
2763174
2804612
2761690
2756558
2848150
2855503
2818955
2801877
2797132
2793907
2838683
2814728
2807360
2754670
2708157
2705136
2750397
2639939
2637803
2612665
2714633
2747240
2652634
2641907
2666561
2614825
2717285
2649769
2703092
2662815
2664753
2660591
2747921
1915839
2610121
2361283
2521365
2233339
2195810
2191271
1975123
1972132
1934242
2192852
2359594
2194597
2000157
2607851
1926921
2470971
1923941
1920589
2524246
1816401
1784686
1781965
1890705
1778164
1844556
1839798
1838408
1769788
1842299
1846055
1786749
1893658
1789119
1821369
1818799
1789610
1892613
1775189
1790753
1723632
1719111
1663208
1665596
1658111
1726351
1660993
1654799
1662452
1725176
1727961
1721784
1715977
1689477
1695235
1659399
1692528
1657373
1766371
1756198
1651660
1650534
1602546
1559686
1598782
1605020
1644314
1577277
1610668
1639918
1576425
1579136
1563571
1599863
1574912
1608705
1612308
1647198
1603580
1568364
1552212
1519994
1502592
1469675
1390995
1391865
1522927
1389165
1500590
1499634
1466821
1470815
1525884
1554561
1394063
1524638
1468060
1500429
1557413
1549394
1163518
1227712
1161144
1148748
1143577
1160187
1139476
1141047
1202629
1385333
1198497
1211545
1352503
1166406
1164832
1158602
1145535
1224463
1142240
1216542
634493
635920
682071
918892
913692
923500
852527
774519
761827
727469
683777
854900
786780
836061
787527
633656
764780
725451
762709
769973
491722
567302
482349
495743
485581
478072
517983
534692
375682
523510
573993
537014
489424
478987
393785
571777
569246
374522
519943
521619
333975
271228
338106
367039
304227
270223
331543
334987
268286
321662
303094
272850
321754
325485
269687
365979
323265
272237
373269
265739
209734
239916
249434
249963
235536
251298
253700
253051
239135
223039
248461
238634
210088
233339
234560
209405
251952
240743
250644
234871
208903
187609
179789
201893
186993
204947
178078
176885
186102
179018
192411
193238
189229
179318
178538
202677
191599
185306
177434
188276
151860
142685
149580
149333
175886
150965
163273
176287
159579
150389
142432
142345
150692
174194
161884
174825
162578
149847
142543
142227
136897
132920
137154
130306
130478
134762
132723
129978
141531
141725
129801
136783
141919
137041
130621
130224
141399
138620
142056
136614
129592
128813
128545
128414
129220
116162
119226
116890
116667
117718
128997
118300
128516
128001
116425
116356
128178
117849
117296
118407
110938
113407
111055
109005
108289
107964
110866
110954
108948
113608
111148
109075
113477
112799
113006
106729
112906
108183
113316
108079
94560
103659
106449
103585
106669
99479
104016
102708
103416
106526
103863
99247
103513
103208
96810
104087
96757
96688
103093
102300
91676
91409
92354
91795
93872
94507
91587
93803
91490
94293
94431
94062
94222
94252
93958
94393
92282
92093
94139
92211
82900
87204
91253
82937
74188
82761
82367
78289
72158
91309
76536
72077
90256
87110
74164
83044
82668
78280
78370
74249
71097
67569
67340
70022
67319
71167
71023
69847
71932
69887
69002
67420
67277
71957
71299
68678
67487
69950
67400
69928
62014
66357
67188
67165
67002
60101
59935
61883
61941
66932
66474
67132
62114
60036
67055
67170
66402
67082
66549
62182
57499
55320
55531
55389
47684
58992
47751
58986
59037
59006
57692
59818
59023
57390
55435
47548
59725
59019
58995
59857
46663
47090
46958
47323
47221
43793
44088
43686
46716
43818
43932
42497
42024
43992
46461
46223
47454
46332
46880
42420
39641
37948
36041
40718
36193
36136
36080
36245
37893
35952
41953
35585
40776
39577
39510
38111
38048
38002
36300
41993
34126
33555
34203
30595
33942
33638
30543
34358
30085
34424
34283
29914
33478
33428
30152
30241
33847
34324
30311
29991
28059
24345
28189
28254
26674
24228
26457
26376
26646
26728
24289
25510
26580
26502
26475
28116
26665
29822
25460
24239
24188
21396
21299
20410
24149
24075
20148
20098
21324
20379
20931
20430
20426
20167
20126
21476
21464
21527
20921
24118
18817
18320
18307
18385
19758
18675
18608
18879
18859
18355
18644
18343
19725
18828
19745
18390
18657
18847
18625
19608
16499
17401
17252
17390
18286
17222
17213
16512
16439
17464
16409
16524
17494
17240
17487
17231
16502
16490
17220
16942
15859
16034
15535
16168
16201
16157
16043
15844
16188
15528
15845
15849
15874
16205
16149
15838
16141
15811
16206
15886
14210
14221
14967
14392
14234
15420
15208
14179
15192
14986
14198
14988
15190
13796
14999
14984
15519
14957
15199
15426
