1199451489
1196284960
1195732011
1193751925
1193903724
1195648981
1197238409
1195678453
1194415494
1201739256
1194035515
1196011576
1195598640
1194115709
1196887533
1193576273
1198352270
1200937892
1194255760
1198734270
1183848582
1179471577
1193521932
1177544547
1192005844
1179516975
1191724605
1191907234
1183959678
1177503727
1183893566
1191846334
1191312172
1193486918
1191380589
1191363555
1191394768
1191246836
1191786755
1186690338
1150071037
1163534488
1168311227
1150116565
1167799819
1161451637
1163991824
1167576751
1167690126
1167478214
1163562662
1157476946
1161358977
1157434680
1168467980
1163938008
1150165062
1157507539
1157539401
1168366441
1143351930
1133656562
1133725023
1143666945
1126569328
1145614198
1150016319
1143509447
1133418678
1126291696
1145555093
1126516928
1128459767
1143577243
1128607794
1129214457
1145478517
1143423708
1133796996
1133614833
1118727982
1109777133
1099866623
1081320965
1081278594
1126245696
1109852069
1100218557
1118634886
1118694697
1083013604
1076909503
1124225935
1118594722
1100043062
1099943762
1076842189
1100147939
1085290653
1092121126
1067581656
1059176753
1059349425
1075297062
1074201584
1071518993
1069840012
1074417132
1067904012
1074089346
1059275583
1059030995
1071770873
1069900932
1074502655
1074303492
1075240115
1076708742
1067947325
1071640318
1045081903
1055648781
1056509688
1039561951
1037975378
1042720490
1050043708
1049938984
1039389389
1056581864
1049710260
1039946582
1042505750
1045466138
1055481657
1037893067
1044869467
1039797412
1045260365
1049829712
1025838585
1037193107
1030561064
1030391240
1027794956
1025743391
1027933298
1025788087
1032708894
1037330055
1032278727
1028037172
1037524500
1037019023
1037661804
1030485383
1025411623
1023588931
1025336000
1032211371
1022347286
1021871788
1020169575
1023482270
1022034187
1022084096
1022267484
1021905314
1021941750
1020429100
1020221024
1021822730
1020343864
1022221230
1020274191
1021983352
1022139095
1020113669
1022159743
1023536491
1009418653
1011072014
1016278481
1013281180
1016176367
1013362497
1016347873
1009372105
1020010402
1009301822
1010906488
1016244716
1009221257
1016335393
1020055048
1016209526
1015995258
1010993194
1015931030
1016404192
1005208716
1009072167
1009164225
1005171183
1008733651
1003267194
1009036688
1002600446
1002533495
1004870692
1004548520
1003154005
1008796520
1005118788
1004925848
1005298032
1009006577
1008677560
1005064775
1004481076
1001118741
1000426976
985628940
985527495
992061703
991939614
995621666
995493046
991847129
991800023
992120930
993380999
992016082
991898724
985780481
1000744013
985709661
991753399
993282195
991719681
978253438
976598917
985233775
982776752
981118546
981172491
982966785
973421440
985081593
978458192
978213019
981038021
985350601
979449433
978065968
979625933
973389271
973349321
973286466
977664969
971450069
965080914
969590415
969466558
969410669
971315078
966564536
964990907
965045995
971887633
964859822
969522150
965131801
971395450
969210569
965184778
969155774
971538977
964932214
969615959
961141902
961358838
962969258
963083599
961263123
963045257
962498539
961310621
963006355
963177880
961213266
961389876
962657545
963119267
963248207
961425058
961172226
957772204
964835556
961110792
957698306
952319500
957551962
952200005
945059605
950405840
952594529
945266391
952516046
957600725
952390999
950618401
945220266
957460881
957588199
957502713
952639755
945111309
945173519
957653373
943054326
940787585
935143881
943019685
935233835
940677574
937528555
940701508
935349710
931464297
931334319
931214748
940614606
931090291
944818222
944493216
931607388
936076654
937438187
944868826
929038734
928929291
929850498
929508398
927547801
926899683
929911260
926758567
928795395
929227111
928868472
927371385
929394699
929747547
927648928
927212680
926948350
929630250
926630132
925648352
921253004
919058270
918982704
921350189
919835537
923008199
919943433
918292267
921165626
922956958
919482959
919230582
919700446
922902610
919607364
919392731
922260156
922650093
923054666
919301127
916091030
918010343
917925394
916280284
916143658
918256851
915439729
917779753
916950845
916324232
916369378
918128825
915077392
917840524
918223006
918178667
916868060
918076656
915517231
915643128
914719731
913221459
913004674
914872937
914208911
914163237
915029379
912932984
914837263
914812908
912873825
914983718
914768432
912817227
912742541
913105460
912767860
912060490
911491230
911936824
909113196
909532279
909438898
911000908
909654149
910663055
911373418
910572143
910921192
911073601
910946640
910820503
910742749
909642986
911252171
909395380
909305101
909188240
910486554
909746573
903882595
905698405
908281107
904158418
905791394
906048653
908361608
905653085
905570025
908455024
905447062
905516720
904072799
904001046
903941964
903825803
903775930
908558084
905473953
904187379
899573378
899471452
899557246
899409683
900610144
902629644
903523796
901620255
903605914
903733677
903569253
903466922
899652723
903683112
900704907
903643095
902714449
902813123
901316211
899610311
895150795
897738359
897142311
895082986
897925991
897591605
897843108
899328550
895254848
895452778
895127545
897888466
894911842
897785766
895404093
896975243
898779714
897201088
895338309
895218093
890284633
890129544
894865704
891198551
891408336
892464638
890092435
893174140
893108300
890306419
890060268
892543270
890417470
891125832
890368220
893236087
893440157
891054950
891327535
890341387
880178445
880622220
878550648
888300673
890004848
888552735
888367020
880970689
880449530
889958631
888424606
878404569
878157122
888520555
880773931
888538593
888465716
881126787
888403546
886257991
875441879
873699486
868402475
868325142
869841160
877432371
874989663
877576348
874942027
875871750
878039253
875585390
870120388
868397339
868387317
873800222
868440719
868357818
877380642
877672692
861994924
862055794
863326109
866422634
864217346
861844612
863382293
865880169
863235920
861695870
861537471
862203398
861950348
861798010
865944080
866482567
864259758
862149020
860609443
866360286
856691899
860356309
860446093
856665808
860279079
860484902
860208036
860392138
858553889
858602452
860551114
856758569
858391957
856885212
856821298
860330734
858161927
860306395
860260818
860247867
854889445
856627665
846977099
852963971
856583937
850707515
845639162
845412786
848919286
845477380
852966555
856599050
847036868
846889457
845554561
847009011
845367052
853041651
847063304
854923553
843542332
845010193
845067957
844939541
843579338
841681503
843723447
845121877
841786931
844834053
843994431
841602391
845328981
843772564
843634328
843691191
843940263
841750856
843845406
841642032
840944805
835849905
841563193
837637699
839686976
837611390
837950170
837890728
835986071
839640608
835890155
841522148
837697454
837800360
837761090
837651960
835926808
839606852
841493642
837848068
824499958
826666315
835821464
827004283
826806677
826766142
826849325
826730413
826328999
824344040
824785958
824668682
824277893
835793131
824690911
824614674
822971543
824751284
826940686
824637253
820549560
819428110
822851667
821192912
822691499
822664165
822876834
822758914
822784290
822606745
822733825
822536149
821097990
821037376
821140630
820696655
822811436
820764302
822917853
820810243
819160306
817153639
819136387
819259764
819099332
817360313
817260167
819383963
819282303
817314566
817182755
817225599
817104170
819207208
815138346
817297929
815707198
819320561
813756992
813711251
813200631
813588906
813300830
813242382
813162714
813410383
812036339
813062048
811765028
813375775
811616838
813678752
811969646
811900668
811716793
811836501
813560660
811663625
813624399
811594759
807709291
811441376
811578123
809780055
809585124
808000904
811474943
811079398
809561478
810946805
810856232
809618128
809528264
807935776
807728329
807866900
808074160
811024477
807684583
807750852
804081081
804036624
802134169
805886658
802116687
804256106
803985782
803950791
802073300
801965300
801923916
804192395
807256650
803731956
802002229
803707791
802042085
805860641
805799447
804136404
800049707
801739320
800154762
799989182
797727091
797689370
799405644
799457796
801849312
797631620
799543975
801900505
801782921
800200896
800115829
800033641
799295399
801825775
797572484
801694257
795336078
787900748
794101641
794049305
785178370
795439416
795632481
793941477
794010807
795387321
795556829
795273318
795507870
793909542
787943161
787871901
785035922
795173914
793972452
797084261
778353577
781710894
783571610
781892027
781580648
783746701
776767283
778250752
779859738
778321245
778134419
776728748
781515011
779814242
781643407
783801256
781849606
776836713
778197416
783676866
769433230
774771806
774722857
769229353
768904017
767698877
776370869
776681030
772457564
771166363
768588096
774875929
774803525
770777219
770659821
770978831
768692472
772548096
769061465
768468335
763252258
763912572
763372994
767634401
763886803
766856477
766904341
766702692
763744502
759833313
767501696
767201207
765591362
758501524
765784803
766984124
766778377
763832306
759722806
767267226
758456825
757331264
753142007
753230547
757460662
757588487
757419207
750890656
754358282
750942955
756062038
751078214
751044072
757542296
756137582
755809861
753189470
750854405
753169740
755736727
747906546
747030969
748188154
749253724
746595747
746476097
739558954
748681574
739478650
741535010
739682788
747137883
748913915
746370673
748080585
749100575
747975412
748788622
740785075
749196805
722877311
721978719
722656135
735098757
734990106
731861391
736129328
728403337
735187037
723004948
727597274
727561464
719889782
736010387
731748620
731137406
731045345
721612445
719787736
728526161
717262552
717006228
708733121
719150885
717472358
717292879
708597384
717049463
708550773
708689206
717811782
717695071
708636368
712484137
717149182
719480456
718933836
717737619
717628027
717573718
706647595
706726098
706788951
702559658
705881825
702205555
706021421
702723431
708449063
708058430
703036091
704553771
700559909
707945932
702851169
704522917
704224839
700447981
702437086
708159015
688162946
694824029
688113776
688089035
695146141
688066373
688136492
698748234
688201004
698796539
698935776
698976832
694898902
694962334
694925474
694868006
688257186
692965339
700397686
700326320
684520312
684487878
684581300
684431399
682638328
681037981
685900192
684459952
685975378
680913698
684544397
686046558
682671064
684404383
682545832
682775255
682509199
682712593
680983870
684378185
680787202
678801276
678644738
680527146
678768883
678689078
678727307
678745438
680764105
680814998
680735688
676434589
680843477
680462798
678838935
676511120
678871439
678916152
675082208
680875389
674859212
672829638
672511700
673203515
675014846
675045154
673305650
671544701
673187063
674903580
674829927
673149312
674885301
674944977
671581641
674971035
673227435
673261879
674789714
673164534
668138988
671516136
669614547
670826759
668255947
669860461
671495201
671475028
661890760
660358145
671462523
668186645
660322580
669559591
669798220
668119407
669832554
669647406
668211726
668160378
658986828
659059782
655717253
657329809
655738285
657218065
658365062
657189609
660104796
659097761
658956022
658546157
658486136
658281560
657271916
657237120
659019795
657296505
658196810
657171339
653216886
651914175
651761883
655133930
652881232
655622933
655554621
655011671
654890012
651844529
651792198
651601724
655580813
651564334
655693290
655648567
654809949
651543029
653132443
652966360
651503591
649518788
647860130
651469705
646906480
649595937
649777113
648296780
650061596
646950104
646860787
650012647
651296563
647928620
648169297
647768277
650037470
649703125
648204610
646986765
644980463
643403227
643128080
645307562
646839969
644877501
645117561
646489329
643511962
646673103
643318695
646805318
645237162
641728150
643231908
645281063
646522313
645256557
643542965
644993315
641230160
641458923
635894184
636345893
641584888
638005870
641675471
641504701
636365484
635990708
641368857
637826206
632760427
636306911
637733992
633175695
641134568
637965378
633165163
638255668
627285563
626141164
619553403
626068846
626172681
624512056
619356934
626038953
632712609
624781188
625806938
626202595
624468007
624442375
626235960
626101245
619266529
627462286
624485198
619476968
617677693
614053512
610451558
616428333
613790660
609360949
618753862
615605028
615350473
618851187
617956329
610354557
617860584
619187545
614458177
616486143
614405010
609392758
608911508
614682658
605720862
605675819
604056382
607582168
607116842
605824841
605754664
607512469
603937175
607208315
604036511
603986753
608748647
602724071
607547888
604012945
603962748
608853217
605868727
605793762
602664000
601203517
602696885
599460339
594613394
602248335
601229140
601254159
599397488
598086137
596503839
596456585
596191971
596105358
598249980
602341542
602643870
596565621
598018843
598175753
592960438
592155268
590696230
589364583
590730709
589485037
589315764
587858778
594428973
594486331
592190342
589345005
590764421
593144800
589098936
589169102
592137608
590671822
594382260
593033123
584072133
584618455
584459051
587412991
584106752
586137605
584424830
582730370
586412950
584529772
585923260
587772635
586334403
586346491
587807555
584395137
582471002
584148650
586373469
585843647
580987011
579402378
582452621
581024706
581047199
579039910
582081726
581108026
581142562
581077658
578971604
581183600
580959777
580713548
580527923
580465012
579522797
579496363
580607270
580795951
574558669
576142060
578014785
578086507
576809227
576768497
577957891
576706436
576476874
577644859
574624185
576065658
576024967
578852739
576851219
576443162
575050394
576560135
574464328
577893660
569324898
572917615
569696724
572401804
571378068
572875174
569760684
573002129
571295579
571418383
571326042
568603456
572304851
571132595
569279415
571428495
569489521
571393421
574301409
571161410
565668087
564081178
568315790
565996732
565704052
568496889
568582757
563999328
568467709
567114388
565976737
565953411
565925022
566023275
562755183
563636818
562777002
565771353
564291025
567145354
562617443
561273827
562565971
561124394
562009776
559844833
561154302
562644159
561104226
561305203
562599154
561225766
559996624
561248931
561178523
562197851
562263932
560995415
562671089
559958186
556114277
555761459
559700881
559716425
556081674
555695962
554338876
555906951
554396565
558689145
559778139
559613754
558665163
558641704
555627242
554400685
558840684
555997240
556045765
554289897
546232356
554112533
552679135
544734661
549971513
545834561
549874322
552611107
552861021
546058019
549930053
552619454
554189908
546012937
544880188
544824752
544770402
546262529
545790503
545964857
542623141
542814999
541784267
544554159
542898038
541511578
542869357
541693461
544703120
542845500
542838231
541733346
542854898
542540363
541755166
542481453
544462505
544571749
544591312
542919859
540368449
541293649
541361530
541316329
540380495
540344155
540194148
540229629
541408986
540375092
540142248
541331425
540249481
540178044
539158459
539118925
540406750
539968894
539843880
539904592
534888707
538880269
537754764
537729318
538941068
537679796
534939671
534770794
539077883
537715968
538849742
537777123
538913849
537697792
539082456
536365450
534910906
534861805
534822907
534799776
530166860
533356166
530202472
530136963
533085792
533441949
530228801
533393190
533430414
533562111
533489355
533324175
531723280
531692130
531657283
533407625
533383365
533347157
533290300
531585003
528132183
530067933
530059832
529899835
529452580
526948504
529889949
530044301
529940765
529884072
529551330
530118011
530036928
530078481
529949788
528263043
528226053
528164580
526917986
526853142
520717346
525546766
519442093
520859457
523607034
519561177
526799705
523456968
526832932
525517909
520651111
525585406
523506393
520781253
519728744
519529058
518428773
520828934
523553088
525489062
518172673
516215100
516085464
516010392
515946178
515933735
515883169
518392568
517481323
516133558
518334079
516294364
515906088
517368931
514604572
516344493
518360358
518291787
518213702
514586624
514082975
509283059
510521701
514570550
507275193
513035794
509126383
513308781
510913914
510800057
514533415
513069296
513276376
514166243
508267353
507316118
514555114
507236754
513250705
507229441
507217624
500533820
501499970
499944042
499131973
502263499
502148305
502764436
500510696
505356901
499156264
500481333
505528464
507223224
500421703
501607964
505470295
505584419
500559450
499858498
498656928
496125459
498740370
497668608
495756365
498952559
499069594
497737946
498684907
498450163
497699975
497637250
496106322
495861689
498608180
499088838
495896066
498973364
495805915
498555820
493512604
492511494
492384292
493701825
492414725
490544476
494251020
491949354
492189723
491866912
490554354
492547358
493822185
490143669
490234237
494286021
492351463
489018402
492477860
493840144
487563005
488970120
488952442
488832375
488964857
488838583
488701581
488623287
487570201
488545928
488957801
487280152
487363591
488835470
487334081
488858997
488660623
486916257
486835077
487576361
484470523
486094346
484622202
484617658
486129167
484593394
486108637
485721556
486773339
484630572
486052817
484521832
484626024
482853419
484495589
486081004
486709911
482817653
482838540
484671815
480145870
482536487
480205458
481432163
480168579
481593849
480029066
480019579
482598523
482652318
480246326
481628148
480039290
482583264
481502852
480135009
480288484
481601229
482607714
480159351
479931482
479813335
479997075
477626703
477550602
480009127
478778245
477582204
479024702
478936823
478963209
478911852
477567938
479898312
478988002
479963566
478644535
478886724
479835562
479968539
477185874
477068350
476965680
477118453
476165340
476143544
476120322
477450514
477381140
476306965
476246296
477407412
477244327
477470049
477514566
476267771
477015243
476908018
476184416
476975367
473411399
474526483
474730590
474815988
471933719
474762252
474414610
473045780
474608543
473070786
473461446
473315612
472989044
473357957
473282601
474457457
474570136
474494523
474783226
474811938
471777045
471675752
470584356
469316378
470554018
471906424
470678736
471838940
470648041
470532628
470702414
471653572
470346922
471632539
469965655
471861360
471887164
471811813
470614057
471578698
468168506
468144161
469290132
469225356
468194492
467938054
469174033
469156905
469051043
469004177
468046087
468116113
467985324
468018464
467968833
469123179
469086710
468001268
468205926
469254585
466754952
466158616
467805104
466933455
466708244
466797987
466408431
466163819
466773656
467558943
466730463
466391584
466908856
466876643
466461215
466350334
466095775
464935953
466300386
467910305
462316861
462287931
462181044
462129778
464736112
462428159
462509420
462334822
462592912
462478847
463588946
462358820
464617750
462384844
464684052
463595652
463532880
462402895
462206063
463924134
460718807
461040520
462013264
459938929
461250553
462056049
462117619
461020959
459757236
460765352
459808207
460847389
461294579
459728666
459871186
460970867
459907454
459835886
460800257
461096342
459704068
459326469
458366286
457961883
457120862
458414788
457080517
458018385
459371744
458064770
458334402
458377793
456752874
458102595
458433752
456953318
458391845
456918875
458503927
459617791
456520599
456725128
455354504
455095729
454818306
456431837
453704806
455328023
456491365
454881321
453754049
454993167
453680867
455449696
453869049
455505270
455442214
456679019
456462487
455045102
453592811
453533451
452294887
452168746
453472917
453620755
453563674
453239179
452226285
453201297
453431763
453504607
453142370
453495926
453322293
452317290
452354641
452268755
452251147
452196781
450493004
451984359
450561909
451612736
450743158
451956949
450682511
450654851
450626659
450444282
451564863
450524309
450574920
451873715
451921656
451770817
451827659
451706447
451658532
450598991
448981695
449056542
448803593
447852895
448852455
447747370
447404938
447454505
447403224
448688734
446302530
446193658
448743343
447572625
447861893
447443518
446273570
448941876
448985451
446240322
442650862
444760457
446018460
442780797
446114715
444717272
445640897
444688606
442734347
444108375
445931219
444053207
444767835
445589307
444246866
445700349
445973935
444206073
444810423
444161571
437947070
440392857
441083875
440989283
441120145
442502875
440489431
442538805
442599752
442461004
440569351
440538167
440503855
440438701
440457054
440517141
441053082
440552026
440411401
440475152
436374511
436338550
436499135
436165472
436437793
436187427
437891776
437801891
437759405
436121976
436516898
437736284
437776319
436466892
437367632
437425086
436557220
437825532
437855565
436406503
434745981
434843022
434652255
432894188
434430818
432687045
434383577
434930243
434722012
434794411
434882608
434513427
434964152
435947301
434796071
435997208
434676168
436079797
436050217
432927947
432452012
431282788
431249025
432589823
431103622
432646390
431452600
431016556
431202041
431642473
431603990
432518855
431560974
431301737
431154426
431467684
432413626
431651081
431493932
430244627
428560979
427333823
429615748
430227267
426821774
426586583
429991867
429717174
429963688
428228916
429763254
429845122
426870206
429800365
429653677
428510801
428452869
429580667
426651924
429678434
425681885
425818498
425215026
425065016
424997628
425345676
425468716
425149940
425629276
425416527
425861764
423941576
425553746
425518231
425580165
423965678
425605113
425079002
423491028
423455959
421486633
418176464
423180538
418458830
421381090
418126523
420764738
423096772
417365463
421535266
423256523
423044586
421445397
418304176
417332337
417290855
418074323
418023721
417273657
423415751
416271319
416220023
415258856
416173729
415920056
416155919
416190705
415170622
415156280
415138032
415856070
416244532
416086640
417238575
416111989
415231650
415879852
415198692
417078747
416132112
414958916
411106686
412034914
410991039
414899608
412097811
411141702
412138925
412172421
415055097
411077885
411869720
412307951
410912576
410926147
415073516
415033415
411059451
415092757
410953989
407901352
407681261
410061586
407921711
407944420
409727675
408698905
407967004
410095560
407727630
410117323
407995686
408792116
408759674
407806354
409865202
407668677
409643210
407772597
409812440
406843831
405462851
402246933
405521812
402195484
405395526
402142374
407558924
406874958
402216793
405493413
402183669
406898570
402210778
405363723
406941117
405436331
406960557
406860120
406902030
402073966
400818142
394297401
394366920
394302459
394251742
401803299
393370331
399849049
399812745
399835224
399802979
401937167
402104042
399866544
394488301
402110501
394467052
399520020
401961004
393307087
392914458
392166368
390710383
392121692
393260717
390803480
392833788
391928815
390837339
392089081
390655297
391958754
393185778
390891766
393152903
392881593
392148267
393338216
392095000
387513942
387466569
389441611
381658609
390591819
381596157
389468738
383474530
389555525
381641309
381580990
382741780
389614806
389306269
381612422
382627749
387206604
383807533
389490427
389427232
378140589
379393000
381444658
380627456
380473498
380478513
380530852
378189141
380458105
378332241
380509395
381552709
380607654
380342336
379439150
378253483
381531298
378288210
380550262
380491847
374140945
377663441
376672314
373890582
372851661
375265647
372811359
372743878
371896416
375289911
374152511
372720245
375254913
378070819
378093793
376635683
374840201
374158858
372849060
372831770
367235784
371619444
370619740
371720766
371430515
369273642
371674892
371635762
369240994
369179002
369213827
371823279
371427076
371695758
370673024
370448418
371864586
371811191
370648024
370388396
364198494
363157806
366393107
366344113
364989807
367205679
365236334
367137971
366443174
365144092
364793128
365994825
366415852
366411437
366378993
364117578
367017605
365221572
367070046
366464720
360470237
360509690
362704015
360314489
362590049
361795607
361632260
360385799
360447636
360269429
362790833
361731778
360338376
362740297
362684801
361756879
360409147
362862594
362889531
360467762
359182697
359992533
357673552
357808893
360221920
359934048
359255447
359041334
359107305
357602101
357421097
356767549
358852007
357648062
359072793
357852900
357773001
357752455
357622402
359146357
356451987
356583914
355554703
356529153
355486935
356741510
356701562
355596829
355247589
355609853
356551059
356640222
356478929
356415703
356603556
355511346
356632909
355578331
355514317
355192875
354111924
351907852
353067804
354331882
354071752
351831008
351768550
351781270
351865509
353130666
351816017
354385038
354365972
354305546
354273999
353028366
354336884
354166359
353049596
354187813
351675180
348931492
348965217
348905045
351516298
347770603
351647088
347907707
351728048
351313885
348984551
347749181
349008886
348946503
351487314
350668564
348884233
348771714
348741587
351652261
344446742
344414163
346689832
344495435
344439525
346718247
345649718
345680627
346731967
345636354
344285721
347322350
347686016
344467848
344418703
344375877
346667482
344293622
347731996
344290648
342962629
344255729
343148191
341627298
342866370
343118396
342927423
343008310
344192160
342837982
342261801
344219560
344249703
342943288
343087067
343047826
342206910
344256662
341608936
340626239
340426280
339445189
340573957
339393225
340588256
337188923
336888291
338325662
339423863
339372244
340522096
339452027
337217000
337206357
337174803
339353689
340552908
340469867
338301413
340464608
333475940
335072993
333398919
335059319
336839517
334848983
333443822
336814735
335005592
334657336
334616430
334882280
334561522
333419563
334961488
336787608
334941754
334901620
333628040
333507430
328974619
328773544
332275480
327753018
326477150
333162278
333152308
328887481
328946144
332256501
328919790
327595982
328843177
333344911
333107898
328851088
327767700
327569429
326481649
331097050
323866556
326385291
324963139
324850347
323852023
323772710
322818393
322710939
321714629
326408743
323760704
322732002
326301539
322740115
321728083
326358932
323884817
322787126
324945505
323814403
319704046
320654452
319804574
321697168
320728199
321671422
320607736
320667522
319601348
319546254
318212465
320725989
318481944
318146924
320682031
318065403
318548956
318519953
320757140
318497593
314563774
313762404
316986726
313740549
315896836
315881320
313819772
315761512
317030389
313780288
318005598
315921566
315917356
315648988
313800515
317158489
315697620
315979136
314782183
315887465
312684537
310358580
313727868
309069987
310635022
309195866
311732584
309176713
309065587
312719308
310668917
309108396
313712709
312852393
312706775
309280941
310726981
311711314
309236063
310599868
305964281
305937281
304883325
307973031
304906404
304872303
304828592
305033880
303690066
306921831
305015194
303632827
303753845
304852632
307566322
307922788
306891072
307901119
306018117
306001317
302250919
300939650
298671794
298766858
299644225
302377055
302267225
302218872
303490708
300876040
302318899
298702464
299758905
300859144
303449699
300905004
303615146
301603808
299458102
299382800
289364909
290641958
290654425
296638356
296605769
290634299
289505648
289133631
290617574
296659499
296626997
291477976
293302065
289481114
290664715
297569701
296591999
293195650
288467895
297596155
287952931
284955223
288015103
286046512
288324878
287318396
288441740
286262665
288341467
286031773
286204906
284987245
288345016
288294592
288265194
287294280
285005003
286950337
288374532
284937232
284934927
267947595
282861643
267981543
281397452
266959320
272394456
269993885
267608102
261764017
272450337
272424621
283962274
269970848
267928279
270115652
267003110
281817959
284877672
269950895
243309050
242124954
252705695
245667897
242379826
239993346
255183004
242350684
240011259
246624099
243254514
242580716
241538421
238857108
249536958
243288814
260376914
251426748
239220174
242178211
233330792
237376105
237593273
232417771
232005335
230894634
232871427
238371297
232384547
237589959
238823552
231079395
237579010
234688849
233298096
232898462
231979784
230839859
232888703
230550870
230535254
227569523
230288089
229804593
227872126
227809917
228990870
229005254
228992622
229385339
229017861
230317802
227588565
230361911
230398740
227829141
228120521
230530446
230349371
229957424
225095146
225069648
225057644
226164887
226284842
227069930
226231202
226259022
226058376
225109103
225333762
227178406
226012252
225287758
225084544
227156508
227105442
225095993
226201624
226034290
223727387
224540222
223663492
225050401
223642371
225018285
223997662
215814217
214728441
214684353
213560801
223707377
214763877
214799648
223963314
214835570
223682069
213992495
225037790
224511102
207817130
207690329
209249220
208402094
207775089
207679208
203810805
209220012
212367819
209326912
211723050
213549869
209170985
207797799
206792774
213357209
206774985
206941519
207843181
208412203
169206403
189909184
177863038
178453076
169237511
191928318
191944237
178560748
177008006
179373523
177876401
191158522
182138247
191914165
177690452
178587098
169278213
191188180
191192697
169397217
168767624
168837520
168543368
168851758
168130183
169150965
168113326
168204462
168604367
168570590
168510046
167869141
167909317
167813502
167773404
168071211
168038812
168822227
168472210
168626008
167089995
167276705
167129676
167057416
166198510
167201778
166846547
166347466
166914590
167173540
167654677
165941473
167135907
166885005
164665334
167210991
164687027
166131489
167238919
167620287
156982562
157840470
155031339
155126497
157028521
160381425
161165824
159506273
164630751
161120056
157007992
163833199
156285515
156260598
159514247
156319047
158041117
155154138
156251087
164454839
88244102
147002019
88831291
88302947
91055170
88325731
88229717
154482467
132882580
89000275
88809379
98536618
98548185
88346467
147015760
88988620
88239391
91029044
154498167
88834966
38904981
30575469
38897198
38273225
40543481
40398692
40257343
38279877
37847817
38133223
40538135
50795441
38109791
37819008
41101953
40393531
88213874
37836707
37828604
30586288
9381881
9375650
9205721
9202884
9209670
18151137
14600770
14605144
10928521
18148433
10924050
10917984
27118959
10385309
9759833
9588036
27126612
11481885
19488793
10250151
8950995
9167634
8955312
8890072
9163123
8988034
8977429
8969872
8990334
8940474
9171535
8886351
8882692
8970940
9198985
8947314
8973315
8983477
8943426
9160585
8857642
7313965
8849373
8769124
8866842
8756435
8760243
7311429
7322404
8774625
8853014
8876422
8871259
8845231
8766133
8864682
8879335
8771759
8860793
7308672
7301361
7306195
6464251
7303252
6334409
6260823
7247951
5836191
6462443
6409282
6406584
6405659
6460970
6468103
6038914
6470261
6037667
5912225
5838515
5843501
5297075
5836073
5291364
5143077
5078441
5293420
5767092
5071177
5302715
5305747
5298713
5357612
5145897
5345501
5141141
5140455
5079407
5076952
5414336
5295606
4953144
5015670
4944759
4889303
4948141
4998253
4908555
4934342
5007700
4931080
4937101
4939826
4925881
4912318
5068697
4992384
5004738
4950236
4994172
4942150
4726583
4729298
4880636
4849409
4776967
4797677
4801444
4867564
4814427
4734088
4879704
4878128
4812669
4864000
4887622
4855538
4804228
4789162
4816767
4794696
4707929
4580402
4579153
4629083
4585668
4641756
4569465
4632327
4654022
4702367
4583084
4650983
4714145
4659875
4722818
4720200
4567692
4716717
4636517
4571012
4450523
4501803
4565343
4379730
4515436
4521486
4313469
4430723
4521801
4377394
4563210
4507675
4310743
4523049
4433651
4513526
4512097
4438674
4489900
4453858
3128051
329144
331475
94321
1160459
4276527
3162043
3160963
328268
4282379
3166152
3128942
4285424
4289221
4308876
3149713
1377717
1373697
104053
1161464
