1172496320
1191734255
1189361389
1174976814
1179302532
1174893373
1191492814
1180524996
1180656330
1174828251
1191582008
1189297856
1189429407
1179393802
1179345469
1174724553
1172622007
1191664594
1179440252
1191432559
1164102234
1161591577
1167145191
1172381297
1169843088
1153915079
1159557657
1155010763
1164190629
1153655041
1157577896
1157440929
1161549498
1157547383
1162603661
1157492408
1153795442
1159597616
1167015394
1169985120
1113481060
1118135678
1117235002
1112940338
1151347076
1110366277
1118288943
1151535155
1152061178
1117357120
1108982547
1111772440
1151731944
1152624783
1151900374
1144339144
1111717261
1110732641
1151188883
1113763348
1105198509
1091858531
1105311332
1094564128
1093422600
1091706385
1102214728
1104301345
1095330190
1093821717
1095436845
1091927657
1093219385
1107455942
1102627479
1095535918
1105148395
1093734000
1091801064
1105262960
1086051930
1083091347
1085035685
1089374342
1083043916
1085144357
1087230030
1084997083
1085106820
1084948418
1084143537
1083144362
1088607525
1091609828
1084571354
1084897130
1088466992
1091215109
1089462828
1091409297
1081085712
1078787229
1069861042
1083011981
1082293337
1081127565
1080311516
1079133945
1077098484
1079102800
1079048974
1082463741
1071940332
1080203855
1082544955
1079197550
1079985468
1078860488
1072055524
1071870117
1025118781
1023370285
1067757326
1025214319
1019418516
1040032145
1023278669
1040326356
1040170084
1032211371
1023443943
1049880591
1040452326
1027736727
1067665610
1025381779
1069778911
1021559810
1021471377
1032278727
998964974
994504700
1010532633
999232440
999076688
991316493
990685140
989347205
991024920
1006305574
994330318
997209230
990836021
996789953
989215651
990541331
997010199
1019326305
1010672812
1006126579
966191843
985515271
983432141
966316122
964502844
948453344
956986156
983477939
973237129
971241327
964420162
975173055
975008139
987448263
987644059
971377225
968648111
968438392
956844461
985387420
925574123
939722110
925010694
917566558
913790846
921530645
913649807
935668854
921342872
913506016
917883738
948342478
913826585
942622056
925247137
948197381
925415539
935330672
918025495
935581121
907088466
906664902
912056397
911694170
906538190
904629963
909293053
913370068
906942942
904507755
905003232
905163342
908896703
912178662
905110337
904799984
902401415
903102496
909104115
902887363
888647368
886103952
898423261
898519451
891126345
891522707
893934338
885869189
885758958
893553591
899288243
885374603
893724814
890686076
889407716
886001068
899215731
902289596
898760850
898840839
876898517
869638422
879178269
883401892
881552096
881678343
885237958
876330532
771160983
772342935
881348838
770978831
879031048
770751678
883783280
883275034
876820084
869714480
883914342
771093543
767526136
769287352
770652491
767456280
767300227
743098201
737730475
741337178
769161952
743272850
743188516
767701332
741655663
741225032
768819456
741534124
769428118
765895863
741445856
769083280
692549864
735842926
723197844
737643236
698589979
692388760
698473402
721806403
721693735
698368357
723334846
723482159
692452846
721893899
692251760
733561528
722727893
735715757
733724131
722825263
664920920
692139026
670312897
691941848
670582337
669415337
665328851
665135978
669459881
671187750
671088179
670258751
670392119
670970858
667362348
671813024
667090902
670480326
667214811
670187422
656905981
662689563
661348262
657830656
660743129
657624771
664826673
662454227
660859015
660207187
662599885
660716215
657688585
661262262
664730983
662409633
660664527
662584400
662507609
662640822
653185409
654281314
650465775
655908106
647934457
648946336
655418954
655465715
656818339
652500210
648873848
648699548
647537890
650712514
653074788
648794226
650559895
648995256
655457008
650426678
647099869
641603629
641535893
643107651
643021574
642914191
642228012
641130092
646501704
646416200
642807946
644877150
644679006
641335669
641227037
641450197
646239419
645546271
644805011
642298383
633644814
628069902
631648831
630965440
630175947
633717473
631584938
630853066
639361586
639837651
639708256
631527087
626568933
639623558
631187539
631068579
626434798
630261526
639774587
626496928
623481155
622278310
619728252
623414412
624116029
622417093
624964616
622866735
624185342
625754773
621996123
622188823
622806027
621436592
626263927
626307709
621391625
620818110
619824732
625676486
619090685
619356934
614301494
613233458
612903291
619553403
615298820
617095795
611805511
617404777
618999521
611643825
619476968
613023497
611010813
611708960
610363820
613124828
610314353
613829149
607082419
606984722
605408197
608868438
604951278
603688011
604812525
607195955
603832991
606392221
603584969
609024398
603867038
609919685
609713130
610175556
603773875
608750878
605340785
608936604
602198043
601846091
601145757
598967195
602248335
601102044
603315766
601493891
600800887
599608095
603464718
599472634
602834432
602528489
602096547
602480368
602937071
602894571
598914450
600875129
587697475
598665162
592780003
587787685
596310072
589089799
591568779
595275129
589020224
591812659
595879914
595778514
596209266
593123291
591433046
590147756
592381950
598870774
598719853
595348458
579132234
585608007
587641946
580752036
580100535
576266690
587572896
580685274
579257098
580506954
580040742
577651776
581428804
580604215
580003999
577553722
580246809
581468507
581535397
585494009
565475276
572257380
565560421
568859258
566932165
560376424
563350096
567015583
572181225
573598641
563073140
562305704
560594609
566877438
563096098
571887810
563270797
563141431
565431407
560342358
555828775
558028094
557034762
555324937
557964763
557172786
558470714
555010573
559841899
555494708
555408164
558079737
555882771
559659532
557900569
557249297
553772942
553634779
557190300
555254042
552493917
549821588
547697356
546735738
546957144
549763174
548378078
546143996
552412703
546647003
548421142
552818607
552235817
552115266
551946501
548354204
546883408
548222991
548615364
550871834
541995857
541486045
541935095
546127119
545515962
545657790
545289593
544508841
541912218
541893543
541085922
540985106
540819528
546102201
545569834
541447580
540924274
545742894
544531908
542042757
532939218
538121419
539696114
538795371
539460505
538085918
540007292
535931802
532289256
530515114
539628056
539482335
538749356
538674319
539417667
535856419
535458400
539578573
533003393
530663645
522418650
522579693
529076795
525040756
526331443
529176697
526494742
529343913
526274696
524618715
524523896
524384211
529262481
524254430
524187370
523110178
524940413
522473458
522388409
525967908
522281184
518498022
516586966
516701212
519192450
519966069
522318819
522207923
518582245
516496781
516620629
516454066
516567253
522083027
522241770
520972094
519260375
518630065
518532503
518452107
512749098
512932328
516427370
515105711
510451864
514246174
510913914
510360067
512372114
512266829
515554863
510800057
515628342
514965737
514804322
512864092
512986626
514904753
514863588
514168279
501953114
507650690
507749620
501980928
501919830
501882773
509990799
510143476
506298039
507613269
506749866
510034427
501903013
509959592
502026071
501938227
507715963
503790642
503642444
510249482
501814073
500168014
501729855
501172117
501765267
501260123
498737844
498006762
500960301
501688313
500890340
501628122
499755343
498710915
501067382
501863639
500093532
498620995
499836061
501790804
495208385
495464696
497906388
496530102
494826471
497962125
497305327
493254149
497953310
494756788
493168013
497867600
496610385
493517924
497217528
497224806
495614935
495545842
495241396
494881857
490038851
489860219
488234245
489955703
490145179
490807020
491625938
492910807
489341052
489419917
489278356
489335468
488677154
490316869
488616307
488780882
492977705
491825095
491735269
490228201
487939565
487317906
487714284
487749844
488085667
487892782
488170380
488008698
487675988
485621235
485988496
485981512
487782639
487257680
487834038
485411935
487755298
485323693
486017190
485344660
483933055
484470746
479128492
478259768
479161303
482737143
483643759
481802236
484093226
481729766
482677256
484009451
484440616
481764034
478197850
481988889
483519994
485312771
481845376
483847370
467977207
476561650
473092447
473145531
469806153
469679208
469146250
468027081
476618837
468058129
470015146
473055455
469198184
477435000
477403463
467955537
469174959
469720038
473118412
468001138
466748540
466193149
466055919
466732619
466719466
466692741
467761755
467894226
466329648
467792906
464875012
467920930
467831442
466138402
467833896
466763703
464780305
467723350
466262564
467869043
460163149
464546220
464487782
462845158
443756713
443834828
461447684
460356401
464409311
440909021
459120545
460298551
457746692
461514854
440874518
442738204
442466388
461468838
440695733
445028547
432239160
435532590
432707732
429600905
437230656
437475846
432349137
433688893
433806493
432508001
432745600
433909344
430802638
432431849
432396515
435594789
432126739
435950064
435860071
434393401
418076233
428019294
426787326
427146278
427849443
424708991
429033545
426504324
420949358
419908012
424510078
427792778
427926946
419872299
418205284
427178831
428528391
424629794
424370231
422690410
415622858
414511704
409257369
408698905
409593309
411840885
410577791
415553917
409811089
413583418
407806354
407772597
410677311
407727630
407486968
408759674
418008080
410760421
409292723
412097811
400510598
403847225
407436726
399274856
400580650
401387233
400603298
404157432
405303986
405309598
403995621
401413890
400649837
405315167
403930449
399520020
405439546
405163089
403903392
405227100
388834881
387455369
399188256
396689205
398938510
395417607
387381106
388989505
391737764
391820710
396609815
395128625
391660375
395057374
388850237
398415228
399265193
396495380
396560272
389062632
379650091
379570235
386843773
383216986
385828081
382487035
379852526
387271874
386781477
382548829
385923078
385808965
383584003
381183501
383008799
379730617
379611842
383993161
381088224
379792408
368979146
375660359
374465880
368383251
366341850
375447125
367592935
366095942
375653072
367275126
366318857
374947839
368301979
364050261
364386812
375008079
368612736
364450287
377681463
368972138
355745759
362867063
362098136
362052432
362834119
361103158
361087751
358010172
357964269
357930099
356795862
359828522
363669475
358176032
362024754
356766491
364031683
358285631
361017338
359923140
346939830
354449973
346949413
354477063
355642624
348014622
355110872
354036394
352045883
348009655
355247589
354507432
354558865
353947161
354001350
353413956
348073294
348045808
353422858
347982343
344634931
345640344
346895975
346837185
346925012
346811115
346861729
344667805
345741543
346883872
345835317
345709498
345687060
345664629
344603240
344709401
346807158
345804699
345046803
346860733
343816976
342869094
343805431
342828400
341951528
341994835
338205929
343877314
338686304
339276006
339250271
339295300
338230551
343813863
338610988
338924798
343756949
343444731
338658188
338766343
338184872
334581996
333734876
338188585
327636076
333854386
335747757
334481324
333905855
335630955
333804823
333859148
336476096
335895600
337052761
338161791
334140114
335838449
334216862
334077626
322522052
327551763
323596219
322701559
321396793
321952292
321997827
321938325
327617070
323633731
322086900
327376641
326981316
321910790
327434973
324084844
322034346
321386037
323107923
322718307
317016519
316971442
321100899
320622860
320658170
320072048
319939270
321267394
316391101
321085608
316982616
319871943
317037809
316635782
319982391
316932340
320021560
321144644
316337531
320259278
313079555
314050498
311507602
312402960
314006638
313957572
313929019
313016326
313909019
316221886
314376117
312994914
312685230
316134239
314130969
316187706
313986985
313125935
316193131
312943108
308145376
307164458
307668376
310270668
308622337
308140640
308557245
308326500
308238517
309436307
308728631
308686371
308668381
308182021
311467941
307544812
310302087
308113379
308268687
307596273
307134861
306486949
304751008
307080983
304608631
299968531
299181199
306657332
303956050
307060230
300077970
299435145
306610214
299496701
304575162
303080156
300038244
303891824
300474644
307027233
295143481
298118113
274534319
299032899
297402449
275578402
275336127
296110238
295407305
277741215
274564525
290193252
274538665
287140384
298057038
275614976
276784465
296017432
299070192
298160410
263359640
263098578
264975397
273015238
265277407
264260453
267320377
264299803
263312392
263180625
268380993
272941552
268461332
265245247
265311267
265200011
265162799
274494239
265241694
265078317
257248701
257210724
257182723
257080307
260421094
261993360
259061294
258888270
259003518
258952742
261253619
260396425
260442886
257122783
261229946
257131299
261933188
258918709
261303958
257278858
250229555
249322455
253093007
250953929
253048057
249299093
252801350
255095073
252614852
250720392
250912130
252908972
256905898
250671394
253072491
250758463
252854170
250247183
256854951
250198884
247337376
247403653
246194705
245718369
247174785
245489104
247310968
246927537
245096345
245621753
245439034
247358514
246513217
249270829
247382711
247135997
246537932
246460628
246424113
246963206
240588523
243260669
243088023
243204686
242964824
242877471
242851343
243248812
245114592
243772209
243726704
243172917
242961492
244459129
242985238
242912848
243038569
244501204
243729822
244419737
240491999
234902712
234220505
236576843
234333996
237452896
235508533
234846283
233326991
240531961
233367552
236610623
233848917
234683669
234666607
237391649
236301673
236271137
235462869
233845586
230978060
232716107
229895198
230082162
231066971
230822652
230133338
226259036
229949623
230877839
230173006
229654863
232676346
232574900
229925942
233190827
230362980
226561041
232603820
230995683
225650360
225686641
224212117
221973469
221217331
221092873
222763790
221187126
220484627
222783367
222734532
222368772
221141821
224935563
224233001
222640491
225723821
221947563
222715588
225002645
220408138
219509303
219411431
216976721
220383211
217842431
217805337
217286940
216940015
217073883
217150237
216447654
216257366
220454878
219626479
218838960
220469099
220419744
218831929
217246800
215319373
213595441
213562067
211230411
211197543
211723734
211519317
211311377
211947320
215284933
212422015
213532044
210748795
211916110
213974179
213514214
215353654
215308981
215412484
211708230
200309846
208076361
208952085
204059819
201917677
210606815
208892270
204035245
205167596
205050056
200251093
199871871
204956496
204096466
200111209
205244293
204158086
202636980
200134070
199486741
196481252
197956319
197929605
196889710
196932936
196711079
196002460
195992847
196671852
197620401
196005880
197985441
196877701
196523091
197900802
196462450
195952221
197173054
197145732
196613573
190721726
195913561
195802547
191021515
195788953
195315214
194487830
193773435
193465126
193812426
194503335
189006389
195903213
191044162
187882333
194524839
194911161
187907968
187956133
195814291
186923733
183099918
181884777
187153719
181946501
187836342
186162420
181186498
185567730
186662335
185531021
187544046
181242091
181125027
187183511
186956406
181091905
185619386
186414846
186123233
173220545
168506498
176678511
170638356
168322480
163552173
161474730
161907466
179751616
161447136
179095573
176792062
168357168
161405839
168473716
161471874
161437372
161766769
168335986
164959935
153846987
152433352
153356976
153298996
153755960
152409713
153278631
153196445
153102573
153784780
153330132
153076595
153741597
153516831
153939304
152387617
153220751
153029761
153400984
153052487
150944069
150118260
151391577
150153528
150191166
150147096
146617196
150102404
151366911
150909552
148057061
152380108
151479692
149645470
150072373
152366458
148911917
149751401
148023288
146693325
145761955
144667166
144146741
141227890
144648544
141250214
145795545
141346055
146606155
144705216
144754075
141304288
144740646
144677693
144193771
145323662
144236070
145359948
145835505
144696431
139482956
128809256
129128311
138512671
137009465
126961955
134051041
129188509
134014517
141210392
133959452
126094467
125298833
134110786
134091264
131554337
131576956
141191356
138482271
125367844
123398185
122724985
123541538
124226962
124252592
125262977
125173470
124309662
123442507
123370037
122594552
122695993
124207067
123639717
123478693
125228158
122664327
124374018
123515273
124330736
121007729
120924187
122540484
121574194
122564963
120905327
122121025
121838634
121733933
121657919
121604012
122092559
121865802
121807510
121618008
121098228
120961906
122182711
121552973
121075318
120165796
119679337
119807588
120082562
120698689
120739104
120135832
120888704
120668110
120585402
120232881
120611004
120199703
119150470
119130532
119711590
120107963
119886430
120192167
119765484
116385661
115631467
118368496
118235084
118163514
117717957
116376783
117750310
115600467
115958096
119088309
115729679
118460484
119044625
117684832
114757275
117652578
114769015
118422457
119078381
114679678
109732740
109188584
109788828
109769049
109300901
109033059
108245877
109273873
109821861
109090897
114374087
109161221
114356983
109703772
109377563
114329895
109907949
109945762
109113579
105703525
105617170
103336330
105744185
107790195
105765166
107723439
103301169
108230722
105784025
104855521
104799973
103459840
103259207
103001798
104862708
107146424
105781048
105727330
108207351
101852242
102621648
100395388
101885011
100031831
101529921
102557156
101592292
100679535
100675827
100661042
102583748
101879642
101866593
102609780
100022932
100014601
102606414
101904744
101916244
97655103
96633913
96665633
100004167
97738953
97630241
97333528
99949249
96927193
98531594
97678454
96759716
99974003
99987755
97583446
97700496
98545974
97606896
96715989
96603735
94592374
95560626
96563336
96153945
96247919
95301412
94906529
95586117
95575193
96186449
94881896
94567141
95877121
96264961
95889022
96537862
95388330
94541562
94857395
95926516
92735702
93489049
92879564
94179387
92684237
92654090
92285061
94272412
94076848
93502602
94070165
94202759
94136148
94097115
94233970
94254413
92923510
93461595
92868843
92758857
92107824
92072144
91857879
90615120
90528289
92273129
89526935
92256483
92194052
92232230
92179610
90580513
92160994
89145218
90531851
92244869
92125460
90555579
92209815
92144470
87170146
86215190
86197241
86405786
86207593
87055414
86498919
85893594
85780448
85585535
85595159
88521867
87783776
87406996
86428511
85928121
85559699
86646343
85603213
86448684
85425949
85245543
84854696
84895543
85457487
85181018
84734133
85120838
84865925
85399565
84877398
84712510
85506293
85157161
85363187
85227927
85460243
85537850
85323377
85131935
82775185
82608597
82686425
82676840
83564963
84624832
84660879
82788956
82716562
82617560
82761863
84670097
82703949
82727506
82750708
82695160
84386387
82738914
82652339
83549237
79765582
79716122
79567475
80754443
82588631
80739499
82581880
80696462
79780680
79743189
79740351
82600565
79525995
80798617
80721579
82570477
82594282
80156397
80127218
79040389
75225108
78890576
78852522
75583144
75240380
75660684
78059118
75561210
79009709
77551190
78094544
78030188
78027379
78021415
77487943
75595719
77521336
75213157
75628583
78806633
74623069
74101386
74553252
74537716
74520083
74447765
75195769
74122278
74057464
74130093
74116636
74496826
74590308
75132721
74065181
74607795
74428840
74611427
74077571
74488143
72690341
73485596
72516124
74037324
74039749
73997764
74012040
72672178
72712077
72656985
73975404
72718042
72481381
73980667
72700769
74048954
72723107
72409222
73395347
73490940
71347788
71516870
70777611
71462113
71501223
71549135
71382030
71900023
71936090
71483388
71445085
71419016
70764840
71850049
70737751
72015970
71538531
72391116
71520217
71530864
68090018
68945191
68564211
68039461
70350277
68144858
70318177
69505234
68005691
70495234
68993788
68969668
70415600
68120376
68074439
70457780
68023048
68589897
70650055
68163636
67684753
67386284
67034102
67973129
67468710
67755747
67724948
67696707
67667193
67744066
67016585
66943651
67648386
67558474
67497055
67715856
67734940
66995714
67586538
66071595
65710043
65688107
62786228
64334529
65318943
66026829
65323934
65690358
65670967
65729332
65296711
64347761
65634456
65604344
66051970
62777525
65240285
65222518
65283339
64668001
60255948
57940678
62756916
57591975
60742684
57970243
60775355
60844651
61299531
62368380
60873791
60804113
60277526
61411426
61404123
61250508
62769708
62347694
60658463
60631146
54384818
57507312
57575189
56578260
54639838
57321548
54348174
57559566
54330332
57407862
54306264
54561248
54523769
57541055
57491833
54537034
54393498
57526338
54291921
57381446
53883997
53714928
54254100
53845686
54179487
54100014
54021776
53693597
54075287
53863453
53606053
54166866
53628045
54208376
54034697
53808011
54274669
54226567
54130874
54122783
52955641
53561209
53127384
52857280
53373524
53306094
52978010
53328596
53574030
52972915
53230814
53189760
53166028
53255434
53209163
53142372
52924774
52904406
53386766
53241677
52595739
52649617
52770273
52754488
52760930
52575058
52521423
52781176
52483505
52445955
52435634
52624637
52477026
52638442
52792965
52501938
52811540
52460788
52551558
52829829
52423998
51648701
52414655
51498045
51788694
51841581
51686149
51494003
51805739
51857350
51754340
52059286
52041155
51828502
51728787
51664807
51638418
52434214
51767232
51697736
51224162
51300529
50893241
51383911
51445396
51423034
51345441
51275244
51254672
51197399
50910135
51255551
50901385
51465239
51364741
51328521
51330227
51225839
50924780
51406894
50838908
50883407
50854103
50232609
50850944
50833173
50826744
49701170
50211922
49706745
50865827
49490240
49485078
50873440
50860217
50186224
49694665
49472585
50221682
50843490
49184928
49228120
49165649
47841069
49283601
47815106
47804120
49127708
48908495
47794514
46620587
47824627
48893662
47843723
47834661
49141597
46636561
46928361
49252363
47743482
44571545
43714598
45507184
44609747
44538532
45686945
45692477
46605135
44489167
45568488
44579027
44611707
44584534
44607277
44567158
44559231
45174074
44554788
44548338
44235605
42610747
41017897
41033000
42591369
41251686
42838863
41833846
41224089
41816789
42600215
41839045
41800986
42619753
42528092
42524316
41844034
41828391
41809518
41237351
42850559
40268496
39223133
40473063
40492161
39237556
40233074
40273440
40484607
40242659
40261773
39211314
41002577
40982731
40994123
40463051
40450872
40254822
40249443
39205205
39231015
36829415
36512948
36949921
36738562
39183651
36718342
39191880
36522343
38371768
38364235
37259560
36704482
39197533
36679171
37483345
36670052
36960688
39155784
38379893
36831948
36228259
36308936
36239121
36299201
36448419
36429545
36440949
36420774
35985078
36501110
36193788
35973231
36475069
36496353
36203927
36183348
36175813
35964203
36462219
35945509
35751606
35523274
35717042
35778543
35590046
35556612
35548591
35531845
35939312
35458866
35789083
35806548
35794851
35472100
35702319
35724617
35566889
35763335
35481794
35581849
35343332
35328424
35195316
35094770
35201376
35211960
35332442
35309852
35279781
35232720
35300006
35350710
35267111
35289066
35322400
35223650
35211052
35105499
35452356
35242926
34712905
34750203
34622656
34513696
34501269
34369921
34382332
34871838
35049436
34978418
35057728
34846210
34720958
34563084
34790850
34614295
35030935
35040224
34491038
34602116
34260836
34114996
34254838
34089716
34065364
34056661
34294588
34266280
34010778
34306638
33979272
34130669
34318278
34024889
34003429
34232935
34099962
34282094
34242165
34043206
33246784
33250384
33256713
33241623
33476714
33354077
33119802
33847472
33779449
33969986
33483355
33962615
33485888
33468940
33319204
33074477
33301165
33765421
33306541
33085344
33061776
32838403
32901533
32605399
32788467
32819510
32827374
32633558
32860166
32811667
32878876
32627548
32794344
32639821
32615416
32904822
33052663
32852694
32783739
32805671
32278279
32282750
32421303
32548991
32532321
32557093
32566573
32540468
32384647
32329429
32320295
32393531
32313206
32299010
32343285
32337474
32584422
32576347
32373447
32597447
32140204
32106451
32129991
31913672
32029456
32266830
32265478
32055651
31856713
32118008
32081001
32091267
32069175
31869274
32045774
32037327
31900249
32153745
32098797
32272441
31846772
31801247
31666084
31791916
31584116
31603015
31787439
31567205
31544216
31672829
31610240
31548750
31574723
31439692
31620747
31838207
31590650
31558114
31849627
31795222
31218885
31349039
31340366
31426617
31420181
31399283
31379299
31361660
31373846
31359179
31323842
31387304
31317763
31238657
31225470
31210936
31410388
31329550
31415910
31199898
30894052
31116485
31085075
30925545
31100067
31146751
30878394
30901444
30914649
30881215
30887171
31091839
30947869
31136020
30907761
31081526
31105075
30994559
31124858
31094770
30222350
30696099
30685946
30411031
30671282
30873105
30467087
30399805
30389726
30366287
30226429
30360832
30653578
30664246
30397116
30358390
30865112
30712261
30371918
30351492
30098123
30117876
29960395
29942623
30112442
30155574
29929679
30164358
30100134
30088016
29949039
30215571
30106643
30207324
29935491
30193059
30172297
30149476
30113301
30143375
29604109
29718202
29725243
29732179
29712469
29613684
29572517
29918108
29924761
29708523
29883435
29751526
29700467
29910581
29895727
29758176
29564921
29704527
29890738
29581723
29280112
29285454
29315523
29488338
29196674
29026230
29017543
29215926
29298593
29046667
29093243
29205815
29482589
29225627
29031078
29052684
29272696
29232665
29291590
29554422
28818523
28759003
28763387
28945303
28958518
29011997
28811107
28829182
28582263
28752164
28589752
28823606
28573742
28981814
28972699
28807656
28781717
28836171
28778469
28772044
28433183
28456290
28525894
28555590
28317064
28308629
28286157
28545858
28517100
28351858
28322165
28531507
28347711
28328014
28540680
28442849
28292873
28563174
28452158
28355550
28146430
28267991
28048310
28233736
28245204
28162694
28236244
28151373
28110070
28255838
28158677
28275739
28053008
27958877
28122191
28120189
28098821
27953386
28131227
28063108
27885095
27911855
27874001
27746129
27918531
27940265
27933061
27859972
27866250
27751914
27827562
27944481
27834356
27848961
27948366
27903798
27935879
27927226
27894306
27841376
27732481
27477299
27531077
27471146
27665672
27684446
27525924
27519849
27720171
27492640
27705686
27713216
27738597
27496599
27676370
27742511
27694657
27726982
27484175
27502785
27247835
27198767
27216316
27444032
27204988
27116711
27190348
27455486
27438045
27239241
27080583
27283956
27461146
27421368
27105819
27109773
27120252
27299689
27210213
27183807
26636691
27058729
27029670
27020365
26804250
27007314
26878048
26684838
27073603
27040564
26837408
26811299
26694492
26653291
26868583
27049990
26675205
26888884
26666612
26705790
26415660
26620389
26614153
26502401
26477792
26598029
26442920
26400804
26392652
26608428
26424914
26385946
26487701
26467815
26461140
26453528
26408321
26434797
26447553
26495123
26202979
26264716
26293474
26234429
26212494
26072191
26245542
26041471
26226573
26060065
26174099
26311049
26195375
26303152
26254738
26188023
26180389
26051153
26008306
26026551
25761123
25823235
25767787
25753130
25803889
25743969
25675324
25668616
25654471
25627244
25873623
25634836
25642130
25791277
25966295
25810229
25835026
25772393
25784613
25623637
22105410
25556355
22110755
25604226
25564848
22100085
25593702
25478404
25611794
25490760
25573717
25467976
25495106
25580881
22115856
25459662
25500650
22120427
22354099
25617630
16383511
11261789
22093061
22087985
10510741
16381505
10494283
17003392
22050446
16890490
16889266
10507719
22069777
22059870
22077406
20044234
16365915
16363321
16888358
10491286
10377568
10370867
9818885
9878238
10393257
10486536
10380164
9872154
10364544
10490068
10396762
9947425
10483678
10480885
10387538
10367214
9870061
10476279
10391824
10079880
9134488
9811681
9337378
9756764
9511082
9090112
9748892
9813075
9644160
9356380
9341997
9507854
9242307
9096317
9503495
9640937
9753874
9500058
9403080
9715002
8864395
9089436
8668979
8662174
8661400
8872611
8983077
8947045
8979511
8869641
8976302
8828865
8748695
8664835
8943256
8859638
9089877
8761523
8757532
8753328
8157562
8347423
8220687
8054664
8659968
8351750
8659003
8244385
8164066
8001332
8338334
8343512
8660664
8160075
8335671
8250530
8035297
8167151
7998327
8242144
7710586
7940281
7869422
7798746
7944512
7764169
7937603
7759785
7802327
7703036
7672027
7625596
7706735
7770899
7948134
7795519
7667115
7628801
7865562
7954040
7419357
7416235
6916333
7623308
7554305
7526193
7523222
7559712
7621081
7520070
7604163
7432270
6876680
7517522
6874541
7422185
6919555
7599976
7557029
7433650
6873027
6334557
6684134
6359181
6390229
6503803
6616016
6338988
6870812
6501369
6336660
6864432
6725927
6597674
6340398
6306234
6288314
6681572
6728807
6393254
5749616
5998692
6230738
5951327
6101257
5743465
5724967
6249486
5961421
5760226
5739632
5757023
6104940
6001688
5752869
5745847
6285136
6244786
5755031
5727138
5418208
5407012
5419827
5281133
5423174
5424691
5416701
5286545
5294673
5290680
5511068
5513368
5413360
5411166
5288719
5421399
5408852
5284565
5721948
5515843
2450967
2491120
5262504
2450199
2449751
2451428
2464645
2490376
5255057
2452586
2462544
5250319
5274861
5278411
2490932
5259856
2460197
2456410
2450454
2960091
2248804
2245706
2243791
2251483
2073614
2071053
2449458
2239716
2069243
2250014
2241692
2198354
2076087
2244749
2242853
2447719
2078185
2247191
2079705
2066906
1639541
1216304
2007537
1205670
2002313
1990440
1650255
1998395
1637498
1212771
1987389
1991784
1200707
2006062
1644078
1985664
1641370
1996267
1993869
1683733
