1198023347
1195859141
1195789894
1197402655
1197664115
1198098385
1191110259
1197945923
1197856478
1197827746
1197742098
1197496711
1199575571
1195722247
1191057211
1195669636
1197069524
1197887968
1190999291
1197560336
1183614898
1179471577
1190264613
1181218266
1181131050
1180728110
1181041479
1179184791
1179417895
1190679455
1190370727
1180257142
1180470272
1180137570
1180548169
1179312902
1190533253
1180873051
1180348983
1179248435
1179090632
1176418598
1169500074
1177248493
1168760749
1169812026
1178036943
1172538549
1177286547
1176178497
1171495398
1166424661
1171822482
1179043573
1168646465
1177184858
1177853764
1177950072
1171709103
1176312006
1152809132
1150584686
1148003443
1150194845
1150660294
1164190629
1148052762
1148102770
1152903994
1147936097
1166315339
1166212133
1148245936
1152953348
1164102234
1148187928
1153062152
1150015314
1149878590
1148365087
1145832142
1145735155
1145681803
1145445036
1143444443
1143151031
1107620457
1143233391
1105144800
1143519062
1147873021
1136519919
1107352334
1107245556
1136457105
1107701049
1145355833
1145626825
1143077550
1145507771
1068164979
1056886443
1027593931
1056977048
1056759978
1071518993
1105065380
1069773054
1067836563
1059264163
1028037172
1071640318
1023596299
1068054352
1056790855
1071770873
1059199089
1027736727
1027933298
1069840012
996459429
1023190207
1013462092
1023326313
1021774495
985877283
1023543153
1013336014
997223255
1023483022
1008974830
1023402542
1015624291
1021812545
996133466
1015743191
1010541993
1011241852
1010708399
1011178072
940423527
962917567
938018138
942533357
981176271
946829219
943030583
938066135
962966182
942669707
983631126
942910509
942838440
940341399
964890571
950496116
946783071
942962762
963022901
940507912
912084565
920167656
914359096
906980490
916369378
923116117
916324232
920427576
923175051
914330755
909804619
920489421
920354269
920227913
911953073
906888639
916280284
937946239
909878662
923255852
903322500
879779247
874662433
888145706
879696975
869936356
882240842
879754802
874779829
901422457
874609141
888177402
884301399
901249480
882206755
903362837
899471452
874725694
869974302
869785354
807176757
819259764
817182755
836496030
807259104
856821298
807348915
854228154
832039780
817260167
817153639
811969646
858357724
854308360
829230700
854404426
817360313
819282303
812036339
833116595
743188516
769199481
770545864
706343843
770750462
706263218
770919457
767634737
771166363
769328512
772440324
769371854
767538027
767304257
770857357
743272850
767445451
768819456
768978223
743098201
702664337
706193846
692654192
702851169
702934881
694298185
662051194
663816066
661951244
660541089
662024558
692688439
660605511
660574418
694427823
662090746
660653156
698904114
703872308
702458651
658527680
653949706
657098467
658650701
657138638
660510136
659912531
658750033
658277530
656762258
657324664
660468370
658702989
655648567
660479572
655693290
656884389
658403479
653842641
660010732
651779814
653272238
651434407
651828512
651373030
651975800
653563876
653542069
653503973
651643895
651877359
653468618
653399448
652992527
650247513
650291295
651928463
653349314
651739303
650204977
650137772
648120347
646835499
649863624
646700323
649889425
648169297
650069905
649928504
649828747
648397441
647826183
646789375
650100703
646930092
648436696
646978288
649712858
648571050
649672859
645168678
638074940
646678163
645326478
643381660
641584888
638141086
639902794
641504701
641458923
639882380
645147681
645364057
639694906
641771161
644928319
645286993
646629425
639623280
638112174
631724808
636173840
633025335
634481822
634613826
633107068
631660851
631577718
634768039
636390813
631528932
634455782
631617944
633147914
634441729
633058892
634502127
638063199
632936494
631499612
626153449
626268938
626199880
626230689
624768159
625961708
631469361
625934643
624867601
624717063
631353305
631317503
627900237
627965663
631183054
631111654
627839887
627802349
627527644
624809524
604123926
602855785
604275385
604368244
624621822
607523196
624579415
605842039
624588603
624535072
607637446
604191234
604154931
602941994
602982417
604310980
624661536
604244311
604065164
602895606
600066973
602787238
601496061
601421439
599928148
599903128
600136620
599809592
600011938
601257480
601278016
602538529
602653601
601375590
601520158
601324279
601412493
601466010
602830086
599851692
593137245
592018673
591034494
593192072
593095051
591959152
590942954
592521589
590995476
598342172
591088500
592628712
592593623
591994157
599767921
590869128
591129615
590813843
590907699
590843680
589566235
589315764
589581443
588972183
587920549
589709987
589345005
586533095
589612748
589450291
589479247
586578016
589522410
587944439
590652288
587899207
589652108
589364583
590585114
589512254
580949434
581218866
579728925
581080821
581014179
581054556
580713548
586479338
582677588
582711567
584656491
584781367
584596454
582759489
579682808
582556601
579612803
582816806
584720676
580980970
579257145
578078955
579553692
576689440
575083903
578283207
576452911
578224498
579475444
579583012
578198457
579515818
579316346
578042169
576674283
575148191
579381451
576644809
578106223
575195084
568413802
568315790
568713844
567116606
567062678
570050503
569980104
570133199
569649581
568554065
570183339
568638160
571237719
568523324
562869719
568582002
570213915
570073891
568676278
568609654
560238578
558950355
558869398
558709435
558686847
560208975
562834724
560076535
558901801
558789175
558955696
562785903
560176697
559958186
560148718
559005443
560016486
560044118
558717682
558754565
558623826
537312932
547485285
548729583
548692346
557869680
548759918
547451262
558600968
557748956
548699383
548664917
558083732
558038396
557955948
548561518
557708313
539004097
532243627
557812829
530648331
529320736
532117692
528441224
530738189
530282861
529417785
530848430
531966482
528966226
528505743
529181688
528566677
531880386
528776982
530927946
528526942
529111402
530376635
532181855
524152581
519863269
527160033
528188999
527125421
527074121
526942057
519824153
518482571
524218982
528168964
526205049
526351840
528120980
527041215
528161960
526968886
518564031
518509672
528240499
516361198
518438846
513576576
516463349
516657405
516735997
516307028
516249046
514806982
513518836
514672011
514729200
516517551
513473822
516413519
514586299
514874823
514761703
516557934
514618695
513355789
513307278
509684571
513390792
508927171
513434030
509793359
509733823
508962257
508878579
507875522
509589607
509903069
507805503
513334469
509658541
512966496
507946561
509516459
513167469
507503999
503750924
507473354
503419873
507439621
507634751
507585991
507743877
507330430
507414756
506937703
503623067
507549178
507691735
507346051
507371445
503566446
503144141
507056246
503654419
501738611
502876264
502534678
500730346
500604526
500569693
500530822
500860472
501778734
500518429
500386126
500827860
500527965
500480626
500622531
503035822
500777866
500680641
502772063
502616553
492495427
497437784
492443333
492641231
492390360
490982329
490893932
493955614
492094361
492405534
491061099
492772653
497404447
492694879
492161170
492854786
490818938
492587645
492553582
493914579
488881275
490414176
489222352
490493106
488919872
488953180
488817746
489011172
489053873
489004623
490397914
490364627
490453344
489096270
488851408
490739447
490677810
490620421
489048182
489112959
487639560
486151654
487674744
486136086
482717604
487242950
481584296
487805145
488780541
486107392
486064256
486094346
487757060
488799148
487175998
487703003
487600216
486169224
482347901
482721301
480215385
480347601
478934803
481022493
481487150
480245541
480181163
478190165
478372193
481539867
478100261
478315652
480316147
480222904
477543496
481562530
478096881
481522742
480288701
478045081
473771868
477332132
473762211
477516269
476718430
477355831
473847094
476078344
477467041
476674510
476467527
476180913
474556127
476128170
473782021
476109425
477499172
477416290
474593288
477386211
465735592
473706826
462766250
471821273
473653320
471279660
465692592
465636348
464324125
462737652
471381017
464145896
464309927
464025060
471205210
464080862
471465159
463980285
471337500
471424011
462691874
458548953
462536801
459907454
459883085
461350769
459833006
458516689
461294579
462267126
460159955
459617791
462382947
458491387
462698048
462332321
462428587
461258643
462504536
459939177
457108340
458421777
455642569
455684354
457187577
457072413
457141008
458388924
455646467
456867543
458436122
458212113
457234255
455609535
457138563
458365584
456776959
456804332
458465148
456836045
452440351
452370860
450441295
441446884
441305305
452162638
454036145
441338468
441238988
453873846
450472954
441387497
450702887
453987883
453937610
452322108
452281827
453924453
450677936
441278283
438975862
439051630
438685168
439021847
441097399
440031978
438548825
440104342
440253006
440301164
437817578
441197301
438640861
440959855
441024311
440384344
437855498
440184569
440353802
438503363
437680993
432400735
437778033
435364261
432479535
432147900
432225864
437711917
437786847
437759405
435456811
435292664
433010514
432580439
434457208
435235871
435342385
437791135
435156760
432290290
429732154
429421273
431867056
429770697
429622749
431363909
428075809
424211197
424157359
424263327
420383719
424332731
431339392
422302764
429810724
421088201
431947057
429293307
420480188
432017638
418773253
418600713
417377634
417496591
417355401
418685751
417680093
417530913
417569951
417442756
417320119
420273882
418724764
418657991
417636454
418540172
418569474
420239950
420145220
418517798
411402183
411187884
416372567
416349213
416424890
416103676
416300712
415450645
416326365
411126121
416399231
417264954
416463651
417297858
415444164
411396446
415409314
415360346
411212656
417233203
410306435
409961440
411059451
409643210
408800303
409727675
409007944
408933733
408898439
408829071
408927413
411021064
410269319
411103282
409964152
408913654
407954634
410367922
408067754
409811089
407036520
405794489
405713206
405640777
404365496
407891562
406728082
404625876
405757750
406817890
404293196
404269339
406980126
406700492
405439153
404579877
407893759
406874948
405835651
406835449
404203634
402246933
400962803
402273663
403320243
403275427
404246039
401165833
404227342
403427078
403277591
402216793
402210778
402142374
401793764
401733060
401022135
403499697
402069561
400998122
397053421
399873540
400918474
395647805
395758476
396944953
400940178
399994157
399908883
400898349
399812745
397123032
395798654
400122306
400045934
395700456
396842770
400077004
399902396
397263628
389669641
393194268
389642959
389566209
392898068
389546172
389440296
393434419
393112521
390899234
393262387
389513202
389451280
389423145
392187049
390691844
389615577
391792704
393408998
395560785
387671985
389194344
389119517
389047536
387508647
389247351
388931574
387630038
387743025
387697674
386970659
386862699
387419784
389201258
385165040
384992823
389395183
387543279
385235936
387582739
383730860
382697121
383806648
382678795
382625575
381617028
381204647
382321862
380840973
383632171
383678037
382508763
381309457
383800063
383712393
380911966
383223089
381648515
382352752
381248551
377898190
378977873
380735492
380051445
377851223
380472296
379977399
379154888
380214704
380675046
377459731
380322564
377510673
379190227
379066996
380383165
379218160
380783194
378801360
377853214
375223704
377285322
373808502
375962959
374255537
376169424
375265647
374029474
376504886
376571699
375177428
376096175
373922636
374298263
376544988
375912925
375197861
375838657
375117823
374199048
373107052
369991449
368509256
369890922
365815378
373756783
365611223
373665076
373195940
368614082
361953048
365896300
362613782
362705702
373706508
365525732
361844559
373621167
373167082
365728441
357890475
357697618
359828522
361447789
358929720
359078876
359065270
355110872
357863496
357808893
357740023
357656776
361389340
357637576
355245246
361509490
357602101
357478189
354108090
359923140
347931156
352872191
352916974
347984451
349705691
347954436
351397858
353055783
349100458
352891432
351728048
348742559
349804537
352858788
348777773
351359792
348821532
352807549
349057609
348850314
340469867
347843468
347441795
347731996
347634478
347884757
341775488
347371131
340464608
347770603
347749181
347666319
340626239
340573957
341809874
340588256
347862602
347711789
340552908
347501535
339452027
338395309
338414184
339495692
339445189
338431462
340059094
339406720
338471479
338301413
339423863
340128650
338391325
338374927
338344922
339470735
340384575
340442928
340180834
338325662
335059319
333547581
335126733
336041461
334715231
336123960
335005592
332275480
333507430
337390397
336068040
336091773
336115837
336141192
333588474
337370876
335072993
334751610
333628040
336035228
330894349
330109317
329907800
328974619
332070695
330922847
330932128
328946144
328919790
328993939
330004721
331042719
330028068
329847495
331000927
330078806
329021901
331040557
332083209
331063146
327642452
322898822
322871259
322774562
327595447
323944085
327530564
324031801
327868425
325197078
327575191
323970239
322831576
327499183
321764705
321728083
327660038
325155041
322852160
328887481
318623821
320851499
312916005
320641213
318581673
316692458
319480077
321671422
318598949
320682031
314934139
320825010
312924913
319408445
316648833
318212465
318146924
319534877
316759690
319331308
309408861
307995478
312706775
306891072
307973031
308089381
309359506
312719308
309200576
309177171
308024992
307856409
306838531
310382663
310381672
307877219
309452858
307034423
308046056
310635022
306202918
306244243
304872303
306174134
304852632
302578742
302563603
306826964
303490708
302487768
306785781
302280508
305978984
303632827
303449699
302477929
302211969
303717140
303615146
306795985
295913142
295881815
295821763
293302015
293383750
302192603
298019687
294757309
296737130
297962486
294736056
294792699
297974141
295853787
302170444
296738866
293333193
298675026
302116542
295924319
289545479
288361333
289531766
288300428
291916147
289427819
288513801
291886634
289363044
288374364
291932338
289396225
290737468
288467895
288441740
288389149
288630891
291771045
288329463
290718372
286423571
285194235
286377006
283930544
281332072
286170110
286342720
285125079
281368622
280737665
286276164
283599085
286386324
286310471
285090084
285156016
285063681
285025786
285041134
280700979
274899781
276025476
264360198
275879310
277145469
276059769
275999533
266832024
264504100
274937650
275687824
274907717
263632423
266777348
280350953
275648553
264324774
280666544
276799220
275845032
262303778
263497811
262553182
251112134
249397777
263290556
249527996
262535265
262276878
263525190
263328756
250391189
254139761
249490479
250226604
249291214
262411148
263615039
262438280
260639858
248560331
248481984
248362809
248345335
246670742
246637526
248623647
248593642
248127566
246593241
249337306
248135305
246357329
248386845
247396191
247507891
248455499
248448846
248384203
248529191
240941281
246334323
240536393
239091867
238482669
239942903
240121407
240828317
239914868
246351766
239977243
239964193
239241963
240087031
240496129
239773317
239108079
238469552
241736524
246310732
238178845
237585592
237512643
237673640
237433174
237589716
237462879
236791507
238316934
238094647
237640968
237382214
238122801
238283934
237263214
237582344
236744127
238334731
237317619
236822384
235140638
234544027
236420627
236430467
235886241
235707612
235130967
235220283
235834516
235638465
235109824
235868750
235924934
235590999
235748500
236728214
235857014
236482879
235810492
236712012
233655408
234487812
230475636
234420966
233637682
234250858
234475356
234504421
234197954
233768103
233723109
233668171
234399091
234150247
233500657
233680068
234392381
234517886
234408286
233748884
229839218
230292578
229708619
229605889
230471161
229808441
229650276
230315395
229472999
229502979
229824233
229447379
230266970
229560375
229415295
229790542
229682411
229027026
229744399
230474327
225696539
222581385
225647555
229001771
222314457
225600459
228707252
228832240
222584612
228798375
227379420
225724675
228868357
228983758
225832310
225776115
228957762
228903472
228751124
222533321
220348227
220395745
220287238
222295827
221626967
221262749
215777204
221218881
221248930
215745550
215151740
221574969
218033704
214798347
215097682
214767225
214859485
217984910
214724539
214681638
212688856
212708362
212691672
212604448
213515517
214170078
213463032
214242894
212727243
212629111
214044319
214257089
214102913
213541803
213536429
214150456
213232081
214134792
214273870
214070668
211789607
211832304
211108835
211058273
211864843
211784847
211077822
212587102
212436787
211622030
211919654
212508503
211849477
211893110
212571860
212481476
210418636
211073841
210395747
210379783
208574321
210331795
209535161
209442684
209278557
208677069
210178655
210175713
210249066
209421303
208643180
208589054
209514857
209480836
209463166
210233798
210202920
210355574
208545104
210217662
207649801
206889490
206900610
206999152
206855318
206818707
206964115
207709874
207601973
206944572
206925249
207781587
207045828
207666294
207640220
206843005
206811609
206788568
207067456
207719830
205263157
205271922
205231378
205204754
205457098
206106683
205372650
206185907
204688703
206235283
206019576
205416357
206162025
206207804
206121186
206093986
206212400
205196854
206109499
205320715
201564631
204362530
204570072
204276127
204331080
204560461
203712218
204541855
203745671
201526313
204598368
204607972
201498616
204654416
201485953
204673332
201541665
201511803
204526217
204674837
200711685
201434333
200874993
200856140
200722369
200763120
200153429
201275359
200832605
200136370
200679999
200128380
201391236
200675307
200619693
201376440
200783930
200771464
201453151
200091612
199386005
199312187
199325121
199305622
198523935
198563339
198385926
199375286
199250347
199333728
199220015
199182444
195758155
196132812
198422947
199968487
198437547
199955914
198536811
196946412
195168458
194411379
194449320
195089168
195737485
194463907
194420657
195652443
195104819
195049800
194382683
195722459
195547263
195588896
195718289
194422100
195010821
194434505
194400480
195660108
192040729
192075006
192071252
191963234
192579452
192551073
193462250
192625712
194382683
194370367
194253017
193165206
193115205
193662298
194287188
192092250
192026926
194213384
193496436
191998759
190607890
190572423
190459872
189968320
190505854
189941708
190658608
191147297
190430351
191390837
191365430
189954777
191308370
189969612
190562988
190549508
191417468
191348577
191227104
191189882
183790372
184414828
185376601
188405184
189926528
183487950
184537144
184557019
184522180
184612943
182455197
183709107
188360834
185177511
184436451
184512957
189917029
185142907
184502122
184448492
180940168
182402174
181450754
181234292
181177388
180964553
180762606
180748760
180650081
180769783
181362994
180566009
180535946
181421622
181465128
181409215
181206898
181001750
180589423
180327989
176136134
180053265
178773838
176133166
178964085
179457137
177487515
180265626
177425186
180300846
179949711
177650495
177588070
177545310
177363098
179408867
176117753
179430065
179911130
179876873
175862817
176060030
176017752
174263364
174925595
174759188
174208186
176096774
175909031
174229045
174955848
173717888
172746825
173773605
174774910
173844015
172724638
173883655
172709062
173443919
170277787
169028778
169527215
170901445
172367744
170111080
170067714
169508317
170865612
170816424
170372416
172639466
171675055
170247808
169042400
169012666
169009558
170230080
170266416
171645468
165054505
168662886
165069924
167611030
167285615
165745175
165691557
165111939
164969917
165723102
165098213
168927384
167330942
165100259
168932991
168213247
165110355
165669377
165248907
167379243
164385955
162841541
161169759
164360867
161072618
164935783
163705831
160152609
163004783
160121484
162761118
161124761
164377141
161933113
160072036
161874512
163045174
163599237
161830447
162811892
156916848
159273679
158390839
157842770
157109288
156900614
156914099
156141907
156122298
157112392
159603669
158353033
156941624
156779492
158340162
157125912
159591528
159309369
157805606
159486167
153004939
152929299
154472667
152975282
152884995
152139042
155081049
150803034
153050280
155305204
149697888
153628689
155056824
150783145
152938180
152918412
153040668
152901947
152092549
153012613
147792832
147742717
147725824
147711808
148411699
148430985
148217527
148455357
148186866
147616947
147769348
148441579
147754355
147702795
148420284
147788970
148154853
147654924
149676599
149640699
147107359
147572308
147029652
147119735
147079016
147063931
147093299
147052311
147003240
146897066
146825007
146355238
146349540
147015969
146221953
147602846
146868955
146366230
147042637
146859904
140877756
144455907
141823243
145530013
145681296
143883438
142201047
144527215
145699820
142490688
141802489
141097850
142237389
140937120
146184268
145458621
144487070
141792667
141779580
140917167
129436461
130409180
138649630
138667652
138608318
138556935
138625557
138594542
138692912
139240324
138633878
138615989
139219232
138655434
138679522
138575450
136023024
138550810
135981339
135944291
127512428
126658701
128582606
118480718
118211270
118323472
118146150
128704161
118245182
118524619
124508514
128619472
118432995
127565971
129398438
127332653
127677594
127407111
126424137
127658879
118097320
118038195
117408305
117200714
117477989
117121616
117521781
117343559
117216793
117968924
117956149
118102275
117444840
117311969
118019997
117253253
117232823
117376011
118067656
117275283
117093219
112150700
112248587
117071010
112966574
112177492
112223877
117008439
112173930
111411827
112207942
112996146
113014769
116982909
112276754
112978542
112923437
112161934
117037299
112138148
110482028
109481280
109340783
109555010
110413764
109417589
109385738
109435013
110485118
109464479
111385865
109591027
110388341
110469835
109355954
110434726
108537975
108615497
109525877
108577064
104974570
106448887
107379234
107678216
107427989
108237275
103708330
107674098
107466636
107641367
106508385
108398275
107598123
107539992
107450667
108258235
108319373
107572931
107431164
106480226
102834395
99099650
101370738
102761221
101963928
101381189
99057208
98380647
102783424
101954946
101426843
102434557
98424019
102089059
102066714
101823881
101069478
102480630
102016001
102000661
94379304
94332630
98183372
94184180
94144179
94672046
96241169
98331898
94048079
98212921
96277832
94361922
94990741
94112703
94231415
97481134
94319751
98274044
96265478
97428558
93254085
93637364
92532486
91772099
92213744
93190461
91759003
91692553
93531025
93268489
94034039
92482823
92938608
93505539
92221729
93316304
93584087
92562699
93625459
93555960
87694393
88729490
87433475
86336525
87632425
87614059
91530152
88467875
87430250
88319465
87710912
88486145
89092593
87751005
87229691
87464246
91664247
87597900
86256040
88505776
86253577
85023863
85998089
86025327
85926967
86107005
85017774
85095770
81733367
81726734
86088678
85067545
85052094
81775473
85736036
81787370
85950052
85766017
81826638
85748867
81690463
81708289
81641973
81172072
81188406
81238232
81719257
81681449
81660432
81232495
81698891
81702061
81559267
81649959
81524902
81160206
81629356
81210890
81540128
81261831
80532078
80606787
80958732
81107958
80578851
81136189
80508970
80516902
80477910
80980712
81043665
81057664
80540324
80620049
81024409
80154666
80553167
81118854
80564290
80590299
76721938
76348927
79968725
80039420
80128914
76738325
76407275
76767635
76778069
76393729
79983115
78004567
77990860
76874016
76872329
76802165
79996689
76421976
76374562
76339386
76337551
76325994
76295263
76246967
76232229
75881082
76283507
74174849
74183224
74166122
74152140
75904112
74550035
76302345
74200187
74051318
74215963
75845159
76260355
74129828
70763847
73224507
73516879
72695099
73258165
73179074
71977734
73675946
73690994
73683067
73247371
72016075
70781545
70247823
73700601
72924195
73210757
73232712
73713800
70772697
69730745
70194053
70120819
69698105
69736042
70153569
70175450
70134125
70053529
70069857
70081115
70156741
70231277
70215288
70143191
69715039
69657313
70037699
69651033
69581981
69227665
69097335
66961330
66922911
64452666
64888388
69192437
65409480
69237655
69197667
66879426
67012659
64911815
64860653
64949931
64833511
65461028
67043849
69074934
64934671
61411267
62732236
61613375
61587823
64395158
63190342
61377089
60846560
64411507
61939143
63126563
59353443
62811303
61556253
62711789
64427305
64440291
63177448
61576098
62799231
59246513
55116407
55068088
55085283
54737247
58800663
58966877
55051028
59026798
58937822
59327923
59069992
58986287
54763343
59011036
59060587
54952482
59225201
55099982
59277712
53163803
52770987
53092859
53045304
52801598
52781747
53817823
53178696
53608630
52627429
52381491
53108352
52373833
53123305
53711192
52747898
53098261
52648703
52639539
53080877
52060764
52255777
51465693
52366680
51451752
52353935
51412979
51119281
52315107
51540449
51503982
51105178
51485310
52268664
52364079
51505976
52326844
52087629
51126878
52320811
50024144
49979836
50001284
50356625
50029883
50350511
50203896
50340530
50051179
50517180
50038831
49985181
49971722
50045152
50548509
50057776
50509477
50292311
49995084
50810250
49607092
49067400
49702239
49086123
49672626
49731398
49716540
49712233
49657314
49683840
49968249
48996571
49625439
48873414
49733643
49093852
49074787
48485328
48475790
49431097
48160280
48365861
48106504
48090123
48466771
47902347
47895132
48456946
48169767
47871226
48180626
47860407
47881097
48201017
47887033
47852101
48149584
48141430
47767878
48191448
45814985
47137921
46055533
47722575
47472428
47132092
47178885
47735107
47426778
46042243
47490409
47533246
47685179
47393364
47208225
47579589
46087812
47439788
46049262
45918230
45570087
45559631
45529953
45236818
45540483
45517113
45708867
45560502
45552988
45512066
45485350
45427866
45808451
45417304
44844603
45801087
45390466
45406606
45546288
45533763
43834128
43748657
42303380
43758591
43534128
43597186
43728818
42256867
43275923
43254951
43828857
42297503
43617271
43610591
43220608
43261140
43207736
43592015
43824498
44833006
41282990
42238509
42070100
42091385
41583564
41579608
41512462
41631873
41431636
41492561
42077037
41884072
41588021
42029944
41867310
41515503
42015855
41529133
41295394
41422228
41177478
40315487
40423511
40186377
40051318
40054963
41156077
41165020
40323053
40301797
40440052
40177197
40011163
40290408
40306875
40232671
40211092
40062653
40070881
40408656
39720183
39683943
40002264
39811492
39819880
39798017
39803680
39656500
38955547
39830565
38977321
38964449
38603896
39696446
39688538
39669369
39824305
39810217
39984021
39741576
38137755
38177024
38402934
38418203
38362606
38146900
38172051
38158097
38596224
38163742
38426910
38412638
38294024
38424068
38142950
38357828
38397492
38307178
38348185
38408805
36646589
36792959
37910258
38111479
38105704
36784414
36636965
36551560
36381434
38115501
36368103
36357505
38098140
38090181
38117656
36362918
36538887
36368725
38081026
36513405
34644172
34650026
36137578
36104344
34615772
35686370
36337630
36127251
36342744
34709139
34155294
34134559
34207953
35693027
34647692
36112658
35658348
36147004
36322550
34147054
33238123
33334863
33219052
33208540
32996927
33224265
33231078
33203750
33372511
33194148
32979003
32990638
33636282
33244483
33002993
32982015
33634983
33345935
33233652
33142927
32034550
32945813
32675050
32939774
32773301
32036945
32893356
32780692
32785769
31939005
32020108
32765633
32024146
31960156
32790297
32777430
32017202
32976784
32932517
32689258
31703649
31714358
31630399
31491281
31522941
31929253
31467183
31456302
31782319
31691586
31558227
31918559
31775616
31650411
31638746
31786865
31672903
31518504
31508897
31564779
31307152
31268649
31017604
31313365
31290585
31085383
31257824
31442082
31314818
31212725
31230550
31221009
31110142
31101662
31096153
31091831
31304569
31294898
31063218
31325525
30091145
29864975
30533351
30522469
30099785
29820094
29889512
30796274
30249270
30754962
30279298
30776737
30289903
30242039
30097439
30025748
29895674
29834366
30762832
30545589
29809183
29235846
28175652
28367016
28609800
28373025
28814887
28180202
28168780
28558810
29074296
28292992
28301101
28703062
28360325
28284145
29082754
28598022
28589471
28172588
28149318
27989171
27901516
27973262
27963995
27956631
27934791
27782654
28112472
28120674
27995196
27977962
27968562
27950546
28132304
27907723
28091396
28082258
27789188
28164626
27378860
27567941
27490605
27352129
27749301
27695061
27368379
27285322
27143509
27765010
27342181
27759726
27162021
27157399
27150433
27279148
27771505
27361348
27760842
27766877
27129862
27053370
26963370
26950411
26935506
26920159
26692162
27136856
26944325
26741720
26673802
26754109
26749546
26682614
27119958
26655632
26665240
26957646
26763384
26759442
25733233
26565465
26545107
26550424
25548366
26492672
26452258
25741948
25542845
26461614
25552279
25540208
26507002
26523686
26527092
25534723
26553740
26498503
25526918
26521149
25502370
25167495
25320439
25507597
24993159
25307174
25172468
25002261
25364975
25344001
25007942
24998409
25177233
25015334
25458597
25450070
25313565
25143986
25185908
25160005
24701738
24306560
24590650
23763462
23612965
24563779
24616661
24881044
24535941
24338391
24194807
24978330
24787859
24690200
24199320
24032295
24795004
23620025
23798815
24558986
23395003
22813252
22550578
22776431
22638170
23563490
22568274
22424649
22232323
22650220
22502376
22284889
23178887
22484395
22494821
22219656
22225430
22433943
22821198
22601753
20336196
20332647
19985306
19511293
19507203
19478355
19455610
21444063
19514601
19769704
21380767
21447521
20560036
20497797
19775516
21375766
19778437
21728415
21704341
21369286
16372414
19211648
16281130
18559411
19371993
17564907
19216776
19089049
18753159
18638511
16379448
16255333
17561985
18382948
18554849
17026221
16243516
19169205
18425969
17022528
16094977
16027422
16124896
16221713
16020687
15996585
16153206
16239126
16129650
16174282
16148704
16004636
16099869
16171027
16023378
15991200
16121500
16158644
16156464
16103072
15706323
15856424
15823918
15812601
15810630
15982656
15975569
15831890
15865324
15840897
15808919
15948246
15870476
15850789
15722620
15821558
15710352
15715832
15717874
15701050
15693197
15679313
15673623
15683539
15620403
15666090
15644260
15628942
15536645
15518026
15543995
15687514
15680554
15562964
15549043
15540156
15557602
15670034
15495776
15553088
15417128
15409924
15137624
15422829
15276395
15141312
15128228
15209044
15222164
15427942
15381132
15242984
15238213
15396755
15131484
15123235
15240972
15370255
15134478
15376627
15086285
15071492
15106964
14972222
14977516
14980524
15104104
15115017
14966925
15076981
15046171
15118138
14974239
15096026
15100095
15081408
15063149
15119551
15111588
14962186
14885376
14910133
14903570
14755621
14746473
14787165
14942214
14722397
14602421
14610666
14607494
14741063
14587670
14576048
14893010
14918842
14765358
14750775
14934288
14780271
14389375
14518956
14277734
14263560
14430245
14561459
14422939
14414216
14369161
14393499
14400892
14527986
14427346
14544261
14385396
14375831
14359683
14269179
14553497
14273629
13956562
14086531
14252237
14125988
14133043
14099610
14247415
14141159
14109650
14135645
14031458
13960704
14119758
14090608
14228856
14219319
14114475
14054720
14257102
14095582
13766378
13604988
13951806
13446208
13918097
13750518
13612021
13452819
13787113
13622536
13773007
13913506
13458677
13930586
13950464
13627712
13601756
13944457
13778336
13634935
13419853
13277119
13272020
13229406
13122578
13114734
13378203
13424349
13237841
13121847
13215780
13123456
13118224
13266240
13406837
13259929
13253708
13225313
13438142
13282472
13059625
13065785
12959532
13073239
13070029
12956363
12952806
12945793
13086642
12924910
13045524
13090738
13024302
12968974
13052587
13108458
13099367
12948625
13103982
12964205
12804983
12890640
12776942
12661220
12811487
12905586
12659060
12791120
12786744
12817202
12771585
12897352
12760066
12801685
12816168
12794695
12764795
12820462
12797741
12903955
12614491
12657663
12648882
12647295
12580059
12555126
12607734
12596483
12454221
12643487
12632026
12627270
12653133
12589220
12458361
12590397
12586273
12465115
12636048
12562990
12230543
12422297
11624830
11783543
12433256
12442746
11774439
11637233
11778664
12350531
11633640
12438144
12437843
12432999
12243695
11765805
11642996
11770431
11638008
11628370
11498452
11477247
11491850
11473532
11616767
11606126
11570349
11577416
11561631
11586936
11487081
11165222
11601514
11597815
11620137
11612544
11155551
11161123
11583259
11593560
10960689
10878476
10871039
10886809
10838667
10956955
10951882
11150158
10850823
10842482
10858260
10863654
10875542
10854888
10882110
11143692
10982016
10867471
11132703
10976534
10742449
10814642
10718503
10746678
10758964
10708117
10725950
10716166
10694770
10756190
10750139
10703822
10820785
10736474
10833907
10722657
10698768
10824106
10831037
10763066
10629400
10638138
10598387
10633753
10572644
10652729
10645961
10589246
10624069
10461076
10687026
10649312
10582843
10690056
10485140
10495439
10643591
10482420
10595116
10577887
9716179
10253026
10255676
10203208
10126249
9673148
9669161
9638542
10130014
10458078
9635586
10222708
10221780
10194321
9678056
10236929
9622962
10243211
10209223
10200307
9612783
9483636
9468970
9478630
9617588
9608660
9512060
9482841
9478679
9487130
9537403
9487091
9489898
9486944
9467738
9502845
9618266
9473690
9621931
9497847
9403577
9231742
9259140
9265894
9208729
9250448
9240654
9268047
9262847
9254620
9246327
9237300
9336040
9343546
9233325
9218423
9203213
9134305
9229180
9222307
9055770
9049382
9009586
9003900
9127560
9110134
9044209
9047459
9104127
9046849
9115538
9050216
9006698
8986546
8986879
9123109
9001306
9119152
9070477
9059656
8882348
8981638
8872223
8862767
8892506
8897719
8889680
8875041
8974472
8973628
8900767
8895253
8867337
8853381
8858319
8840265
8877418
8847771
8986583
8886450
8635679
8614738
8627566
8586974
8521204
8760844
8749448
8594945
8786966
8590050
8504918
8780826
8792161
8632499
8711533
8626725
8610369
8766375
8778164
8769537
8472757
8443845
8352205
8347386
8344554
8486452
8373722
8380512
8350566
8466013
8447710
8356389
8338434
8378044
8491833
8363833
8366457
8478301
8370738
8483256
8324181
8248531
8257966
8236976
8330840
8251162
8271915
8315652
8267137
8335943
8254909
8245995
8229201
8269635
8328206
8319850
8261140
8262216
8265106
8235053
8137324
8224627
8156122
8159924
8119905
8092286
8096675
8134726
8168208
8179037
8094845
8165684
8098584
8173845
8181752
8177477
8147361
8141686
8175724
8170814
7983239
8006938
7963266
8082345
8028651
7987956
8058996
8033643
8004216
8078699
7968466
7993913
8079771
8052323
8001491
7977116
8030711
8074349
7998100
7973168
7917306
7893120
7889858
7862883
7876599
7900172
7921138
7923985
7909787
7804526
7894377
7885453
7880790
7911909
7878522
7786269
7889286
7889593
7903156
7959529
7676878
7662477
7768467
7606940
7566421
7610947
7681949
7774044
7555755
7548045
7671819
7551009
7627621
7617319
7553531
7777541
7568054
7613573
7604779
7666319
7466942
7493460
7489991
7478912
7535394
7526856
7473590
7494164
7493092
7464265
7471394
7448040
7476424
7532082
7482871
7487884
7483079
7481208
7529153
7494874
7408635
7293958
7203583
7200019
7125137
7127468
7212459
7296703
7336183
7330953
7445480
7207792
7322682
7196029
7414425
7385665
7410925
7333524
7318608
7327371
7011325
6964120
7033676
7123198
7006770
7026762
7041589
7083579
7053998
7045889
7009249
7119832
7078758
7021297
7015824
7053062
6958627
7049004
7081072
7017645
6928169
6946859
6921563
6936134
6941924
6932415
6923968
6920649
6907391
6904923
6955822
6935892
6899329
6930101
6896279
6900781
6944390
6953169
6938659
6925362
6726459
6849807
6886865
6841807
6723648
6763333
6847563
6877197
6819180
6851844
6721797
6787127
6879541
6881532
6822492
6792453
6872383
6789721
6830228
6766708
6582937
6718874
6532773
6572549
6691675
6674523
6684857
6681944
6534842
6619482
6544672
6580506
6630408
6616862
6585839
6541414
6538667
6536825
6687830
6695453
6530439
6115528
6102827
6391302
6336839
6274997
6092821
6277787
6523739
6388658
6318594
6097308
6322599
6092337
6525809
6518535
6338249
6521715
6117201
6382445
6082490
5988311
6018587
6015718
6035225
5985791
6024828
6053498
6021264
5982232
5980729
6049470
5983875
6040323
6028167
6091622
6042823
6047226
6027735
6012398
5921812
5962226
5959839
5889325
5842903
5920015
5918134
5882546
5839137
5850723
5849509
5952441
5966587
5927058
5852872
5955581
5918676
5886665
5837684
5924680
5783667
5778677
5486698
5757035
5776433
5737575
5813947
5759335
5634681
5763427
5657319
5781057
5731411
5670666
5490001
5775436
5566150
5572670
5645057
5589508
5432874
5434401
5084164
5085918
5484049
5469312
5428623
5482532
5424643
5079407
5480785
5473435
5415112
5088189
5427174
5431848
5430044
5091085
5429041
5425092
4990833
5078441
5013054
5016034
4988006
4953144
5017904
5014417
4992563
5058343
4999938
5010571
5076952
5002284
4996141
4950236
4944759
5020095
5008071
5006593
4918678
4823479
4885402
4877504
4936272
4882353
4902228
4907111
4933880
4932259
4905389
4942150
4909288
4891569
4860303
4854459
4889303
4871748
4912233
4879704
4561134
4773000
4793170
4723478
4786253
4816767
4807386
4804393
4800657
4796495
4728769
4784188
4739420
4726312
4718988
4570266
4567692
4814427
4565343
4811256
4521486
4502530
4523049
4479753
4519873
4447323
4512470
4482930
4521801
4506017
4488864
4445292
4451001
4527733
4449031
4526637
4508711
4477466
4514177
4499543
4368623
4193804
4365348
4414268
4409706
4438674
4427733
4433651
4372774
4236112
4229699
4377733
4406130
4272287
4419306
4387425
4233996
4384725
4415923
4443588
4084148
4080584
3845152
4012671
3836325
4039119
3834496
3818543
4029927
3764383
4017016
3848499
3831902
3992579
3824196
4036414
4087347
4022940
4090000
4014382
3706475
3744648
3752164
3716506
3649580
3748966
3746739
3680530
3673293
3743735
3655887
3647027
3744771
3702305
3736333
3718733
3739899
3693200
3651801
3737888
3535758
3531719
3518332
3582961
3518972
3526387
3533892
3581729
3580711
3584866
3525168
3546659
3520572
3533176
3530999
3537885
3577727
3578893
3544735
3642796
3281931
3472915
3484196
3481505
3291411
3287528
3280007
3214457
3349126
3279417
3480042
3210066
3352826
3425553
3476307
3285219
3511602
3477949
3355334
3474798
3186067
3119748
3201939
3137249
3181589
3129816
3117961
3082125
3194414
3128817
3132514
3133746
3118167
3118053
3131538
3204552
3135653
3197910
3191220
3129259
3031688
3029667
3023080
3021852
2985402
3039296
2982448
3038334
3041043
2987314
3033038
3030266
2984036
3066470
3034783
3036008
3031859
3028387
3037476
3034398
2819504
2937698
2878945
2818383
2855884
2979251
2880819
2935018
2873983
2854817
2826843
2824125
2980596
2825184
2857776
2971060
2978580
2935822
2828371
2822013
2811389
2766829
2730878
2776707
2763778
2775216
2777503
2810688
2809412
2772366
2795510
2768857
2777879
2774869
2778469
2748161
2732511
2777562
2747267
2777635
2679362
2708681
2725954
2730135
2722395
2711387
2687153
2723896
2680624
2677746
2682339
2668654
2676786
2726580
2724991
2728821
2719328
2683603
2720708
2685524
2628758
2244850
2210994
2209161
2666507
2260470
2207569
2655325
2213342
2155386
2242839
2262439
2570512
2425497
2184736
2181864
2552979
2551056
2182292
2661768
2153741
2020170
2018747
2136886
2144288
2149575
2138558
2131436
2144825
2122287
2022947
2129027
2024936
2142388
2032860
2139820
2134804
2126412
2119355
2151141
1991205
2013650
1907080
1905683
1853070
1996983
1841551
1836212
1880349
1886910
1948449
1980720
1904562
1891448
1889909
2016124
2011679
1838925
1903266
1840879
1720694
1672681
1788868
1782165
1679416
1675793
1671539
1674554
1722821
1781110
1801998
1803191
1720531
1795043
1778807
1796316
1725723
1720296
1828498
1677309
1624812
1665946
1628156
1668082
1668432
1668398
1654315
1626144
1657057
1669047
1658867
1670059
1667203
1621066
1668795
1664078
1623666
1622840
1662530
1665807
1581536
1574515
1583719
1579261
1589484
1580405
1583142
1576062
1553836
1550453
1584866
1578498
1588385
1620168
1618959
1589873
1586102
1582511
1610525
1591058
1411333
1537437
1531614
1522533
1532498
1521184
1530341
1536260
1523860
1471045
1517858
1470039
1520202
1514329
1405838
1535326
1534333
1528906
1527615
1533169
1400774
1155756
1377786
1132793
1178515
1396901
1128343
1179470
1130601
1287979
1129501
1404374
1158486
1131812
1294870
1402451
1177352
1134062
1127202
1144687
1098945
1081882
1126334
1083053
1080035
1071299
1125033
1059214
1101335
1089052
1069204
1064803
1067823
1062169
1087672
1121700
1079621
1086544
1122902
1084741
1031590
938230
1027639
945571
1030055
940791
1028849
929581
992932
996514
1034522
1017745
950071
943826
947892
936377
1032648
1016268
1010940
932846
765681
885926
878138
855486
924974
860918
848800
851722
846908
768287
883641
873567
871638
863419
775854
880363
862540
877837
772682
778196
682980
668808
696256
732622
735881
759445
734429
711289
695182
685269
764219
761485
709940
659819
677979
680348
697784
684713
672873
671057
652068
655019
653619
652768
657088
441847
528722
510545
443083
659043
571293
553257
658083
572485
513594
512496
446288
444439
655743
440868
412360
410422
407428
408035
408886
406516
405449
402345
400428
413303
409414
404345
416098
401628
414130
411392
411036
439260
410017
415030
344344
377776
331296
375788
374093
348554
376597
378280
349374
329889
362646
399223
352619
398006
363971
353896
375069
351786
350250
350989
286305
315107
327167
322067
284088
313654
312686
288944
292061
284965
278821
323810
281772
280810
325439
323331
290981
313794
283046
279888
170161
182696
227152
184116
228893
224124
170803
226841
225116
171325
183151
228033
224585
169682
184779
226111
228448
225629
183412
227550
152095
151019
146550
156190
155880
154894
153084
169256
146052
154634
146241
146378
151313
153627
157007
154250
147966
155254
168798
154043
140241
139501
139223
141579
141852
144873
139826
138988
139944
140111
144162
145085
145358
145862
140022
139622
144504
143433
139087
145625
136124
138231
136022
135825
138706
135200
134740
138456
138608
131557
131262
135870
131693
131022
137898
135612
135405
131947
131383
131154
130054
114372
119149
114883
129500
114733
114651
114221
114066
113802
128785
113654
115124
114550
124041
129636
130158
129887
115039
118133
112113
107032
106861
111693
111933
107105
109044
108653
107369
111870
112042
113503
107433
108910
112220
111960
108501
107230
111795
106950
100112
96710
96941
96817
106612
106045
104662
100233
104966
105937
104843
106441
104878
104279
104778
106205
106720
106282
96757
104694
92160
86578
85106
90548
90413
96624
94068
96604
94001
85205
92596
90588
85381
92316
92248
90348
85271
86399
92551
87930
83714
83868
80389
82442
80152
79648
81822
79946
83671
84020
84988
82586
85042
80271
83961
81643
79789
84911
82224
83784
75937
78606
78522
76028
69494
73830
73512
78343
76770
76840
73324
69565
77084
73404
77073
75824
78976
73656
79328
76209
66220
68607
65745
66108
67454
68280
66018
65934
65868
68345
65639
67073
67375
65978
68754
67200
69290
69444
68462
67296
61732
60900
64597
64836
64080
64707
61328
61039
63867
61126
61663
61781
64278
61842
61569
63396
61493
64472
63604
61906
60501
58462
59936
60426
60732
59702
59774
59566
58599
59637
58556
59998
59477
59140
60831
60630
58688
59308
60689
60788
53803
56348
57992
56914
57019
53743
58077
56165
53927
58346
58215
58139
58288
54070
56236
57897
57158
55125
54178
56297
53677
51287
51387
51344
52431
34687
51196
34794
36928
53609
34731
34985
51478
35116
35100
34859
52579
35160
35037
34926
31839
33304
33110
29884
30017
34325
34622
30218
34253
30033
29997
31909
31857
34640
29910
34469
34532
34405
30106
33177
27297
27232
26342
27879
27613
27531
27259
27378
27624
27780
27790
27707
29852
27344
26395
27652
26305
27424
27560
29807
22397
26250
26222
26153
26126
26157
25850
24640
25666
19643
25747
19626
24600
22292
25965
26043
25793
22059
19600
25817
19231
19310
19425
19423
19313
19358
19247
19352
19368
19213
19015
19432
19271
19414
19582
19234
19378
19403
19330
19301
18931
18070
18010
18990
16885
18980
18991
19008
16898
18918
17007
17027
18914
18056
16994
16890
16861
18996
18940
18954
16808
16787
16594
15997
16760
16333
16313
16616
16840
16852
16610
16756
16849
15965
16599
16001
16321
16831
16824
16800
15102
15061
15014
15081
15258
15172
15308
15299
15033
15012
15294
15006
15118
15048
15248
15131
15275
15179
15136
15143
