1192119542
1192965919
1196622296
1191787548
1195071219
1190455414
1192859763
1196723551
1191903067
1190921454
1190806305
1192001213
1194942360
1193052001
1174134612
1194280841
1192228456
1194417119
1192722532
1190536985
1162259795
1161297734
1161021046
1160926159
1174015260
1173921977
1162122907
1162556463
1161380936
1161232904
1159270348
1161429965
1161146958
1162186403
1159412707
1162458040
1173735260
1162374890
1159361000
1173819335
1151189454
1156984872
1156902037
1153519896
1148893571
1153189824
1150988504
1146377276
1146638227
1158183927
1151070088
1147148674
1158290816
1153374963
1158029592
1158090063
1148514439
1150876759
1146456449
1153284614
1141700311
1139019922
1141950483
1146135597
1138967377
1138825015
1139090028
1141877908
1139184645
1137168957
1139296573
1138900767
1139533277
1138849081
1137412828
1137293480
1137071899
1139403124
1146286831
1141795877
1135924916
1136863438
1133868002
1136939099
1126166122
1133940700
1125987699
1123835200
1134089280
1126103807
1126401179
1126535360
1126344538
1134024939
1133796996
1126460052
1136073301
1126615771
1123781241
1135999946
1121753915
1123635048
1111992341
1122041679
1112040125
1122427754
1121846515
1112387488
1122123845
1121236782
1121159840
1122266808
1121028758
1121099758
1112314873
1120823162
1121942335
1120899445
1123717425
1122558477
1109838803
1111952436
1109792440
1109750100
1109941712
1111238633
1109879156
1107604770
1107544639
1106787004
1107646353
1111134997
1111338217
1109694664
1109652293
1107483488
1106658916
1109599078
1111902016
1109548314
1105002631
1102813790
1105265166
1102888794
1105067740
1105175504
1105143101
1102391420
1102694963
1105435348
1099653399
1105391828
1102965148
1102469446
1104358414
1102752470
1105340040
1099966459
1099766128
1099882947
1097497232
1098139947
1097614612
1097886298
1096031072
1095679016
1095554139
1094964535
1098006002
1097701009
1097918790
1097816040
1095193010
1095107107
1098072034
1095345287
1095987017
1095436230
1095765356
1099412404
1093237973
1093962805
1092970193
1093524052
1091419610
1089868751
1091682325
1091619229
1091794176
1093439589
1093927089
1091284691
1093353448
1090011561
1091936352
1093879165
1091863894
1089757003
1090214498
1091520582
1087216301
1086377163
1087160432
1085026157
1088284860
1088418329
1084979164
1088726563
1085961629
1086648867
1086101546
1084918141
1086230211
1088918138
1088591999
1088836246
1086925498
1087122865
1086541666
1084565213
1082963119
1082908320
1084336002
1082806348
1082300552
1082156460
1083887807
1082030519
1082859677
1081907657
1081796838
1081657431
1080078808
1082720633
1079975995
1079892402
1081838229
1081723511
1083825815
1084441973
1078777773
1076076713
1074553806
1078852952
1078557789
1078914695
1073226440
1078029672
1077907112
1076238818
1078412927
1076357144
1073918977
1073700264
1073364641
1073127940
1078981767
1073518857
1078669221
1078300348
1049429743
1053369192
1055401113
1049311916
1049708378
1045064231
1073005981
1044957315
1044711238
1045744433
1055525951
1049180307
1053470954
1049801804
1045876092
1045634217
1045166944
1053190189
1049584408
1050056615
1033585020
1033404550
1041990349
1042720490
1039349200
1038004017
1037911761
1039923111
1040214599
1044452359
1042505750
1044350207
1042168806
1040356836
1035432608
1044558602
1033792301
1033929037
1039162569
1039530489
1015634833
1022627525
1010880836
1032211159
1027542806
1031898571
1027733583
1015485948
1028083001
1027987873
1013499230
1013123648
1032027051
1031477175
1021730431
1017407259
1032305928
1017524512
1031343029
1012964699
995195521
994392265
1002121307
995877385
1000022819
995774834
995712715
993596564
998020498
994615668
1002358831
1000193456
993632935
994474720
995441378
998107149
994723261
1010766419
997891757
995827389
988705844
976284656
973527480
973468474
972851295
971725060
971443749
975008139
974882918
971694167
971620065
971574311
973495862
971258967
973430308
993195314
988615957
974751299
976079195
971500352
968771062
966702101
970989947
968296339
971068329
966914088
968194049
968086014
966882572
969210569
971175725
970539547
969155774
966077825
968578192
966639359
970674193
969360954
966958904
970886588
962625102
963864927
959950758
961611866
960949767
964679065
962778222
962729059
961688894
965886953
950618401
950478508
956266188
956986156
960865005
958716934
959862734
958036638
958134381
956844461
946514524
940058149
940495041
945949043
950411781
946029852
941988535
944790380
938142354
938049338
941889709
949923347
945706113
937983243
945601842
944857079
937127468
942147222
945789623
945861371
935678110
935182585
933647271
934905162
935808093
934869344
933545410
933010539
933397430
932895069
936999399
934008209
932795099
936922750
936854885
936776432
931934981
931824247
934773290
934041728
924506120
927088699
927255487
928102383
925312525
925647938
931110574
924889198
930937691
929843121
924396482
929192381
928961829
929384860
927579087
925158115
929296278
924733828
926961672
924256778
922952230
921423486
919982081
919001337
917887188
917639229
919088185
917310882
917776428
922311889
917199385
917118782
922707589
919156875
923024775
916908849
918920471
921564906
923042726
923078793
912953504
913821105
911880241
912120874
913924613
909771486
911733453
913136936
911331998
915021940
913023610
911825719
911964938
911548874
912419560
912381550
912348142
916843633
915167584
912298438
908871129
907058476
905988406
905173830
908421377
908747706
903327545
907146304
909490439
906193503
905229346
909693023
906621787
909581671
906373181
908343201
909358073
903294832
904378167
908503663
901232347
902174597
900234703
898412498
902252576
899248821
898322893
900305671
901387831
901314277
899302420
902327548
902488851
901266920
899387117
903265955
901352105
900364755
902401627
900148274
892344547
894719517
898164393
897460616
897482649
897089671
894841465
892304464
897417170
893961313
896650282
894753155
896164830
896458004
896832978
892391618
896332094
895981651
893835119
898221540
889666330
887733835
887321467
889587185
887973391
891069658
887849835
891569368
891822541
891712346
891135705
890962285
890876961
889486568
889145365
889027068
888938817
888070096
889744579
889274192
884181770
887255297
885742075
884308397
883834135
885505425
885137717
887179672
886965937
883261746
885025640
884952269
884862766
885313038
884265129
886890492
884228845
885659284
883613697
887032112
879555804
882156407
880963011
882936521
881552096
879504054
881348838
879002873
879685749
882120594
879625318
879190631
878886921
878301493
879133966
879416574
879342472
879294360
883013753
881193621
874615551
877981578
874512927
873627603
873444081
876509247
878061265
874711633
873550156
876884484
873766180
877861640
876095600
876783745
876207538
874663135
873866364
873700849
873501053
874736967
872461033
870424921
870564418
870813685
870968272
872005447
870795951
870274021
870620356
870474450
873406634
869700555
872331694
872081499
871948921
870880135
872226727
870709153
870330704
869822013
868563996
867166811
866100164
869608186
867417957
868985018
868554186
867101839
869120670
866863029
868890538
868637517
867320619
867010053
866966854
865998705
868761419
868699361
866060176
867281995
865330339
863244548
863160188
863478228
863047848
862838513
862668823
861148320
862684074
861077803
865754628
863571553
865825706
865223741
865950038
865679798
862746400
865494182
863674027
863612014
851649597
860791144
860723423
853049340
851410029
852936134
851866229
849873946
861036419
849976113
851481396
854721471
860923040
860870969
854850879
860984001
852999208
852031043
851747580
854759285
847816426
847714652
848839661
847249650
847186228
848976359
849594669
849704617
849106146
847278531
847135842
848935869
847378176
847659179
848869361
847320811
849784167
849021111
849051410
847448184
827144029
841633582
841689948
831107498
845878194
841594661
832204456
830630998
827395993
841771663
830467074
828723260
828783931
847023992
847057813
847088122
831185964
831009801
828677746
827278663
825593664
825179935
825265550
823778210
826971861
823445662
826936208
825714624
822960828
822921693
826776090
825425659
823703983
823512046
823022934
825523072
822838673
826837658
825369428
827051000
821053165
819362697
821550229
821453456
819991176
819285741
819259182
816349998
819838612
821735777
819327985
821111291
821379975
821833752
822732120
821259873
822807257
819223635
819920724
819407988
808165670
810168616
810334290
808110264
814503027
807694214
807664625
808246172
814330846
810241198
807777242
809960191
800201612
810522996
816241984
810440126
810091191
814423407
810020808
816152229
769190050
771160983
770355766
772561129
772349523
797788175
799824768
799796350
770982053
800067375
772185526
769161360
768982951
772269490
770634213
769374450
799760220
770550292
769219194
800124466
767076763
766972000
766110851
759612808
767634401
766080452
757661769
768588096
768808772
766020245
760396509
757785660
767445451
759465391
757710072
767722637
767386648
767199850
768696718
759551452
752133517
741948762
746479447
755818936
748681574
741655663
746692382
754352477
753190913
746922137
748913915
746821658
755747515
754994958
757546080
753137824
757443659
741899534
754922303
748788622
737927528
733561528
740927557
735368986
733259177
740995621
739878472
741337178
737805227
737095671
738020850
736129328
731643585
741534124
733161307
736010387
733724131
741445856
741225032
740021630
728776739
730831040
726947607
729046930
728625690
729151693
726356033
731002581
726530850
726445760
721913080
721828225
728817835
731497922
727714658
726862150
731390439
729330419
730917398
726621089
721583256
712631631
716724329
719645591
715090352
716692382
712698112
719538315
721481633
719363449
720135746
714972175
719078078
716869461
712650155
720023900
714208296
712887632
716923850
712820153
704429345
702934881
695990243
705881825
696899096
706021421
703036091
700519826
712537115
712573224
712496870
704496555
702624138
702566968
704062917
702784763
702456059
695877382
711973458
712474424
691222641
689009861
686842771
688941826
686144914
688482363
688639751
688593006
688806368
691105418
688862536
689496723
691368278
694301378
693731196
691464663
691649485
688688371
686896167
691741484
680112537
682010710
682086320
680576995
682189574
683535713
685736531
685488454
685555351
681931082
680680505
682264158
682579232
685372698
683462463
679679453
680064569
685266496
680760594
680722272
671923366
677762677
678192071
672365975
678381393
678069650
677883699
674167307
674967193
672716956
673695376
669796199
676006070
674864928
678311287
675003388
674886105
674228524
677686405
674313715
665759536
667774633
664888812
663957142
667997319
664980238
669279372
667873189
669337747
667055463
666970939
665662281
666032842
665994913
665923443
665108591
664751935
667204393
668059059
667949040
663867012
661234640
659396117
661003493
659697101
663237604
663739577
663630512
663363617
661745250
661429402
661062352
663780794
660909581
659599251
659522753
659327215
663087510
663534630
661836360
657742932
654367378
658633874
658147118
658049261
655133930
657100469
654576343
650728662
658286688
658702816
651362737
650815638
658655805
652657322
652850769
654442055
658766976
658409233
657792523
649625551
648964292
647911798
648831248
647794839
647433890
646331452
645172770
650353128
650621766
650481113
645791606
646715826
649091395
649534531
645144573
645837051
648003229
646231314
650409255
645050139
645127166
642573165
645098310
640580810
644439989
643538870
642279909
644493599
644561591
644227351
643513850
642914191
642791152
640495653
640680713
644345625
642405224
642807946
645072699
633663406
637877228
636841007
637937888
637201441
638907306
637620786
635482920
633464200
633415417
633924661
639073069
637058133
636885152
635613317
637111080
637527540
633301976
635344420
633528809
624373447
632101570
627958531
628311851
628435334
628136276
625391615
625008670
633266510
627893676
624303820
632279109
624948073
632357798
625276325
632210964
632448385
631956992
628056159
624416608
620596339
619880729
623898865
624173477
624087071
623433849
620976978
621499913
619689999
619224713
623512028
623474765
619276463
621443234
621409219
619941377
619143934
621543018
619369472
620653654
616587070
613023497
618835170
613320799
619095956
613233458
618515319
616606423
615838482
616558904
612903291
618631115
613124828
618705534
618588952
617686376
617199856
613377902
618783593
618544767
612767558
611928828
612737166
611708960
611465057
606815926
611643825
608747832
606708732
612582030
612011542
611878336
608335741
612036652
608502429
608257898
612617772
607341962
607256975
606943590
605609799
603464718
606402928
603227639
602996121
603934254
602853365
602893252
604922117
605553147
603067835
603850491
605200850
605574078
603315766
605074427
603980007
606473536
602943944
604692289
601562276
600378178
601760511
598292340
598368053
602822703
601648013
599163593
598086137
601828310
599734224
601598834
599061707
600251067
599816740
598392068
598313808
598018843
600312757
598349965
594861031
594274578
596622438
592497632
592539578
592012219
592466002
594908211
594358801
597400923
597212620
597329055
597264719
594928436
594885395
594809915
596141924
593123291
594832307
596661393
589780687
589308209
589288230
591890072
591985159
591085597
589263261
590508602
591215251
591154847
590440758
589678944
589126704
590087424
589726664
589707717
590568560
590146878
589993223
589922146
588658100
584065616
588747229
586453323
588852483
584280266
589065190
588921479
583400885
588546619
585178083
588412859
588336252
584209912
584243777
588455904
586410322
586372108
584103690
583527991
580685274
579441020
583181754
579963900
580189187
583253287
580372630
581633081
581495724
582096188
581948750
581886134
580506954
583359134
581540827
580604215
580108180
581423492
580046712
579912513
576348201
578403265
577182307
578713645
578584478
576096681
576002619
578356326
576200937
578538154
577092131
576291420
577138891
578608154
579132234
577553722
578456567
577651776
577738681
578830450
570385557
573765617
575867559
570338787
570434715
573612840
573688637
573876291
571960537
573920113
572042617
574182217
575893269
570501634
575774506
573846039
575630473
571866676
575697970
572126023
568302716
567145198
567694050
570299499
565974757
569715049
567164812
568234133
569645948
567177435
565962037
565933441
567635577
566890241
566589696
567770549
565982421
565969541
569835678
569522952
565242402
565710666
563329910
562553031
561977460
561638205
561561814
565796154
562216616
563459177
562250678
561039209
563830983
561000198
560632549
565308535
563262473
561673775
561523394
565138438
560493828
560241223
560435433
559210424
560559341
558566905
560320123
559423971
559283855
558435090
560393770
560587565
558738246
560353882
560282671
559851100
559352479
558719524
559881397
559755506
555338569
555434559
557271517
556944244
556890764
557469567
555673207
558031765
556651431
558154688
555614308
558083153
556785382
555732655
557981195
557456081
556724940
555279315
557310503
555500083
552660844
552392200
552250115
550716503
550786725
551237187
554457761
552160234
551190216
552462806
552715166
552509995
554420579
552312917
552079415
551200568
554481305
552618288
550617716
552575626
549680103
550388200
549346634
549413705
549294050
549553824
549227523
548352282
550360561
549162749
549113660
548557697
549830140
548502448
549760112
548278984
550572624
548432512
550468749
550430269
545393230
545461009
545337718
547775916
548135456
547991297
547809223
547134989
547730658
546896278
546825662
546787391
546676515
546595606
545861533
545511145
545780321
548053434
547855143
546735916
542408303
542111813
544282048
543527593
544043058
542219387
542494604
543738975
545250045
542565205
543875645
542336988
542272956
544099088
543964364
543653988
544156719
543585214
544217601
543804344
541486045
537536521
541447580
540905690
539447476
541149261
541026961
539521549
537482602
538585651
541279786
542053210
538526457
540955328
538452184
541335502
540824424
539573851
538364070
541063878
533812357
533765720
535348185
536812659
537068928
536897241
535997960
533704781
533912668
535906685
537018041
537127227
536954896
536851777
535409927
537408463
532639132
535648837
535557285
535467311
527928238
532170961
529647693
527992941
532613143
532429391
531417847
528762729
532298588
527855910
528887484
528820661
530993667
532221197
532512216
532261941
529552458
528029525
530920140
532368622
527280065
526065236
524581495
527332848
527375252
525862219
526493458
525810389
526722825
524750339
526628256
524940413
526019852
527191164
526557947
525952105
525909139
524678193
527232177
525040756
520544520
524436358
520088450
522173499
520248449
520044625
524124661
520001482
524354135
521797439
524187370
521885589
520192328
522060869
520328636
520144713
524246339
520403582
520466376
524006333
515050335
515122279
516944545
517664852
517754954
518650377
517325364
518583376
518770835
514974056
518542497
518664207
517198264
514886847
514921704
516855761
518480568
515628342
517063189
518717804
512734494
512815649
507826197
507618182
512654840
513779753
507727260
507965991
511989933
512566540
507079082
508049734
513942210
513844927
507777183
513706881
511940537
507871711
514018276
507674506
497990933
499348684
497305327
501463186
499403990
500932819
500036455
499451817
498902154
500894109
497956233
498756615
497224806
500841894
499496716
498182945
498808419
498860859
498113070
498057343
491038129
489449011
489397379
489273886
491332174
497217528
491183778
489509389
496477961
496306539
497106358
496525671
496353697
496243584
491118992
489317245
489330311
488046666
496410365
495365696
485138967
488036029
486482704
487775522
486446167
486377091
485225801
486569835
487851504
485103495
487819204
486487945
486344247
487919780
486614190
486524545
485622805
485549352
485219426
485097341
480066702
481991524
482366275
482004695
481949308
483933055
482309712
482221209
479383661
479258657
483636910
480108814
482379294
479290916
479188854
482159001
483832327
482096050
483856119
480162092
472467415
473632622
473921254
478003667
473581632
472457504
472305209
477939158
477898800
474012340
472113942
473701294
473516711
472551560
472167004
477904670
473674839
472382200
477959434
478066447
469545010
472031639
469658320
466497396
467316241
467388337
466308369
466346854
467459357
466247741
466142567
472038587
466131339
469615458
466198754
466291833
469720564
466458584
466398530
469580081
464507412
464663451
463180776
461818694
461766304
463074120
464430087
461917640
462941796
465997718
465280126
463135202
465315678
464579873
466057819
464380986
462923778
463013710
465304871
465913629
461612539
461706062
454381993
454932812
453540881
454176231
461546189
454247394
453620755
453563674
453519007
451390596
454490211
454330743
456313501
461490166
453594339
453492261
453447853
451476791
443901168
450154579
450435792
450304874
451178729
445448213
450386295
451145826
450344384
444285016
443768428
450145481
451316948
450259735
445629224
446229590
451246772
445415604
450206665
445710230
441478837
440462523
441333860
442919830
441544701
442923681
441446159
441420437
441366116
442899215
441395094
442866725
441658997
443715403
442833736
442636090
440994397
441514954
441614012
441585779
440412923
440387827
435860071
436077361
434403915
435514642
440347642
435768241
437478668
437334564
437538783
434155251
437253785
437432476
440308541
433245889
435678652
437396047
440437073
437197739
432984949
433148718
432425137
431476148
432880796
432953064
432923701
433112664
432850496
432811903
431511700
432793967
433066526
431444864
431427415
432707471
432734982
433230050
433194871
433014397
430146625
428881998
428768435
430029441
429969598
430177059
429933120
429891630
428664783
428847814
428644570
430238193
430104074
429998627
428749771
430207229
430125220
431400547
428813263
428726788
427137144
425472642
427256241
426966803
426832885
426614188
425396205
426682251
427305756
427244893
427015012
426865904
427282079
427104696
426764481
428608364
425674523
425546415
427046784
424956362
424863508
421382700
421486633
419598718
421341948
423361832
423198062
424790597
419736663
421198339
423294153
421249600
422865339
422768557
422674078
421445397
421290516
419700362
423540872
419654802
417650149
419284046
417093185
417028462
418373350
418212095
419554750
418946910
417687929
419058394
419009400
418345618
418326082
418886048
417135773
419327376
417732560
418170255
419111138
417775313
414284787
416463538
416734146
415012261
416683423
414832987
414993762
416439077
415023434
416562092
416789733
414357880
414436907
414203685
416637677
414893486
415022503
416586517
414953439
416504684
410454643
409900677
410740706
409852369
409721231
410845868
413145545
412706424
413031348
410920968
410598488
409818115
410801363
412758442
409659411
410997173
410975454
410649415
410508986
412850467
407438829
408650931
408801184
408839630
407748243
407525404
408703324
408602319
407744348
409601493
408869081
409552197
409501121
409455486
408513426
407926608
407912178
407892136
407702060
407876954
407187155
402930782
402859972
405320803
402639678
403635251
405244270
401543786
401793764
407398847
400851637
403718995
403544814
402737880
401733060
402788585
407333293
407226943
407277776
405383412
395731939
395758476
400827408
395600799
393144916
400753653
395854711
400781199
397065301
396862479
397226492
396599824
395519468
395695176
395466128
396658807
393254037
396767121
393186648
397312212
390506371
392665085
389332332
390054306
389119517
390703882
391422987
391660898
392032919
390736352
390693176
391913429
390200377
390108895
391250672
389952815
389047536
391818555
391321668
391729021
387638594
385165040
385551968
385442804
388741109
387082201
386983251
388931574
384823122
385567540
385235936
382591330
384674200
388655473
382438684
388528393
382398915
387667577
386523943
382613452
380946830
380712841
381550213
379852526
382321862
382190980
381390300
381328505
380700038
381094717
380109580
381572787
381545464
382274600
382352752
379730617
379792408
381517714
382146258
381025149
376003400
378584381
379545690
377381841
378637436
375926243
379512755
378977873
377555347
377321832
376083851
377232859
377507447
378721293
379066996
377984042
379579860
379621179
377958313
377157408
373685198
374736106
374892485
375251029
375825601
375265647
374684992
374600128
373907585
373840257
373631097
373880349
372906909
375074346
373947122
374611011
374669157
372887494
373516191
374943827
370480651
372743787
372421296
370544040
372787331
371757106
372845950
372611853
372865306
372557666
370505351
372490004
372626919
371566480
371230162
371169388
370535503
372476187
372369441
371221720
370425408
370225820
370300498
368950658
368679729
368606397
369159973
370458566
368454344
368584351
368919773
368406787
369994096
368518739
369937801
370237178
368346719
368759871
368280824
369897222
367582686
365005815
356844953
367602332
365594915
364965244
364926474
357131222
356451614
362223300
368267107
356947686
362085585
365054935
357047473
365704201
365532143
357000546
357121226
356890754
355908110
354170522
353513291
353378316
352893672
356418763
354918265
353574201
354132085
355805006
353953927
356047389
353454832
353415792
355992142
354910961
354107302
354154440
355852732
353733198
352280013
352863524
352194706
352135373
352076757
350806540
349340481
349453922
349240170
350947474
349215543
352031200
350778719
349287328
350883303
349378941
349208531
352686986
352343048
352599230
347144937
346869508
346813704
348205980
347192699
348061383
346143646
346854027
348138838
347501535
347102778
347059811
347997644
347441795
346539466
348750709
348699445
348108657
347371131
348038246
345857232
345978546
342431202
344238451
343814136
341587944
345885246
341639761
342981230
342977898
346108077
346023336
342998082
344300384
341613232
341558420
344257125
343805431
345942615
344277755
341471324
341515209
341417820
341194249
340440379
339623784
340384575
339092383
339912935
339188929
339042578
339789000
339844446
339680325
341124004
340399448
339736109
339665311
339216899
340415279
337221123
338090189
338305876
338297808
337815867
337235031
338040892
338259921
337917477
338005816
337960493
337895508
337233527
338125477
337214872
337160501
338280092
336889368
336850553
337699562
334303927
336084716
335792283
335596555
336191146
334828101
334790731
336726928
336146711
336679353
336129498
336112056
334780443
334237320
335885711
335923761
336151797
334118871
336787467
335732531
333423953
331791745
333368842
332126569
333095931
332753838
334054751
333394590
332076296
333143019
333311594
332896646
332103813
332965265
332820996
331843828
332706805
333323490
333349242
332120330
329857163
329399560
330423416
331408383
330354205
329881436
329900778
329611100
330446576
331465003
329575057
329331449
329186280
331364340
329173384
330779357
330844179
329259291
329132137
330508460
322697304
322508704
328226547
322710687
322402399
322680458
322655661
328272620
328004195
322451896
322354494
322055939
328188427
328060248
328104199
327955293
328584170
327900923
328535128
322632198
319585913
321555287
319953458
321327037
321645714
321602770
321620282
320125380
321580262
319639823
320575667
319986933
319617757
320078081
319238934
319597901
321289917
321242979
321196077
320184013
318979783
317483363
318787264
318905948
317578909
317364714
316322418
317420459
317525306
316253804
317691876
319041006
316209392
316133329
317409709
319113445
318857592
317613332
316171285
316273508
312621862
313744179
313746599
313632423
313134098
312707542
314468952
313604501
312703290
313768621
313717842
313675152
313704097
313481509
313729217
313691375
313200622
312576428
312689582
312664741
312450355
310391492
311696719
309576749
310282027
312371236
311738106
310353500
310411123
309715228
312302805
312247892
309637936
312317389
311654144
310329317
311674336
312244189
309783088
308967973
306272776
308938935
306845574
306799837
308908718
306439254
308614159
307919884
308822595
307420845
306858386
308862933
307903337
307356192
308522514
306540632
306365716
307604411
307280317
306833623
305819130
305555032
305884347
305864409
305791943
304911540
304753676
304665947
304901092
304870575
304802241
305489762
305440910
304861130
303634969
305906871
305843907
305926352
304884832
304800745
302143737
302116542
302811136
302211969
302071316
303556723
303497578
301902669
303598778
303462836
303575775
303080156
302030478
302170444
303537020
301954992
303616400
303134607
303007105
302192603
300841688
300839043
300815348
300788418
300772573
300702166
301587136
300662786
301764472
299657760
299639765
299638056
299675470
300744640
299535031
299570403
299615048
301445180
301501817
299678266
297593183
298607982
289464328
297622993
298443546
289866125
298063499
299285493
298658848
298412204
298378516
299345440
298324539
298628910
298251508
297569144
299139915
299234195
297543052
298647430
289427819
288264335
288070647
288919698
288857630
288025292
289408475
289053356
288229571
289151370
289104106
288997169
289210533
288803218
289399202
289192416
288164667
289111160
288121260
288196367
287623280
286535315
287856457
286908149
287031322
286730929
287942870
286857211
284670363
286490413
287614775
286593628
286937818
286988099
287079246
288000488
287912184
287117707
286801638
286757066
282551005
283157420
284406209
283107623
284364115
284313620
283148460
284121443
283211218
284186159
283736730
283707025
284139542
284219382
283670653
283630681
284257624
283733824
283588547
283545766
282350155
281202472
281190357
282312686
281899669
282417994
281027548
281817943
282457370
281091285
281846059
281964569
281929229
281151406
281143757
282245427
280974678
281022540
281877920
282501958
278894120
279019492
278841117
279928364
278792784
280953011
278964044
280905411
279729677
278956481
278743385
280792229
279697391
279896337
279765807
279069168
280037734
280830600
279818470
279981730
278569722
277900888
277868111
278642171
277784367
277737071
277493057
277145235
278523778
278454272
277687926
278682348
277617673
278494636
277610122
278416872
277818188
277552885
277151943
278370662
275795274
276823406
275853347
266864588
276086979
275799542
276034112
275798011
275870542
275746124
275954419
276190625
275833819
276138605
276780741
276001295
275927779
275763587
268881455
275824731
262579147
263470198
266744516
263615518
257022412
254686153
254633412
257318333
262279207
264360198
263494556
262603145
266726957
264324774
263335409
263298375
262482014
262457078
263633662
262324734
251290344
247174785
252994168
250310224
249403109
247229801
253864965
250285095
247135997
251101519
253037640
249933946
249384834
252961271
244785987
251047817
250683304
245311439
249353597
246110211
242172707
240720294
242845247
240762282
244699399
242997941
244443147
243058170
242875258
244470482
242295893
244477036
242851343
242912809
242207591
242201412
240458905
242340227
244744201
239939218
235590999
239784683
239537688
237556297
239909384
239815845
238960917
238926870
238747556
237811501
238785331
235638465
239581087
237520018
238375743
237827075
239683923
237784641
237493049
236395294
234250858
234435211
234012599
233516314
234197954
235545065
233402396
234305201
234444635
233362746
235113983
233659369
235497996
233553615
233453307
234436049
234384267
234351209
234150247
233480584
233191405
230605594
231113004
229707068
231958360
230966615
231760726
231863134
232380699
233159176
232478039
229685670
231798033
233207937
231261448
232521569
233321693
229533310
231665117
231212904
227036221
229489731
227363428
227988113
228900468
228031199
227016717
226654568
229334763
228179139
229447790
229297710
227326911
227298308
227919465
226668888
225906359
229381103
228160729
226345835
224058228
224202395
225766635
222778115
224891319
225009341
224731943
224640218
222786685
224154640
225803072
224920511
223033717
224680441
225026501
225697157
224193744
224023026
222811766
225795410
217885656
220226714
217805337
217727488
217842431
217250155
220286227
218017974
220249010
217661889
222686832
220195201
222764353
218737724
222653343
217927377
218785254
222728537
217697912
217753379
216355222
213953475
213948252
215721955
216411375
215579181
215463125
214456769
216335715
214656445
214421638
216499176
213910421
217164460
216447654
215753045
215384050
215791112
216290905
214735009
212444600
210103511
210288343
210066609
213696585
212682504
209333627
210271967
212402763
209351396
212663694
212699026
213733697
210265509
210199873
210131479
213799590
210228299
210313346
210219570
207729893
208585479
209249644
208278980
208249085
207712564
209220447
209287214
209000133
208537226
208558106
209200727
208377375
208515231
209321543
208158957
209042718
208401072
208192490
207777126
206638219
207422309
206146900
206571022
206944572
207402705
207677324
207507251
207635749
207416087
207318120
206781319
207347989
206525817
207434476
207513892
207694290
206927683
207624599
207496221
204563808
202775687
202159417
202909657
203433728
202989431
202171678
204567898
202693032
204515479
202897615
203098743
204500768
204552077
204599082
203067515
202636980
200722369
206133826
204529369
200694418
199299246
195678030
200703046
198872177
196934889
198904681
196916462
196272526
196966052
199741290
199821639
200711685
199694107
196312665
196893185
199871949
200679999
196954636
196871986
194335353
195658975
194361376
195615791
194383447
195636662
195086991
195008207
194338579
194314176
194324679
195061006
195032363
195544928
195073160
194346756
195579746
194371271
195650146
195603182
193552463
193654750
192789790
193707805
193684705
192732908
193615190
192719187
193526501
193563206
193538000
193622897
192774677
193584303
192761708
193596191
192905426
192747115
192709533
193637490
191812004
191272955
192679394
192646130
192020949
191257123
191242006
192010711
191197530
192000163
191953359
192693357
191835851
191281837
192062217
192037503
192080384
191294382
192033991
191967798
190536814
191176133
190491774
190415649
189987163
190547905
190515037
191044162
189980151
189955381
191021515
190972668
189954065
189943946
190567457
190550250
190454527
189944793
189966745
191110988
189224010
189931582
189362788
189277698
188442803
186916290
186857335
189813427
186820351
186753633
188475902
186731291
189240169
189788093
189349550
186895927
188493652
188481131
186876837
189833915
185262422
185240788
185725211
185022796
184449573
184436479
186636829
185308401
185164407
184913854
186560260
185274733
184375060
184983356
185325817
186584142
185257220
184875161
184422994
186711990
184279709
184351135
183866859
184009699
183320046
181781329
183459848
184319239
183190933
183453222
183882186
181815730
183902365
181611808
181517040
183930651
184041867
183229876
183279287
183908739
181486355
181068798
180697432
180176120
181000641
180278278
179981069
179915484
180658789
181455308
180326698
180366740
181468512
180157705
181028545
180684795
180671611
179967625
181442790
179908526
179338731
174835326
179888659
177624894
176403449
176380072
175118973
179590384
179803447
179852570
179621694
179367486
179354891
177756512
179754992
179679597
177717444
179391548
179857287
179651292
174809562
174783583
174580638
173670677
173400751
174104213
173954782
174758228
174144495
174064155
173742322
174132323
174773164
174122230
174722475
174784311
174082626
174823138
173785253
173777470
172090962
173037849
170730920
172240793
172318202
170967540
170941762
170758610
170940264
170670101
173097513
170505017
172128018
173144817
172219330
170528132
170943330
173352720
172975409
170488471
169952762
168113187
170179800
168070176
169988185
169563321
169920019
169581392
170196569
169591304
169471230
169508317
169297888
169254827
168150841
169217368
169527215
168007526
169364423
170008022
164126025
165984334
165337611
164526147
164535019
165287190
163990312
166189671
166104291
166094160
164102423
167071374
167164951
165301129
164018855
167113786
166058408
166030389
166138758
163961262
163394271
163653497
162918706
162697300
163889282
162141342
163599237
162844581
162757035
163000007
163906035
163739057
162677046
162791743
163348408
162896143
162870184
162815743
163318291
163444868
160823395
162034740
161986566
161178425
162083844
160907625
160780473
160746948
161686929
161156044
161580431
161895146
160709065
161633302
160865643
161228576
161565273
162113888
161654125
161212329
158147934
157758127
158624551
158937873
158957153
160123611
158553162
158176841
160058404
158213310
158340162
158914967
158592975
158390839
159858008
160683234
158539548
158353033
158278361
158244838
155589404
155868927
156772513
156888770
156521583
157538978
157726776
157498024
156595651
155781041
157676859
157446135
156817415
156436990
155949466
156482442
155883720
156560021
155690467
156402139
154568510
153972305
154540970
155509163
155011638
153935334
154899737
154119697
153895370
154958230
154070291
154089694
154028058
154697214
154595352
153863638
155556608
154657924
154630981
154149575
152923280
152882725
153575956
152900995
152645503
153294640
153418680
152531878
152710681
152602876
153541960
152675096
152493678
153534182
152568254
153157874
152912669
153453443
153330132
153390518
151465084
150361004
151179267
150421309
152060505
151896357
151431832
152118451
152459682
151951524
151143931
150262911
151383196
152468557
150218786
151033704
150323054
152159362
151172863
151073423
147966333
148720462
148226383
150186372
148197756
146962284
146935641
147311816
146745014
148023884
147989499
146850428
146622697
148090832
149243607
147491521
146893755
148884523
149265994
148058975
146579355
145835156
145874832
145930267
145264234
145171929
144315902
144253063
144227994
144193538
145427338
145400155
145369763
145339710
146184268
145164174
146549351
146221953
145954602
145300423
142756987
143304189
143659424
143356852
144162649
143341592
142121444
142400782
143377505
142833230
142375612
143274517
142388634
143253119
143414889
142366496
142154334
142353433
143712623
143442155
141460011
141087483
141684930
141077667
141054048
140873157
141072265
141727045
138961864
142061457
141667384
141695643
141091392
141062950
141704966
141739668
141407346
141037215
142100099
141715152
133103034
133051620
135896575
137422696
136564232
135777582
134795267
136739816
134746945
136606675
138278890
138452607
137411217
133951763
138410688
138189738
136676229
138224637
135944221
131941088
130837712
129962628
131556441
129436461
130915536
130099986
131092116
131643584
131732656
131124785
131913767
130925672
130132490
130003764
131026185
130890107
131899941
131679266
131594148
130951487
127446899
128753265
128220409
129153286
128839064
128181460
127335245
128820809
128274194
129398438
129349890
128768270
128317103
127380209
128805627
128350765
128780096
129190142
127224646
128859379
127058164
125525847
125324902
122647001
122597755
122708929
122677090
123110890
121125532
125292837
125548077
125486981
124689233
124721332
127214947
123084665
121755513
122255127
124660256
123057108
118441859
116104158
116713485
119726352
119787318
116119654
116691611
116047652
116044976
119228604
119815642
119173128
119698477
117387826
118552273
117435257
116042336
119757561
118526935
121096970
112525086
115959020
111620356
111584381
116027244
112489308
108910487
108836696
113628873
111939104
111891260
111406686
112445325
111429588
109929264
111534552
111495782
108873436
111961652
111460247
106846823
108807236
107781966
108242043
108301252
107011685
106864548
108764924
108319522
108274239
108222993
107815364
107251305
106931677
107723439
107042469
106962528
106891634
107213706
106905652
105487821
105333634
105778045
106232225
106141178
106173066
106790152
106285368
106110212
106075230
106812907
106311000
106199449
106116796
106048853
105386731
105413989
105365312
105450348
106255393
103987541
104033500
103955528
103205994
104742437
105312246
104778294
103161890
103124967
103059737
103002574
102963114
104873815
104903328
105303354
103094826
104847324
103909285
105288128
104804365
102138120
102110536
101715631
101647756
101614183
101177549
102179725
101810027
101741548
101508217
101472499
101682850
102204513
101204872
102089059
102066714
101497423
101536738
101108347
101575039
100311486
99992478
100599913
99939979
100341626
100384054
100215153
99962464
100257784
99821963
99980976
99695758
101043078
100620302
100597380
100287226
101018924
99886531
99863039
101071690
98903133
99634737
99278446
99534377
99558707
99664150
98875092
99022588
98941220
99312214
99581685
99052125
99299306
99607659
98988067
99329712
98847948
98424019
98812669
98781818
97606356
97991154
98093993
97960342
98331898
97937457
97669476
98041847
97316511
97274056
97176594
98121280
97628620
97700496
97687853
97650043
97338443
97240321
97208858
98380647
97093659
95928249
95895604
95956666
96529396
96590878
96168591
97122479
96508253
96614782
96549295
96490868
96130661
97150868
96581157
95862310
95830550
95808469
96774302
96638265
95069129
95120183
94632305
94591856
94275569
94248330
95305711
94261984
94225689
95760452
95182750
95269291
95246348
95165018
94313182
95212095
94287847
95139995
95094698
95788151
93458697
92819570
93994371
92809374
93433783
94026353
92792715
93498515
93523050
92849428
93547761
93071830
92837847
93968625
93575904
94202570
94186744
94156259
93939802
93475345
92228263
90783372
92201712
91574438
92080243
91995634
92214373
92771980
90728816
92172873
91062972
91966088
92670479
92621776
90769964
90716161
90806144
92188075
91043949
92745585
88878346
88917552
88567711
88601844
88907304
89408111
89269345
89992867
89191714
89253986
89287947
89215026
89878360
89221914
88922947
89856130
89455282
89938696
90018946
89433125
86820400
86810788
86879981
86847442
87526729
86719770
86176839
86158122
86739572
86835154
86109607
87509629
87270094
87229691
87538436
86120851
87533071
87501074
87445572
87272434
83738106
84012830
85973180
86054011
86067409
86081857
83963276
85950052
83729940
83026375
83700434
85926967
83883929
85916623
83783247
82991981
82946965
84038966
86092680
83845205
82114090
79545002
82835186
79555186
82058766
80418781
82801442
80396644
80368483
82873464
80945438
81162066
82784337
82920795
80897263
80830092
80975844
80313624
82848198
82195712
76433387
79518799
75451790
75427160
79448800
76450385
75475217
78323018
78081592
78787095
76729265
79467026
76742650
76467185
75331487
79415615
76758163
76661464
77537956
77355063
74245964
72871599
74010745
73509682
73477665
73453135
72716337
74054827
73792619
74225424
73835207
73779626
72936385
72889095
73989224
74235959
73534078
73812674
74875681
72958969
71043824
70451995
71772358
71465736
72371049
71765591
72346694
72431207
71800371
72170214
70730577
70627740
72707276
70500617
72697181
72607665
72434682
71860639
71825293
70522919
70232887
68835568
68519915
68865251
68861496
68652084
68965087
69937198
69882297
69050434
67522486
68624953
67488430
68846844
68945627
69428434
69916142
70204205
69324383
68648282
67395355
67014133
66546356
66531570
65780978
66539582
66562084
66027399
66961330
66854876
66840710
66827157
67055846
66080053
65799744
66923737
66883973
66820414
66008831
67380708
63557917
63590900
65713309
64210644
64428339
64711928
63294116
63082066
63064695
63049350
64830665
64162130
62881699
64129947
65755852
63800983
63618382
63061411
64691500
63085050
62356725
62427039
62193547
62127171
62875894
62139745
62152596
62868889
62639598
62166053
62600161
62848959
62851116
62870481
62857593
62863347
62614927
62418460
62410077
62215760
60751013
60735524
60417008
61581523
61586358
61595202
60427385
60997155
60994671
61005465
60872582
60400761
60392564
60435468
61585494
60443599
60451329
61353732
61578948
60409408
59720239
59700365
60382878
60362541
60345214
60279707
60264868
60014624
60223219
59985413
60005401
60319153
59362231
59999022
59671719
60331359
59338314
59295516
60301969
59082525
58631473
59006964
58995046
58840363
58401150
58645191
58100013
59072542
58985157
58414811
58066570
58044686
59063375
58430158
58448663
58851250
58639506
58608469
58217955
58212113
56550081
56875046
57673279
56681777
57424045
56688746
56625151
58034563
56607665
56697173
57093565
57678274
57661818
56589704
56859837
56643929
57650243
56707269
56573946
57077798
56507938
55980122
55944411
56491996
56178338
55997842
56170776
55961450
56123378
56528276
55817637
56454333
56136747
56472390
55840109
56017329
56162309
55857908
55829043
56186792
54815312
54845562
54379268
54123064
54652305
54630112
54061391
55126061
55639453
54492955
54513479
55656001
54481654
54105845
54084205
53888317
54466459
55110197
54551251
54366425
52815925
52864475
52783613
53642576
52810536
53191684
52852961
52462501
52159953
52477882
53386092
52877571
52798640
53868668
52493404
53178050
53370793
52826283
53592414
53620562
51812896
51800499
51734281
51716007
51524484
52143102
52117580
50913733
51782887
51763253
51684473
51700945
51822164
50932526
51394557
51370692
51389564
51353336
51339028
50900890
50246387
50116814
49353861
50786481
50491297
50650909
49203492
50503364
49318665
49549698
50130204
49534707
49328934
50260027
50702677
49522105
50798044
49304552
49338993
49816867
48218483
49135531
48519818
48306418
48336417
48531833
48242218
48775463
48546499
48805135
48557085
49153335
48229041
48873414
49168962
48789480
48506943
49185605
48318396
48253946
47699551
47714703
47472428
47940357
48201017
48191146
48209160
47958191
47673449
47490409
48080398
47685808
47644096
47963195
48090662
48069601
47948233
47661515
48011148
47928126
47069660
47426778
47204390
47275302
46920871
47294949
46952542
47266819
47258905
47235568
46941327
47439788
47246706
47189832
46897598
47184477
47393364
47216913
47176361
46575706
46511983
46014712
45559631
45822895
45640370
46483714
45772233
45560502
45663855
45849574
46505433
45631380
45481297
45552988
46010148
45546288
45615677
45682755
46557518
45487552
44312976
44590202
45252715
45247273
44077318
44057441
44228472
44647161
44342947
45051514
44306265
45282722
44090678
44659307
44320342
44579571
44637655
44311851
44082073
45070198
43551925
43352153
43538411
43663764
43334183
43819770
43834128
43998488
43677800
44005650
43828857
43977506
43824498
43597774
43531698
43690498
43367562
43544628
43854894
43358868
42706895
43002238
43292272
42606885
43005751
43325558
42696529
42627640
42936823
42961211
42679363
42688018
42617351
42611097
42951295
43014397
42947839
42669580
42633914
43328499
42352772
42293541
42304275
42316195
42594829
42124390
42070100
42065647
42323903
42060224
42569733
42356060
42055556
42113198
42585513
42299475
42051285
42045110
42076280
42107893
41579068
41827028
41738722
41572933
41592082
42039294
41583067
41819559
41416805
41830261
41807956
41509457
41388794
41814409
41586408
41752400
41577501
41824436
41524066
41406251
41353777
40738133
40519751
41148060
41359300
40525169
41350121
41121124
41112544
41139587
41098048
40775175
40770595
41384072
41127858
41333110
41339778
40776370
41345903
40532144
40494185
40238311
40044592
40049491
40459235
40477519
40500225
40242556
40248358
40227732
40054963
40294174
40218047
40469646
40285648
40488321
40061015
40505802
40050340
40510947
37642450
39784028
38938980
37793204
38685409
39790923
39760310
38869489
38859216
37782788
37861349
40036796
38670915
37652709
38693074
38610058
38945187
38615020
37868180
37854157
36973895
36865133
36799308
36976946
36992209
36987535
36740481
37544025
37612901
36855122
36841493
36756065
37019067
36871913
37009013
37319755
36838042
37004491
36870615
36785581
36555244
36316437
36509674
36322635
36599210
36277015
36197727
36582397
36307686
36217599
36564446
36206217
36239812
36575563
36330789
36041175
35984206
36054381
36501715
36227001
35611994
35250194
35017871
35547059
35975892
35229801
35221478
35219019
35368973
35745188
35967649
35958061
35504467
35603263
35513609
35754843
35528885
35242693
35769710
35951568
34863688
33347723
34870512
33499349
33486085
34533373
33370689
34995521
34841261
34566048
34748422
34855179
35010031
34556145
34544642
34792549
34762605
33364467
33336648
34832028
32581769
33268669
32493431
32810631
32574758
32456261
32721893
32625531
33290190
32632689
32712014
32690106
32591299
32482746
32617514
32489232
33281914
33277830
32671850
32419526
32114692
31994080
32391487
32383845
32153989
32142738
32237816
32103782
32245937
32081976
31880375
31868949
32191349
32089578
32073457
32356389
32364210
32130403
32205304
31988531
31831447
31714842
31640649
31620365
31849209
31857333
31683839
31680510
31420181
31650411
31428561
31578988
31672829
31610374
31628663
31705008
31660671
31484310
31839590
31490917
31168740
31223837
31159418
31201087
31338739
31401529
31355315
31246190
31192542
31147054
31332258
31350076
31231468
31407009
31326451
31366875
31344492
31182180
31320403
31217974
30524083
31062075
30485131
30744526
30703438
31138434
30916440
30745828
30658228
30447331
30934588
30798724
31033354
30514026
30927259
30944881
30912018
30821256
31125282
30647601
29894147
30414133
29879958
29827840
29918108
29889087
29910348
29853872
29871011
30139696
30424186
29838518
30406022
29884905
29865332
30431337
30150609
29905847
30145511
29872454
29626246
29426475
29608363
29711491
29465671
29674788
29474776
29698728
29486212
29718202
29659425
29645311
29449903
29670461
29665244
29618769
29434572
29397921
29389998
29682051
28784371
28990930
29252549
29194023
29178721
29039984
28980874
29380138
29259846
29031721
29006860
29001449
29186405
29355557
29017658
29046184
29265196
28923075
29035883
29274153
28007242
27711846
27540864
28001824
28455396
28330596
28674973
28324388
28032007
28632765
28021559
28014941
28043916
28556972
28256699
27537382
28500226
28508404
27717059
27532034
26812900
26910038
26862976
27219237
27210662
27004789
26852397
26713130
26914247
26720002
27290358
27013525
26706666
27316369
26698125
27300033
26803616
27087664
26921290
27043468
26429533
26181116
26642745
26005169
26047070
26175637
26422295
26229625
26631165
26215334
26208104
26191449
26384045
25866845
25841330
26389993
26025986
26415987
26689175
26622812
25622159
25381076
25656126
25210650
25368197
25414850
25373134
25425462
25403476
25583554
25393178
25813049
25565312
25556649
25549069
25408579
25398054
25829704
25596341
25603508
24840866
24937006
24847337
24815962
25016330
25203045
24827564
24632393
25182432
25011173
24638397
25059315
24475784
24482962
24600512
24708479
25186877
25006335
24643763
25001558
24198883
24424416
24231762
24203438
24217017
24441245
24301411
24210074
24087123
24468231
24456314
24095862
24408356
24416361
24277769
24432006
24245412
24239930
24223658
24253070
24018489
23693751
23687202
24030380
23669213
23936666
24013139
24023901
23662320
23712350
23833531
23828362
23844470
23823677
23797303
24080869
23674511
23838780
23804461
23703821
23259255
23601184
23244783
23585830
23627606
23255745
23178677
23151217
23428741
23241639
23382424
23136311
23363769
23545109
23434209
23208312
23646730
23218400
22986672
23250561
22982599
22923584
22915076
22570362
22940206
22812756
22937757
22563206
22970729
22977754
22801131
22805668
22577869
22554132
22795255
22931624
22732070
22560169
22946063
22964540
22456280
22384682
22287194
22304235
22109329
22414154
22460936
22407895
22463542
22444193
22373178
22282722
22243398
22216745
22100098
22114700
22392835
22201554
22226270
22090229
21859658
21660259
21533392
22072076
21867300
21519837
22030217
21931334
22048566
22022902
22016360
21672841
22086670
22080755
22055470
21745798
21711846
21665871
21733025
21877212
19473266
20534312
20017306
19485116
20403535
19412030
19467367
20213291
20225308
19941275
19866255
19419270
19403660
19282702
19561692
20235731
19904154
19276597
21512530
19425386
19163835
19011805
19119260
19006640
18968784
18834672
19145516
19151829
19140569
19123621
18994966
19261150
19136153
19130327
18982352
18825214
19051601
18977640
19155230
19022005
18388069
18348112
18789132
18445074
18464754
18624771
18652482
18376063
18484679
18383647
18449041
18616241
18491090
18460424
18452944
18646289
18629173
18393184
18660426
18638103
17938847
18338354
18327754
17953130
18106641
18313326
18180045
18324544
18199313
18075799
18221628
18210982
18205885
18196170
18342073
18184657
18332204
18190059
18318283
18069162
17850517
17493926
17499749
17506650
17760164
17855704
17764166
17512706
17915708
17853107
17830131
17774811
17663616
17783051
17922974
17631994
17638657
17769911
17622918
17656253
17100276
17262401
17318719
17271384
17323175
17387241
17266652
17088751
17083109
17315777
17229358
17336435
17231509
17312457
16984958
17394248
17327296
17268925
16990570
17092553
16482911
16642680
16322044
16649100
16975830
16344495
16328347
16968667
16865217
16962344
16980068
16486058
16339016
16334021
16635758
16645897
16606408
16628898
16610566
16631556
16003513
15970344
16066004
15983551
16233998
16087881
16114524
16061067
16229624
16007370
16244229
16052065
16249322
16315182
15976081
16074282
16107643
15992440
16096200
16056026
15936343
15928606
15797874
15637004
15961700
15653482
15621040
15805633
15657574
15738880
15831394
15649018
15951276
15628417
15827244
15759549
15641380
15631472
15749324
15922491
15188662
15222574
15347918
15609726
15179911
15370691
15343403
15169312
15450937
15458499
15362233
15378272
15201814
15196002
15466783
15444267
15214230
15509678
15424591
15207707
15067880
14904077
15055136
14855363
14848980
14894551
14725369
15046051
15024938
14881090
14740391
15021124
14748037
15015884
14719611
14698556
14861878
14842477
15162475
14711621
14565233
14666845
14534721
14350845
14394437
14491418
14482138
14358057
14685459
14521374
14671850
14471481
14363224
14571336
14547849
14451430
14660507
14460856
14677536
14397178
13887427
13891758
13897987
14213491
14205708
14235918
14069857
14061663
14040335
14028837
14193058
14055233
14021697
14076867
14343341
13936355
13931761
13906031
14015058
14229824
13355820
13201360
13485433
13494858
13293224
13304127
13311420
13192210
13872043
13180970
13326176
13520159
13506676
13331805
13318830
13878691
13545781
13514398
13477752
13340556
12721454
12714788
12850669
12845357
13131572
12839970
12909892
12834269
13127398
12898778
12876340
13003821
12998751
12709597
12887327
13009909
13169437
12706808
12700363
12856137
12514329
12503390
12500312
12508645
12141000
12539873
12693000
12124878
12687120
12159738
12151209
12683525
12176112
12522539
12529172
12547975
12698013
12495545
12485513
12135469
11828763
11837725
11598154
11588792
12016351
11593624
11573365
12104318
11712579
12116506
11585123
11824657
11719367
11710303
11567198
11580892
11722269
12094302
11832304
12110973
11321830
11334065
11561303
11191227
11151410
11331195
11187228
11346713
11387691
11144826
11200523
11379940
11405283
11339340
11211191
11205932
11195518
11215348
11179961
11315826
11116236
10941304
10809985
10819466
10984550
11121839
11137954
11086634
10980193
10989881
10840378
10837764
10821793
10815749
10931756
10799910
10965906
11134881
11126826
10826619
10702162
10672287
10609036
10570119
10604751
10613563
10600987
10677238
10795315
10791172
10574613
10670014
10594827
10715118
10587006
10710200
10680590
10705485
10597289
10712631
10565964
10461897
10452082
10340580
10324112
10548254
10560439
10455845
10316423
10465588
10330710
10554328
10431030
10419720
10423677
10311808
10442449
10307370
10448082
10438807
10216244
10210087
10098887
10089884
10225620
10156179
10077841
10291780
10220748
10094735
10085383
10066919
10296605
10202767
10301256
10073261
8648540
10198057
10081961
10286230
7665910
8509908
4430698
4422019
134762
7617312
4442278
51382
4446946
4427740
8520014
7327609
7999683
4248928
8514673
4444719
4531585
8003092
51662
134584
27344
25579
33857
28716
27352
27424
22455
23233
27297
23241
28746
27375
28675
23313
22406
51300
26352
25527
35740
33776
