1159769501
1159975332
1197071777
1162238134
1162149051
1198123073
1160646345
1159886762
1159722489
1164285711
1164734196
1164056772
1199165310
1164173977
1160750576
1198512202
1164911275
1196136700
1163980304
1196646719
1156294831
1153137218
1156484074
1155451606
1155373224
1158244095
1132337552
1115144354
1155880235
1153835011
1152942411
1157670106
1157749351
1153638685
1132639630
1158352274
1132502452
1156016228
1153045682
1152846208
1115009682
774695687
1114907988
787554090
1108408212
787737213
787639738
785842796
783676866
771004390
770750462
1110579923
1101206752
783571610
770923178
1112764497
1106485280
787804519
774622831
772457564
735119349
737294643
737500023
737195653
768917747
767199850
735558675
767413598
735654351
767639734
770569057
767570030
769123500
769287352
767689193
737378792
769210921
770632334
735226069
735412640
728474672
725189004
730909816
731081872
730339087
728117611
724471520
732939971
731249232
728651655
730751636
724409279
731329535
730263082
733002529
728019224
730212705
725087231
724732227
724619889
708733121
704224839
706633251
702664337
708550773
721314371
702624138
721475487
708689206
704496555
708636368
702013318
720946633
715460579
706572571
718739350
704429345
708597384
702325332
720535694
686575409
677506209
679048040
695399948
683195737
678968541
683298089
678511450
695267812
690961802
678390922
677245237
677976043
695967799
695641990
691099481
686488803
682883716
677647783
695833255
640682162
639094287
625249669
642339974
630499656
642591966
644043599
652211222
652130526
648808053
642446403
655997584
640826313
644101349
638578634
638461514
625119266
677108184
642749024
638973434
613927995
619728252
617956329
619824732
607892992
569053217
567752531
561511321
615383393
557866786
616186002
614301494
608013105
567631004
617860584
616302670
563172205
560238820
568976222
559213146
553755499
545378777
553456710
550412426
550374354
553527313
550498679
547797705
547954789
475044780
547930255
553707711
545469903
545448973
545314781
547852895
556456983
556684397
474948455
553875050
462718596
462828069
464125663
458802066
462589637
462031721
463131457
461742216
458900527
462086859
461665467
474881551
461567984
463052752
461906498
461413025
461458212
461801937
462849194
461495040
452366016
449686771
452690270
449409135
449524889
446912481
446613374
449474436
452373959
449186761
452608254
446861570
449226307
452440086
453913976
446529345
453995551
449144216
446462488
453866198
441987817
442605166
441167623
442514598
444166123
443549956
442508728
445607317
443657489
441910057
446379888
444050107
442558579
446370920
442663214
444114497
441855824
444205807
441960916
443490230
439607138
441133251
439537745
439974992
437610923
440942845
441079011
440043382
441015192
439009272
438965569
438901310
439045111
438861098
440098787
438787794
438731685
437560640
440869168
438798031
432681215
436189622
434459459
437497179
432569870
435996691
436147531
435866629
435916136
435670915
432634641
435794279
435732798
432492938
434315371
436590063
434162402
436552776
434412970
434250470
432298968
430608774
431985228
428540292
429777931
429823899
429142531
432153442
431266209
428533630
431291274
431208039
430495991
429743348
430491759
430606024
429703613
430667161
432234507
430314049
427638463
426848102
425316628
426802307
428134580
426911694
425179943
428480318
428434460
425256453
426123932
425861545
425107579
424162121
423336948
423271262
428374180
426706628
428528622
428293035
418051050
422525695
420471156
420035692
420029826
420358582
422691468
420614260
422038629
419329753
422724460
420043692
420954535
418113654
420624373
417614136
422437079
419946998
419283715
420856404
417367887
416612624
415879384
417530160
415320255
414824583
414790286
416682550
417564999
417343429
416542890
415942636
414561783
415399151
416915745
414518564
416943581
417400092
416766451
414612248
411256378
413006873
412650130
413408083
413158467
414406670
413237973
413344116
414011818
413285289
414448314
412931055
411867513
411798708
414352005
412888422
414287416
411929826
412841028
414070753
410113092
408985661
410307352
410874547
408980277
409415777
410912954
410725736
410761649
409420946
410173401
410272237
410675870
409338998
409080008
410816808
409389226
409007470
408957315
409039464
406206139
407018487
408566642
408524099
407063748
406527191
406377848
406147071
408639715
407490038
405941493
406039707
406369826
407431606
406471832
407346846
408935135
407529064
406307170
407276329
405889048
403364409
405720042
400419172
400504849
398697872
400071659
403484835
398625409
400349697
403599753
400700424
400656447
403329846
400600968
400545998
398671393
403530440
398586072
405767230
398317418
397127266
393058709
393021277
398529596
398463920
396944953
395672313
395728477
392975711
396767121
397307130
395292362
395763307
398243239
397271116
397041739
396737664
395445882
395246128
391653798
392322310
392714912
390922430
391343971
390915316
392656747
392433018
391130173
391258935
392274127
392916122
392509634
392213077
391190699
391749073
391736027
392872245
392815032
391093767
383493964
383107958
382994536
382038575
385745091
385001775
382771427
384868698
382895549
382923933
381958289
384221111
390372451
387947593
387869248
383193869
385801048
384142020
383539853
383388067
381191448
381762698
379343270
377427942
380720457
380676696
376704129
376917126
377655751
381024011
380053350
379644973
380642569
377517293
379318967
376761102
376176609
381793754
380717516
377595295
374773538
374098800
374310229
374359041
373276631
375626170
374429468
374072143
373617996
375304585
374116646
375716624
373682996
373738378
374142179
374515036
373334200
375361824
376103639
375829440
371455220
370133561
370230347
372472959
372425671
370912230
372583045
371150989
371305288
371091690
370966188
370558505
370791786
370748318
372531006
371025519
370531743
370068145
371258213
370176081
363877089
366208230
365401034
363774208
370010160
368687824
368638463
368528089
366978333
364571518
364488128
366169021
363933849
363715749
363659339
364943651
363650389
366875797
368586342
363823396
361502536
362630511
362449086
361595684
361556071
362388621
361994269
363234778
363185394
363293948
363370492
363149383
362504563
361981157
361936142
363460720
362674449
361896889
362562500
363571201
361312349
361318931
360478454
361188255
359740953
361239743
359271735
359164328
361076279
360442136
359136894
359675025
361382427
361125334
360759170
361445971
360752936
360814374
359819463
359613616
357799541
357170014
359083887
357256389
358658343
358719720
357816249
358166870
358091459
357193408
357746941
358577239
357351363
358458694
357482538
357774456
357443602
358525507
357398206
357295981
356396196
356876118
355704331
356305534
355656498
355180660
355531978
356157514
356702303
356204638
354834607
356348356
356259893
354984296
356929574
355094736
356661891
354490575
354918624
356833895
351217242
350506729
352228300
353245847
352700432
352641283
352797677
354436244
353718823
354405766
352836328
352022206
352040852
351070811
354209916
352176702
350638009
352757149
351159685
354240105
348377993
347869809
345638646
347047530
348005683
350401898
346896011
350285759
349001830
345610432
350257623
346863006
348452153
349093404
349067876
349050752
349024990
349373435
349299444
348973580
339527482
339010905
341918315
339500794
341300793
339102384
342251241
338635147
337954453
339555552
338943436
340128178
337874360
339063860
345131664
338694604
343431527
339109246
341973158
339588100
326529322
332687592
334246287
334298696
337821469
330165064
332595216
329419735
326567341
324002621
330208592
324031690
334194898
336707618
334117350
334364503
329567691
319122525
332300249
328054967
305035614
306964481
306543815
306017444
316038135
319035399
305671858
308667187
306034109
306336400
312967056
307174147
305059344
305166222
307215136
319012608
313853668
319032412
305096829
308740701
304691759
303622123
303600096
301776464
302638732
303198696
303939783
301718355
303679576
301857588
302926978
304075723
304442449
303156036
304330350
304575289
301910900
304511423
304007114
303723354
300200782
300231216
300320026
301637130
301107305
300566175
300276151
300366203
300973785
301485342
300430474
300940399
301348350
301410156
301274391
301042792
301179226
301203548
300998015
299626661
299523576
297314692
299472866
298340725
297860907
298005765
299597033
298051421
297016647
299561938
299045113
297153476
298843238
296822619
297059100
298111359
299147301
299107041
297113099
297251169
295832890
296483908
296018474
296796430
296491585
296375789
296203862
296105278
295180317
295766347
296060194
296514993
296557652
296420890
296324000
295701326
295793457
296253827
295731725
295252553
293633600
294554274
295116291
292702797
294971321
294630238
295044910
293554211
294580576
293688999
293625880
292562018
292504886
294931902
292421417
290829059
294509587
292630401
294565063
291058576
289717195
288812288
289148187
290163549
290227480
289824401
289621483
289075762
290108738
283474734
289802443
290282297
289942242
289681242
290011829
283423878
290780438
289212397
290100016
289759368
282511561
283262491
281951812
283377682
283053770
282470788
282222850
282088186
282387405
283332170
282435111
283045348
282325334
282144564
282274279
283203037
282016444
281880233
282551939
283116094
279860787
281104440
280065527
281783630
280982053
279761716
281057827
280615408
281742140
280019985
281152744
280905126
280753457
279907746
280663807
281836176
279963293
280700748
280862557
279816593
278331566
278511359
279727828
279517947
279446822
278470852
279696102
278397434
279576622
278369663
278431543
277574552
279469612
279639641
277503448
279442271
279486432
279607616
277495546
279547200
277349528
264406768
275797096
275328941
277234312
277435037
266777348
277142598
277194417
277284300
277383080
275846913
275804880
277074391
277045498
277486992
277101065
275826783
275272761
264453915
257281328
263557879
262511470
262650433
261498337
262374910
261406872
262629776
261471219
257195344
263677108
263659844
263451354
262427613
261440616
257249129
263525880
263406210
262531941
257219123
254479826
251048037
250114916
248976942
250633916
253816307
251002765
249207565
249813799
253736230
248908203
250696832
249761996
250172243
250659118
253784389
257174038
249973996
249174556
257155366
246242299
248185018
248141036
248099219
247917533
247162055
247658749
245333022
245479170
247715094
248802111
246287401
248747878
244752562
247123458
247625632
248052813
247841792
245517628
247089146
241750983
240871502
239518365
241127290
241072782
238639549
235716589
244561891
238614316
235756022
241697879
244508558
238575414
244480500
244637059
244664928
241183486
240837014
244605135
240002305
233217268
235290889
235685821
233757518
235399502
232375991
234580571
232475682
234624400
232533742
234651279
235318152
233792334
233265474
234811589
235711539
234602144
232347223
233313511
233782679
229520671
228431360
229569007
231706695
231583857
229601341
229385045
229548123
228820453
229350245
231561024
230919224
231743199
230850719
230274704
231713633
230815278
229271150
229245235
228893159
225376971
225440501
227750933
227732231
221558329
226229523
226189773
227136350
224898343
227638590
228385927
222437585
222379073
227090421
225336137
228408273
227796493
226289469
222914223
227892756
218727934
218473923
210329209
210434491
221546505
214498597
214537072
212172571
220820796
215959764
209624258
218523241
219947527
219797161
220869003
220907274
210600660
210395020
220965006
215977230
208050327
207782716
207894584
208026117
207990751
207216454
208940424
208845166
207266351
207115256
206679356
208888480
208080351
207869169
207820674
207803765
207148444
207082987
206510406
207180965
205605257
206349748
205069004
206190110
204685087
204741299
206187311
204699956
204671663
205637545
205026691
205567652
206472314
204778043
206424136
206307500
204761610
204278585
204724634
204243650
204040607
203343503
203443535
202439708
203401632
203175414
203511338
202676048
202595751
202520385
202564176
202379891
204234582
203257161
202637093
203472227
204189875
202525609
202471284
203994689
201735909
201626026
200087367
200279309
200110712
201907904
200325970
201000579
200958185
200231159
201662651
202035134
200096996
201688697
200130864
199742126
201995640
201947166
201052686
200374970
197890866
198785514
199005683
199482783
198676321
197916598
199449542
198704648
197920405
199360882
198217496
199551092
198092132
199392262
199682288
199417353
198169939
198050855
197366454
198658823
196467496
196105980
197249507
197102107
197295944
196759275
196072319
195969737
196685141
196590744
196629882
197317654
197129580
196644743
196566406
196527258
196441852
195966708
196045423
196718585
195863427
195179226
194529108
194459979
194801877
194086889
194506501
194118598
194438650
195547084
193963170
194771849
193925404
193796225
195526553
193816055
195463077
194486798
194805064
195424766
193757593
193369613
192447081
192559656
193738140
193683107
193276342
193118433
193161283
192533235
193232077
192597180
193293168
192483142
193202779
193711454
192591785
192504212
193327864
193075515
191496107
191006211
191677791
192140058
191522154
192166377
192194334
191735664
191059165
192118173
191550796
191624607
192228028
191095211
190801765
191031043
190777475
192342320
192288715
191764064
189685255
190195960
189753151
190750937
188614864
190428946
189588686
188835893
188260755
189456282
189719547
189642445
190357582
188787408
190390173
189477088
189035298
189410526
190115291
190136065
187941077
186213691
187839795
187801807
186480696
187872645
186171296
187197712
186186675
188191019
187819227
187055261
186993682
186421548
188071194
188223940
187395812
187047242
187908228
186259404
184595504
184627563
185520018
184991651
185463537
185635831
185409157
185791311
186167785
185817425
185434091
184845008
184656276
185757755
185718348
185675828
185605340
185337596
184906630
185847429
183482097
183351288
184148554
183947686
183896301
183856452
184210497
184176789
183943504
183878962
183440345
184109671
184140979
184032274
184070542
183925882
184572878
183393616
184066865
183840453
183131823
182362359
182526405
181563454
181207321
183275239
182612546
182297866
183079682
183242831
182406506
181186653
183208756
183103983
182452224
182333647
182561777
182495549
182327190
183318748
180348566
180484548
180443499
179757962
179537100
180844693
181096242
180415585
180312411
180870997
180383567
181149907
179730339
179558234
180836042
180197912
180897827
179509128
181014486
181054444
178271258
178382640
179005566
179039438
178118872
177528363
178857162
178160932
178049940
177586202
178349192
177556791
177476489
178217964
177629559
178980154
178436707
178301169
178839210
179492342
176373758
176278369
175956245
176407927
175988723
176261735
176370043
177201667
176335813
176607403
177356989
177106693
176291805
177291816
176563075
176307756
176314871
177406706
177241347
176652055
174985613
175862629
175055915
174350264
175787675
175665809
175692105
175633002
175619210
175574222
175016542
173964853
175827285
175762246
174993259
174330431
173992916
175738524
175905891
174956033
173214897
173272555
172777336
173245945
173088948
172300819
172268832
173005941
172388709
172344445
173101931
172730507
172885353
173918827
173106263
173132513
172757301
173176281
172964415
172386383
172139263
172048848
172020757
172227056
171989447
171928759
172107484
171904392
171852081
171427104
171866445
171314365
171886818
171123773
171474045
171354898
172085214
171523000
171410828
171165807
169804306
169330757
169275331
171082935
171111397
171067164
169664406
169779074
169755827
169415146
170568061
169680194
171098139
170495369
170073114
170546133
170492438
170462934
170348911
169371401
169078181
169006445
166825260
166696106
167479032
169218355
167492659
169241332
166858111
166773104
169048502
166813763
169179669
168523827
169033142
168417622
167461059
166740534
166358428
169098570
166330891
165460029
165722555
165372378
165326184
165282514
166239684
166245742
166291853
165757583
165674930
165653250
165701123
165628640
165598107
165743574
165913001
166285178
165898426
165303822
163464612
162605871
162561277
163215863
162496033
161356988
163562346
163869491
163193841
163895943
165231412
164503934
163855418
161371991
162539959
163529285
164594316
163493340
165244956
165263437
152331003
155413330
158840422
158906716
155287127
160681720
158963640
154577590
159854378
156275454
156316411
155782188
158862865
158814377
160737476
155385453
153829471
156246157
153192963
153154631
150836184
151636360
150786563
151174009
150057198
150031545
151204936
151136745
150961250
149966951
151621913
151607888
151068966
150867895
150808807
150175802
150131576
149991267
149937048
150216513
149121812
148678861
149231249
148705346
149254943
149539828
149221179
149482818
149931754
149583338
149452934
149133300
149376788
149199815
149935518
148591408
148442482
149517256
149416102
148581041
147071397
148402815
147838012
147878397
147210750
147187883
146364318
145734728
145707398
145972215
147733322
147862604
147744185
148429424
145641951
148415056
147883122
145684416
145655189
147905775
143978963
143491540
143878524
143344362
144759089
144076500
145063670
144120715
144960205
145625693
143925741
143444077
143308195
144166277
143901000
144828771
145005527
143952802
144718957
143397991
142624087
142604682
142566247
143133790
142501287
142476837
142445366
143211418
142766343
142683966
143177654
143156006
142494275
142410723
143258504
142016336
143118080
142523982
142656633
142460256
141841276
141271299
139545054
141914037
141302219
141248110
138795393
141956077
141932344
141185176
141159718
141822187
141395268
141170506
141979112
141333818
139478161
139524771
141861920
106245798
105453181
105353304
105972752
106200517
105517015
105494767
105390546
105564104
105415957
105373056
105300654
106134860
106165105
105930449
105336114
105447767
105959257
106072345
105599741
105318185
104688788
103143869
105212067
104753373
104645812
104616997
104469559
104799562
104574216
105206270
105232836
104486643
103103652
104612075
104876256
103174976
105209410
105249371
104839850
104719585
102838049
102256341
100720122
102113136
101036313
102175886
102722078
102264595
101966826
102741400
102214988
100988408
100823990
102785788
101012527
103038185
103067208
102761716
102144156
102815224
99486679
100174113
100337432
100420861
98163540
99397973
99781817
100450259
98201663
99542112
100334175
99499878
99378333
98141574
100388399
100296049
99430416
99419799
98652729
100364321
97940735
98007299
98117345
97981230
98075574
97977794
97815917
97893966
97806471
97833398
97341734
97311566
97856295
97792832
98043053
97152082
97841309
97877478
97957481
97370354
96346060
96323211
95993674
97008317
96370424
96382966
97049664
97062171
97026664
97090664
96647854
96437916
96404423
95951736
95972265
95909432
95870936
96657969
96334693
96607641
82860241
95146671
45168715
95685013
95160002
95180484
82891143
95229504
95303962
95775599
95134171
95203348
45198230
45184723
95324771
45155454
95699904
95669540
95738259
95718831
37376485
45140825
35871837
36112211
45124096
36094121
45138865
37293226
45107229
37359433
36058739
35900932
37128219
35897071
45136322
36107610
36276759
36287292
36049774
36088386
33400507
33568444
33520962
33559576
33410590
33393547
33382072
33355944
33541072
33531227
34770792
33510344
33596857
35844302
33548583
33372511
33583156
33406475
35834005
33402633
33040674
33032597
33028873
33015278
33021473
32927189
33060848
33162046
33181728
33190807
33153133
32951149
33347335
33174550
33333021
33088690
33076490
33051649
33322089
33196212
32603528
32883220
32727323
32734590
32861088
32617046
32387707
32376372
32834164
32851911
32627141
32406591
32612958
32600504
32592622
32422491
32180009
32379278
32163890
32148419
32051733
31967980
31923415
31948820
31701736
31672639
31975957
31959104
31686003
31661181
31718901
32121538
31871362
32078195
31710757
31851388
31744228
32115290
31739163
31940106
31430595
31467082
31236429
31014310
31265887
31038890
31612977
31490682
31046029
31246244
31274818
31041002
31254961
31285488
31055409
31281374
31499402
31024485
31219630
31501484
30552884
30543397
30675822
30514522
30531616
30773950
30761891
30986444
30739035
30808624
30662672
30559328
30816731
30422836
31001305
30796355
30781465
30796114
30505683
30749155
29474219
29976013
29669209
29466661
29885669
29988975
29866959
29562153
29945706
29684627
29952114
29857292
29961121
29678835
29538943
29478361
29877815
29552867
29546481
29671388
29455962
29447318
29100812
27936426
29322015
29092525
29064893
27942307
27949253
27835770
29071782
29340324
29304958
29331706
29084693
29058722
29053486
29465067
29313734
27879229
27507144
27653445
27217256
27411935
27464495
26863746
27399551
25610653
26850613
27093091
25993026
26878617
27488706
27726585
25622932
27500334
27665394
27454834
26000864
27387801
24297024
24957870
23712850
24285693
23916354
24768157
24561937
23791963
24277190
25055607
25116473
23721789
25051061
23735447
24764583
23993031
23899573
24092545
24945712
24870817
22500364
22699884
22669630
23291991
22719005
23687141
22959391
22678777
22659573
22773914
23679998
22507892
22503935
22692044
22653539
22711922
22967409
22683990
22664933
22511685
22476037
22319414
22315639
22496347
22328679
22304207
22483909
22346150
22300724
22311198
22470974
22341626
22325343
22232856
22336509
22490300
22286575
22242782
22332786
22292235
22124055
22119684
21909116
22129188
21901073
22210670
22192362
22226939
22136021
22109685
21935802
21931929
21893474
22200926
22218295
22187010
21885014
21878127
22113571
21922755
21709714
21722518
21863276
21699992
21745715
21580829
21758275
21755356
21508046
21763440
21584411
21767512
21739797
21733328
21856884
21871272
21772221
21726890
21588454
21751083
21293079
21282653
21033872
21042046
21120539
21502024
21286218
21200468
21126729
21083708
21112952
21098516
21132901
21272005
21136787
21104208
21089224
21049523
21289747
21108453
20856854
20937766
20900216
21022807
21027743
20875425
20956487
20883550
20951095
20862715
20770812
20886299
20943831
20892266
20779659
20918367
20784314
20775094
20930842
20868838
20589732
20736812
20708257
20683558
20527402
20513760
20761618
20698764
20565899
20755748
20744071
20536420
20691250
20609303
20748626
20603401
20575906
20673492
20583340
20596063
20353320
20346071
20443366
20447705
20184607
19972998
20502993
20359109
20177741
20169314
20495923
19969253
20436928
20164439
19965467
20159072
19822968
20507499
20193153
19827689
19668824
19530203
19677418
19512950
19660713
19714241
19524882
19516501
19700083
19544708
19520596
19667158
19819623
19674063
19695424
19689296
19538073
19560069
19818411
19681181
19356725
19343332
19378358
19348005
19329707
19339280
19387143
19375685
19369538
19212766
19335721
19330743
19209406
19382757
19355699
19505868
19203780
19365810
19360915
19512039
18923836
18552915
19130314
18542034
18998371
18269681
19192642
18557869
18985061
18562105
18565744
19162956
18547098
19185738
18917468
19198853
18920528
18929808
18991445
18932329
18242750
18112102
17932110
18116248
17862294
17852159
18265577
18120885
17857127
18004937
17859470
18126578
17940157
18261910
18070184
17964096
17856571
18257020
18129486
17947485
17389225
17084751
17346310
17695438
17558035
17130889
17142946
17078680
17838733
17336656
17562224
17387197
17811797
17124612
17140208
17554241
17783972
17701593
17378407
17212104
16430540
16473304
16887612
16422438
16478204
16481131
16602803
16611066
16439256
16423230
16461714
16892109
16893972
16476666
16851249
16898825
16552635
16904305
16594410
16559285
16352632
16335693
16418709
16350039
16312293
16220832
16199483
16306154
16348087
16208361
16216863
16448575
16459767
16453009
16360959
16361345
16359400
16326811
16468508
16362825
16065382
15986054
15973553
15958005
15965060
16074239
15967764
15990438
15932504
16119927
16094482
16112026
16193661
16071652
15947358
15941671
16085936
16101998
16131710
15981227
15776497
15770484
15649927
15810775
15723576
15717812
15781310
15758982
15750283
15803434
15763343
15726897
15739451
15731522
15782251
15644809
15639619
15817848
15920945
15824585
15621150
15339388
15327568
15242302
15365310
15599133
15358553
15344526
15581741
15588504
15322364
15350300
15233972
15229609
15311956
15318501
15369399
15635757
15332107
15238753
15163897
15158016
15173330
14878591
15003013
15020773
15045529
15030439
15027975
14877119
15212168
15038153
15222251
15014318
14996447
14885591
15208485
15202157
15020380
15007776
14737967
14728460
14359705
14350806
14651509
14698322
14671588
14457925
14683186
14730913
14467318
14343795
14474093
14333794
14668619
14513649
14502619
14719829
14709676
14660531
13312590
13298450
13290091
14187568
14162802
14327001
14298872
14168487
13304638
14287879
14176512
13275875
13268764
14197785
13264067
13280222
13285836
14307020
14317627
14293286
13129591
12980639
12959610
13173229
12964267
13256408
13133428
13114907
13038193
12990928
13180781
13122825
13126263
12816294
13033496
13118539
12995461
12986858
13001528
13028157
12103967
12160215
12239769
12249170
12680370
12194954
12127530
12112487
12530008
12172774
12183399
12503548
12142384
12123297
12655255
12810383
12231718
12255653
12538481
12189572
11864109
12009051
11830068
11983054
11879218
11931558
11848572
11843832
12103214
11989103
12039176
12024584
11942948
11947347
11937184
11951502
11859169
11854780
11839655
11997808
11712368
11782947
11647359
11787536
11727928
11632911
11705821
11735966
11631563
11695780
11731635
11708590
11825022
11636040
11742293
11700790
11660170
11653449
11640903
11720482
11578994
11567295
11563275
11515820
11501773
11496844
11492600
11485755
11422863
11412188
11572179
11401101
11391193
11499386
11550338
11511631
11356750
11583802
11488730
11376076
11194270
11163499
11087361
11351575
11368735
11157839
11061893
11326459
11348696
11092433
11247700
11208157
11202929
11330377
11226153
11151572
11065619
11254762
11235129
11363631
10940484
10896320
11012347
10931501
10911943
10883314
11021375
11018521
11028681
10916276
11048535
10907918
10890574
10926156
10905566
10827306
11007165
11017151
11059115
11053531
10750159
10774561
10742007
10801924
10762929
10747279
10747412
10822532
10755064
10676137
10785268
10823690
10778777
10686501
10805707
10796031
10694486
10811832
10681127
10816885
10658407
10653906
10639758
10589133
10670897
10643940
10662249
10650994
10665262
10582422
10669298
10655952
10646829
10630175
10633587
10638328
10560007
10585408
10569130
10636106
10470571
10446689
10514778
10454855
10555969
10455681
10538952
10548262
10517835
10442410
10543886
10452216
10459741
10432955
10533122
10521975
10438463
10465279
10528758
10526729
10395615
10283302
10403416
10160903
10336877
10425720
10421421
10417446
10329719
10305629
10280055
10408112
10413030
10391623
10320209
10290855
10422592
10299160
10200488
10398988
9694290
9689478
9268592
9258182
9264103
10151987
9784637
9672957
9680494
9815844
9293560
10149512
10141024
9677956
10144688
9792955
9261251
10157172
9686169
9788627
9023833
7429651
199130
185161
183139
147409
146478
195963
9253328
9144517
183485
146730
9249944
144448
147183
200046
196749
9025916
185843
196341
139996
140523
136818
136402
140092
141063
141230
140811
140207
139906
136256
136484
140567
136638
140849
141028
140842
140552
140725
140538
87161
90913
86722
86532
90992
92971
91151
136125
86667
86654
86406
86330
86317
86320
101404
136000
91112
90940
86616
87004
75080
74586
75684
74740
69645
75721
75035
81834
75451
75866
69694
81974
74951
75828
81836
75945
75368
75551
74650
75852
68778
69354
68190
68131
68947
67134
69446
69605
69312
68761
69473
67128
69081
67104
69504
68870
67187
68902
69482
69490
65779
66883
66584
66400
65723
66966
67057
66502
67048
67009
66909
66223
66720
66073
66794
64164
66315
66256
66486
66138
60648
61084
61558
60800
63376
63966
63449
61340
63078
61444
60758
63935
60865
60718
63406
61528
61382
61626
64042
63947
59096
60584
59383
58915
58748
58843
56990
56860
59473
55933
54523
60534
54867
54343
59181
58709
54924
59028
54758
56764
54076
51324
52271
51647
51218
51968
51589
51754
53951
52120
54325
54044
53447
51874
53579
53525
53609
54178
53976
51514
45989
47078
48959
46802
46289
46953
46632
51092
43377
49551
50885
51139
48358
46162
51065
48858
47154
46092
49075
46393
42109
41620
43013
41971
41768
41681
42946
43067
42055
41506
41936
41918
41775
43131
43100
42045
41850
41720
41549
41465
40571
40450
40620
40563
41438
38976
40334
40259
40677
39948
39053
40202
41457
39860
40021
40134
40397
39222
39103
39903
38768
38317
38268
38613
38607
37342
37402
38515
37461
38598
38541
35626
35530
38349
37261
38430
38854
38789
38737
38643
