1189063401
1164417466
1189022630
1187802492
1164176318
1164056772
1186507466
1196319986
1187673110
1196500977
1163980304
1164510542
1196725512
1196397234
1196597938
1164238198
1186459792
1186211288
1163828736
1163911710
1158566369
1163205525
1160143761
1161135442
1161014753
1162346752
1160046928
1158066969
1159851798
1158677171
1160753159
1160624626
1162103725
1162268456
1159910442
1162809139
1160917171
1161932495
1162008327
1162713031
1156220119
1154627014
1154125699
1153135109
1156827171
1155673358
1153050034
1157826018
1154748660
1153950908
1153290212
1157908864
1156324862
1155581374
1152883926
1151700343
1158004662
1156949758
1153397909
1155439181
1144579853
1144450994
1142403914
1144786528
1146973504
1147484243
1147379514
1146153487
1147218035
1146846896
1149398440
1149310813
1146048061
1149216857
1150544161
1149671741
1149567691
1146717509
1149748521
1150914535
1116454970
1114818880
1129117538
1141610009
1140162129
1119892437
1125209121
1120893937
1141835018
1137671306
1121013096
1140244395
1138117736
1127189623
1140447909
1140380239
1126647203
1140576569
1129706994
1118116363
1114161635
1111049735
1108626623
1107480800
1107369674
1107280077
1107199290
1106548971
1103481924
1112839018
1101459365
1105765721
1112685529
1112762528
1110461449
1112607432
1108493808
1105873115
1103005257
1114443222
1083487186
1095810873
1095738948
1085980947
1088958107
1085470676
1093788676
1084206020
1091501758
1085871465
1091853721
1083619244
1101302399
1087461092
1085758679
1093127603
1093718867
1082430738
1085235885
1090293159
1068284084
1080061451
1075475451
1062111044
1057533241
1057327639
1054712249
1055057714
1054792809
1050195279
1081768878
1057788138
1057227384
1053352267
1052838225
1075342757
1062152289
1052906835
1057410678
1057960540
1035995130
1050109945
1035390192
1034086365
1032443251
1033245234
1036069154
1047649979
1039641619
1035258717
1031078175
1045824484
1050164432
1032341255
1036130213
1032395624
1047509171
1049930119
1039197248
1035156409
1030901556
1026567333
1024012455
1029335363
1030770729
1030958415
1025420310
1025109601
1024137809
1022414110
1025463564
1027794656
1024175251
1030838854
1023903036
1027899618
1023826610
1022486075
1029477508
1025515221
1018350120
1018399416
1014480718
1014192835
1013951857
1020401034
1007100692
1022318316
1014629794
1014049559
1022204003
1020470843
1019727559
1018491192
1019747763
1011973856
1020711496
1016456982
1018741218
1020302886
1001189625
1004977135
1003311529
998758450
1005085064
996703555
1003163189
1001949464
1005038978
1001044658
998854364
1001107821
998664362
1001833465
1001651567
996147279
996066746
1003109984
1007038410
1001412337
990006951
994195167
987875627
987822776
994310271
994031855
989832774
994102105
990069881
989921465
986502016
992483636
986369847
992355496
988040609
988006316
986276001
996009747
990123221
987920912
983550229
979239523
986207432
979205172
986054354
986123181
982162903
982087311
979170359
977430309
983486910
979096558
979144862
985997325
983647951
983917988
985951256
985919084
981669147
981781457
977282359
977397579
975343836
975148687
975195296
973447536
973413793
973325763
975435100
973259837
975366732
973186695
977316697
975487784
977357845
973578829
975274046
973634112
977245549
973130786
970836938
971779193
966541130
966632369
973023009
969325165
969042641
971674139
968386990
967632978
971832393
971735800
970991762
969223266
969364446
971456540
967817342
966671968
971633451
967435253
965731552
965508554
962137768
963142649
966415707
965115451
959417002
963186465
964168087
963247579
959358479
959486278
963412304
964345733
960001573
961703022
965366239
961302441
965202394
959318583
955862155
958531303
952864235
956862743
955495708
958446330
955953335
955430226
953371993
951847201
953780018
958304141
956070033
958145518
953900080
954040275
952918731
958652511
958040088
957693314
950879436
945741017
949184050
947777479
945552560
946825395
945454944
946876590
946758010
951693846
951511867
950964713
947951510
947196261
947125504
950799012
947251463
946927012
947318695
949123977
940396383
935764259
937928932
935842908
937468911
945279959
935514736
943680150
945362863
937219620
939221798
943493282
940308795
943421338
940456787
937038507
944374998
943778460
939550652
938009571
917373994
921611587
933560062
929254658
933680930
933156111
919194706
915422517
916040295
913795523
928957127
933301275
919063927
929378432
929545508
935432980
931167524
924832016
932937624
916896197
909556209
911166413
912868159
913686917
909050792
911003144
909954761
906416661
909794046
912811861
911890252
911740037
908474203
910932409
911536706
909660979
907722611
907625340
913557626
911633208
901317552
902849852
905826176
901750953
901234059
904672848
902697872
906201404
905266571
903779013
905783267
905066668
906081800
905224315
904542052
902756528
905926980
902055413
901979185
904742668
896657781
896234851
896895632
899832264
896533607
894861427
899378796
899901907
900817760
897023837
897979515
897363039
897125746
899205415
900081626
899992894
900168439
896336753
897276781
901142834
889253469
893402104
888032570
893163070
891365741
890905833
891495000
894606985
890549101
889125086
894523723
888902221
890626435
890506308
888862104
890791295
891014635
888407280
892820898
888349498
879286183
885603676
884914269
887947066
881293010
879165059
883302472
887631490
885753400
885385995
885104893
881834395
881399146
869036604
883869107
887894036
881095761
885491376
885249486
883941089
863219834
852550569
852310201
850632960
850594541
864277911
862608961
856675105
863325306
852626183
867870081
852651420
852478794
865666832
856769120
854724216
862231045
868985785
865591304
867627743
848705524
840666885
840697474
840483499
845571028
844216216
842474990
847793954
842671537
842576239
840584173
840525280
845645916
844315482
846133010
847667287
850491075
845522883
840420810
850546230
834184888
828811986
830343595
838828597
830466745
838973930
835979479
830392282
828680785
826476310
835854026
836032616
835935011
828882635
828618899
828551314
828639461
838722408
840394059
838887813
815062955
814282106
811071608
814184624
814098882
816789792
809207784
814017961
809140932
815019545
813223498
809364352
814944637
811149490
817817511
814666780
809284890
813281478
809054828
808192091
808079998
797782763
785643441
797843439
800494209
795788283
787554090
787639738
805071201
785712957
800739179
800407603
802164135
785842796
801975696
808136812
804684618
802235590
802204974
804747489
781864512
779834811
782170282
782235251
781365624
777720763
785558384
777805850
776491795
778035367
777420943
774883413
779771061
777518795
776265441
779908518
781960062
781904686
777966137
777899139
770922308
772820666
774318898
771085473
769387354
767748153
772707887
771032063
774553984
774408225
774247535
770751678
768924317
770551674
769166153
767538027
767501696
772349165
774494025
768982951
767413598
760175888
767200720
763885307
758169705
764022918
760288688
758362699
759264998
759351626
760239098
764075878
765927822
758302847
758250967
765413430
762452267
763972310
764122829
759502691
754587188
752612322
755672577
756635734
756574769
756463044
754657374
752687751
756378869
757988350
754916436
754789855
757901248
754255094
754851283
752546832
757349106
756526520
758095113
753861633
750577774
749246298
752079272
752440927
752418085
750903441
751960688
751067364
752471304
750969235
750129333
748888467
751833662
750741783
751031309
749284951
749129153
750647900
750062955
750810557
745976420
745992693
748530375
747114859
748222286
745254595
747070041
748617066
748110822
748796696
746084840
747181997
748713125
745308389
746932545
746021698
745189371
746521179
747828619
746988567
742534071
741397530
740599836
744949008
744043790
744745813
742461157
741600280
741215404
741319910
744410368
743029270
744854946
744278001
744217044
743272646
743191524
742672511
744979072
741505443
731308275
730262621
733813754
729892823
730663772
734016499
734064252
740566597
733912291
732892362
739567722
740280290
733888397
732974692
732717684
731119230
739153406
731758542
729929822
732564888
729841523
726908978
729531699
729597494
729698155
729653998
726585153
726391109
725400619
726284896
725232824
729760443
729727858
726237475
725529318
729476692
726192573
726799867
726676490
726158103
725047610
723080009
720733022
718578246
717007074
724320350
716611292
724294028
723466875
720616958
722756206
722527119
720535246
718974462
716776077
723357879
716550163
723013497
721655370
724386340
708593455
713175647
715018110
716443426
714590798
711321794
708625623
708738350
706744124
710651827
706684789
714546056
711444886
708778800
708663888
708814071
708554955
705166116
712730419
709122752
703679829
701844832
704637530
703764892
704668757
701723658
703159257
702724192
700780095
704988762
703857109
702778733
705055144
702906391
704819389
704764289
704923920
704854877
702620150
700629016
698520291
700188377
698627957
697939174
697852040
698916010
700293207
698877372
697530911
698367063
698149057
700085335
700368750
697691195
700529375
699968153
698859851
697595288
696673150
698234683
694334076
693962176
693386777
695633066
694026896
696497130
693607941
696237493
696174783
694575804
693849037
696621010
694125389
694476919
696047611
695907682
693759305
693250175
694636576
692565798
691511184
688905823
692080379
689617792
688613263
689207108
687863026
691951183
691628199
688360022
689805885
689499098
689061547
692489458
688792507
688606860
691751043
689726966
692413611
692338082
685846621
686668764
684981091
685185721
685948593
685140476
686726879
685747176
682137610
684927683
683068859
682007291
685694241
683135148
685477686
681550878
685314413
687697479
683596767
687456119
671619214
679191352
675370824
679296829
677188271
679793052
679677669
673369513
671922990
673840633
671682165
677933531
675564163
675437854
679452434
673294491
676986673
677287905
675623515
677647783
671367725
666950956
666800236
670287814
666684627
667875593
670458989
667936610
669978947
666540885
670104498
665728867
663691419
665154928
663738595
670604245
667971984
670684209
664982786
667622493
663640938
658554468
660900680
659261242
658605165
661913841
660984683
663210019
660062876
663230506
662705092
662035015
660202226
659321623
659157028
659220531
658654018
659965456
661696666
659150583
657497739
656975574
656743985
655202663
655300508
658050844
657553632
656797464
657907093
657606452
658193198
655888393
655997584
656906466
656127973
657372848
655842761
658359025
658495041
657697511
652523000
653349979
654814313
654237650
651142655
653052164
652107622
651333942
651393401
652936607
651210949
653122595
650326231
651079668
652332565
649559640
655127549
652859180
652775669
654687714
645536364
648402650
648345825
645681481
645288278
644819716
641974905
645605118
641925310
646966190
641885468
648466097
643689220
649359929
649462060
646593645
647012900
648527631
646532457
643745623
636728167
639526396
637902588
640494899
639573617
640167972
637987331
639423214
636933001
641843709
639352316
636989049
640416472
640343795
640274456
638041354
636856782
640096596
637954528
637845886
632723295
632667826
632256642
632310731
635847539
633216679
636606804
636553989
631606611
634049431
633304168
631123812
635778759
631815086
631748756
635695210
632588647
631667626
633121978
633085753
630097170
628819945
625792971
630399400
625832783
630188465
627308383
627027255
629096814
630576864
628011962
627221031
631048153
629169745
630776736
627976624
626396152
630335478
630874564
630280494
624255898
622082545
624999847
624937051
622174868
622120278
622242768
625683619
624001185
622541829
624323590
624073500
622690770
623917015
622303006
625355877
624195148
622024056
622621774
625486745
619067380
615560685
620298876
620503825
614878460
621958783
621917175
615404854
615492727
614913867
614952099
620345325
619375889
619136815
620374500
614732960
614810886
615977757
617499520
619232889
613269117
613124819
614672927
612530939
613171284
613012817
612500187
614545306
612320458
612960821
614613032
613221772
614471676
612361138
614017085
613760218
612445076
612404549
613346879
614400309
609305980
610312242
609256899
612292070
609252071
610879010
610677141
610450109
610838582
610637373
610184508
610381433
610651675
612230770
612254425
610250597
609341569
609282429
610717132
610493525
605220445
607667363
605951379
606073049
605996146
606140870
609035651
607133957
607892992
605291010
609080250
604211639
608013105
609221951
606260505
609195489
607035002
605502039
604243527
603958153
602500425
602206471
603618750
601934008
601873787
601561517
601665388
603548074
603685351
603454900
601782916
602088350
602335783
602263413
603770736
602421760
602383221
602474268
602003672
601620868
600847984
600568896
601023611
600422990
600638033
600254648
600149609
599724115
599998048
600018974
601111215
601049229
599696350
600915550
600099107
600057444
601091935
600776911
600726911
599661702
594141672
599501938
599271493
594700074
594619372
599454222
599084458
598851717
594002907
598981011
594761586
594079673
599203228
599336154
593870088
593864237
594797667
599559757
599614910
594237024
593680619
593385315
591015928
591763314
593398956
591578306
593605797
591050849
593532463
593750250
593418777
591794787
593782823
593445667
593465357
591876975
591708473
592280510
591109702
593634048
588173042
588376349
587372058
590291134
589478061
590387927
589643061
588005969
590813793
587528788
590211702
588096371
590977014
590769831
589596596
589559671
589427474
589534768
587452865
588035218
587301280
584656177
584538578
583925527
583857189
583024370
586503336
586669986
584720119
583999508
583476154
586991602
582963362
582914154
586805437
584609707
584346333
584398567
586547382
585407845
582822701
581910060
579927523
582746926
581166999
580959075
580999909
581616153
582071846
581469550
579987655
581034840
582686884
581994653
581086584
581553673
581411791
582786248
582712027
582006263
574405513
578190421
579192870
577681754
577266561
577151414
576431069
576163371
574251754
579059671
578247965
579118519
577604276
577053234
576462966
576394819
576350607
574176309
574357876
579684678
569160867
571050154
568908017
573845977
568649140
569244669
570331328
571832613
569254480
568619369
574030595
570032386
568730778
573907809
574108372
570095585
571413702
569467301
568860919
568708397
567406483
566648102
564462759
566043591
566875057
566768103
566831582
566725073
567524663
566556946
567445155
566481298
566020284
564600309
564522892
567489805
567291839
566216864
566262453
564660035
562922585
562627901
561401558
564237045
564325565
562802543
561371543
562425960
562515414
563092458
561434322
562540180
562712622
562669175
562867004
562768201
561476485
562612270
564417496
564367514
557864883
560084221
559956953
557920713
559996152
561210237
560157253
559598265
558589962
561329571
559975797
560019854
559901991
559370944
558666241
560120308
560050493
561185236
559310869
561163673
557036514
555406977
554198456
557262188
554282681
553964748
557329444
553895961
555309839
557817065
553376583
557400864
555162858
557378991
553684053
553446154
556891212
556482211
553619120
556756212
552508142
551774766
552268819
552001693
552625672
551226881
551130580
551594396
551614678
552672089
552726699
551926682
552416798
551183937
552352731
551704030
552563137
551083873
551016200
551661372
548612028
550941118
550575110
550110115
549275779
547257009
550364100
550070321
548891585
549155718
547208500
547168353
547122887
550044449
549073532
548503400
549096168
550406438
548662781
547304968
545318218
545251029
545474081
544349562
547080658
543558117
543228031
544885317
543254523
545419215
544953540
545639932
544394145
546909717
545098089
546981193
545041119
546398795
544812578
544182702
540356436
540306227
540419711
540585857
541749271
540377607
541903064
543165054
542300444
539262053
539133649
541965951
542004593
541797560
539185621
542448305
542367887
539155518
542081643
539418194
537175135
536488753
535583586
536507830
536707390
538135543
536462900
536592244
535159839
535346359
535053034
535460438
536906081
535520912
538062559
535398455
535287150
535210822
536556434
535123275
534931311
533545997
533426360
533810461
533280122
532259760
533342286
532197735
533623586
533875670
532158538
533494976
532081913
535004592
533387346
532116665
533310891
532327869
534891752
533701720
531787308
529623400
532000402
531932749
531836918
530115008
529481363
531819115
531754268
529763312
531867808
531982954
531893019
531694576
529383846
528068230
529696533
532037004
531731217
529535206
525153048
524733329
523154666
522838285
524973099
522728638
525068783
522527205
522376500
522621400
523024731
527874864
525219220
522955106
527919358
527977110
523086721
527820885
527753585
527692208
518613686
518799834
522096421
522267470
516762986
515480454
515347331
518883228
516947916
520627421
515398732
518488809
518575228
520724822
515258577
516709022
515166821
518544585
518989313
517020331
514021851
513609963
513899976
513351128
513280990
513541782
514992857
514090975
513574875
515043899
513970406
513785846
514821090
514946780
513428317
514897576
513311221
513317256
513394776
513671496
509068587
509000805
508948871
508936621
511720686
511680134
509537601
512192554
507574762
512002458
511893955
509573941
512120907
509229721
508865161
511936017
509152119
507624860
512055333
511750301
507502480
507371854
503119189
503258903
502960869
502877058
507467836
507358084
503173635
502802003
507400476
502759543
507536110
502921877
503286411
503234833
507431684
503067417
503017022
503334413
498070983
498892409
498109290
500463927
500544931
498406320
498567009
498238535
498054860
500867694
502638876
502726011
502659620
502615670
500834329
500923138
502595644
498338772
498088202
500500944
497049095
493932685
495301150
493873878
496226194
498039473
497291319
495483103
493842416
493984883
496687832
493958516
493799089
495379908
497099138
498021880
497995447
497228085
495206929
494005427
493577145
489860420
493732270
492170260
492052664
491824288
489841007
491806705
492090884
489931795
493602151
493636997
492256615
489850446
492193393
492148509
492117667
490783099
492262879
493670297
488500697
488714260
489442348
488633858
488829816
488805113
488680991
489530164
488437637
489759134
489539803
489547483
489432322
488783257
488779741
488589281
488675060
489518335
488519369
489419475
486618126
488428233
486574003
487835563
486864259
487844469
487852278
486854848
487814226
486669661
486747552
486608466
486600486
486644725
487644141
488373167
487822844
486806660
486591284
486632220
486451888
486472737
485668147
486457488
486390666
485100795
485620755
486534883
486462973
485077397
485069117
484956556
485013112
484948947
486382619
484907174
485539235
486446476
486400312
485020552
484832788
482317679
482301615
484846652
484782245
483175424
484681180
482559770
483244247
482575100
483226022
482526976
482502327
482602827
483232468
484865188
482259136
484854614
482100929
483767069
480523612
480558304
481606468
480809053
481699652
480793712
480743463
482088123
481893699
480496418
481750293
481667336
481791058
482075466
481970669
481756574
481626913
480733913
481631133
480444592
480363362
479402969
480215962
479032178
479251080
480222236
479178930
479475240
479390268
478978585
480244793
479024892
478984290
479242643
480267537
480288322
479503663
478924130
479139569
479066979
477736832
477603739
476565639
478838386
477957088
478853502
477707774
477686341
477560069
478918337
477819311
477879084
477944483
478858872
478914166
477528443
477653389
478908385
477779721
478903252
476161092
476175778
476125828
476463327
476148014
476378898
475192121
476548347
476285784
475094784
476257799
476218925
475141705
476496951
476424030
476131593
475037708
476321808
476325633
476253001
475006323
474955981
474526927
475030254
474864285
474669788
474632944
474596110
474857525
474926138
475017204
474756929
474722802
474701559
474852792
474848183
474558942
474546945
474798885
474517408
474420926
472775161
474455366
473035264
473227758
473136884
473070395
473155541
473110074
472983795
472975127
474425998
473268454
473188430
473115650
472929806
472843621
472725886
472617447
472989366
469956315
471937557
471288351
471273690
472550561
471309287
470259269
469500367
470119983
470045197
470174449
471987862
469534216
471393877
470306147
471982063
470268756
469586572
469470018
470372452
468307530
468219495
469250067
468246802
469275953
468300632
469412081
468199060
468137133
468170737
468175657
468158799
468097283
469375180
469387034
468071780
469433633
469345507
469322221
469316167
467773205
467513564
467150345
467679097
467996965
468036215
467568497
467924106
467960971
467837521
467198712
467872952
467631510
467780185
467950348
467558668
467720643
467619541
467973258
467479077
466520950
466361755
466238417
466184372
464994999
466334091
467132802
465033732
466226300
465025323
466300407
465076859
465929474
465832494
464822142
464628577
466464817
464877487
466450096
464710023
462874301
462806212
464421447
463454835
463344743
463398991
463249324
461689455
463187933
464443160
462205003
461509393
462101279
464245289
462240975
462157973
462033691
461902276
461602336
461764048
460622216
460676344
460650719
461384565
460174114
460103729
461319553
460371975
460085750
460771324
460134603
461460290
460739097
460730091
460476403
460805534
460545773
460413510
460067682
460631694
458110425
459073178
458637431
458584732
458762464
460052711
458255152
459536706
459343052
459131901
458831321
459392179
458874522
459457217
459267215
459028018
458935806
458751786
458682164
458248646
457448132
457370512
458014756
457314551
458089030
457950414
457263778
457730109
456274805
456286452
455861241
458002482
457197806
457991331
457185298
457137852
455782490
457664605
456187111
457576045
454364044
455678038
455507261
455620011
455534155
455520608
455452016
455459512
455421849
454273285
454539212
455727007
455575237
454204214
454634467
454449096
455715851
455556974
454805369
454079341
453936929
452229453
454069768
452083758
452052762
451938576
453589796
451887636
451863140
452194275
453617571
453547876
451997597
451848580
451947631
453593997
453987560
452028722
453919934
453635849
450616671
451722558
450518274
451816084
451047174
450567551
450998610
450964868
450521626
450622424
450509591
450925863
450496810
451772250
450471202
450588034
450575361
450598721
451716277
450560849
450439853
449036385
448843180
448962952
448759845
448880770
448731022
448500658
450450987
448553157
449273314
450395660
448712022
449322953
448919742
450461996
448693019
448492776
450353858
449057948
446037540
447442092
446992241
446879729
448401859
447501022
446066072
446074604
447510153
446933390
447555177
446131953
447052880
446099623
446095133
445986802
447590357
447634120
447598136
447450090
445377626
444882593
443376378
444972887
445936453
444791839
444684496
444510273
441414891
445431958
443139083
441223274
445598336
444583949
445526252
445302536
444839327
443278317
443187170
443390995
439450542
440368864
441014682
441117961
440414489
441183232
439591601
439361494
439406401
439484063
440469210
439638153
439287783
441172018
440447650
441063965
439552805
439323229
440894329
440463958
439071363
439160646
438962822
439098149
435436587
439261480
439131833
436819486
438970225
437473987
437568925
435553717
437220724
437130501
435996691
439219948
437395603
437315106
436889963
437238355
431268370
427763290
433817223
433479840
431817351
429603685
435200962
430474050
428258989
429055034
425924751
434540165
427719531
425989161
428195424
427814432
428106595
433599166
427701784
431882880
424890848
424086418
423774103
418738836
424180998
418690188
418795606
419039909
418767879
418653752
424297820
418945910
423957019
418999420
418614859
418590932
425281751
418658198
424011006
424467627
418559183
416475121
416442547
415762212
415682067
415635252
415567962
418486422
416400892
413240980
418468267
418526398
416372602
417273075
413354588
416549297
416310375
416333689
413304869
417374462
411024382
411859473
413169654
410868964
410707536
411991483
409862287
409802399
409783675
409899649
409642992
412062182
410808090
411503987
411041125
409923465
409835732
409735532
411914543
412107012
408594335
408838662
409604277
409518055
408806804
407441415
407739986
409338998
409389226
408658996
408534310
407688366
409562502
409440052
409297864
408725213
407607434
407561700
408483320
407645396
405313506
407176490
407154131
406132509
405945781
406296767
407294133
406210213
407102143
406030755
405274215
407122984
405225997
407394219
407343983
405906322
406363007
405858262
407248158
407199454
404396583
403786827
404495713
405066097
404431929
405006227
403810826
404475639
405123578
403677000
405134803
403607764
404954181
404372849
403752208
403615983
403575102
403535316
403853165
404675311
403393602
402430638
402362228
401401295
402249037
401473430
403496498
403340961
402278289
402722329
403318125
402205331
403372008
401530067
402483578
403446896
403432933
402424504
402774859
401587159
398836271
400052791
399034407
398919061
398728476
398699024
400387403
399995118
397863766
399935537
399861580
399086269
400007177
399964618
398950230
398986106
401394051
401253420
400080854
398804262
396193170
394428663
395998219
396313922
396135533
397794968
394635196
397213662
397330095
396102419
394444569
397327192
397452648
397749088
394689524
395757841
395679270
397298339
396039152
394715524
393339049
393504077
393314733
391906347
394377163
393274236
391849428
390789999
393466742
393365136
393286383
390841868
393433001
392018866
393392392
394404283
392039719
393420100
391938550
391812940
390323245
389291034
389022391
388518329
390428077
389520276
388396140
388316357
387085981
390759017
390739126
389554833
390535601
389485106
387097380
388461114
390490665
388838429
389474092
389402802
387026334
386286752
386235555
386010229
387011308
386871126
386992437
386975547
386914372
387001859
386953140
386886104
387042503
387057728
386926761
386938664
386726584
386346653
386858211
386898614
385202489
383394545
383102057
383050384
384675294
385256952
383179863
385158242
384767267
384370335
385238568
385919531
384293685
385105486
384484757
384178386
384251035
385874267
383299381
383239043
374524580
372137118
375600332
380783013
376729943
382022140
378146788
375425189
374147561
376990188
375555070
375453025
376687769
379610739
377037093
372296320
375496529
371871537
378432991
378650172
370671139
370697822
369884842
367938657
368586901
367889662
369859401
367797317
368345565
371818535
370843300
370615537
367846551
370024768
370598403
370760788
370730219
367994910
370646990
369937781
362895300
365519166
367766894
367723819
365546913
363099793
364215313
363077366
363042238
362792429
363273800
365502151
362769772
365615548
364528757
363317238
362833291
364190513
362916926
364577493
358703566
356338032
361674009
357361828
361445539
357407598
356376523
361642792
361506708
361592197
360207148
356311964
361546451
360240107
360173737
359759977
357084546
360276228
356431401
358649319
350893781
350810888
352415287
350756648
351986778
353839157
354807358
352536700
355842777
352229900
355994835
352476899
352163701
356280366
354573243
354618899
355907496
354877087
353442218
353397859
349307159
348288577
346025687
350344035
350588564
348995892
349887893
349841778
348380604
348306155
348106734
346256257
345874860
346332840
348073673
345721923
349016914
348009720
349792556
349719589
339470598
339600000
338813132
338849036
343250435
343808227
344832746
339436223
345681573
343423009
344626999
345690456
344670890
343307681
339687791
343259134
342275138
342117149
342201377
339499934
337404151
338535661
336310005
338440478
336251177
338356589
337428297
336347622
338611604
336271494
337860012
337560805
338498149
336228431
338464659
337779816
338616575
338620426
338779854
338664423
335445188
332200087
333869295
330357224
335051854
335002122
333701909
334998405
332224289
329733683
329800575
336191353
333722106
329769712
331868576
331910611
336169213
333650853
335108137
330312936
328612966
328487394
327391705
328091597
328661226
328549217
326884788
325835524
328022540
325116394
326867477
325074035
329145902
328706196
325048425
325598119
327628191
325468656
327449983
326989340
323489190
323745473
323471287
324927652
323770335
323385451
324132602
324955181
323092448
322633555
322601968
321475973
323515009
321358293
324982779
321448769
321210207
325014122
324904737
323138618
320376064
319443461
318169625
319501070
318214549
318849323
318787717
318294815
319575725
318340355
320819278
320844301
321127763
319456410
320318101
320405488
319382142
318936372
318924975
318830487
315175482
314977047
315275828
314323084
316818434
318078259
316725472
316927869
316545585
315221070
315071339
316995233
314303772
316664407
317018110
316182875
315965296
315044676
318118885
315017336
312997162
313921149
311864488
313817580
313847499
310100361
314147424
312966574
313878390
313101661
312903154
311824616
313967138
310359526
314204879
312927658
310068308
313996997
313944622
313059500
304221333
309293054
309249267
309427284
305157569
307629032
306125669
304553343
307677750
309470122
304453356
307722417
307146794
304338939
307762540
309338440
306100555
309380319
308471608
304592549
