483760705
448367571
496601285
483748764
483863953
471074807
455957914
456032297
928051204
455204959
447630890
483557344
484012111
483504892
448289575
1156025057
496467218
470994103
447657634
496667269
447591977
445792693
446091947
445523793
445874032
446979525
446032783
447067886
445621571
446065265
446126688
446037083
446874787
447331046
445693165
445982265
445937476
447399196
447560239
446000783
437724235
436164785
435833195
437682969
435954616
436072852
445442681
437646017
439721933
437711955
436103252
435766841
439662413
436040116
439767701
439611115
437618021
436008646
435911185
439811145
422700111
433612274
434640813
434392683
434270398
434440216
432823374
429486384
424395619
432859131
422583997
422464843
421360369
432826359
429449673
421327396
435652281
433537765
421282807
434325542
420892632
418358380
419164988
417098189
414797599
421110457
421217332
414748643
421180338
414691801
414679388
417050077
419122183
420972176
416975711
414871258
414875977
414813803
414917406
414688499
399180524
409613115
407178871
400682588
413131310
410698593
410707252
408521976
401246465
399779931
398272682
414601407
410683254
407458748
413708391
400752254
413243601
407262512
398138853
399036681
387860804
385951987
385857713
381683005
389493945
386134390
382643855
386122061
398065855
398007221
382614207
394729467
382631914
393576109
393597546
389488713
398016655
386056898
385810497
381722553
378486527
379274733
376695838
375181178
381652046
380341107
378068742
376844434
380362809
378016153
380451549
378543430
378048023
374082469
380376318
380462243
379292196
380434391
376886227
374104163
365059801
374064593
374007806
366391085
365394827
371655821
371729881
369410565
367983365
367516098
374036860
367672707
372874177
367930240
365110481
367815109
365240466
367654150
365174250
364105264
362960622
362798912
361715994
356349507
362920468
361730111
356284835
362900928
355461724
357656609
363913675
364073590
362995948
356085485
356406861
362972759
364088603
356083304
362933073
362993892
354181886
354131308
351665681
351465545
342916090
347652691
354099808
341535392
351626377
351498879
350107525
339353277
348927200
350127801
350065039
351609357
354155584
350089243
355427672
348937645
325986601
324913507
329909121
337197643
337215742
339338222
329971803
338275743
328804924
328769237
339328420
329946787
329948948
332185725
328829131
328787086
325951967
338297930
325933768
329826066
323628014
324665523
324733894
320679431
320668041
322733655
323780736
322715255
323810173
322746738
316885263
323830955
320757095
324879923
323763228
324898069
323595734
322491988
322419115
316811283
314692684
310506088
309231510
312712920
314806205
314774833
310655173
310549051
307824590
306868792
312777108
310608910
309197162
314714560
313712791
307881765
308805195
310530976
314742313
314798945
295733341
299713328
295590338
298662297
294425514
306850836
306829802
294392768
300957963
295411193
294350072
295592556
299699514
290684496
300896236
298677697
295579160
297689205
304853355
297458654
289104595
280916319
284817229
290677266
290650590
284844492
281577019
289466958
287228824
279263965
289188587
289485152
287198316
283896657
276910648
284785513
285499929
283869613
282343342
280972243
268579105
268478797
270758833
274487157
274571281
272560508
270683124
276654743
268825901
276717674
276823406
268540735
268434319
276765759
274532607
276593795
268878438
268807282
276884729
268621334
265004525
265662348
267347719
263137959
267276121
265684893
263113457
265047944
262460435
267596697
263256839
262898840
263204517
265309600
265083514
264953557
265679405
263231958
263162299
262414079
260914342
260050143
260339306
260075496
260376914
260961048
260404261
261516266
261541927
262359931
261371220
260995842
260438752
260278035
260216757
262078147
261139178
260248251
260112959
259963245
249843341
249826201
249557446
256248031
249750291
253457101
253644108
258345267
253708740
252581271
249608456
258323418
256711873
257694831
256745553
252731425
250213805
258299957
250093986
249849365
249544536
243989582
244024032
247666384
242002446
243895866
247635823
243761656
241146014
244055017
243846686
243969149
241246298
241084295
240717475
243924223
241119930
245555666
243726397
240702410
236180734
239849898
239834589
239783277
239700538
235240009
239690625
237074577
234692511
237019777
237116901
239654862
239476661
235768425
236983505
236623722
237065556
237493431
236935059
239732723
232432771
233122145
234363671
232355078
232304716
234138397
234669482
234106097
232503604
232377623
234686682
232735377
232553583
232531424
232269630
232975466
232999469
232405976
232455481
232958520
232224246
230352914
231028943
230774997
230390046
230278170
232245107
231607057
231577023
231765174
230991676
230886096
230838759
230375739
230188448
231795927
230302386
230864504
231737526
231238227
225736850
229902686
229927564
229979553
230121351
227913196
228409137
230093546
227787967
228446987
230047385
228679623
226254750
227761280
228388819
227943774
226560841
228360028
228103214
227998566
224522723
225378828
222430431
222671203
222729905
222337376
222043541
221955643
220200422
223262994
221990803
225342267
225315874
222504315
222473389
222371342
220123873
222917007
224466793
224494115
220054256
219228896
217675142
218328556
218355434
218477965
220072963
218415395
216922848
218450542
216955516
219962985
218392377
218033704
216462776
217601989
217984910
219986791
217762633
216412713
214953991
215729955
215332259
215385158
215305948
215514479
216197833
215625554
216171140
214625761
213958083
214581623
216116814
215434938
213943230
215558632
215609914
215716952
216085248
215690136
203615784
213700530
203349794
202760404
203178591
213741725
202821006
202797850
208662313
205505287
205509459
203645455
213919160
212941458
204498118
213769630
213820292
213021044
212838232
208607284
200606456
201699258
202442126
202726786
202048745
201123956
202618456
201266706
202465053
201221549
201662832
200630179
201630154
200992255
200595773
200441101
202564594
201022100
201065586
200544319
196248362
196801820
199959434
199644817
196077720
200257398
197654581
196230285
196614515
199486758
199771898
197613445
200374344
196711079
196671852
198856458
200231752
199936628
196836228
196194397
196035178
195995189
191189882
193115205
190506154
189570346
189896618
194496885
195997990
194476227
190345316
192157250
191227104
193165206
190296630
191147297
190484556
189865403
192183164
189534718
186233682
186094018
185820273
188053064
189064563
188758723
186259077
186189325
185964984
186086719
188783398
186627975
186311403
188790525
185929775
188075407
187999202
186973026
187618300
188787021
182760289
181939881
181987629
184129721
182569026
184392613
181852823
184386239
181163156
182563420
182715158
181794910
184362057
182657362
185572723
183675361
182635030
182533254
181729764
182037662
177753420
180276875
176921128
179016419
177315147
177650495
180618346
178973564
177712154
181100264
176908668
177588070
177358643
180250789
180307913
177412255
177545310
179334198
177787527
177466754
176103815
176127373
175143293
175032369
175010802
174301705
174240857
174411049
176498499
174249833
174229045
174318219
174989355
175453611
175055945
174375959
174263364
174342071
175087651
176550317
171611327
170730920
173814652
172773547
173659898
170967872
171572390
173717888
170758610
170980714
169860050
174208186
173419933
172753944
170670101
171512542
170956572
173437246
172803107
171678026
167076621
169825659
166889495
166429249
168199684
169797434
168174515
167061745
167348211
169773843
169761441
166948907
166492961
168187755
167326125
169175299
166467787
169831935
167300703
167362415
165669044
165414292
164969027
166279901
165452200
165771222
164990140
165777963
164696584
164685593
164951995
165712633
165485215
165729155
164771427
164732911
165495641
166241570
166326544
165540439
162831440
162159087
163682483
162677073
163665987
163544854
164216459
164181115
163696876
162959407
162896333
164256098
162934604
162787922
164334231
164315370
162865174
162775354
162172348
163577380
152056647
154997880
151530698
152103806
154133950
155077945
157023673
152140292
155042249
153596456
154216806
157042888
153571838
157884091
157000149
156981165
154992312
161233982
155098499
154178683
148621596
150237195
149634488
148696102
150090632
150122173
149700045
151467519
151432656
150265694
149481715
149414199
148670836
149353298
148770066
151498430
149671690
148529616
149727180
148731903
147613364
148326567
148327944
148009135
147504351
147427141
148321835
147639727
148482526
148174561
148284261
147530436
147460203
147930254
147396846
147350467
148506840
148307912
148200378
147949507
146529580
146505545
145246245
142656339
146634728
146946035
143036416
146602153
146566609
145895736
145155725
145284935
142568424
142596966
143342373
143045130
145116627
146967672
146486606
146962831
140126241
140738601
142564720
140105111
140993182
141026377
140627954
140711200
141632979
141705231
141640478
141012496
140904654
140582077
140957367
142369216
142358394
140986149
140927035
140671252
138923107
135968305
135495557
139980920
140002011
135938763
135698056
139000874
138412511
136053119
135523721
139171412
135800792
138359920
135866416
135759882
135730360
135896197
135626131
139521729
134782878
134808481
134204647
135191816
134296572
133970001
133870936
132887552
132843342
134223711
134901179
134156849
134183832
135078084
133074255
134943674
135169606
134867939
134115794
132948286
131580064
129990388
130689729
130387577
129976436
129504997
129557257
132085001
132072512
130393256
129312126
129883833
132801711
130746638
130407336
129442616
129932669
129475201
130696900
130658188
129200383
126406969
125655659
126436156
126190858
126562506
125742655
125627997
125595211
126148030
125732154
125685690
125719184
128696577
129157181
125669012
126502279
126576210
128289094
126469797
122265700
124649070
124677489
124463854
124434236
124536166
122289308
124804109
122100832
123892990
122138366
124706117
125576673
124612465
124390507
124582674
124783592
124577743
123519894
122306749
121293044
120269430
119428360
119180088
119033555
119221395
120235200
119407261
120761351
121312637
120043258
121341399
119313071
119426491
120215259
119342390
120655786
119004920
120697292
120729600
118570964
117840793
117825329
114776954
117059213
118521226
115188955
114819974
117774051
117408305
117039669
117803439
117386384
114346287
114745132
117073477
114872494
118613051
118593075
118544756
111910188
114315609
111497294
111861939
112308713
114286662
112342185
113132923
111933879
111962137
112248635
112825697
111669614
111572512
112388931
112282087
111537697
112832582
112814634
113183024
109686831
110690055
110807423
110601993
110654449
109317893
109732740
110032051
111442076
111419037
109769967
110005729
109346555
109697187
109275464
110753456
109807020
110723954
111474134
110558028
108834704
106796652
108207708
107631956
108764085
107805240
107598262
108250747
108725017
107649599
107681682
107565870
107542193
106904140
106819588
108266752
108868855
106867856
107723200
108693420
106494314
104401611
106532477
104369386
101938147
101922255
106523316
105091431
105105638
106730763
106699156
105207581
106666365
106764676
106743251
106471065
106679751
106395340
105142500
104382032
99994979
101315075
101882382
98585066
98514891
101354000
98495354
98532788
101365959
100671202
100598488
100552472
97062732
100574443
100013651
101326875
100690915
101339061
99965329
98569785
94974789
96154051
94994800
95597972
95020500
96224573
94960496
96242482
95032950
96210706
96192893
96296694
96944147
94928693
94946241
94778006
95007303
96176961
96121745
96082178
81591053
77201791
94057471
81571020
94338648
93975311
77247030
94367399
77174562
77121228
77112727
94709979
77083715
94277174
77059912
94096241
94035611
94753902
94355190
79729877
76197684
76324149
75455461
76242826
76747936
76319629
76303588
76782707
76690485
76768581
76661464
76312781
76260724
75420715
74881336
76217322
74016152
73997921
76720942
76287903
69987592
68580000
66883973
70607864
69427236
69458572
73120352
66922911
72604787
73099734
66959635
73089850
70548328
66866634
70551699
73057151
69936129
73931493
70647329
70555016
64920408
63854572
62860128
65690297
65663363
63222939
63186019
65742311
63142363
62844667
62837193
62780530
62407371
63835124
63247451
63816740
62895655
62873118
63172192
65717955
58100013
59782247
58044686
59843252
55819579
61422397
61398618
55661272
55830086
58066570
55678234
62392491
55647115
61379315
59813542
56130312
59889817
56115096
59868604
56059905
55303674
51341121
53491278
52670706
52921919
53476045
51872729
55620424
53556380
53543599
55185369
55394295
53720237
51890454
51316035
55593632
53528447
55169322
53878441
55299577
51021009
51036146
48041033
49263233
50727827
46316619
50698774
50665116
50745894
50648522
46298247
49242589
51299783
50683584
48019084
47089828
49287477
46308958
51006772
50973744
46254734
45628224
44744553
45936941
45607261
45375356
44767442
44486934
45390734
45121260
45229457
44861023
46289937
45113278
45618385
45700813
44815871
46273208
45975743
44463205
41769168
43508626
41720179
44162347
43515176
41955127
43688354
41792955
41683430
42827380
43514165
43445832
43524697
41684191
43733728
41781124
43706683
41500777
41798770
41803790
41493391
41323302
40097135
40744543
40753677
40404490
40329078
40249246
39840090
39763921
41450179
40087041
39830247
41315287
41443693
41455440
40389481
40336516
39946102
39717305
38867288
38985162
38633795
39693564
39219783
38626191
39002902
39204403
39679580
39232539
38629119
38976272
38908579
39238938
38953552
38902677
38878009
38962044
38851296
39225544
38002864
37911515
37982978
38570583
38074772
38062015
37968575
38449036
38017375
37902089
37935249
38327791
38304138
37924809
38340564
38322082
38294243
38358344
37917397
38347925
35408784
35403323
35382932
35376350
35364277
35356266
35387516
36705013
36687041
35394855
37376888
36718766
37383134
36698528
35371139
37892126
36735188
36751910
35914961
35415059
35133549
35114498
34883532
32960085
35265912
35120277
34864375
35113306
34852061
35143298
32942447
32931498
35334348
35104033
33746579
35138250
35127059
34891948
34873989
35351733
30210050
31705172
30503626
30575785
31259200
31018741
32679840
30980828
32652378
31031437
30199856
31264261
32633331
31723680
32665313
31730977
30715882
31712040
30254943
30243972
30043607
30004639
24298987
24350508
24290621
24288739
29227223
23144619
27695245
23924940
23134696
29236214
30028645
27132821
26294999
25826209
23584280
23083154
23578976
22946133
22297976
22812023
22743493
22293339
22273979
22261886
22554132
22288789
22781458
22596187
22381845
22573074
22546717
22305026
22214724
22391758
22786244
22268938
22075017
22410009
21660444
21993738
21586194
21425110
20133738
20121149
21433375
21067114
19799022
21594445
20284928
20073417
21430126
21737641
20127690
20079650
21743190
19795213
21644438
20530649
19248363
19263330
19326771
19274715
19243743
19588978
19338602
19125249
19199078
19640993
19245746
19055099
19320624
19202969
19335828
19331183
19058375
19115253
19134575
19596853
18574324
18570701
17784593
16594226
16602387
17342773
17068910
18477202
18823723
18832943
17626524
18471194
17351059
16589054
18826747
17647426
17073746
16646099
16474004
17067875
15975019
15754608
15927845
15500441
16219676
16462753
15928354
15781412
16448425
16468057
16224704
15957810
15932453
15493059
15481500
15966703
15933834
15765730
15353482
16231350
14906714
15210759
14874009
15343403
15350115
14728311
14716754
14911836
14850411
15228094
14701485
14878286
14668722
14892708
14688666
15328898
15221508
14710243
14662584
15202411
14049481
14100069
14538003
14227785
14081780
14060804
14041565
13203170
14545713
14242859
14376714
14222300
14522671
14212997
14089112
13206959
14233559
14363789
13196872
13503894
12749633
12739357
12884816
12581823
13191045
13181514
12531592
13175453
12564026
12909828
12524539
12902094
12892504
13038537
12517535
12877502
12870690
12916320
12586204
12549345
12506509
12231344
12247099
12340407
12407916
12386778
12374606
12236220
12423635
12511549
12434215
12413559
12393210
12349439
12241319
12399797
12442429
12363502
12315415
12307819
12111452
12012766
11941189
12212792
11958197
12194706
12000162
12183636
12020551
12005040
11943327
11985992
11942273
12220791
12202990
12227442
11942840
11943951
11941659
12116736
11528182
11549734
11936702
11936094
11939908
11938906
11423910
11559643
11940552
11937979
11938492
11937209
11939382
11935766
11934502
11933879
11396780
11935061
11417396
11554116
10436841
10951430
10954242
10571971
10478022
10943144
10895845
10816712
10938534
10800048
10576469
10483712
10936068
10447247
10888018
10956886
10815057
10810907
10429453
10821051
10426317
10300122
10291493
10361876
10317561
10326117
10312642
10286913
10235838
10334964
10339784
10346111
10233155
10352018
10412892
10219305
10358416
10296917
10417244
10215520
10082206
10151725
10180709
10169562
10175122
10212169
10203896
9974262
10163531
10091846
10078174
10076569
10071298
10087082
10168064
10157913
10169984
10195255
10078389
10210960
9787936
9967436
9816627
9969789
9799345
9858738
9791537
9967869
9854098
9802979
9725866
9963637
9832202
9807160
9784135
9838332
9795781
9831605
9847295
9829272
9323636
9458807
9306952
9318390
9290745
9719529
9435190
9713127
9701401
9681601
9685652
9693263
9333325
9697183
9280005
9299455
9194312
9690163
9443668
9329637
9179720
9174147
9189185
8675907
9147559
8930369
8706144
8836783
9170818
8942789
8840424
8950670
8948654
8832458
8699014
8839244
8959834
8723289
8953503
8693973
8422893
8552848
8672303
8536537
8532105
8328713
8460275
8440707
8590730
8605154
8326561
8445042
8313469
8547398
8318862
8599365
8144532
8559772
8449683
8572505
8134014
7665963
7538076
7548351
7658552
8059739
7982026
8063493
8054739
7655891
7545642
7538475
7603144
8138715
7541373
7654169
8022147
7594826
8129697
7685041
7371104
7379089
7457302
7394264
7533871
7445068
7379860
7397620
7460050
7465426
7448027
7471649
7383081
7391679
7379912
7479425
7400773
7392652
7380793
7476082
7364268
7178935
7273123
7217857
7183413
7173528
7136812
7294648
7194834
7290320
7184831
7176448
7297922
7176147
7279175
7223381
7187540
7132308
7190552
7271357
6962715
6905855
6973027
7124101
6899843
6893730
7128729
6889154
6904169
6884815
6826242
7118677
6959546
6972456
6977811
6981890
6897236
6954556
6975311
6968385
6740388
6823513
6655465
6449063
6387220
6574652
6382075
6385086
6504107
6571283
6658210
6504536
6503948
6457468
6726187
6453322
6503518
6390496
6371081
6503911
6228842
6230393
6234281
6319692
6235403
6230251
6229963
6332795
6228547
6230603
6314773
6323754
6307511
6310856
6229380
6228248
6322889
6305500
6243350
6238705
6158733
6152784
5890461
5826880
5818739
5745250
6161852
6219278
5821862
5829554
5815050
5833141
6228100
5953802
6156355
5956568
5951153
5887316
5959736
5739687
5400952
5407072
5239558
5122613
4992490
5736981
5622238
5625384
5618117
5120393
5401993
5264484
5161252
5404581
5164215
5256252
5126711
5724707
5730048
5100122
4700654
4697868
4635505
4987611
4625687
4989611
4865646
4634563
4623248
4702554
4832338
4637272
4500785
4924436
4861438
4853655
4986713
4639100
4983676
4859717
4290948
4295384
4260778
4254526
4275143
4435370
4240529
4300768
4497869
4432205
4248391
4495270
4331023
4427360
4359443
4269602
4327715
4493334
4488949
4244544
4072245
4067237
4068877
4205337
3979877
3983137
4196249
4173072
4093098
4088123
4180401
4176505
4193161
4070352
4188354
4167157
4082646
4200131
4169678
4166087
3850675
3779570
3978233
3838309
3712896
3834021
3862343
3718502
3835711
3782238
3831761
3973549
3977963
3923436
3920900
3976835
3859951
3856751
3842802
3916712
3678278
3614492
3611369
3585369
3700272
3686817
3683147
3675955
3588602
3586559
3691999
3600195
3616575
3587821
3695306
3609394
3589979
3597982
3709479
3680020
3392571
3557670
3559004
3377852
3387226
3374709
3326759
3329205
3555613
3396420
3390823
3561229
3367866
3324257
3317140
3584276
3550418
3379538
3382030
3548995
3198584
3249919
3155967
3199382
3108985
3199649
3106308
3162166
3158993
3255521
3206246
3315355
3252378
3154663
3202926
3114539
3112205
3241678
3245287
3104577
3008579
3064632
3043680
3010946
3014992
3066781
3057577
2977343
2976137
2967231
2965555
2960731
2920550
2919594
3044825
2975114
3061255
3042309
2963784
3007055
2840380
2839509
2892196
2853751
2915426
2913490
2900905
2897384
2810136
2802872
2849916
2907652
2917812
2847982
2786391
2858005
2902465
2844424
2805634
2807948
2732662
2715476
2694780
2749454
2734637
2692534
2696822
2731464
2711196
2751979
2701453
2698487
2736266
2755635
2758442
2737896
2717414
2713306
2709277
2713933
2547256
2543035
2591568
2544203
2689796
2611150
2613868
2551256
2543215
2587938
2545669
2688269
2548693
2522126
2554350
2502965
2500084
2500023
2590109
2597709
2388649
2338856
2330526
2499887
2341092
2330382
2351930
2381398
2348128
2399800
2345135
2361473
2355843
2351106
2336093
2390958
2343146
2395891
2363317
2383819
2105653
2134994
2101457
1974595
2095569
2299043
2279491
2295672
2278148
2267112
2328621
2290871
2283709
2111635
2133094
2280777
2292683
2286803
2108530
2288814
1829099
1969252
1884903
1922139
1882872
1911311
1918590
1915618
1889027
1908549
1910082
1906850
1916736
1877922
1865711
1840612
1972209
1931880
1913373
1930450
1654703
1688363
1695822
1703467
1692764
1657082
1514034
1388879
1655186
1381346
1385466
1690019
1685645
1394017
1650935
1421986
1567420
1423313
1511526
1419999
1315787
1116642
1374350
1113156
1350086
1344567
751969
646679
643926
605878
1378155
1347281
1111558
1356993
609449
1362487
1341356
1352868
1357993
1320012
603287
448012
369465
187287
207059
206570
339226
221209
176044
366309
337859
236008
220645
204664
205811
175041
205259
186447
175494
208028
161000
149580
149356
174392
110927
149114
142268
110138
149333
109888
172651
110017
149847
174796
136884
137206
137052
173264
137934
110084
108253
108099
108031
107642
105283
92269
93877
91967
92193
108187
107558
106322
107777
107823
94158
94072
93955
92080
106457
106600
81534
86979
87048
81352
76067
87468
87645
76279
87849
90221
91859
86866
90151
87733
87554
75960
81670
87373
76185
90055
75877
71382
69253
73470
71169
71879
74042
73930
73642
71774
71294
75667
73380
73830
73744
73556
68581
68691
75796
71471
66684
61006
61173
67440
59936
61556
42493
67108
67163
61094
59855
61027
66902
61233
42570
68467
67252
61455
66554
42393
31446
39165
40646
40114
39188
24814
24004
31557
23988
42208
40158
24849
24049
23188
31387
39101
24777
23231
39516
39138
19530
21927
21454
19501
19475
19305
19290
19242
19224
23124
19511
22161
23035
22106
20650
19517
21683
19485
22001
21820
18338
17462
18626
18307
19136
18589
18584
18342
18368
18633
18994
18191
17444
17413
17401
18205
17638
19109
18810
17431
