1183607364
1167574691
1167482346
1140933174
1186164939
1154208668
1186043184
1183535685
1172646637
1159726990
1145292260
1143154881
1183327079
1185923378
1145381016
1143050681
1145450388
1183680700
1183429008
1186244959
981386081
1003839678
981557079
1007757428
1004127630
981474797
1006124927
1007859094
1008199605
1003633557
1023158353
1003286380
1140818479
1003427752
983733140
1126815064
1008461171
1008071116
1010897563
1003401785
976162722
974089212
979349205
977515597
978394463
974001422
980761592
978749691
975902571
977657817
975046410
973909616
978662870
976005591
975203038
980058838
976584435
975264100
978081045
974924930
956855616
961302800
972953383
962647430
957045207
962722767
962786206
962828170
959881759
961255962
964599286
958789718
958086406
966489506
973702509
962291434
962584242
973187222
962490012
956949473
955486591
950854627
951279802
949182687
954606312
955415628
949896872
955238079
951483978
948497786
948144108
956275973
948409039
947403931
948591501
947332942
948297894
948617663
947034135
956315506
940741823
940476884
938346299
940899845
944636140
937547203
937864768
940610213
942838867
938398766
937677698
937202680
942883267
940519099
937787807
936552281
937443118
935625633
937006680
942756359
935116028
932510060
931858893
931545674
935236566
931312845
934702610
935012695
933381767
933090112
933486046
931441400
934829603
932408555
931912231
932645829
932830434
932789368
931981015
931633358
928604394
921060043
925855399
927557368
928466618
922026140
930562769
928683911
926005531
929679759
927782059
927304628
922232520
921836564
928756917
922413810
921199036
919725964
929480885
927698411
915486336
915366270
914632380
919445355
917853649
915771253
916972370
917187747
912863396
918466266
913416477
913543218
917947724
917745327
918875484
917589857
916896672
915581124
918392282
917410032
905229492
899208650
901305364
900697575
910891230
902641099
912683097
902338981
901076731
905194323
905268957
900912292
899270622
899130799
910798133
900826526
900356013
912785425
905066149
901349387
887654061
895338840
889987523
895274449
892278709
894824973
888255845
895207648
894766177
892217258
888227102
888288428
889891422
889748124
898402541
898336376
889818302
892324612
888924759
889647650
882120037
877067232
879607326
879182151
885990883
881996973
879479064
879555695
879404865
886152916
885658735
886057614
881763231
879296524
883693116
882052567
881948876
877096752
883105250
879668883
868478724
877007533
872514665
869594494
870336994
872620896
874401277
869495380
874525461
874550629
872488820
869206832
871817758
871707220
876889041
876766883
869683179
870788541
870875637
869615698
866011746
867210991
865810542
863602445
866763908
868295920
865418536
865040955
865384388
864389175
865670517
864181593
865731113
865942271
866740989
866913611
864218972
866287419
863453614
864393918
857736450
857039666
843185807
862489023
848636237
862396675
857138854
849661033
847900671
843118699
847813713
844181233
856264462
848557921
847741840
843051368
842933136
857211263
856114434
857638756
833559273
841173466
841101015
837430100
842161184
841246865
837482988
840589652
835218272
839071000
841769770
841811954
842099573
841006031
838927733
838641606
837333726
836928472
842842242
833643101
830496655
827978327
830105163
830050989
831709537
831787240
829996968
829917042
827706622
830558152
827886147
818533821
829770041
827821655
833336885
831332818
832356776
830975073
831887606
828079888
815954910
815021770
814852380
813456143
789826073
816863031
814957590
815193811
813746390
817009552
815765699
818401466
814721678
814540650
818203430
815127073
814634576
816939835
817077269
815077153
784347500
785027150
780570691
785987763
788722077
784950629
780160474
786057476
784363060
782097478
780664441
780487757
782072228
784472622
789700383
784563613
789771047
783905614
786115994
780347251
778013433
774261048
779609591
778909145
778086713
775531702
774161004
779468631
777220853
779293629
779535922
777483094
779694105
777860032
777074485
776975654
779377823
777950764
775347591
774694621
767791012
767139657
768227711
768708984
771280419
772659649
770647457
773811192
772774161
766971764
773761814
773497892
772594229
766897044
770478210
773449577
772716096
773698452
768780737
768123565
764565129
766374985
765371569
764841800
764614553
764500733
762890215
762972962
764401745
764549697
763042413
766233705
765475358
764918731
766479473
766151494
762813332
765211979
766315527
766589560
757034064
758778983
757215529
759056207
762691573
758848193
759309910
756997815
758719154
762706230
761197907
761042742
756915256
757147829
757300823
761122333
760932040
760685688
760837842
758925371
750126914
751485097
753322792
750095656
751833873
751696353
751617631
755938547
749904252
749827748
755249162
756878450
753447215
750059761
753727348
753594229
753524458
756001411
751793145
749984615
749539833
740253523
742052924
742100279
749075334
742258410
745730785
740317947
749035414
745809716
742459585
747784153
746193721
749148756
743930437
747642693
746023756
743887632
742147451
742529882
730980574
737365940
734086009
734152616
735468768
738329277
731587400
738599524
731241616
737281831
730871203
730459439
740202277
740154157
731118391
732836741
730573586
732969882
738657026
730701340
725292451
730040309
724231293
727282895
728107931
727398441
730203489
728357457
726368267
727863662
730150874
726027598
729259938
728015878
726136952
730098375
729198607
725488208
729363418
725368775
716924336
716872802
716595797
720700406
720401163
712809523
720605014
715936217
717867570
722448125
720956559
722745029
718334420
719118841
717788215
716003831
719310940
715877754
717697071
712719222
712129634
711361613
705920107
705714606
710780536
712048208
704936551
704862566
709300975
707661273
704994642
710678802
708880680
707477295
710907509
703511443
705102532
712218817
709126790
704817580
702218684
700231436
697073481
701562945
702163085
703156838
703440953
700117180
697045592
702905744
700392016
699520210
700936669
701457930
703235373
700866414
700236968
702969624
697096344
695210284
692820256
685790950
685484676
693030287
685355051
685717706
685239900
690664184
685116986
692902269
687344456
686472672
685563975
686390513
685444492
687198150
685869764
685400113
686423698
690542162
685021953
681995189
680005546
684945456
682088642
681807609
684143211
684262600
683591858
676693838
676758685
676729522
677688093
684212331
677913807
680095044
681922550
680217286
684848917
684609369
661663394
676007713
669048088
661620314
658568792
669194330
661725545
676192989
658667186
658634888
660237833
658514462
676638272
664120381
656974976
669270479
663122545
675737069
676095311
663256613
636642473
637434908
642129457
646260389
641416453
638341395
636731522
637356369
653565097
653536894
629909314
641277339
636483204
630002850
647827955
641971586
647692958
641203921
653598081
655030376
629567744
618889498
618815449
618496708
628263496
618699402
629760614
616961647
628199087
618743101
629519071
629678217
616870520
618598313
627740545
617062703
618553935
627788885
628105402
627678178
595271389
595101806
592962659
616741606
605463200
595880010
605361452
595638548
616792348
605419712
595214039
605305751
595062045
595026669
594993799
594163384
605532543
595338236
595692565
595152330
587774263
587358602
586652829
590082090
590198927
586827347
586425752
586383089
586599390
589070202
586751358
586475363
589177603
587647781
589113219
587478433
587578809
587726848
590000383
588907619
584585535
584755709
581727355
584815479
584413124
584333382
575959431
584644007
584460581
575048829
581246218
575187565
586312125
581974823
576118133
581503768
581160470
581428475
581355792
576209453
557123764
557192125
557071265
555312193
555570471
574961461
556535083
574877622
566725987
574913997
557249063
555648754
575009990
556482485
555455960
557291699
556591115
574372577
555210131
574236950
523978657
538561553
538461757
535174358
554176821
554232728
552142204
535361342
535292548
534992080
554033519
534899204
553936973
535230887
535243915
535262359
552015546
535091442
554137854
535434429
523696780
511903937
511707904
511605012
521315834
509148225
509228475
509053360
509129409
521563188
523901372
521417243
511961291
511839661
511634370
521478086
509161793
509138489
511752276
523658512
475070325
495960649
495930462
495994063
474924944
475123188
474750241
474711076
460460807
496227109
496301679
496052449
475023483
496067284
474792725
474890521
442742933
460569968
496132625
460520148
410786851
409861623
413893201
412044994
413533432
382161090
414704092
412442324
414768205
413854999
407646360
403826384
409559888
382948587
382697904
382686079
409685515
409741661
410667179
409894946
359687701
381316691
380089050
351168075
379787036
359526215
381207039
359590098
351114360
349808850
379859748
379680718
380162688
379708932
382069034
373019920
379720702
381270061
380132917
381139422
316889854
307565355
348580040
316807299
316770600
319393052
317230337
348341735
333857302
304370463
319332655
285780593
349752600
285819137
285079640
304452537
318210257
318160626
318089251
349662826
274218504
255752422
285052708
277746773
277079604
255712972
277669688
277165662
280080921
277041237
255786930
254772263
269192521
269142773
255650186
277161383
269097026
277077188
275298742
278552120
247481616
254665294
248556198
247882467
249843122
252984004
254718373
252635594
252774090
248802111
248590835
246355254
254425822
254363139
249851033
248747878
247844984
247794040
248861582
252569572
231628094
233457407
232502354
236883085
246297901
231526144
232675666
232629620
236807065
232580334
243795984
246247923
233283920
233436181
232542909
236741631
232475214
246119487
236931277
231683676
220459177
218661766
230919221
223341473
230626940
230952630
220814010
227176205
220414005
220184511
230641950
220102271
218667170
220223243
222568791
230868048
220379204
221774908
220442484
225376971
214286652
214596505
214637520
215212279
214672362
214746534
214642018
216441931
217162723
214630341
217923581
213040266
216474309
214793437
217093840
217183951
217956701
217129931
215187957
214257205
204025823
210710376
209727522
209827876
212316399
209043882
211522860
210719473
208674887
211568181
211446731
208628579
210752976
209787755
208919622
211491492
210474853
210441689
209688844
208994222
201670278
203850163
203991454
202051371
201775130
203871705
203837999
203777585
203309188
201613755
201834212
201300436
201157585
201724240
203801733
203959775
201197440
200952074
203032745
202078425
200858874
200811319
199808640
196807894
196143538
197978709
196813131
195536902
200927379
200895078
195502772
197717766
196171853
199855159
200931250
199053295
195461838
196747642
200838136
198496253
191731984
195090694
191768906
191475466
191134932
194825836
190964185
191420659
191158066
191800710
191094834
193883393
191184586
190926933
194851963
195146645
195299940
191699745
195170800
191059228
179743323
179696727
179832835
190767966
181096187
189626628
181630290
183147653
179861962
178081830
190431251
181722823
179706483
178057159
177701295
181673823
178447005
190764235
190757434
190221741
162518322
166596618
167220084
175961593
175794190
162466647
162554956
161563539
160777032
161753084
162348457
161316265
163659600
170185728
176775640
169435218
169395639
161703243
177099549
161521245
150948563
156223851
156253717
153849751
158779371
153831468
153396487
157115485
157126547
148124891
160672261
150039620
146779607
150904698
153742320
146742825
148120328
143585403
156279733
153767966
141352764
139099326
135773808
137427327
139797247
143544119
135671507
138416520
140403205
140786537
140739207
140608846
139029360
137471766
138411048
140539578
135894572
135734783
138376265
140816613
135590037
131855882
122847890
122805788
135346192
135107438
130910588
120040921
116694927
135069095
135020345
135550653
122891707
119994490
125409823
120080883
116763804
135324568
130959168
125444406
91259816
116111623
115594693
91137762
95323351
115579913
106256988
98693999
94757676
94720275
116681590
115613721
91250729
91297497
116591713
106308188
102391847
99687332
115644755
95354427
76018569
85221469
82196680
82367689
84219442
76078879
82482507
73926407
76104111
82393562
83634596
83558618
81469406
85261503
84252014
83434725
76127594
76056993
82241187
81583917
69445462
69069954
68918550
69272143
72637186
68510634
68541864
69926644
69257474
68564048
72846231
72531199
69507858
69045901
73437204
73432619
69472036
72612024
68597786
72830579
68184169
68480045
67832680
67665961
67650613
67618136
67681432
68493950
68314494
68355039
67955205
67648179
67902567
67625976
68405792
67593968
68306099
68335866
68325748
68299392
66734029
66308979
66772801
67401051
66354592
66784460
67296670
66381555
66796455
66599776
66743029
66580375
66770491
66554911
66298314
66754937
67432745
66394308
66144483
67314024
65524375
65690764
65300272
64695029
65030860
65886452
65494937
65743994
65079969
65931175
65334516
65483028
65918170
66109122
65090647
65077282
65018449
65718111
64662811
64635757
63571451
63211567
62948130
62770116
64622582
62521064
62143353
63478565
63582101
63431272
62928352
63813433
62202804
62108929
62565582
62794543
63789977
63164373
62099700
63140379
61313628
60462970
60206935
61823854
61743231
61769130
60776221
62089975
60289552
60808083
60230099
60251035
62082529
61294954
61760565
62069967
61694155
61791771
61888718
61864315
59618866
59103879
58443354
58466267
59598358
59707429
58684770
58641850
60119078
58666743
60019484
58420066
58705068
59981062
60023788
58745586
59141724
58751952
59639633
58518631
57359991
57310812
58278947
58239375
57000708
56913865
57380132
56857688
57811372
57770905
57903029
57329141
58091332
56803187
58264479
58070378
57856893
57239852
57029059
56970290
56512206
56399337
56454579
56728886
54701842
55606747
56551510
55398771
54682758
56786753
56546172
55428903
56762716
56361352
55714606
55587142
56754657
55418537
55721577
56569441
51621948
53553405
46419352
53601658
49086419
40899743
49148185
46416548
46404491
40882393
40856606
51600593
51593659
49135222
41164631
51608619
40871530
51298815
53774452
49156417
39929326
32103572
37222806
32155856
35726662
32140241
37169938
35456373
35735881
37462526
32063594
37232691
37198801
32081368
37211838
30514522
30505683
32144054
37244814
35468736
24696836
24666385
27443780
25800046
27411935
26016350
27431246
30465409
25603165
25409196
25276123
24857059
25586749
25267268
27235086
25806993
24676926
25260738
24625134
25990348
23888939
23896371
23920515
23902732
23088278
22425076
22420153
21951157
21875571
21866698
23111450
23769010
22009045
21884377
22381889
22441734
23871222
22431879
23866319
21768880
21515580
21436293
21333856
21577006
21355378
21502283
21416888
21764351
21572459
21402377
21396909
21422295
21389738
21348896
21581205
21524084
21343151
21433016
21494522
21427848
19978675
21000473
20115443
20085989
19977013
20122434
19990776
20107280
21326244
21319442
20781603
20093549
20089399
20066220
19981949
20295055
20080807
20775040
20994996
19910392
19779578
19723610
19589960
19544592
19717174
19733705
19904369
19769371
19652788
19728992
19584016
19569482
19578005
19774277
19657163
19649019
19596448
19861126
19641604
19872612
19399329
19538671
19392045
19359181
19344416
19287842
19473609
19273263
19249598
19254348
19139532
19468364
19342031
19262556
19477894
19354138
19348094
19362442
19280939
19407750
19029974
18960894
18783714
19025160
17523708
16222878
17005443
18967795
17462771
16537292
17010985
16547778
16973959
17470789
17017682
19032707
18751777
16374565
17573714
17021191
15610928
16108362
15194511
16065878
16122626
16074790
15580541
14227521
15589226
16118587
16056914
14233610
14237844
16089654
15598265
16098538
15947302
15963762
15951414
15574550
11650939
13907202
13578372
13920485
13535854
13553492
14220075
14210040
14162434
13527570
13738013
14190713
13872213
13700125
14157859
14146893
14141380
13913691
14153651
13574566
8130847
6870542
9025109
7103831
9023633
8135648
8141563
8300877
7105967
8670758
7055062
8120027
6868034
8208590
8123967
8677023
7011646
8695457
8127274
7007061
6614055
5723369
5689835
6004389
6415013
5457851
6420051
5506806
5682847
5411100
5407981
5692537
5687206
5719029
5801372
5402340
5685874
5807100
6310493
6001373
5180212
5392244
5061360
5395223
5191202
5227299
5219491
5056567
5128157
5342294
5201898
5344628
5204656
5125266
5396246
5217371
5388656
5182725
5132515
5398769
5043092
5037070
4918130
4925671
4981207
5054940
4747128
4736522
4922240
4992439
4743322
4990855
5040156
4733826
4986551
4863213
4856487
4859065
5047951
5050676
4632033
4554535
4695476
4567853
4565590
4558119
4699267
4551794
4484782
4503829
4691976
4732216
4561361
4629190
4433338
4425580
4702710
4708057
4494383
4429635
4421413
4350025
4252341
4278786
4355087
4283096
4367492
4261227
4201913
4371678
4334497
4173549
4172017
4361779
4275261
4256483
4358190
4248949
4268136
4271617
3982666
4098150
4079084
3916308
3922442
4088013
4085024
4090408
3972651
3925461
3836766
4086323
3977154
3979469
4095102
3974869
3919883
3912595
4085346
4081159
3688500
3702637
3603435
3684412
3678710
3552330
3785527
3548937
3783260
3610313
3617522
3590981
3693260
3612685
3607838
3555612
3695928
3614985
3835217
3605493
