1194960401
1195154798
1197497529
1197315151
1193937305
1195347772
1197752069
1193084989
1193867071
1197658944
1197222937
1197810513
1195254768
1195425652
1197710408
1197603002
1194134202
1194010796
1195037050
1194781318
1189164476
1189252905
1186294552
1189558460
1190611420
1189476364
1187442567
1186363123
1188443063
1187348301
1184895240
1184613778
1184508765
1185898707
1187578273
1187228863
1189360456
1184752412
1184402613
1182492381
1168687244
1168575264
1174973507
1172272199
1175183251
1181350383
1182170459
1181415647
1182275950
1177831921
1175064211
1174864586
1172646637
1172397347
1181471882
1169124910
1172495623
1175135833
1181295008
1176977544
1167574691
1166164731
1166223277
1166417164
1167482346
1165357423
1163079715
1162932188
1162146641
1161753436
1165262466
1166353928
1163980843
1164119038
1163185752
1165436415
1164262765
1164020092
1161788311
1164195155
1154856190
1155740169
1159061527
1158718027
1159314014
1157725223
1154661076
1156683630
1159369689
1154427156
1155641414
1154762224
1152482585
1159158844
1158960140
1157658387
1154514755
1152411701
1158835843
1156852992
1152301712
1146315260
1143210612
1140933174
1140729260
1144839052
1145159212
1149899713
1147801248
1150625850
1152186027
1142818538
1140818479
1147746027
1150553107
1143154881
1142904240
1143050681
1145005715
1142696028
1140617750
1138486664
1139926833
1135945582
1137745640
1139614140
1139796601
1140517845
1140060306
1138370477
1134101295
1138548833
1138261338
1138152404
1140358791
1139300270
1137999576
1139500108
1137888140
1139386134
1132194717
1132561378
1131168746
1128196931
1131222349
1131120133
1128349441
1128606119
1132809386
1131026399
1129559094
1131074202
1131943735
1132340716
1132066385
1132675727
1133257569
1128429891
1132949882
1129666124
1125767601
1118041774
1114858407
1125866914
1125560794
1127011832
1118151168
1123373553
1114640018
1119507831
1114750381
1125225019
1125087978
1118346105
1127120195
1127930807
1126073384
1125986533
1118227852
1127827756
1107029290
1110221698
1109638615
1111634548
1111394993
1109201301
1108326130
1109411077
1113993477
1107108879
1114040183
1109554694
1110303713
1111700637
1111520879
1111274139
1111768420
1109304134
1108500560
1109471355
1103911265
1094434626
1103204977
1091424957
1095791212
1094554489
1105641424
1103653744
1106821205
1095231090
1091326166
1095675313
1100887751
1103756100
1106941108
1096340133
1094363570
1091175346
1100823233
1103310775
1082162486
1082312411
1087470203
1083500733
1086480544
1081352830
1086613422
1083386653
1089198318
1083447927
1081429466
1085353107
1085406291
1089007527
1091086652
1082440239
1089122159
1088898299
1088760742
1086745459
1079361142
1078361971
1079669663
1077533457
1076245637
1075178668
1076077888
1075303906
1074055262
1076374399
1080182722
1079789735
1079417688
1078091477
1072726771
1072652913
1073680329
1078228588
1073534717
1076512393
1069679924
1069542705
1069602263
1071176793
1070756105
1070535092
1072229126
1070816256
1070223752
1071067346
1070645601
1069838586
1072568182
1070303271
1069799405
1069747396
1072153121
1072478252
1070955413
1069866891
1065687445
1069375006
1066076569
1065731792
1065954824
1069476697
1065899834
1068247747
1069122529
1056179139
1069163338
1068342328
1066140084
1066008956
1065801911
1065601134
1057668952
1055979544
1055588622
1068183077
1047246240
1048439284
1047137446
1049555402
1044843086
1047593680
1048253627
1050179563
1048310371
1055242638
1050439082
1049461265
1048386657
1048345522
1050166766
1047371319
1049681806
1047469182
1050515831
1054845593
1043028309
1038885298
1035114227
1037790175
1042091498
1035229010
1040836015
1040640983
1043255235
1042900222
1036826974
1036879505
1035762950
1043109821
1043345749
1035416648
1036998343
1034094667
1042744223
1037611858
1031224605
1026232448
1024740756
1025263717
1031056618
1024450516
1020928883
1020796335
1022991224
1021577384
1031579880
1032363505
1026714528
1032327760
1023127849
1022676308
1031476383
1024651821
1022859307
1021500763
1019829939
1017784339
1017838537
1016669493
1017717256
1017276252
1019619896
1019491375
1019782243
1019714208
1018653075
1018536567
1017388688
1018804325
1017660559
1016783020
1019549116
1019401677
1018939732
1017898350
1008662245
1006859893
1009345158
1016597673
1015927427
1008590095
1015405863
1007273774
1015784608
1010961205
1008777201
1008461700
1006822527
1009258586
1009445741
1015875351
1006788099
1008717514
1009716275
1010877478
1004908150
1004862305
1003087844
1004425182
1003406471
1004938516
1006719568
1005035388
1006640748
1005095536
1005176987
1006525349
1004998943
1005994542
1003533623
1003166011
1003228065
1004498743
1002633622
1006123764
1001316295
1002453527
999423863
997158101
1000211247
999565743
1000311732
998086067
997985272
1000399073
996966346
1002556636
997843704
1000521712
1002232853
1002109050
1002359903
1001970386
998899584
1000468970
992218915
991961003
990938905
990801408
990553249
993383315
994595192
993651974
993449704
996750638
995250305
991319220
993534131
996362621
993692182
991884062
996276022
991831551
996686358
993602777
984445136
988993201
986533479
988245639
984313350
989643138
987278726
986371960
984869765
990473550
986920993
984752148
984569145
988087552
988038308
981088252
986444780
988670236
981173877
987158437
975906956
969757349
977114526
975214911
973977160
978677286
971611370
969892489
973359727
973178554
971491891
978582008
974057918
973909616
971575763
973074824
975162868
978767006
977153565
980696209
954830981
956914981
960713514
962207236
966930498
962529992
962448496
969316235
958769222
957177834
955752233
954910657
956600634
954997378
962108724
962021335
958647703
957239740
962321014
955041285
946661087
954454312
949956241
938995021
941350000
954130249
940256629
954714930
953283588
948272149
954299361
941135892
939750344
950154310
941249308
948138786
953380857
948891383
954547287
949343131
936645067
935116028
933823233
932033432
935388823
932093650
935489869
935236566
938063943
933350516
933767320
935949896
933539965
935743633
933660378
938858748
931981015
933445062
935920998
935869039
926565728
931858893
921060043
931759661
920438386
931369546
922788659
921615040
919817048
923017304
922232520
931912231
921199036
922947953
922885195
922413810
920509752
920959041
920369345
921348266
912381780
913764595
913990540
912881130
916948042
911934983
914062388
916882988
913063483
912413316
913440525
915445498
915068605
914973847
916801426
913529076
912351715
915991227
914147469
913919592
903129846
906363601
903050189
906758923
903798776
905187461
903234698
905895684
904662090
903312089
902817192
904120061
904772371
905143685
903281029
906856029
906076536
906644338
903851481
905245180
899480224
899281895
888187965
901761338
901302880
900753585
886922604
886787834
902527281
901875025
888132314
900155255
901344234
900995693
900780935
886182671
900862900
888166466
902691482
902335046
882720060
880713106
881077774
883388831
880791562
879598524
883212736
884579430
879719390
886106814
879505323
886050362
881810502
885937383
885855915
881929547
882634721
879663449
879425272
882032828
875330801
874764494
873578969
875406400
875723076
878459772
874823138
878584853
874625118
873521356
873446448
874681574
874796913
872929275
873375319
874731681
872878292
873980158
878293359
876202239
869034688
872795901
870457125
871796340
871205079
871842120
868845911
868250535
868784319
868172601
872730288
871994365
870776183
872342078
872093085
871256411
869129788
869257636
868707948
868277974
861263083
862117618
863232543
867624630
868136696
865803811
864956606
862828239
861980876
867533862
867468389
865941504
862917162
861934584
865144611
861736299
862967171
863126406
861877921
862069277
857004810
854614865
859055089
860809644
859495305
854661250
859265221
855799223
858142214
854570780
860712432
857269829
860927143
858197331
857195540
859393042
855205581
859845148
857741214
860861689
854527272
852383616
851439975
848534701
848690539
853896156
850529550
852219076
848583966
853088510
854451249
852126858
853205037
848638645
848113069
853703923
851744775
853600365
850574032
852304358
841059781
837964820
841781728
846296801
846640731
843744499
841823335
847478951
840142525
838047903
845905981
847995512
847484923
839965926
839903641
838125734
844227654
840986228
846208572
837902345
835995928
836039762
832379846
834411350
828744695
828826519
837852812
837799831
827004202
832421035
826935861
830817128
830661849
829124863
825492589
825424070
837771261
834494841
835119257
834305182
814482800
810319323
811980425
814681447
814752603
821216776
815664326
815732099
814823833
813842349
815692625
814613229
825047511
810236843
813889035
812369953
815784441
814550120
815905183
824980934
802030657
779404095
779082801
801574575
795925590
810182435
803087242
792520432
804998688
809998939
802988819
802729895
810067724
804093674
792456434
780607458
779176875
809538066
802660382
779281560
777094668
775544544
774691845
775393297
774763662
772861596
775436716
773916059
774509791
773810491
774734496
772900436
775868111
774003208
775274151
777168605
775770057
773635681
775337326
774566418
770043492
771330377
771022565
770796821
771875873
771751021
772677704
771816961
771693867
771377085
770958017
771550255
769973319
770114512
771456839
770921607
772736571
772599376
772792563
770866284
769890017
769799071
768669201
768227711
768337318
768057112
767946281
768876236
769104295
768322174
768147424
769041262
768930930
768407630
767888227
767839598
767852450
768795553
769858872
769204593
767047342
766776728
765608134
767798040
762691573
767339440
767470168
764788494
762706230
763143407
763286836
765398613
767187759
764870726
763212607
765061889
767410882
764733248
762650278
766984544
756131414
755873711
760343521
755591452
761485371
762537662
755464546
762576986
756263550
755517210
753647921
753558163
762476256
753722589
762608702
761606346
757479008
760837842
761736778
760763509
750275658
747854302
748001374
747935139
750452454
750901542
750152789
751833873
751696353
751617631
749191977
747157291
751986679
749057400
747778417
753506845
751793145
748035962
747077296
750998699
747026635
740508824
740588760
744497192
740372853
745730785
740437680
742947612
740317947
746513323
738820283
742739185
741126664
741276246
740999950
744695457
744610675
746395298
742847881
744238002
731131160
738005516
738398491
737118474
738738881
738652986
733823764
733917057
735812090
737928538
737718686
738482245
738430257
735641340
730739595
730966570
737031060
738524737
737825997
730664463
725592377
727519100
726707863
728872644
727297587
727398441
728544363
725636182
725436859
726528570
726929631
730264177
726795844
725692220
728778490
730318127
726433753
727087023
725261919
725189004
723522576
721044502
720956124
719171355
721911107
720700406
718463250
717958113
720008037
721557941
721760008
717867570
719832628
719280820
720900138
723445415
723362927
720566492
719942522
725087231
713838015
715256232
715045296
713757195
711885069
713258262
713365304
714979634
710194663
715779186
711769221
714568642
713162633
715464229
717788215
715551639
710083587
717500975
717697071
710284130
702218684
699894607
707968092
700231436
709978014
705017744
708045599
702163085
700117180
708134061
700039061
708209566
699418368
698066711
709852852
700392016
699520210
700236968
702085510
700011983
683865284
691967310
689263808
685484676
681995189
690664184
682088642
681807609
685815519
683766756
688642921
688516573
685563975
689121715
685444492
683966387
691841002
681922550
690542162
685731884
677937147
672362893
674332226
676007713
680005546
678073287
674432876
674255001
674178588
672157004
676758685
676729522
677688093
676192989
674578842
680095044
676095311
680217286
677826914
672435695
670804812
671128027
672086426
671978982
671909362
671182626
670921556
669395357
671022048
669500720
669194330
667493894
666301601
667479121
671851123
669270479
665688999
664120381
665586237
665769743
661663394
659996844
660070452
661620314
647892812
649375875
661725545
663461821
649232910
651954937
663280186
649310570
658235858
663370127
651594512
651573964
656454397
651664193
658114969
647827955
644949784
644853257
642129457
644620399
646260389
641416453
642294644
643000838
642380894
647743718
647648050
644707737
641277339
646362784
641971586
644779428
642213800
643197069
643125696
646467209
637738701
634188017
634284677
635749346
635832782
633810336
632543090
635630047
637561062
634043450
631942917
637629592
632052827
635921401
634110813
634246231
632602539
641203921
638415819
632482672
630159315
629567744
631870865
628738608
628263496
628395876
630222787
628315920
629519071
629678217
630093917
628650399
628525603
628807292
630416864
629909314
630002850
630885025
630988795
628455793
627429201
627057242
622511830
624150419
621376152
625393929
628199087
621455127
627301020
622859820
622795221
627357954
627757803
622726869
627121536
627480875
625628402
624232344
624290566
622561889
618815449
618889498
621070993
620670685
620618370
619756015
621164027
619433952
618743101
619117897
619165456
621251306
620392546
620826842
620431496
620482138
619719183
620912947
619354297
619503111
618144305
617883894
616264056
614668404
616961647
618699402
616870520
613071101
609116411
614779111
618053227
617062703
616792348
609077019
617975072
608885640
614718304
609017621
608950745
614455066
608399475
608290703
606752797
603787548
605199550
608822919
606320777
607260174
605993432
607205213
608621592
605944955
607134027
604981010
608766307
606970911
606859078
605113590
608693260
602437134
602180726
597248542
595271389
596585067
596013781
602312566
602367184
597736523
595101806
597818305
595880010
596270994
595214039
596534592
597132539
597183496
597887655
599315385
595338236
595152330
589680138
590264625
590198927
594749211
591779793
591498630
594540976
595062045
589725514
589070202
587647781
588779734
594624169
594669526
590075176
589113219
589843943
594800860
589960582
589770680
584585535
587141571
586827347
584413124
586599390
586968234
586026960
584460581
586751358
587390108
586090427
584948836
585881833
583846808
582198194
587478433
585964563
587578809
587066160
586652829
579032105
580332628
577600582
578467882
575743306
576288619
582146777
576355001
578422549
581937902
577818735
578544693
575462031
582081040
577756571
577678952
578918710
577079857
581817104
576209453
573070892
571419267
568058994
569596511
568252988
569481895
568110925
566918202
568159337
575187565
566973135
566851162
568233922
569546465
567992116
574372577
575361212
569405583
565762201
574236950
564909369
565602426
565720285
564456122
564837383
564550332
562970627
564640210
565121549
565549811
565487170
565031318
563516827
563034416
565664677
564775817
562904422
564705643
562860397
563428821
560732902
561019746
559660727
557192125
557123764
557071265
562826171
560825720
562064244
556535083
559458275
557249063
559574834
558819252
558420459
556591115
562355523
562167387
562407206
562460869
555735433
550728155
550632310
552537446
554582721
555813294
550565984
552142204
555883182
553162721
553566515
551065129
554033519
553936973
554761460
553347188
553466458
553421982
554725625
550986085
549662138
549713301
548867668
546405126
550440894
548779265
544965157
544916425
547591077
547548676
547525998
546538163
547074780
549757958
548806588
547140137
550184819
547508873
548837665
546492602
544302243
541629635
544362271
541359624
541308016
542549438
541649587
543649612
544425482
544849471
544245426
541737715
541705082
542467218
543812068
542696415
541674938
543098702
544161473
543064501
540030193
538712868
540321277
540433601
536013647
537410763
537808038
536146951
537782628
535683307
539172404
539131374
537761558
540357099
538541261
539140336
538582868
539081683
538639834
539055421
533362816
535174358
534649336
534484286
529708109
533392248
533425913
531957039
530122664
529608492
534700522
533816492
534538533
530212827
530167459
535091442
533869661
531418981
531347659
534742819
529366915
527808402
528363574
527299564
529312881
527862240
526477045
525747033
526011019
527293975
529230473
528408119
527344378
525781053
525837823
526507276
526545490
527928900
525912291
528515730
523696780
523978657
523658512
524832114
524150980
522119314
524157559
524999145
524138999
522029168
523901372
521978254
522858509
521563188
525082927
522759990
524179612
522674739
521478086
524218405
519281952
520425279
517521548
520562317
521315834
515625823
517586899
515577917
516208609
520500774
518314106
517247176
520624820
516136629
521417243
517632336
519209488
519134506
515543035
519348567
511903937
511707904
514195783
512558790
512332877
512126815
512789613
515313037
512265707
512210962
512396908
511961291
512071237
512688207
511839661
512631322
511634370
511752276
512487091
512858624
511605012
506058172
505481729
505368103
506239581
505853453
509228475
509053360
506349817
509129409
506172987
505788435
505538737
505600042
506294812
505252239
509138489
505312099
506112886
509148225
500525781
496974868
500613361
505039410
502505848
502471119
501515372
501584454
500563798
500127537
500050436
499167057
498765089
505095957
497108843
497061631
497204984
496981376
498691819
502484908
496913446
495960649
495356603
495173670
495278182
495930462
495994063
494991862
494909685
496227109
496301679
496052449
493591595
496067284
495069185
493721493
496369410
493528034
494816819
496132625
492516037
490495445
488518325
489069779
488985518
488940139
489964519
489012834
491891642
493468513
491687453
491561470
490536559
488917350
491821653
490622553
490573346
492476067
491947742
493379652
487538638
487572946
481034926
480267424
487608133
485495407
488356758
479876886
481638057
486993989
485628849
481606920
480239429
480988442
481117569
487071734
480310209
485434396
485689277
488429258
476828410
479841183
479543728
475856739
475070325
475737240
474924944
475123188
474750241
477120785
475587056
475023483
475654730
475797206
474792725
474890521
476919266
479629742
476631030
477018891
472599337
472468025
471347860
473165662
472143897
474711076
473371746
473506523
471879413
471911923
472092239
473975594
473496917
471899036
472040862
471941667
473443123
473321624
473130509
472676791
470541373
471278739
470622725
466872134
467725076
469325557
468888105
469298008
470619017
467578154
469354719
467643262
468943616
469954278
468158852
470518646
466894908
470585608
469001557
467522211
461945084
466478886
458046318
463167602
461776049
459391364
459841919
466844564
463268114
466377285
460460807
461833915
466503109
466412014
460569968
460520148
464830279
461890126
459796072
459762420
455566062
457184035
456451246
455867678
455784087
455713296
456375715
457126685
456311959
457759214
457615978
457252609
457988776
455447005
455638659
457901100
457698218
457132580
457215661
455649536
453367132
452167251
451451075
454013241
454070976
453167794
451552137
454921008
453244465
454706069
452202511
451624839
455408314
454767475
451365509
452145728
454639499
453423225
454838081
453307016
450612575
437920379
450666807
437868373
437802214
449875406
450636570
450101152
438766952
438163260
437980974
450193433
439275017
450125524
439237227
450024165
438022775
437836330
438065276
450698990
435151538
436763980
435057580
436700766
435238762
435922566
436559474
436478009
435990842
436874083
436650787
436511893
435795711
435727611
437782677
435088898
436590376
437364413
435841667
437441994
434172850
431531471
431112930
430806478
431643658
430144240
429521014
433054738
434245365
428897300
429731555
429593813
431568553
433849231
428955574
430193894
430228049
431044323
434000068
430165424
428809351
427307498
427334249
426182797
426129705
426018825
428182081
428329128
427456732
427345175
426915788
428244107
427387389
426264869
426991471
426540425
428859405
426391933
426062941
428402938
424463045
423866102
425214955
423790747
425327375
420997363
425131467
424392394
425939961
425073534
423295168
424276596
423380564
420789183
424100883
420929087
424203732
424017465
425896527
420887208
418478621
417933706
419778284
418097511
418142165
419717927
419860085
419790520
417003173
416349697
419884366
418503286
416456318
417013823
420721463
416952728
416374839
416698218
416720372
416384548
415476502
415410177
415719331
413893201
413975894
414226807
415626782
415198151
414176833
414284941
415699558
414704092
414768205
413854999
416288250
414624991
416329213
414105135
413520375
415947975
410786851
413255185
412869001
412402270
412989355
412752280
412633302
412377107
410718932
413095479
412694935
412442324
413415919
409681478
413467501
412486899
410562338
409747852
409627018
413333873
409546219
408053333
408021045
407432833
406961045
406937478
406574527
409488076
407644430
407949413
408700196
407552966
408055813
407597609
407972769
409622533
406587588
407523861
406983736
408000470
402827502
402759792
404322232
401797474
406122594
406455441
405703166
405861858
405760356
404347328
402166948
401749017
403195384
406514936
403826384
406291321
406184649
401805847
402139297
405906980
398902587
398309701
400714995
398344096
399867449
401065802
398937260
400598044
401102724
400662555
399899539
400658542
399944052
401422106
399122864
401116814
399511390
401647910
401481999
399171658
397886156
397502207
398270407
398218592
397678448
398006138
397623607
397552890
392864296
396984283
397772585
398123292
394157578
396035291
395959130
392081512
394104894
392933099
391689747
395912413
390170153
391118545
387443544
391218408
391176293
388724172
388936932
387493362
391296102
389033109
390436004
390917838
390109509
391610079
391062211
387382089
391004786
390885195
391529304
390345558
383403142
385099404
383270981
386527788
383351080
385895668
387086489
385997615
385792860
385938990
387175602
386397696
386871001
387013073
386767812
386258174
385856201
385188144
387271120
386059067
381609784
382373244
380089050
380575285
381634240
379104098
379023379
378162577
378120918
380489681
381667512
380162688
380518880
382302076
381587231
381299310
380132917
380539844
377747719
381336737
370162578
368925546
368823795
370108247
377683449
370051587
369584426
374718834
369366581
369723053
369315831
368872349
368737585
374925070
374854034
374788452
373784971
369461341
369419410
372615293
362577335
364890889
368645796
363716611
366066661
363541447
362485181
363829323
365039682
363652506
366022685
365000889
364824724
365905696
364954863
364736961
365091836
364704618
365961838
362740831
359687701
360887647
360520634
362377795
361296222
361421835
359590098
360781315
360453191
360734060
360613396
360827763
360672886
360568619
361169374
360481805
361362737
360951726
362419975
361097937
356389681
355004648
356306540
356103938
355043130
357368545
355208593
353919331
357440685
352699783
352745314
352393093
355159665
356212291
354883534
356345000
356266095
356144540
355123192
354789727
347526533
347394196
347446669
348614311
345251052
345303062
341352917
344732342
351383143
340802397
340754894
339724107
341228287
348563071
340594185
347317666
339197828
351331390
345350970
346440612
332891893
333548602
335284789
337060019
335373438
332947844
339063699
339132022
335227397
333011904
337013327
333520398
333175075
339032345
338047646
339166362
337718624
335972906
335427052
338084347
330861804
330499616
329691097
327332058
327440931
331754495
332813107
330825134
331817922
330757497
330645420
329663710
329626804
327286745
330561796
327242234
331688765
327173541
329468325
329411172
323485509
321552742
327093642
323311151
322437976
322382829
326865940
326789546
325621138
323385581
325779056
325933236
325702326
323432534
321512148
320506002
325919186
325896785
325543213
325928065
317419872
319354533
317998072
317489845
318293478
317273648
319391028
319932149
318329884
318135232
319794925
318200929
319286139
318608148
318059129
318880667
317636724
317556251
317341131
319772511
315684668
313238277
313441088
313530657
315398091
317230337
313305132
313086081
312627471
313151559
313145244
317265438
315629089
316853130
316732798
316785002
316622849
313587761
313481983
313390990
309869077
306634731
307418913
307398038
309731097
309789985
304733103
307665899
312334948
307710204
305789209
304663069
312584593
307518574
306473806
305761504
312351665
304764732
312283311
307565355
304179738
303876534
304609314
304558290
302161256
302002495
304370463
304021468
303944410
303771811
302113691
304081132
302041963
303243964
302858560
304242300
303830955
304452537
303989522
302076592
301844796
299556500
300479434
299426322
300605093
301303684
297447176
299493344
299447977
301867466
300647207
301784068
301040716
301704403
300545486
298435995
298383717
297484723
297404757
297341931
296154404
296439153
295365004
295282339
295846440
294956942
296512238
293829858
292867090
294073674
293778016
295428904
296492442
295240993
294194257
294136990
294015437
296300414
297278590
296372312
290186341
291488677
289154385
291355942
290265313
288169388
287958309
289255476
288123692
290343742
292728669
292694121
292747600
290450980
292640051
289211329
289319624
291597721
291544617
291418225
285026953
284698900
285052708
285009271
285570674
285502185
283497858
284707783
286675052
286333192
284757158
285440815
285706571
284645274
286251736
285743622
285079640
283567288
284590788
285114878
282459496
282490738
281340347
278901849
281240450
281308977
280241817
279038407
280023423
278000420
282416516
281380262
279089332
282352085
282276101
281194510
280291773
280158564
280123594
278038579
276461069
277448124
275508104
277655829
277733271
277914074
277959319
275434573
276822918
277424532
276520131
276556134
277585026
277506903
276613983
276744055
276787248
277992785
276852766
276696671
274218504
270464450
271994278
275375213
270376880
273018235
270309706
270212031
271376721
270880507
274358676
273123857
270252420
271284174
271339735
271445145
274150628
273072022
273188808
272974480
270154242
265435941
265174741
269451635
270200871
266420898
263203186
266383011
265494733
269627977
265389175
269382437
269576320
269263447
269503071
266457410
265535714
265090471
264289325
264262010
261161075
259171538
262856243
262063827
261961429
259063629
260160758
260118096
259109413
261208027
261248698
258113381
258072888
262003110
259209662
262939285
261263320
262822972
263147870
260203481
257905016
256994012
255752422
254665294
255712972
257083221
253896430
257975598
254718373
257130494
257825799
255786930
254772263
255650186
257037760
254425822
254363139
256938826
257090379
257784607
253870630
249940110
249976414
251813639
249731542
253730931
251052056
253836046
252635594
252774090
250010396
251764375
249674415
250104465
249796535
250063513
251851181
253799584
251905525
252569572
249161957
249621455
248556198
248176232
248150746
247882467
249244749
248236098
248276402
249209753
249515245
248802111
248590835
248076812
249540232
248116878
248747878
248030043
247844984
248861582
244777846
243138802
246297901
244749116
243660971
245455561
243212631
243609232
243577104
247781064
245562604
247235585
247174850
247116036
246355254
246247923
245495398
243964249
244694094
243638513
243053010
242909312
242086314
242056327
241995588
242333235
242219087
242123347
242648385
242356452
242706827
242302263
242244232
241661634
243029091
242976438
242175679
243167862
242675619
242844907
235972628
239639914
241285610
241378025
241348812
240517169
240596217
240448672
239528285
239562715
238962511
235951488
234912630
234885312
240553853
241262565
239674671
239761484
238997745
239600338
231683676
233457407
232502354
231852005
232675666
232629620
231755366
232580334
231889734
233202035
234878674
234168104
234085851
233436181
233283920
232542909
234121477
231760917
232669768
231805311
231145822
231091287
231377910
230919221
230809488
230952630
230626940
229423709
231149467
228698564
231052033
231364470
230641950
228632668
228030922
231118819
228596746
230189541
230868048
231628094
226259385
227233575
227938199
227189793
225492161
225667638
228008125
227274275
227981561
225584816
225521891
226291417
225626672
226490385
225723774
225702360
226450972
226530863
226224182
225558076
225456414
224111355
223341473
221702075
224800999
224824728
223296118
223986801
222614724
224725012
225425655
224023464
223375919
225304772
225253407
225120461
224081674
222568791
221774908
225376971
220321735
220633201
220459177
220814010
220656893
221012977
220414005
220352165
220184511
220102271
221364666
221009818
220611836
220223243
220588533
220379204
220740066
220709180
220976829
220442484
219813471
217894605
218661766
218586115
217222857
219451305
218709361
217162723
218667170
217923581
219784084
218014498
217990328
219408232
219835503
217093840
217183951
217956701
217129931
219480342
214396750
214286652
214596505
214566796
214478657
214637520
214672362
214495077
214746534
215061424
217051650
215079827
214642018
214630341
214793437
215059287
214440640
213988859
214257205
214528471
211837087
212250663
211824964
213162480
213916891
212373423
212296846
213008874
212258441
212181513
213040266
212421434
213910662
213947782
213084145
212416732
212334568
213120288
212343765
212219537
210710376
209727522
209827876
209043882
211522860
208628579
210719473
208674887
211568181
211446731
210786762
209489140
210752976
209787755
208919622
211491492
211809443
211404524
209688844
208994222
204025823
206537398
207220875
203850163
208506161
205778172
205928144
205892981
205746687
205139715
203991454
203871705
206489008
208509291
207315238
205821629
207173343
206517129
203959775
205854297
203535098
203163109
202603414
203136233
202674021
203508390
201775130
202732464
203466282
203309188
203365885
203199985
203805275
202767311
202636896
201834212
201724240
203413168
203188545
201670278
200858874
200811319
201502475
201470528
199808640
201457259
200927379
200895078
201613755
199096883
200723128
199027308
200731457
199140010
200931250
198996049
201485105
200952074
200838136
198962089
193931667
196658559
196740707
196707210
197978709
196143538
194164243
194825836
196783693
198206034
195426473
193982649
197717766
196171853
193883393
198515359
194851963
194213884
195453925
198248065
192544286
191835331
193122826
192615496
193648297
193786512
193775137
193364196
192813776
192486504
192456308
193366976
193744297
192888896
193687255
192938186
193665269
192577477
193400433
193626550
189131931
191731984
189165079
191098515
191768906
189626628
189063819
190417143
191073531
191664556
190964185
189791101
191800710
190926933
189101212
191039151
188678337
189036922
190448377
191687660
187554444
183314908
187329690
183447362
187378624
183544196
187511422
183358220
182401184
182368408
183401184
183578464
183481834
187517636
187478245
182991806
187412337
184266682
182602013
185075868
179238704
179832835
181096187
182190177
182333226
181630290
182230498
179861962
180525134
181722823
182285421
182259516
180436364
180566244
181673823
180459533
182211315
181053806
181141636
181186680
176037363
178834128
175993750
175961593
177918580
177068947
176046193
176051842
179167925
176991250
178081830
177701295
177008760
175307421
178057159
175270673
178911999
177099549
179203781
176976185
173317963
172050942
174634803
173289657
173250555
172928137
172169976
175158613
175193330
174520518
173878825
174575736
175224101
173142106
172098169
172898848
173925025
172132672
171949792
172014078
171518995
166201468
168718228
170084958
171917543
171904692
168043147
169990833
166237059
169382367
166293901
169953158
168016943
170131438
165631057
169435218
171483030
171431342
167940721
167989710
162518322
162466647
161563539
162554956
163326144
162348457
161753084
164893174
162317148
161385717
161412850
163270829
160994945
161365841
164812081
164768018
161703243
161521245
164856734
165588613
159144027
157676597
157493101
156393775
160777032
160946718
159101671
160943188
160672261
157522040
160848015
160602498
159186537
157615446
156434636
160950892
160890275
156361425
157573531
156469602
153706548
153897992
153431770
156253717
153849751
155963783
155923011
154215367
155305984
153718117
156002555
155282010
153742320
155259876
155870080
155236616
153816008
156279733
153798832
153767966
148062117
148204923
150948563
148088871
148010771
152698510
150798901
150864869
152631896
150039620
149181508
148830550
150904698
150752471
148860296
153383252
148135851
152764705
148169340
152735260
145714994
145237251
144697611
144367050
146122190
144741147
145342508
145244918
146779607
145683299
145412993
145294990
145746728
147513542
146742825
144702823
145160981
144827866
144725024
146165484
140327281
139099326
142095358
139958783
143544119
139837525
143491701
143617692
143439877
142181195
142224372
139912608
139990948
139877824
142069626
141391949
143585403
139059062
139126689
142142264
137378212
131008844
131855882
138400346
137427327
132826173
138334007
138970171
130899810
126327790
139029360
137471766
134592692
134653989
132678292
132738638
131826437
130959168
126686649
126370120
120412151
125312838
122847890
126279760
122805788
122054265
125424748
121886669
125431749
122090648
122891707
125289612
121929999
126211329
120392375
121935263
122011307
121964840
125467103
125242637
119919327
115594693
115579913
117604138
116694927
120374143
120388422
120040921
118495007
116681590
115613721
118477255
116591713
115549500
119994490
120357264
116763804
120080883
115644755
117663543
114510714
114473829
98693999
114490867
98619397
98649167
110992485
103556430
113368542
115531988
102366814
97381001
102391847
96699582
110805118
98667732
114060288
97375367
97413557
115522229
96012621
95955670
95929157
94069186
95324771
96626893
96659505
94042656
95358130
93896548
95303118
94107792
96048125
94099634
95385262
96603133
95267782
93863235
96071486
96021739
92004647
92558450
93832818
91259816
92604538
90040313
90004374
89422014
90597427
91250729
91297497
91960055
92645899
92567761
91969202
90645163
90534949
91344572
92650884
91893092
89231801
89313200
87339308
87265876
86659487
87311868
89185397
89225783
89272221
87964847
87956792
87907858
87246800
86685075
87357926
87201329
89381081
88000670
89353951
88039798
85382532
85994806
85936293
82367689
86551113
84219442
82482507
86612519
85973711
85316753
85387743
82393562
83634596
83558618
86580380
85215534
85261503
84252014
83434725
85344957
73952117
76167527
74700835
82196680
74011079
73993215
73901062
73880488
74645305
73926407
76104111
76034862
73414222
81469406
73864440
76127594
74719820
76144989
82241187
81583917
68918550
68841015
69416837
69862984
68807591
70567145
68865980
73003499
72969945
72940203
69941008
69880013
69034617
69507858
69911247
72517297
69961504
69472036
69393224
69445462
68480045
68068349
68021738
67401051
68756100
68510634
68493950
68541864
68781135
68768611
68734136
68564048
68007071
68741225
68749612
68100021
68041493
68597786
68798105
67432745
66927559
66993078
66952098
67350436
67203330
67014951
66772801
66784460
67296670
66749959
66796455
66575116
66770491
67213463
66739675
67376538
67063506
67275533
67045248
67314024
63650505
65690764
64695029
64622582
66520924
63204644
63189741
63122832
65295365
65316823
65334516
63813433
62768652
66545896
66109122
63148840
63789977
65718111
64662811
64635757
62348460
61313628
62265071
62661595
61835418
62324734
60574829
60776221
61786670
60699950
60526678
60808083
61813295
61766848
60598909
60552039
61294954
60624741
61888718
61864315
60462970
60206935
60506616
59360971
59312044
58932586
60480652
59707429
60495524
58905376
60289552
60230099
60251035
59335127
59293247
59273617
58885180
59364147
60177245
58518631
58435066
57359991
57064474
56569441
56512206
57000708
57380132
57811372
58410488
57770905
56551510
56482367
56546172
57903029
57339658
57856893
57708936
56970290
57029059
58499607
55600984
53304086
53345778
55499628
55189740
55174075
54701842
55998407
55981400
55944918
55579992
54682758
56078307
55963381
56446880
56003080
55150003
55202394
54220785
55624338
52585608
52559102
52251366
52199158
52178024
52959555
51621948
51084174
52904220
51600593
53258506
52886168
52162260
51593659
51608619
52611725
52933338
51098793
52535099
52867986
51029044
49870823
49640044
50176271
49910830
49896717
50691493
50143910
49875190
50719930
50422030
50158268
49651625
50471316
50185998
51005680
51043432
51063078
49891340
50709325
46237231
49592441
46756701
49161818
48316656
49623093
46747855
48042048
46868852
46193505
46253187
46775533
49135222
49564016
48058829
47708495
46764669
46901341
46189039
49576903
45945564
45695760
45121903
43729957
45380363
44185560
43716171
45419234
45938050
43935780
45958508
45444420
45911165
45682795
45920072
45648484
45140825
44471077
43970328
43958700
42473101
42203509
41748441
42490967
42252551
41299271
41282735
41271366
43695895
41758785
41776858
43436545
41738710
41520253
43707654
42513801
41210255
42235330
41244020
42220450
40446666
40916311
40927675
40405347
40200342
40185509
40738093
40697336
40889971
40431225
41197878
41164631
40420827
40901583
40728539
40711382
40868233
40881856
40683336
40667544
39154059
39676315
39345937
39965078
39268005
39130406
39666548
39652581
39663878
39685883
39947068
39334795
39453947
39321268
39297739
39936443
39923792
39281320
39143091
39701346
39014819
38958026
38807129
38564438
38990011
38780570
38822323
38972393
38543699
38980110
38317967
38831453
38999216
38528389
38794506
38531929
39046950
39012021
38559777
38301552
37232109
37198039
37215560
35791244
35773342
36799691
37800653
36270706
37462526
36006577
36257716
36510043
36522176
36240554
35808715
37242743
36797518
37504224
36784584
35759271
35067557
35726662
35411242
35571041
35583005
35456373
35077141
34348466
35321126
35445219
35735881
33975963
35591057
33998300
34361151
35435620
35557048
34830364
35429347
35468736
30374186
30368178
32095630
30970799
30766950
30646471
33563410
30666123
31884984
30956591
31467666
30465409
33960798
30996554
30459773
30654992
33965690
32091538
31475001
30748590
30265762
29632597
29622320
27883545
30021408
27625150
29851563
30293968
29061303
27647674
29074793
29817743
29830367
27853985
30352184
29179308
30273446
29840607
29806463
27681431
25619812
25851894
27450947
26029231
25627733
26040902
27612933
26451599
26433197
27618071
26646966
27253952
26442837
25921476
25440343
26660995
25843656
25835487
26651307
26639451
24310402
20018035
23743974
23756042
24291278
24676462
24105908
23928291
24887107
24301931
24881350
23936714
25257621
24707397
20022755
20029032
25267268
25433793
23946887
24113312
19978675
19977013
19589960
19609131
19981949
19971708
19690974
19603217
19677689
19917346
19581295
19709333
19684135
19968536
19476297
20012543
19596448
19462492
19965467
19471378
17639110
17360204
17940819
17524025
17963526
17927887
17631432
18073764
17514589
17505772
19456367
17921854
17462771
17930828
17470789
17619357
18075845
17726305
17354532
17368229
16230613
17242955
17247935
16421577
16114847
16224887
17095556
16355964
16345767
17010985
16350680
16431528
16317082
16426027
17017682
16119745
16340732
17221099
16971608
16359452
16109708
15682566
16074953
14662543
15730959
16048953
14653839
14166360
15744417
15737845
14156121
16060478
15709152
14704889
15683936
15589466
15683188
14161385
14307159
16066772
13564149
13740338
13920485
11950697
11792033
14008918
13732415
13293126
12580145
14013353
14003810
11938954
11927015
11779983
14018679
12838924
11785884
12846080
11944370
11933862
11650939
11263313
11515195
11256374
11202567
11077621
11343004
11068618
11347752
11375821
11245938
11329412
11334923
11367599
11499063
11381604
11364666
11109449
11083111
11094516
10415439
10697214
10196199
10662249
10546849
10460082
10591789
10020068
11044119
10586483
10184131
10538952
8202938
10409243
10189635
10533238
10583859
8193739
10423046
10203326
5723369
5639087
5897917
8026408
6004389
7274213
6042343
5875399
5987387
5652748
5644595
5984874
6420051
6044942
5989749
5633621
5882073
5719029
5648441
5878631
5392244
5395223
5457851
5625857
5342294
5629204
5344628
5506806
5381826
5411100
5407981
5599181
5463244
5402340
5396246
5521256
5467095
5388656
5204656
5398769
5050676
5043092
5061360
4981207
5054940
5191202
5176480
5174338
5056567
4992439
4990855
4935330
5128157
5201898
5040156
4986551
4930963
5182725
5132515
5180212
4847965
4900884
4691754
4918130
4926805
4770614
4767406
4774606
4755571
4922240
4780376
4760921
4699267
4685864
4924828
4844801
4702710
4750920
4927042
4784214
4468769
4678565
4632033
4554535
4567853
4437564
4565590
4421413
4676231
4551794
4681835
4402897
4537552
4484782
4404854
4629190
4433338
4425580
4624598
4429635
4350025
4079084
4278786
4355087
4246137
4283096
4367492
4088013
4090408
4371678
4334497
4085024
4031978
4086323
4361779
4275261
4358190
4028818
4085346
4081159
4021524
3847148
3920351
3916308
3830762
3922442
3802761
3972651
3844271
3836766
3804568
3805612
3977154
3979469
3974869
3919883
3912595
4023907
3889511
3835217
3453231
3120698
3025127
3688053
2975841
2719421
3023358
3004107
3443402
2718491
2715696
3693260
2711731
3122436
3022437
2972368
3695928
3439820
2971203
2957608
2709524
2707734
2703903
2647757
2601136
2653915
2618891
2701281
2675091
2655797
2613430
2672160
2705908
2664820
2620105
2673659
2651059
2667382
2620877
2611160
2558011
2466631
2462003
2471206
2562863
2559912
2598897
2571280
2565639
2561820
2464518
2460055
2508549
2572595
2506682
2570683
2472850
2502477
2566895
2596763
2457468
2398827
2417563
2363038
2410094
2401389
2396234
2459739
2453365
2391287
2414049
2449146
2455543
2405502
2364630
2393927
2450816
2407058
2415740
2419159
2288730
2286461
2277202
2353876
2282950
2356361
2281056
2305359
2275267
2343231
2361287
2346265
2352116
2304129
2297303
2295656
2349006
2341861
2293754
2291682
2174160
2236440
2176709
2234652
2185759
2143797
2247335
2223165
2187924
2238382
2232953
2241642
2181923
2250602
2171750
2222386
2249099
2240005
2195954
2179221
2125430
2067290
2080981
2120879
2117157
2116105
2112383
2064617
2057540
2134569
2078236
2139547
2061189
2131723
2123384
2083209
2047724
2127478
2051860
2142131
1997276
1980926
1977389
2003612
1984208
1966310
1707167
1972796
1970373
2008199
1976000
2001616
1991680
2044447
1988244
1968845
2003897
2013948
2010986
1998052
1606066
342911
1134339
427671
1511534
1252298
343604
1535914
428672
1539393
1538585
429093
1509442
401491
1603799
1534079
1704270
1513828
1605677
1506587
105484
135353
281056
121918
312856
105414
315129
105586
121933
260007
275997
314260
313758
275899
135466
121895
108940
105715
259507
135258
83277
64149
98162
62115
62096
98188
83272
98143
72629
58961
88242
97332
83263
105333
72743
62106
58947
98129
83254
72703
35101
35849
35088
58773
27091
26679
33743
34765
27074
27056
26849
26681
35894
27046
27104
27064
33651
35078
27083
27099
23051
23043
22736
22740
23048
22760
19211
25632
22492
22805
22465
22502
22698
22544
23112
23139
22479
24940
22495
23068
