894893624
890104373
897282743
897423905
890047378
897205251
892278709
889891422
894954605
892057521
894824973
892115516
890147834
897102344
892324612
892217258
894766177
889818302
897319326
897371932
884299902
888227102
884239624
888255845
879797187
886233538
889748124
884273600
886152916
882120037
886057614
889523862
881996973
888288428
881948876
884186696
882052567
885658735
889647650
885990883
879182151
874401277
879479064
879668883
879555695
877067232
872789247
876889041
879296524
879607326
874693777
872675341
872620896
877096752
874714333
876766883
872514665
879762743
872738828
879404865
863108084
861192233
862007845
861887746
863181460
865731113
861947485
859915884
861081489
861168656
861829563
865663617
872488820
861739196
860145875
859754036
863269398
863042618
863602445
865810542
859525816
856820852
856114434
858714447
856906479
857211263
859691673
858766644
856264462
859618379
857312218
857638756
857891662
857960760
859716851
857736450
857039666
857138854
858652156
856966804
852625879
850150507
854352008
855107774
850057148
849622414
852293664
855582341
852204031
850553173
850399060
855504557
852379085
849680228
849324343
849406981
852572634
852641348
850495882
854971472
845131355
843185807
847813713
844418094
845076085
846561238
846493944
843106220
848557921
847900671
848636237
847381216
846671628
845030221
844181233
842897903
846617713
848726305
842782789
847741840
837902345
836928472
837482988
834928462
841246865
841006031
837349902
831887606
831787240
834366395
841101015
833336885
838658058
831669283
837964820
837430100
834852306
842099573
842161184
841173466
831332818
830050989
828079888
827886147
826433309
829743182
827821655
826028799
827978327
825063874
824461453
829907718
830105163
826380217
826385516
829996968
831564839
829820017
827706622
826493552
821989771
818641429
824394847
816939835
820445752
818533821
816758539
816852727
816642409
816512381
817077269
820362471
816413456
815127073
820611533
815077153
815021770
817009552
815283086
815193811
812914089
805051879
804904486
808944549
809116419
808843866
803379208
808722352
805324396
803451157
803346403
807321154
805172506
810290149
803673796
814957590
813058084
812982847
809040868
803516008
799364743
798557761
795657179
798975262
799450794
798536372
795588157
801137645
798283930
801214916
798370650
803041967
799024554
799292792
799213980
799114213
798455496
801376937
799564612
798143043
795575344
786396363
795184244
791284277
786427911
786115994
789826073
795318387
795015970
789771047
793046230
793279983
795529198
793133863
791175810
795266918
795098598
791355054
789700383
786329474
779468631
779535922
784950629
786057476
782479310
781343193
781628411
781455282
780591328
780347251
785027150
779377823
778086713
776832309
786003152
778159501
779609591
779694105
781259095
779293629
774694621
772542857
774261048
772716096
769626680
768322174
768337318
768708984
769057672
768780737
769796623
768227711
769575557
774161004
772659649
772061511
772774161
772594229
771998438
769642082
763042413
763551746
766233705
763117074
763886746
767808991
765475358
764836269
763827408
763707536
767374531
764918731
764500733
765371569
764549697
768123565
762327593
764737009
763642394
764565129
750651859
745199571
762021196
753048666
751508306
757646557
749075334
762247876
755446660
745286581
762066521
751833873
762167482
753087806
743930437
742147451
755380559
753009915
751793145
749148756
740508824
739567737
734856307
739659923
739377337
736826018
734086009
735057323
739287354
738657026
738599524
739451050
734765226
734152616
739724576
739786997
736744801
735137349
742100279
733825752
730980574
731458654
731241616
730203489
725368775
731363376
731118391
733746731
730459439
725292451
730871203
730701340
730150874
724584261
732340965
731587400
726027598
730573586
733638120
724681535
715877754
722745029
715490849
719936972
723807388
719310940
719077031
721646896
722669243
722093109
719853692
722133015
723445415
720179969
719842233
719118841
716003831
721957898
715936217
720120754
709919119
710354607
709751514
714153114
710403493
712289165
714016756
710138358
713992226
708335851
711928616
712129634
710251286
710446759
712048208
710106933
709993322
714647324
712218817
714064121
706189455
706099136
704368676
705219200
700231436
700117180
704862566
708276682
706288946
700392016
700236968
706462609
706513792
704817580
702218684
702163085
705295280
704994642
705102532
704936551
691782277
691638630
690664184
698066711
698518176
694794532
694737757
697699069
694547511
694611903
698586901
700039061
697797229
697979090
698669905
700011983
694825739
694676249
694392352
696509251
689589903
686754051
687667776
686694894
685717706
685993190
687886863
684773988
687397364
684992037
689811329
685930326
685651780
687488201
685880165
687587716
685815519
684838700
689752560
687949915
680649310
683591858
683966387
684300259
683766756
683865284
680751154
680703038
678649427
680353281
684263459
684143211
684212331
678687851
680573749
680274147
680793604
680609542
678073287
677937147
674632534
676667248
675258791
676346272
675157710
675123540
676615497
675379944
677826914
677688093
674822815
676496610
676251920
676424575
674578842
674778883
674742646
674701499
674896298
675201403
672086426
667581882
672967955
669290175
669078979
668225995
669845026
669629346
669759868
668982361
668358769
668904076
669174240
669733420
672157004
669796418
669552468
668290416
669869617
669701026
662937323
666643697
666517998
664519568
663280186
664789734
665769743
664973961
664214278
665930662
665688999
663461821
664299704
666796448
665456926
663370127
662704317
662811772
664120381
665586237
660969032
661725545
660372152
660348950
662358021
660418197
660237833
659008357
661663394
658746045
662504957
662576396
658958336
662267131
661620314
658780142
658667186
658634888
658568792
661044500
657105778
657162686
655358781
651422573
653378501
655427054
658514462
657891253
655388936
657135592
651510429
651353790
654970760
653218210
656974976
653395547
654880429
653323649
651664193
651475899
647324756
649663679
645789905
646225627
650830302
648935566
650476509
646133336
645962344
647263792
651280566
650557686
649603920
649709088
645650053
650351789
650709241
645600472
649037176
649544124
642715611
642602429
641416453
640484362
640354236
645229327
644279502
644853257
645266896
641557573
640583051
638415819
643394723
644341742
643493847
643462488
641520767
641277339
641203921
645133545
637729006
634181338
637965275
636222124
635225851
633193110
637912220
634246231
636483204
635081862
634968984
636206630
636731522
634416071
637640650
636642473
633280173
631541480
635301327
634284677
625950963
626663289
623005231
628315920
622939431
631449882
628525603
622257364
622974112
622100997
631473451
628455793
631502879
628395876
622330522
625979084
622007421
631414428
622044600
626607452
619555888
614345257
618925195
613399500
621251306
621164027
619483718
614252171
616006186
619015453
615807948
614943744
615907853
621376152
621504918
621070993
614985797
619163397
621455127
619261891
613211787
613108251
609923895
612529813
610012361
609792143
613281165
610135993
610512383
610317714
609647352
609679442
609715916
610589640
610238938
610608278
610565489
610540722
610183788
613349375
607317762
608056743
607986339
609052181
609091783
603459600
605305751
603563948
609014117
609120905
608967202
607366797
607260174
607134027
606970911
607205213
605463200
605419712
605361452
606859078
598054897
598927634
598746868
597637215
598864304
598805019
603371224
598313249
599473403
598244123
603315826
598136451
600968591
599415583
600936924
598338552
598179973
601005735
599548250
598290615
587578809
590235960
597500496
588779734
587726848
591498630
593240132
595813744
587478433
592831777
592712632
593274996
589070202
581937902
595895572
597579572
591526745
590398894
587774263
587647781
576185527
579032105
580332628
573199505
575848314
577885918
573095668
581817104
574478886
572618301
578336179
577830030
577951428
572702835
573070892
572541399
578918710
577866170
572419864
572285433
569546465
569481895
567627544
571045359
569326668
568233922
568110925
570999451
569703387
568058994
569775923
569743425
567832978
568252988
568346755
570044879
567579531
568159337
567509764
569596511
565664677
565445632
565365479
566918202
565946749
565858589
565720285
565602426
564909369
565898029
566973135
565549811
565931230
566851162
566534956
565268910
566622181
565878213
565830720
565762201
563574265
564112099
563190319
562462703
563920995
562064244
561837722
563994492
563387774
563137504
564037902
564775817
564095904
563663374
563467274
562155782
563804086
560915382
564837383
561916921
557968968
559723919
558502043
559777532
560705665
558420459
559128758
559085442
559845117
559304731
558597726
559046102
558558503
559877850
559180025
560795259
558463925
557291699
557249063
559914246
554373077
554288439
555129494
555883182
554338060
553738214
553675460
553914578
555570471
555379217
555498105
555648754
554232728
555813294
554137854
553988217
555933019
557192125
554176821
555049986
553162721
550728155
549856810
549624569
552614500
550917233
550632310
551136890
550422801
549772146
550482638
551030368
551179524
550565984
553575617
549814978
550853076
549666661
550984810
551093076
547120410
545991014
548478675
544749748
545018739
548519172
548422025
549380875
547097929
547168491
546030485
548568477
545113688
543327116
545950262
545100773
545195290
544916425
549445842
547243703
542549438
543085122
537264460
540127919
538461757
542467218
538561553
542684546
538333588
537180747
540089612
543118487
538635007
537408708
543265998
540032991
537104407
543045310
542729116
539640268
536012476
533425913
535762823
533816492
534758485
534721819
534616357
533362816
534659650
533392248
536076087
535896439
536187346
535827740
533869661
536291228
536237729
536133308
534680945
534536105
533025608
531493071
531333864
531571628
528065492
532980968
532631582
532731035
531411828
529392904
532521709
531049549
531604205
532897129
533083804
532449027
530875754
529500080
531266400
529180414
517590784
518902910
515691106
527979389
524100369
524326312
515770176
527928900
526141194
524162996
526580747
526223480
515625823
524039915
517761995
515577917
527862240
517670210
524246475
526645099
512165718
514401447
514134719
512238825
514869602
514347489
514918938
512953941
514077866
512777109
512360249
515543035
514279725
514217164
512832008
512097927
511996736
512707194
512881333
512905594
506423277
511443396
501641259
510904655
511260630
508623149
506667868
511111568
508683248
503293713
511124535
510318149
510467010
510815286
510670478
510552149
501602468
508724509
511309208
511375407
495429791
500050436
501547275
499441774
497305057
501413125
495267900
497243586
495365228
493918697
495586678
498812689
498746138
493880306
499403188
497167138
495502707
499471730
498847882
499366961
487104749
493559281
492084483
488438590
492024442
491947742
488361915
491891642
493709530
488551422
493468513
488500126
493813611
492635388
493772243
491821653
493701601
493379652
493629824
491687453
484185696
479724436
477015322
479538545
486997240
484257645
485079967
485005845
484938111
479809529
484987700
484314046
479660880
484121328
477025669
483341239
479599670
479608625
483296031
476950038
469709739
473443123
471367371
473321624
475070325
473496917
471300023
475797206
471234436
475737240
475587056
475023483
474419011
473506523
471467335
469954278
475654730
473371746
475123188
467633458
456114060
459493963
459524686
456308748
464080665
461805244
456236443
467522211
460088499
464033476
458046318
464830279
467577586
461523458
464135464
461728637
457988776
457901100
460149941
463992927
445507059
450165743
454838081
451299092
443270970
454667094
454659898
451451075
456000360
455867678
443347954
450217850
454767475
455638659
455531406
453785144
451212514
454921008
455649536
451364402
437441994
435238762
437364413
433345924
435088898
435057580
441501513
432656564
438766952
433849231
435151538
432607709
432483977
429593813
441896042
434000068
430806478
441626969
432526532
438868236
424100883
425220494
417933706
429382531
425073534
429521014
424463045
424203732
417794764
426391933
428182081
424276596
428244107
425131467
426867904
425294518
422995103
428329128
426540425
424392394
412989355
416450492
415699558
414284941
413975894
412694935
415719331
414226807
414176833
413533432
416482456
416420120
416349697
416698218
414105135
413854999
412752280
412869001
413893201
416720372
410836456
412633302
412442324
410868036
410832884
410293909
409783526
409685515
410709559
409527189
408837938
409589016
412402270
410773500
412551019
412486899
410900537
410259080
409741661
411644840
408705666
405353033
405232516
406122594
407552966
405467220
408809333
407267857
405390466
407720689
408754155
407597609
405298302
405425802
406184649
407432833
408695491
407687070
406291321
408780542
401481999
397886156
397678448
398349710
398293752
397623607
397552890
405163818
401773512
401706491
402838803
398275431
404455054
398006138
404393653
403876904
399511390
399171658
401645430
401422106
396168365
397502207
394734253
394861106
394674820
394652698
394702666
394562443
394597077
395651367
396984283
397438241
397389324
395594137
394766077
394628311
395547655
394314893
395491853
396452044
383098665
392990772
394284368
394065601
394059354
383209089
383456557
394011328
388724172
391689835
394177721
379842537
390267098
392882384
391741570
390343795
386527788
394235694
383384706
394130992
372363097
368771205
374750672
374761883
376060081
376108818
368716810
376888054
378850434
376834597
378993941
378686758
377496400
377355519
369473254
378912690
378757945
378705780
369723053
378840614
364824724
365485220
362485181
366016244
362577335
362419975
365453911
368677349
360887647
363541447
365543380
368585068
363652506
364704618
363716611
365515968
364736961
360951726
365964199
362377795
359065210
355817565
355813866
360568619
355761727
358185128
360613396
360827763
359096640
360734060
359045382
355933384
358044139
355729264
357527278
360781315
358088157
360672886
356212291
359138892
353972033
351990741
351435069
351194084
354077946
355190152
351285257
355684694
355376824
351906477
351340327
352393093
352857071
351858367
352802899
355351798
355234943
355294899
354040632
355328099
348639632
333933279
334109673
348753294
338107063
339769227
350302471
333989231
339724107
337065719
351023939
337024444
335537956
348709705
335459619
334047601
348597689
338058218
333845918
350340832
330645420
333702613
332441705
330561796
333650543
330499616
330908937
330839728
333121189
333176041
333760661
333601624
332585907
330869108
332540311
333227003
332491225
330784529
333802638
330928171
330415562
329676400
329468325
328678623
329757135
329276702
328622455
329731112
329321132
329583909
329072771
329142047
330365136
329643072
328667960
328574982
329202014
330302665
329411172
328296877
325779056
324767491
326745719
325543213
326665332
325928065
326701845
327524522
325621138
325933236
325702326
327332058
325919186
324819975
326616489
328228400
327286745
327242234
325896785
326546975
318121755
319237547
318295090
318257974
319069088
323311151
320141457
316959482
318076633
324663427
319318953
316868040
318198536
317854227
322215703
316811736
317937849
318880667
317784294
316907760
315642667
315474886
310767338
312351665
309670577
311364988
310804547
311444768
310722278
316735627
312283311
310643017
311312746
315561765
309606256
310620747
315398091
312334948
313528592
309510946
308432995
307630804
307398038
308267077
309444471
308982206
308204723
308732699
307418913
307558274
308943345
308570871
308843789
308352275
308793057
308758480
308749581
308911319
308508298
307484944
302769380
300565674
300503717
301981369
300677789
300630944
306473806
301923247
300364197
301490813
302631601
301422725
300452560
302858560
302048236
301557880
301754097
306583938
302698630
306332801
300343780
296512238
297278590
296297951
295097975
297341931
292889797
292877177
292817903
296439153
295265535
295222660
296492442
292943827
295324906
296350026
297566184
295380042
295418037
294956942
290516344
285698373
287992324
286675052
283704900
285124319
290372105
290416714
292715266
291544617
290327565
287936401
288169388
284648078
288630736
288770511
286447594
283676798
284588302
284656661
283389053
281144896
278824120
278818834
278040501
279041528
280291773
280241817
279000398
278946418
278891798
281361939
283647132
282416516
283473909
281323099
281371119
281202996
283587683
282360603
277928239
276822918
277704322
277849061
276852766
273072022
274254195
277752083
275492156
272974480
275359482
277794462
275534390
275423527
274206306
274153647
273018235
277988531
273123857
271445145
271376721
264283886
267367308
266497611
267289380
267240682
267152357
268518313
267485971
265549002
263147870
264262010
263203186
265430082
267113369
264289325
267450298
265502481
262209700
271334249
256938826
259125274
257090379
261341106
257988445
257974198
258072888
261208027
262164134
258113381
259181824
258779196
261292715
261161075
257037760
261281537
259071067
258839149
257083221
256994012
254665294
253836046
250812724
255752422
255712972
251842547
251923971
254425822
253799584
253896430
252635594
253870630
252774090
254363139
255650186
254772263
255786930
252569572
251885611
254718373
249976414
249824260
242812376
248590835
247882467
246247923
247844984
248556198
243029091
246297901
248747878
242976438
249940110
248861582
243053010
250010396
243795984
248802111
248018412
246355254
242675619
242593547
242244232
241220001
242706827
242086314
242356452
242175679
242614663
242219087
242123347
242056327
241260002
242302263
242741033
241995588
242571486
241397244
242333235
241354282
240605157
236931277
235647821
235605267
241183159
236807065
240263177
240310130
235550311
234912630
234168104
239628600
234121477
236883085
236741631
234885312
240370011
239673834
235673677
234878674
231755366
234085851
231947341
233457407
231852005
232675666
231805311
232629620
232502354
231889734
231628094
233436181
233283920
232580334
232542909
231377910
232669768
231683676
232467361
231760917
230743801
230707870
228698564
231342400
230952630
228648824
227938199
230641950
230670302
227981561
231364470
230809488
227233575
228030922
227274275
230868048
230769352
227189793
228008125
230919221
227129181
225584816
225626672
225253407
225425655
226450972
225492161
224863851
225667638
225376971
224822423
225702360
225521891
226490385
225456414
226394832
224887523
225723774
225558076
224828122
223296118
222379940
220785751
222614724
224023464
224081674
222568791
222398079
221678111
223341473
221650167
220633201
220609398
220611836
224111355
221724789
220756561
221616406
223375919
220814010
218648722
219784084
219416884
220102271
219993402
219545317
220216590
219583219
219388740
220289728
219617455
219813471
219501498
218014498
217956701
219448539
220025951
217990328
220250318
219495969
215569092
216405724
217162723
217051650
216441931
215562929
217923581
215514646
216325814
215685296
215468663
215381926
217894605
217129931
215345336
215427295
217093840
215635264
216474309
217183951
214286652
214637520
214630341
215307117
214746534
215117307
214672362
214528471
214642018
214478657
214440640
214396750
214257205
214787893
214793437
214495077
214566796
214596505
214364195
215265664
213988859
212421434
212296846
211442633
211351851
212343765
211317121
210700503
211476610
213078028
212416732
212219537
212258441
211409402
212373423
212250663
213027569
212334568
210765609
210731099
209245890
209787755
209203972
209827876
210607341
209688844
208201610
208674887
209727522
208245678
209209841
208994222
210114189
209283743
209043882
208628579
207533190
207488248
209305583
208919622
205854297
204418699
204446249
205778172
207220875
207457105
204318246
207173343
205821629
206537398
205928144
204365447
206517129
205892981
206390341
205746687
206489008
205672091
207315238
207394421
203991454
202832227
203136233
203959775
203309188
202732464
203576065
202898411
202858914
204025823
203543446
202878954
203871705
202767311
203199985
203850163
203163109
203547793
203188545
203496639
202295546
202307533
201670278
202674021
201502475
202434162
201775130
201724240
201613755
201470528
202069685
201197440
200858874
200838136
201157585
202408773
201834212
201485105
200811319
201228388
196844918
197407771
196878984
196204657
200456854
197399604
196813131
195902193
199092056
198204259
198996049
196747642
199027308
196807894
197978709
195528657
199874224
195559207
196162797
195555642
193472984
192938186
194254647
193158116
194674780
193531835
193498031
193439483
194222429
192636008
193406612
192888896
193886413
195432778
193117135
193512871
193982649
194637047
195442819
195471758
191635206
191184586
192486504
191829821
191029846
191712033
192456308
191764064
191717582
192615496
191123979
191068127
192544286
192577477
191748646
191799484
191158066
190964185
191083820
191673905
189165079
190485797
189626628
189469569
189036922
188993514
190451729
189063819
190264299
189447011
188956335
188103134
190926933
190436186
189499183
189131931
189504372
189101212
188924060
188891715
187502944
185628663
185368308
185553681
185588884
187482548
185348645
184268941
186646407
185176618
186400303
188058153
187425323
185075868
186369382
185667108
185518853
185196822
185144196
187405893
183401184
182684420
181722823
182259516
184075384
183447362
183544196
183481834
183358220
183314908
183243523
182718192
182333226
182401184
182285421
182190177
182368408
181673823
184110502
183578464
181630290
178541063
181157646
179861962
179743323
181106428
180466907
179696727
178459283
178495542
180525134
179926827
179832835
180566244
180346938
179238704
179706483
179203781
181203891
178081830
175836111
176861206
174554075
177701295
178057159
175961593
174634803
175307421
176775640
176832491
177099549
176868372
176802211
174695985
174253383
174593487
174524157
175843888
175761339
175798730
172050942
171483030
169394178
170850745
170810182
172098169
173613093
169981259
173585478
170092247
169933282
169439032
169473840
174238193
172169976
172132672
172014078
171518995
170035990
174227549
164812081
165631057
165588613
162062331
162466647
163593532
162518322
162023645
161979407
167940721
166502965
166479398
161703243
162554956
164893174
163631650
161753084
168511519
164856734
162098953
161385717
156361425
161563539
159078865
156393775
161521245
159115482
158188711
160933798
159158608
160972022
160672261
156716318
161365841
161412850
159191494
156469602
157604819
160777032
156434636
156003511
151342904
153767966
153396487
150948563
156253717
153849751
151224910
155868518
155962275
153831468
153742320
156279733
150752471
155908952
156012136
151187195
153897992
150904698
150039620
145364823
144518295
144423905
145316113
148830550
144787608
145412993
144753680
144481617
144827866
143548853
146779607
143504701
146165484
146122190
145198098
144373508
144450638
148860296
146742825
142186557
140786537
138416520
142759458
142149448
137471766
137378212
138411048
139045267
137427327
141572273
140739207
138376265
143435025
140237208
140262489
141509845
140816613
142221551
139011328
135410754
135391878
133736022
135773808
135028275
133283676
135459576
130931479
133195334
135734783
135083477
133669638
127351943
135671507
135433448
133614547
133223710
130969127
135482074
127304171
121935263
125409823
125444406
121586323
127155375
121886669
122891707
124263204
127107065
122805788
122847890
126996268
127239669
122054265
122090648
122011307
121964840
121533054
121929999
123420402
114060288
119732648
120941831
116681590
116591713
120080883
116694927
114490867
114510714
116111623
116763804
121065156
119704840
117663543
117604138
121022510
119994490
114473829
115982791
120040921
97536931
110729512
114024280
100892801
111578766
106259140
113951211
110683079
113992400
102391847
97589214
95168445
95323351
110772381
99687332
95354427
95149024
97476023
96699582
94757676
92771286
91297497
92004647
92739621
90545688
94720275
91250729
91259816
91972755
91910739
91934053
90654095
92713182
91960055
91344572
90155941
90574643
90624180
90216119
90197242
88390354
88767700
88364336
85382532
88472351
88737954
88689354
85316753
88303912
90111292
88447663
90137163
85344957
85387743
88647191
88345657
88420726
88322015
88614618
89924811
81583917
83434725
74700835
84252014
82367689
74334358
76049313
74719820
82393562
73949630
83634596
81469406
76075292
82196680
76167527
84219442
82482507
83558618
82241187
73977712
70567145
66984847
73003499
73926407
67401051
67432745
69484918
68007071
69961504
67275533
67296670
70276839
68068349
69911247
69941008
67049945
68041493
68021738
67314024
67019413
64622582
63658652
66394308
66381555
65739763
65702033
65147203
63846605
64635757
63813433
65300272
63582101
66545896
63862543
66575116
64695029
64662811
63789977
65721732
66144483
57525207
57380132
57556850
57856893
57571708
58805644
57608122
63044755
63164373
63140379
62324734
62768652
58518631
59364147
63571451
57811372
57770905
59335127
59360971
57542015
52412582
52575128
52164027
52216934
52300449
55189740
56857688
53363634
52292829
52538835
52277382
52184257
55174075
55202394
57359991
53329385
52554583
52142867
53365697
57339658
49922085
51098793
48025940
51063078
50446834
50176271
49148185
51084174
48005795
51043432
48941215
48904660
48300914
50185998
49135222
48318025
48925042
48315757
49156417
50459936
46185957
47743552
45945564
47724480
47767194
46253187
45938050
45687383
45648484
47778825
45669907
47708495
46237231
46160204
45632625
45059749
44498037
47657931
45958508
44486914
43939577
42395062
40856606
42415378
40899743
40871530
44436309
40882393
40738093
40705082
42405171
40200342
40185509
39965078
40728539
39947068
40715388
44472097
42828333
43729957
39889851
37222806
36474903
37198801
39923792
38003518
39871366
37747495
37169938
39896539
37462526
37156113
37760610
37992339
39936443
38023127
37211838
37232691
39882264
37244814
30505683
30374186
35536440
31475001
32086613
36462522
36285776
36444475
35508040
32155856
35791244
35773342
32103572
32096293
30368178
29851563
30514522
31467666
36278079
32144054
25058960
27235086
27268220
26359272
26040902
27411935
27431246
29840607
28246819
26016350
25800046
25603165
26029231
27404214
25067537
25359282
25806993
29179308
27443780
25075720
23183940
23393766
23557426
23356233
23192285
24625134
23574633
24676926
23564928
23956900
24666385
24610790
23403181
24696836
24113312
23177557
23362336
23136220
23397403
23382930
22601974
22441734
22517038
22431879
22608754
22420153
22390903
23057723
23111450
22893622
22723084
22667475
22425076
23127826
23065014
22617449
23098481
22381889
22449949
23088278
21416888
21731622
21706915
21931376
21581205
21515580
21427848
21422295
21714366
21436293
21577006
21572459
21433016
21951157
21489343
21724488
21396909
21524084
21743536
21402377
21124029
21041793
21348896
21355378
21308494
21260743
21254350
21246304
21096745
21034604
21131844
21343380
21337180
21100897
21304856
21107994
20809929
21389738
21311443
21114855
20426036
20295055
20544812
20746571
20623057
20354392
20629169
20557809
20362862
20552974
20279990
20781603
20459432
20775040
20755748
20465247
20454186
20285548
20432461
20274612
19779578
20012543
20183430
20147671
19861126
20201090
19733705
19769371
20018035
20220929
19899055
20029032
20209462
20191590
20159939
19907424
19774277
20022755
20153500
19728992
19627683
19684135
19473609
19623817
19569482
19717174
19723610
19620669
19603217
19596448
19544592
19615195
19538671
19589960
19469275
19609131
19690974
19578005
19584016
19677689
17963526
17523708
19139532
19254348
19286176
18960894
19392045
19025160
18967795
19407750
19399329
17567986
17470789
19032707
19291359
19249598
17462771
19029974
19468364
17573479
16743271
16537292
16973781
17305484
17053226
17309488
16606580
17316171
17050391
16602265
16547778
16520258
17314729
17057838
17004569
17319797
16653865
17063674
17182642
16656724
15610928
16056914
16222878
16515446
15951414
16043997
15963762
16098538
16065878
15947302
16118587
16209581
16431528
16089654
16108362
16495711
16122626
16421577
16426027
16074790
15598265
13920485
14372822
13913691
15580541
14380375
14237844
14662543
14881261
14317105
14220075
14210040
14227521
15573871
15589226
15194511
15177432
14233610
14190713
14890647
13564149
13907202
13527570
8695457
13700125
13575389
13738013
13553492
13574566
9025109
8663834
8208590
13578372
13535854
8677023
8141563
8300877
9023633
8135648
13872213
7096117
8130847
6067726
6038016
6035042
7434464
7436432
6095453
6870542
6098972
7100245
6031356
6028503
7438692
6024849
6033252
8127274
8123967
6868034
5942608
5501353
5751065
5411100
5204656
5056724
5201898
5457851
5499635
5644595
5503467
5467095
5463244
5407981
5648441
5060405
5889754
5191202
5652748
5897917
5748355
4935330
5014437
4939606
4737991
4847965
4844801
4739770
4990855
4743576
5016386
5051923
5040156
5043092
4992439
4986551
4733826
4981207
4747123
4930963
5012914
4629190
4334497
4567853
4537552
4324515
4275261
4367492
4561361
4371678
4670829
4320781
4732216
4470233
4668431
4278786
4565590
4558119
4283096
4472609
4632033
4095102
4201913
4173549
4088013
4256483
4023541
4026058
4261227
4172017
4098150
4039179
4037464
4252341
4090408
4271617
4086323
4041004
4031410
4268136
4248949
3950607
3920351
3916308
3986435
3858933
3693260
3586321
3695928
3590981
3588191
3785527
3783260
3919883
3894280
3897823
3922442
3862900
3912595
3498869
3584814
2934422
2992591
3493959
2917379
3399166
2990296
3392071
3389067
3091811
3052700
2988599
2932595
3453231
2890141
3495797
3382941
2952033
2919620
3395188
2767045
2753627
2765612
2675260
2672687
2759277
2762485
2723620
2704597
2668098
2661064
2663422
2657987
2720644
2676240
2764176
2721840
2760847
2670565
2757092
2677386
2563487
2619057
2615645
2644027
2524213
2651518
2646243
2613778
2513776
2515555
2653360
2569311
2558027
2647991
2617226
2620568
2522915
2655777
2559897
2521631
2402946
2393282
2399329
2405594
2409734
2390861
2387831
2385201
2383722
2053488
1813146
2408107
1921828
2397319
2395891
1967680
2448812
2401077
1810240
1807855
1734948
1798027
1737074
1801292
1742214
1796238
1793875
1796924
1795395
1793513
1796368
1804038
1801097
1735332
1807227
1798473
1804505
1793229
1736007
1806023
1452046
1449605
1598314
1543973
1447153
1509442
1535914
1513828
1559057
1602920
1554700
1539393
1506587
1444270
1545943
1503452
1562978
1511534
1538585
1598076
313758
105715
1345360
105586
110067
1371316
58298
1371829
1288052
1102898
107651
1134339
315129
1101790
314260
1291018
127230
105259
62572
105484
