922960827
1034385162
1061853113
1061821239
1034336507
1097979620
1095990695
1098032078
1128532278
1102669000
923049334
1138124267
1071838909
1133834773
928067442
928103654
1107542344
1128576001
1096025724
923010441
922896656
907560491
922637418
899387117
907506014
899248821
896458004
907444906
903106317
901408510
898533647
896832978
907383437
897089671
899302420
901310682
903048251
896650282
922666815
902977632
887849835
883834135
888070096
877203269
889781824
869700555
883613697
887973391
881552096
869608186
876783745
860255372
896332094
887733835
881348838
860294131
895075784
876884484
868199866
860278171
849884346
854682653
855624720
850713383
860231142
858470559
854734069
858386514
858361702
854652067
850752715
854620035
858440587
850564826
845901812
854122995
858411541
848813850
854278138
846950316
832842202
832770371
832689958
832959091
829523260
834766474
829605698
841600023
841554684
834952876
834583389
841638439
834633275
829446474
830244367
829372474
841578240
834722654
845839275
834856276
816534968
829303898
829013304
828303597
820843153
816711366
816372050
818115171
815999901
818224195
822566286
828263058
820817728
816439613
817933264
816068132
815351602
822537683
818043853
816286814
797310193
803785426
803735409
804523664
796896666
799751165
797406364
796523066
815253785
804689571
807602238
798523452
796830391
798747860
796248395
778285568
815049735
778235916
798651333
778270692
767456280
770982053
767296035
778086343
770838732
778181994
772874503
772440324
770659821
769381711
768806277
772554830
767553808
772707887
769282496
778145546
769044770
769210921
767594655
771085473
735070276
735022641
731930279
739977042
762188569
746518386
737087757
746307334
746414006
755663285
738802178
735166623
731879865
736723278
745054406
766130280
762316364
738889352
754881895
737535656
720135746
719363449
716153168
727315680
719787736
715722386
727404267
722825263
719889782
727139183
728603814
728348131
721218162
721518754
722727893
728658131
720023900
721350977
728448572
727248714
715623689
714364355
707735045
708662476
713443005
707452973
705776409
706399359
708588434
707586608
705659896
707817411
712468070
713350294
714332505
708628168
706157974
714394898
707376134
706007661
702531737
699749142
702487379
696829012
698646635
696429041
695950207
698738263
698794493
696861108
701627056
700602460
700317558
703782126
698819355
700666029
702459798
696784091
696528463
695845066
683689782
683949082
692452846
692251760
689935120
695659770
692549864
692388760
691941848
683782650
684084787
695749798
689899996
692139026
688904426
694427823
689726190
694298185
688995887
684017244
677592408
681777722
680140517
679686357
675441610
676601736
681491340
679789578
675536521
673739379
667997319
677897149
678061731
678365221
670824223
681632587
668059059
679502128
677459470
669375628
667949040
661639774
665369143
656195894
667116684
667036895
652657322
657899876
648682547
655357306
648730314
654765310
665662281
667774633
655011938
665129678
665759536
667873189
657577945
648795366
644745895
637934646
635344420
641343721
636236318
634969404
646298269
634908143
646501704
648182294
647521041
647072155
645622055
641240822
635883340
645947806
643485461
636006341
637865379
643437896
634367092
629257055
620962411
625931418
620902522
632015033
620842429
620832838
630903893
620731409
628389879
632126779
620637263
630464798
631664087
629303997
616600985
631729277
613388843
616569032
612718334
607156396
609062393
609919685
612063356
610460595
609155864
612036652
609104992
608595538
606852511
611991982
611958467
609621181
610497965
612086678
611706372
608444495
607050960
610041461
601178906
601662522
601922243
606700270
605306771
605200850
603688011
603227639
601611407
601202238
599764736
605534655
603076869
606577888
605469664
604703073
603584969
603132764
605418898
605074427
599569853
598278703
599633031
593366802
593782522
597687131
593383123
594866282
593890975
591798786
592067297
599032773
591962228
594887796
599100202
598359682
598996776
598337199
598255396
593425364
590638319
590703987
590682604
590727886
589310400
589251985
589065190
587892374
589273970
588702651
586969231
587595292
591340426
587830350
587527385
586884666
587806275
588939786
587863795
587662944
580942897
580018758
582286120
580478707
582383786
580457344
583966367
581867327
584257089
582423188
580648635
580905953
580095092
581738147
584342561
580930325
580842406
582488082
582465743
583914336
577838382
576583663
571274321
578038474
576472027
569866636
576205107
575944869
574316879
576516173
576606413
576561063
571354565
571327595
571296369
576015098
569880311
578137597
569834321
576144740
568093910
566821061
568495650
565940151
565919574
566958874
569716737
568167711
566954912
567010946
565894256
566613724
568292112
569648143
566568291
568534931
568239566
568518618
567142171
566928611
565828446
561110201
559569263
559873834
559232361
561125456
559451002
565335927
559700881
565721646
565433628
559503221
561039209
559716425
559398312
559946312
559973138
565514095
561000198
560688133
558537834
557190300
558445836
556773396
555338569
557172786
555663089
552787390
552596386
556877398
557271517
557030681
552757142
557310503
555434559
552816713
552534027
556971340
553794760
558575668
545525023
550575077
547282547
547055507
546136063
542925323
550735044
547342189
546934015
546119053
547285041
542905140
547373715
551040902
551262503
550895412
546956964
545599554
551097697
550423322
541051085
538919865
540226363
532844749
541485099
540306132
537675878
526514732
538964195
538994534
540243664
537560870
537549150
540934335
529641553
540270704
537475520
539021679
529750504
532911925
513116366
512932328
513969454
525526989
524700351
514478199
517745326
526443364
525491264
513074691
512986626
514539259
517654670
523448122
513800100
525271269
525395863
525451678
514517423
512654840
504458260
504051706
512358345
507307727
504313350
504012906
507250542
507282948
503946309
504264099
503816151
503735736
504110339
503670710
504415365
502294840
512436821
506749866
507079082
512566540
501859967
501206842
502096462
501990644
502254192
500386466
501627475
501962476
502207080
498900881
501671113
498949890
501271278
501565673
501348288
502220006
501742964
501670082
501296767
501411149
492301874
494903339
497106358
494024784
495208385
498600825
498889551
494667156
494894049
498653032
498646853
496712542
496698555
494090228
495241396
494824384
496777773
493984831
498850899
494045041
490253791
488847496
488791609
489900699
491532782
491360188
488758347
491075295
488793416
490288304
488809466
487857467
492240353
491721004
491134083
487897665
491616997
489968925
488731266
489917515
486306137
486406523
486363691
486299954
486263902
482787866
480573241
480566492
486369179
487799682
486169224
482817656
484480271
484576944
486475976
484549054
486225212
484511907
480583942
480560583
477729269
474188114
480556008
477619838
477597904
479851190
477763531
477658950
479770616
475465395
477586926
478818865
479855855
474344704
480499584
478784468
477697173
475367584
475241455
474273572
465224732
467035343
472788363
469709769
466841814
466838186
466407127
457883899
469669719
472698896
464677044
460031934
467708504
467767086
463693958
474178704
463718722
472854544
465195289
466818581
450518467
453400787
445629224
453508718
453453207
457580400
453260902
457656825
451980833
453209913
455245775
452097995
450473146
444503489
452014332
444384877
444261761
444327736
444117232
453315709
441174006
441054059
439093605
442981705
441238988
441397328
443527473
441380005
443732557
443493165
442906115
442752591
441510941
443031864
441478837
442935106
441289604
442889519
443945314
443473037
436361913
436303997
435950064
437715789
437682969
437746083
439052253
434511031
436228616
436180260
434630106
437616621
436010648
434591626
434564855
437528445
436408180
434651949
436275980
436327282
430501118
431056363
431200327
432811903
430657466
432728763
429982041
429949145
431253928
429679187
430449095
429487315
431282148
430870429
431353211
430808276
431151698
431306066
429738841
432890972
427656572
427733689
427812270
427550347
427108265
426459669
427062942
428124265
426545838
427188555
427600383
428370985
427990002
427006673
427506695
428652412
428620263
428181352
427663213
426953454
426302277
425628040
425518560
425691094
425105852
424956362
423196442
421431463
425061069
425467920
421387698
421334167
421265085
419020084
424888340
425558525
421456653
418951305
425594533
425279636
416796835
416734146
416500605
416669435
416432569
417251961
414186377
417057007
416547887
417312114
416459203
417189402
418758830
417191779
417156952
417053279
418854968
417294641
417123786
417003856
410842539
413589958
410474218
409889773
410965069
413468155
413558432
409916717
409813613
410931938
409768045
409638584
408761214
408765938
413579620
409845654
411005707
410998945
409589138
410896545
407042462
402559335
402434238
404139450
404104691
407014646
406790667
407107997
402475001
406814927
402980484
405514804
407080915
405488834
402535473
407150767
406852525
407244188
408473153
407211690
401942420
401054571
402405053
401987525
400956952
397127266
401354219
398329485
398236767
401024662
400273739
396842770
401297601
401128694
400934525
397065301
401092776
397246373
401853755
397233015
396746182
393231310
393184407
390511103
392673823
393222052
391641807
395799889
390281322
389373662
391960172
391981567
395858606
393160639
389410801
391877519
392793278
390348310
389397466
395746005
383678875
379056255
379235250
385381013
376460995
377275438
385338368
379306650
373947464
389339992
385467776
379281465
388544094
376406343
378759723
385427696
373893586
376382678
378807204
378700735
368509256
368002326
372727303
366980312
366731580
372440168
372837755
372052543
366823674
372492713
367121003
369706077
372082847
366667494
372250728
372355724
368072988
372767614
369769932
368614082
361707374
361124571
356451614
361389340
361606114
356418763
361569747
364837914
361447789
361001851
359258969
365021252
360225775
357432615
364063381
358841570
357486679
364047881
361509490
361036512
353558170
355800101
355329253
355271803
353820509
355245246
353422136
355807601
351591056
351578050
355380491
355360820
353529068
353462698
352972508
352374004
356071927
353636580
355192875
355396651
351561172
349927967
345070696
351523310
347444526
343023196
347198881
349975658
347555165
346444730
346403669
349724414
348743769
349683412
347480589
347246740
343006538
346596124
347492138
351498875
341555334
340956969
342995817
341607839
340376935
341622635
340396117
339280966
341588696
339947416
339346432
337216695
339896996
341297944
340976467
341491593
339331373
338238869
341528681
339300029
333301808
335580711
336445382
330970533
336640896
335690470
332122693
336042623
336705373
335588320
333348866
333332233
332046642
333393009
332100523
337213456
337188635
336010601
332096773
332079366
329875646
330590337
325669827
324889154
323112718
330941338
323074167
321979922
321942697
323033730
322035645
329290458
323787980
329881436
323011454
322725447
322084663
318419899
318956733
328667673
303367338
298111661
310403741
298057051
304356764
306374613
304852526
298520428
300262477
307429582
305873172
298344259
298277546
306816368
308728631
304827872
316630287
303424434
312196179
307487372
292895821
288835286
289308379
290575829
295381616
288740276
290515807
292855006
289503763
289138205
288217313
290641641
291321581
288747331
290660848
289379263
287877653
291454466
287836693
291530809
282403161
284135820
282209719
282270076
284818755
278766043
278685398
278968589
287167763
282143907
278728575
280315999
282608648
281010295
287724347
281554385
279184428
282575888
284798695
287786948
262579147
262603145
262495365
278642171
263526474
263495756
275909960
275885570
275130080
275443808
264368248
278601465
275200218
263615830
263591396
263290556
264322647
262467064
263328756
266803581
255908693
255863723
256264480
256021945
254916970
256097515
257260311
262322091
256145095
257062761
255819694
254995593
256244698
255961587
253910342
262283296
256329708
253953747
256203126
253990925
253037640
252801350
253774846
252908972
251882242
251774000
251074230
252994168
250025603
253761092
253707002
251036315
250856331
250249160
252854170
250904718
252961271
251836324
253860931
250990179
249826201
249194945
248146343
247171556
249933946
247225140
248833721
247267441
249041660
249148759
247098586
248992202
248923562
248210594
248098993
246916287
249980168
248776521
249828931
247186361
244516898
241976793
244487931
245361632
244785987
243177804
245648773
245526172
244847293
244699399
243254732
244868029
244816918
244744201
242796552
243217132
242855740
243116218
245677845
244920157
237462879
239525811
239808802
240664537
240620237
239839210
238308358
238137165
239102921
237512643
238334007
240536393
240631410
241935988
239050957
239615501
239581339
240496129
239006691
238311204
233500040
234331829
237317619
237433174
237263214
234957472
233193678
232848697
232827230
233619974
233531430
234357599
233635349
237382214
233604176
234000778
236200426
234393820
234375795
233556037
230977685
232307285
231796570
232281672
229301410
230869727
232521620
231293117
231306153
232106545
232012166
231260132
232039312
232798751
231918341
232584002
232622009
232092010
231731141
231631106
224181864
228028891
228731114
226240413
227997903
228941183
228179139
227350802
228918595
225573611
224033156
228936985
228878696
228576890
227117658
225616923
224232050
224076544
228669394
228160729
222721955
218546467
218733579
218063822
218641353
217336554
217940175
221273692
221240037
217888188
223563695
220123873
218592217
218031093
218516514
223572807
220210873
220090082
223469304
221209206
217310829
216172826
214034531
213220909
213258879
217273201
216923471
217025393
216246660
215433386
212962049
216884398
212422015
217257942
216849212
216213971
212471813
212189481
216090530
212280400
211713943
212147003
209966061
211578642
209348721
207569056
210614068
210638329
209159973
210172277
210153968
212072992
210851031
210810533
210070947
209845347
211675053
211693027
207563616
210115997
206010558
205269053
205293775
204873625
207524157
206778649
207294108
206814340
204222942
207355665
205899378
205667566
205288547
205145850
206799023
207494642
205979677
204418160
205939523
205210599
202802057
201330925
199783461
199106712
201350604
199835773
199694107
198336982
202833350
199871871
199791030
199147098
201370266
199741290
200544092
199046405
199936628
201972810
198998982
198361612
195351654
196204777
197427319
196910474
196801820
196149733
195992847
198143012
195913561
195793864
197555809
196002460
196199896
195952221
196189453
197479908
196005880
197523751
195903213
196836228
192608814
189685368
191248127
190160706
190272344
193462250
191837913
190241272
190201758
191264815
191805427
189723634
195235590
190857796
195348744
194616959
193496436
192625797
189890004
190955047
185903969
185856116
184361128
185204981
185576531
185188784
185385655
185946905
188190899
185434545
185954339
184380989
189059517
188321840
185543476
188241422
189613307
189020242
189104049
186640884
182356462
184126381
182398799
181943863
181974629
183426505
181289126
183690717
182013020
184341724
183476317
182042054
183376941
183692987
181838152
184251596
184007399
183631390
183601216
184322232
181208149
181193120
180627414
180413421
181099305
181279142
180214458
180260136
180940168
180300905
180869846
181001750
180964553
180653502
181246365
180293564
180244591
180186142
180150706
180173685
177303523
176001774
179958635
177616094
175185631
179751616
177575028
177549343
179848708
179674151
178304078
179800433
176036870
175448521
178257509
174763359
175477359
179974770
175465289
177501212
172343052
171633207
171650799
173887279
174738776
173097303
173050089
173406135
171691101
173363705
172970439
171672241
172137739
172181888
173388011
172533640
172399254
172305118
171708184
173421403
167789888
170945390
166520409
170969651
165084370
166558529
170960078
168807080
168734222
166546157
171580519
166527641
167812448
166505801
171601176
165109815
170981806
165079082
168769698
165094918
163454120
161913547
163703907
163683560
163485509
162994183
162835086
162654584
162037615
162938798
161190148
162158938
163035854
162174355
162966876
162137130
162079070
164995420
161217392
162113630
159273679
160346952
161064533
160058404
159500012
160399152
160268804
160363876
159459819
159951014
159451299
160204926
159984437
159903467
159475207
160376739
160123611
159309369
160246958
160910798
157799639
158462502
158246042
158214337
153539284
153306569
157384091
158144818
158360330
158402116
158174731
158030649
157819433
155097535
153499079
159016835
152586586
158055727
156589182
156068181
148918461
151341579
152381996
150331538
148883071
146675141
145361400
146099058
147538039
145272574
145394029
145319087
151517973
145313452
152400334
146137259
148486624
148640530
146893755
145437272
144538843
142901011
142208969
145215572
141566692
143514160
142324587
143659424
142305997
140069047
139977670
140076508
142854122
139799615
141598596
142255987
139029520
140873157
145253627
143712623
135236703
135215779
138861106
135770554
136043882
135640716
137336157
136061218
137273744
137632819
136628354
135904552
135683485
139003396
138547225
138552673
136005522
135953509
135726104
135602764
134790917
134225998
133034988
131603398
131163610
131190267
131757882
133083384
133014187
131708242
131924963
135200019
131671760
134246795
131998523
134263158
131123374
133843159
133063537
131964747
129574993
128690181
128428009
129276153
129591364
128300802
129948525
129470814
128265209
130368132
129603538
129911373
128356107
130821560
127689176
127666251
129974987
128666280
130017707
128476621
126504793
127636124
125419697
124816488
125447985
127547241
126403963
127219787
127286184
124798439
126358725
125509839
126442657
126606351
127525600
126557687
126579283
125548716
127470743
127396131
122204226
123941040
122717120
122285930
123176216
123163517
120286578
122696836
122308785
124411618
123018083
123922857
124444676
123057108
120308551
122023188
123954438
122269794
121956872
120259015
119347825
117038771
117097000
120197333
117442447
117069459
117050797
116726445
118480718
119315664
117509749
118098337
120237840
117846111
117861519
117834757
118524619
120164422
118432995
117547882
112443967
112198125
115197922
113498261
113557813
112251413
112223343
115222286
113613187
112369916
116695532
113240854
112399261
112337179
115163038
113597490
113303218
115295768
115264830
115383066
109289750
108346668
109325543
108197320
106508385
111760282
108165379
106565410
109929558
112164175
108232913
110002092
109355434
108097828
109046123
110343051
112177016
108128880
111867333
110069400
100822596
105497157
105580039
103185402
101232965
101071690
103026145
105378513
105291431
103075974
106298037
106480226
105779195
100842156
103138161
101043078
101201431
105315646
105544610
106448887
99264033
98282053
98522791
97337412
97265785
98944158
99962881
98448206
99923407
99955052
100280222
98567021
98310219
97427661
100242780
97310412
99016273
98471782
99210226
98411730
96848462
96168591
92212928
92204132
96130661
92784084
96821092
92840214
94002794
92824891
94032549
92817015
92584671
92386267
97193239
94021709
93329012
93252527
92668082
92178108
87977456
84897165
86712562
85241321
88842602
87462516
84911860
91921486
86759133
87427050
87828945
87520110
88710297
87491685
86802425
86738788
87508856
88866862
91755408
88201078
84658601
83188035
83309120
83156508
84746393
83215160
84571623
83249057
82351470
84688088
83366491
83282319
82445452
84003741
84166436
84183212
82478955
83880520
82208261
82524187
81624081
81660817
81336534
80128691
81941130
80163541
82182077
80354080
80373939
82061007
82091622
82155259
81612951
81361511
80309252
80269298
81305175
82120567
81228331
81575859
80005768
77800832
79114052
77779155
76671127
76226832
76202945
78789622
79001753
79186724
79534265
77816118
79163961
78203890
77748146
79184492
80026177
80015677
78968301
76720942
68200808
76110703
75621954
68568135
74052269
74957297
73737408
68233421
73534078
73477349
68521186
68218678
73997921
76081081
73554259
74920787
73433498
74034029
74016152
74507551
65163098
65526806
65120981
64468431
64290073
65078509
64163635
64328543
66820694
66846602
65689538
66794799
65344391
64452666
65791926
64481468
64479416
64364961
64229053
64440291
63116134
62371038
63131647
62804802
63194821
63288106
62733982
63901246
63883005
63929047
63263446
62334894
63071618
63646047
63273533
63915124
63679564
62761599
63343763
63246890
61151412
60386590
61787263
60359708
60315315
60145133
61765894
61269114
61965592
60406572
61950689
61130389
60317892
61217265
60424883
60149711
62306825
60679805
60348886
61391247
59345410
57632210
58287366
57680271
60122884
59464436
57691704
58568668
58337269
59927581
57509434
58970070
59471777
58386081
58363233
59889817
59868604
59831519
57672099
57662966
57159889
57100330
57012133
57489401
57161563
57131477
57169813
57029656
56977478
56948394
56718049
57119931
57443125
57084615
57057591
57178048
57044449
56994674
56963131
57148226
56707011
56658384
56676885
56186598
55142266
55086534
56668546
56188527
55925602
55065823
56683620
55620424
55973571
56189936
55940451
55593632
55093332
55992302
56648360
55957272
54121784
53138383
53144500
54651169
53559642
55031694
54381365
54363426
55043696
54993641
54138356
54844963
55012749
54756734
54373091
54156797
53546818
53538940
52881560
54775378
51559645
52485992
51137672
50810532
52592257
51543560
52538773
50795398
51551701
52514476
52286574
50781216
51157783
51132769
51121175
52551164
51148124
51053619
52200063
52500751
50763962
49924064
49203492
48972414
49322194
50433078
49338116
48938403
49364339
49167314
49008455
48939605
49377955
49349438
49566614
50449082
49377209
48992226
49177923
49369526
48921786
48889051
48875507
48661852
48580366
48673678
48816616
48691964
48854216
48512676
48564225
48321526
48530501
48540709
48050330
48307592
48829491
48589470
47800335
48684683
46930628
45987221
47142130
46734393
47125815
47451658
46720316
46640540
46521878
46310825
46948609
47788357
46277427
46537934
47113580
47468716
46498256
46556463
47132501
45996281
45652057
45391635
45665103
44132709
45404399
45203160
45196241
44236593
43959523
45930693
45893067
45738635
45729530
45636035
45947228
45762003
44227103
43788103
45718074
45377500
43654067
42559545
43413589
42527104
43517149
42498077
42543457
42517115
43470493
43422870
43400452
43113987
43665823
42568639
42433518
43759644
43477071
43282231
43290735
42969868
42056133
41951897
41781092
42205743
41589979
42016575
41713818
41788770
41823827
41932179
42045839
41816405
42051546
41982886
41809788
42279957
42212445
42028621
41947498
41805223
40759057
41580959
40152101
39901277
40753375
41468484
39915281
39928303
41460810
40770906
41584166
40776970
40173553
41247806
41335891
40242474
40161292
41326051
41575556
41550280
39471424
39199207
39861424
39646373
39159638
38598896
39627932
38565684
39364046
39636810
38898886
38833235
39209605
38601851
39630196
39219332
38759618
38613103
38376598
39726095
37665329
38339735
38276096
37761097
37656660
37498181
38371285
37970615
37516853
37983259
37213691
37713725
36851327
38264833
37699842
38328364
38060513
37744045
38317226
37259059
36812236
35536059
36507144
36847233
36273010
36087647
36457683
36757467
35775596
35786702
36336117
35510509
36823066
36093557
35990783
35358488
36447293
35980957
36327889
36070850
34537462
34399438
34757725
33370689
34652112
34520332
35077045
34621603
34839625
35337759
34643179
34810467
34851234
34549582
34821297
35345208
35096904
35107640
34767750
34636681
32681524
32580170
32566573
32468387
32674018
33347723
32480258
33364467
33285570
32877634
33053020
33267436
33279543
32633331
32590833
33336648
33271384
32940020
32707117
32614437
32208606
32218135
32225637
32155602
32220201
32459817
32146360
32171408
31743544
32410039
32346337
32447696
32114771
32192655
32432834
32315811
32239977
32206034
32343937
31749597
31245488
31018333
31738123
31286495
30976808
31476279
31485988
31498326
31236014
31513697
31261509
31279054
31216411
30971023
31430726
31723680
31506291
30820055
31712040
31275584
30210735
30220110
30055272
30250344
30813298
30463865
30773368
30747733
29820508
30806993
29654622
29591230
30715265
30724810
30002960
30046038
30818010
30199976
30560721
29641060
29466555
28942017
29200187
29244765
28627208
29324432
29580740
29221543
29212176
29314846
29451798
29348229
28659538
28518942
29460561
29183500
29237143
29149022
29355225
28514550
28309273
28038067
27866610
28048560
28317411
28127678
27910083
27874734
28025149
28510648
28216523
28069684
28058313
28331498
28120681
28325928
28293271
27924513
27898861
28241234
27255958
27834356
27857685
27515273
27529251
26862976
26837232
27705471
27845733
27506780
26660328
26685226
27724364
27712882
26667572
27406390
27246227
26649855
27413966
26638751
26225776
26470048
26455853
26198654
26255310
26108911
26102368
26072476
26061977
26204137
26424148
26080199
26301752
26495522
26047070
26413683
26086918
26446271
26463369
26433974
24315002
24296935
24142682
26020363
24923914
24425613
24448091
24744653
24135969
26013577
24934233
24455523
24502016
24475153
24751051
25083299
26030142
25994899
25421181
24758305
23566543
22421125
22415200
23759578
23930691
23975019
23540337
23321838
22754454
22399001
23912563
22715945
23333923
23159900
22733681
22598552
23552623
22556373
22595789
22770050
21730772
21822783
21665896
21837052
21675806
21575716
22232310
21818645
22257520
21564021
22374531
21670476
21751665
21809587
21739288
21827751
21744406
21656849
21570433
21916220
20957749
20913779
20784596
21230915
20794272
20791109
20969613
21211001
21204622
21239878
20947175
20797877
21233106
20964887
21427281
20952669
20778977
21395600
21419487
21133795
20105118
20699522
20705568
20616777
20452337
20310211
20536520
20770647
20465326
20621017
20543563
20389662
20306802
20259551
20216600
20057993
20712490
20276460
19953472
20067588
19482930
19927020
19949714
19798062
19635600
19944575
19485981
19421130
19940977
19890020
19616447
19451927
19429348
19919963
19335580
19795213
19633276
19625385
19792128
19440466
18736338
18984114
18739682
18911612
18907772
18971058
19040042
19051796
18884646
18897541
18978989
18914367
18973487
18891190
18878053
19324053
18733520
19045967
19054778
19317497
18688329
18474662
18550087
18545475
18532506
18673128
18557383
18553658
18454982
18656417
18712934
18724002
18491965
18732537
18465988
18562722
18719795
18406892
18540650
18728796
17961712
18390971
18093180
18055215
18115485
18400155
18202512
17990266
18395265
18108051
17982667
18403210
18217732
18196039
17969384
18400886
18190112
17986817
18340129
17977719
17257408
17439875
17147924
17633083
17510198
17017518
17838020
17094101
17899146
17517576
17920300
17151397
17254705
17895655
17885052
17639495
16910175
17031332
17269826
17454209
16592469
16373840
16377091
16586981
16569609
16374677
16611226
16478513
16362638
16550658
16854907
16764036
16604953
16621667
16580433
16630803
16482771
16575640
16357715
16739753
16104900
16205080
16225481
16245242
16328375
16191106
16338705
16307413
16250397
16345238
16240473
16112603
16310782
16183981
16216383
16134890
16208911
16117706
16109439
16196412
15963309
15899961
15782596
15944385
15752405
15666976
15922567
15952747
16048006
15761242
16069145
15955537
16096863
16002245
15914212
16094034
16081291
15934894
15661129
15987845
15378129
15219998
15480526
15389035
15214538
15385760
15652131
15449348
15621585
15367851
15473599
15626759
15455917
15374487
15461393
15309523
15394309
15632698
15594253
15333466
14918184
15209252
14871553
15002175
15031950
14929712
14866924
15072211
15053540
14904369
15089747
15199415
15014329
15006775
14939395
15060812
15077087
14992325
14893446
14936098
14508576
14697334
14554233
14570407
14693643
14663517
14772362
14778283
14717189
14477611
14396002
14381240
14529890
14564906
14573598
14491965
14684573
14548426
14388690
14707473
14196948
14244144
14330667
14239401
14096993
14337844
14363409
14176359
14233281
14229582
14239748
14154774
14185776
14372291
14315948
14100598
14241116
14214921
14319961
14324819
13907446
13400908
14033574
13924371
13323747
13233685
14091249
14027327
13405662
13371239
13226864
13136254
13204747
13397282
13013133
13900701
14066199
13196287
13021454
13915268
12219329
12697675
12363409
12921533
12842406
12665470
12861381
12873006
12355164
12388546
12998751
12915435
12669434
12850273
12691229
12596640
12602907
12420631
12897330
12380756
11876126
11862954
12122780
11409906
11517800
11684572
11498334
11415751
11823886
11733823
11523260
11573639
11710732
11705322
11594220
11565557
11680742
11741250
11667524
11459249
11238272
10946558
10904074
11230275
11399998
11246198
11259295
11268175
11391840
11038362
11071966
10943950
10916803
10828497
10939834
10910780
11046173
11066348
10934516
11282936
10466113
10777226
10817497
10800011
10689973
10562342
10685133
10486779
10791324
10441569
10355970
10697630
10662627
10580311
10469388
10483769
10573431
10609983
10805269
10491694
10300002
10090851
10069646
10227373
10055453
10053935
10286914
10187738
10322303
10085883
10043601
10353051
10289827
10164905
10074061
10050089
10310076
10340580
10316521
10334824
9863698
9743555
9730657
9934714
9852519
9842629
9821973
9857719
9951178
9946830
9940220
9960807
9826148
9968175
9854983
9818351
9919085
9860227
9975229
9747799
9464195
9672354
9582813
9618077
9483395
9432295
9593387
9627613
9333325
9327884
9687166
9632756
9601481
9571586
9487783
9727184
9693261
9444501
9191901
9449471
8827276
8844877
8953082
8897436
9146995
9140613
8840576
8937884
8958654
9018626
8832096
9040981
9036945
9152474
9033688
8900968
8835924
9182537
8931080
9042899
8728890
8584065
8796399
8435095
8468826
8566735
8465477
8460939
8447759
8552615
8628663
8575595
8383033
8456400
8802872
8679272
8741279
8471447
8476092
8451903
8144185
8065210
7961735
7973771
7957804
8147852
8026066
8281011
7983495
8069205
7985586
7979017
7991285
8073321
8223312
8230123
7967417
8278115
7850673
8060753
7604107
7613064
7658723
7599045
7692519
7683002
7783507
7758742
7615688
7728397
7649672
7659789
7744980
7752542
7677311
7661811
7741772
7796372
7788457
7793410
7382006
7529063
7373889
7475101
7384783
7540977
7524443
7548351
7537539
7399533
7437517
7327725
7462996
7441720
7395313
7535275
7380241
7471488
7403076
7466071
7313664
7185697
7136730
7129761
7219921
7195811
7175972
7104619
7188870
7289253
7316986
7298339
7275640
7214713
7212302
7178949
7116310
7102344
7174330
7314474
6960911
7048068
6907541
6806689
6968600
6909906
6840905
7096254
7029651
6980053
6954021
6895940
6844665
7051671
7037395
7099558
7058191
7034861
6882906
6841832
6758691
6803576
6722681
6641015
6638494
6586467
6557976
6569848
6525157
6643796
6750355
6727241
6762543
6800576
6572645
6627463
6648847
6634788
6678491
6637508
6255916
6389625
6324595
6299330
6258848
6508859
6422484
6494930
6387317
6521867
6384714
6364780
6317631
6314259
6252773
6424007
6492498
6381416
6296853
6455129
6177173
6167407
6169883
6172463
6145784
6089238
6234905
6124510
6249910
6242933
6229221
6027164
6164734
6245639
6221655
6217625
6150940
6078921
6126990
6092241
5960623
5897767
5933279
5759390
5732490
5791887
5822271
6007074
5747953
5744056
5736527
5935320
5886237
5958637
6014725
5895374
5865435
5629739
5833209
5817996
5530236
5487194
5342901
5615056
5605127
5340744
5415693
5401531
5459516
5404653
5351685
5400314
5508584
5580915
5381999
5337494
5393531
5443819
5417900
5532471
5288648
5191177
5275840
5286103
5323076
5209064
5282785
5329509
5268198
5181719
5250203
5264702
5272365
5186165
5252305
5256252
5202148
5196794
5199345
5195078
5020621
4994817
5126149
5130024
4984387
5156916
4991191
4982609
5127893
5123324
5060234
5021714
5025520
5159666
5054103
5114083
5161556
5056718
4980168
5041762
4961368
4893396
4873127
4852214
4926055
4846243
4966104
4896936
4959648
4977361
4916428
4865010
4861706
4718105
4848952
4716272
4929651
4918472
4909288
4856047
4612342
4557743
4562734
4505005
4627830
4667679
4555385
4683410
4550116
4702058
4678322
4711911
4669573
4633172
4565671
4618477
4635670
4615449
4632156
4680466
4426514
4328767
4429928
4292300
4497897
4480760
4501309
4422603
4411885
4486418
4345428
4343701
4341424
4338700
4489792
4289121
4331185
4355173
4350955
4415786
4210078
4198824
4166860
4248877
4149206
4286225
4260092
4285479
4285937
4203218
4206290
4275377
4253589
4193785
4085029
4152155
4169576
4245951
4264808
4269952
4030091
3928690
3903224
4076217
3974660
3966146
3982285
4027424
4024798
3970617
3985432
4019627
3926432
3921455
4074594
3924455
3952753
3977433
4078625
4032684
3854450
3608856
3715266
3718839
3861271
3864192
3892234
3836578
3721914
3656281
3613551
3611126
3609158
3901216
3659207
3767804
3685321
3694188
3689814
3862624
3562052
3492924
3557432
3552354
3585778
3490409
3587930
3478756
3547880
3488102
3495026
3454848
3555190
3450355
3446837
3596676
3594555
3565718
3499689
3555826
3444589
3398891
3387273
3436717
3365414
3334160
3363629
3391293
3299032
3337455
3378551
3394147
3332774
3331056
3315596
3367744
3440439
3438586
3312934
3396400
3293970
3284384
3150141
3145982
3216910
3110227
3192433
3155842
3108333
3231076
3192838
3234784
3214098
3192080
3148134
3105853
3290244
3152684
3281407
3287444
2946913
2939963
3059792
3057577
2918746
3062357
2941197
3003238
2926606
2920578
2955089
2938716
3005352
2925122
3103635
2971116
3048825
3012232
2944987
2942677
2862624
2899237
2795686
2913404
2846501
2906727
2889709
2798643
2859077
2795541
2894069
2860233
2803289
2863839
2812067
2900719
2855183
2852937
2796997
2896148
2759330
2757228
2724861
2671438
2761129
2749600
2763617
2719427
2715279
2673059
2721953
2762415
2719168
2717055
2719637
2674639
2723128
2720428
2669804
2794853
2667979
2650763
2613671
2662922
2639069
2618535
2659931
2619557
2616825
2615181
2621135
2610343
2606145
2649306
2644493
2665660
2657103
2622455
2611840
2653536
2524179
2523049
2503679
2518672
2596012
2496602
2494388
2553972
2603483
2470141
2468845
2600677
2462612
2464893
2512266
2516993
2520785
2467220
2514202
2597623
2355050
2295640
2411339
2339734
2451590
2357343
2338820
2443198
2457757
2358678
2407571
2360234
2304608
2455557
2299155
2449134
2409985
2415080
2416873
2332377
2114034
2125710
2280215
2268324
2130108
2293545
2117926
2053488
2278701
2283709
2290871
2065974
2120704
2063269
2277817
2068402
2286803
2122928
2288814
2269593
1881985
2021129
1925040
1922084
1833725
1923541
1934872
1929759
1871201
1821506
1990092
1987823
1984921
1991848
2027455
1816827
1873380
1921671
1832347
1932765
1778847
1716445
1784228
1712254
1706006
1772307
1767573
1700830
1690765
1725095
1787603
1809537
1781266
1719976
1682654
1679853
1677907
1679353
1647919
1638737
1507680
1568215
1559761
1462858
1504662
1393550
1605859
1512188
1602885
1563914
1459844
1446710
1458849
1441920
1437975
1636843
1635152
1390539
1395374
1450043
1064560
1007083
985130
1090573
783608
1156075
924618
853141
1145847
1068986
1065624
987706
1061430
928743
828320
780644
1153670
1208712
1067055
984878
420233
448343
583609
450004
399766
437117
610917
424286
493755
423120
721035
391887
684071
718846
396495
582306
439479
416680
726736
531135
220613
363077
339430
389568
252769
344301
222258
336754
293375
221735
236105
263384
342673
267888
234845
221545
265932
250937
337549
266949
136486
194806
172266
170932
147240
142237
162665
208649
191661
220036
207910
147497
209302
137781
171726
172815
159269
217790
190950
190338
122145
124727074
124733023
127657
124608
123822
128775
122667
123348
119215
124109
124730015
124738273
237450091
119065
125067
122440
134361
133705
129524
