872453845
866783759
974990345
887050337
947891354
923585582
872529922
883402914
866587973
1096881049
887333086
886934660
919288025
902081566
923434358
869582901
889345955
902213307
919170245
887224456
835085687
846049442
834947121
800099150
796564093
855482808
794900908
796496758
800238286
800164314
850032378
855384406
795070812
866505912
859129964
846105045
796828893
796745774
859061900
849926399
728648156
775447966
727098498
724998263
790928194
726648864
723202284
728326284
789188708
726856128
730882216
728440069
775380292
726976620
790831057
724897037
728772304
723044759
719128243
721190019
688952067
699867494
659842193
637153620
637060089
639115263
608363725
588845370
608210611
538423153
639249733
538553344
538505338
715188496
645934885
639371514
608424148
685370169
689155621
665265595
533839555
535526040
494984446
465900718
537069348
536943533
536900732
529026911
495083364
533741600
537159756
533844486
533923778
537091843
536862577
530712229
526152768
526069599
529066010
466027094
436862093
435724883
441510946
436970750
464177901
441753060
458871507
444741963
437259619
437183605
444547010
435627797
460186920
465817418
444679444
444588197
437100110
464331495
465748113
441896042
428276173
430550411
420339869
429588398
428140363
426342116
433838989
430651325
429494237
416828592
426540425
435127043
426310599
428034133
435045774
418787618
432009454
418913285
433954002
428011034
414406493
414491352
410495076
410572749
410448023
403715212
403616161
410630824
410341767
406122594
403631902
414334571
414570884
415549395
410429464
414364124
406291321
406184649
403542790
414657630
334150806
363418661
369855433
354738155
328082773
368326426
362272115
363323155
388594813
334127351
362151069
328029325
350745123
354651167
362200923
364570469
364474164
328198530
363414839
363340944
327189738
327194701
327258583
322226015
313205283
319967730
315398091
320010789
317774686
313237502
313230590
325779056
325933236
325702326
322319865
317839053
325919186
325896785
325543213
325928065
228784229
228743344
227994942
235015828
306373171
228084406
227844788
228035001
227790094
259794567
234989617
227766530
234856394
296064191
291348431
261013988
260957101
235732118
235044946
295993981
226424556
227401996
192808834
187454751
226465410
199487247
227332771
193644381
200231159
193036784
200279309
199542017
193669361
187507482
192940171
227361295
181057294
193841605
193774867
227378325
129489332
170685272
175936314
170647427
149912302
163431991
163292376
129512887
129439247
180910208
164640287
116730954
170625806
127530282
116627501
166058537
163460337
169163788
127498126
169131417
105866838
105165577
108941057
105857020
109974090
105832270
108859581
106749540
109808076
106372203
106405162
108994203
105884180
109880500
105845981
108758068
106731638
106870941
106693523
116583565
104958957
104438247
103453424
104357443
103276767
103410274
104880498
104835321
104724667
104465353
103821467
104407106
104426847
103370895
103326777
104485856
105114808
104502126
104794925
104750153
100682775
101310540
101298772
101878757
101265182
101135834
101793935
100132767
101182452
100111761
101849679
101243768
101864254
100095315
101162185
101934577
101909400
101923788
101825803
101221688
98388384
98453770
100017725
99874316
98469668
98358004
98325447
99833936
99908773
98565060
98544272
98526737
98499424
100004383
99802572
100047114
99770573
100034930
98582114
98476666
95962859
96209846
96106595
97624766
96242075
96192135
98300232
96170877
96143359
98129661
96125635
95931967
98269643
96064136
97520421
98187433
96256673
98303520
98232074
96712460
92840703
94834841
95342385
93347188
95290189
92193362
94792421
94870002
94757676
95906993
94918349
92799816
92096460
92057589
93385523
94893948
95363125
92025313
92143676
94936951
88369735
90427009
90561319
91398499
91909729
89550414
89519974
89491914
87838356
88392933
91930701
90405942
91367471
91431800
90462692
91703287
91989678
89460625
91884144
90519425
80504856
72748593
83780516
81365633
87795551
80489959
80124501
87689466
87710532
87682882
72727108
83760865
86580242
72738618
83843238
81342103
87661734
80475930
86667371
86615598
69617300
69601763
70179495
67658721
67723220
70217073
67677536
68531604
70194052
66228240
70163853
69615492
68698447
70155434
69581102
69423016
69395747
67692438
69490488
69624822
66206192
62354467
58614153
56818520
56815751
64185473
62374078
64122734
56799808
65239087
66188647
55398771
66178069
64159026
66221396
64209503
64141838
56834107
60118685
64100362
50502746
52715518
53454079
55371145
50444681
52680300
52695623
51011702
53466794
55357509
52703414
50266024
50485693
49996433
53445734
50270320
50468586
55381320
55346961
52670849
48558100
48869157
48853300
48850188
47344704
49709085
48999338
47630896
49682515
48198542
49721409
49665965
47985680
47889464
47305967
49007404
49019411
48541701
47325401
49715564
43838054
43843479
42400556
46857054
45574452
46873897
46892452
44685047
42384319
47022953
44735864
44697426
43860654
43818618
43657551
43850206
42973796
42394841
46879102
43831514
42068097
41517627
40797883
40122875
42075562
40269634
41527148
41276840
40260114
40162330
40241736
40141387
42055222
40176087
40170747
42045476
41246871
42082713
41295012
41235125
37853368
19398215
19402414
37847063
37834900
36280801
36272754
27725003
16423305
16376433
36507877
27901028
36524089
36291662
22618846
36491639
39848705
38129960
23075777
39384041
14184664
14024990
14791008
14816045
14809522
14643875
14792180
14054916
16372777
14611880
9295709
16266897
16086215
14173428
14062062
14800427
16374067
14163051
9302673
14155263
6140934
6140055
9290456
6365811
6724875
6373456
6089071
6815083
6085003
6081534
6403864
6389442
9143699
6719735
6381990
6379354
6369146
6094682
6386801
6143169
6066170
5710891
6062202
5190700
6077314
5934424
5722429
5714842
5294165
5214870
5311154
5231195
6069222
5931390
5942355
5304072
5718586
6059102
6073574
5938727
4974735
5035761
4973464
4968125
4837414
4524360
4944322
4522713
5031161
4529730
4589353
4527852
4947994
4946218
5187864
5040527
5016731
4534258
4951655
4949930
4021524
3968866
3961768
3960117
4520898
3543444
4031978
3957211
3550795
3044826
3963725
3553578
3046483
4037069
3541185
3545790
4028818
4518748
4023907
3965522
