1178090001
1163978384
1162366683
1162047979
1173932457
1185301864
1161947654
1160354490
1163870881
1160536212
1164025010
1164176318
1185457558
1163816689
1162481238
1185059017
1180332480
1189821640
1180175886
1164238198
1154114436
1103563359
1156323088
1160048845
1152942411
1152846208
1103390972
1155701081
1156045488
1151213274
1160128547
1155584446
1156183140
1158672800
1153969868
1153492287
1155897512
1103772455
1158550355
1153319142
1101708856
1082162486
1055695707
1082312411
1096469977
1055542196
1096681259
1086083711
1086300539
1083641057
1070890236
1094792304
1094689178
1088664682
1101525141
1082440239
1071051748
1096564205
1103209513
1088489751
1036887650
1033103207
1037106730
1031965197
1037297138
1026904515
1024952233
1047408533
1024470403
1031817024
1035439871
1033342059
1046865380
1031339564
1026714528
1024810782
1024667171
1022683382
1046792279
1036981781
1021070412
1015343916
1005933859
1019094051
1015155256
1014915650
1019214133
1009850899
1014995223
1020961219
1015463346
1009729341
1022555586
1008118533
1012496672
1009584226
1018939732
1007962853
1012702596
1007769261
992567619
994324813
986892334
1003856970
986760050
1003729680
990553249
1005817915
988379914
995000647
990473550
1001843897
1005687528
987037928
992769598
986612137
1003533623
980391220
968322530
986485822
964350436
947396024
959951194
963729628
949639608
966027299
965576407
959795157
965460808
947465959
949525721
948003958
964239942
968201222
948113061
959639742
964104820
960052387
966158963
959703723
908556889
902489496
919368018
911297857
903857155
902817192
905895684
904181541
944301832
919022018
911677031
911195900
908686615
903945136
906626832
902358838
944410040
906781968
905757303
902691482
890892603
891228661
887492700
889244103
887267822
889395098
875725893
890966329
894140272
889701998
893639250
889557988
876375275
876061723
894244568
893509034
887611981
875892351
876242482
893897536
873659977
859620085
861001141
873936970
870914690
873536113
857741214
855905791
861306741
875427571
861149427
853671485
852142271
873481305
871892320
861482009
873796501
871938739
863207079
875577130
759513368
845905229
766770267
851870492
757733266
838058207
851696838
759686942
840233003
757612160
757911460
852018913
840149655
837970112
840035913
846208572
844179300
838129505
765250592
759804474
756131414
738837255
752246784
752577617
737681936
754019951
754165386
752485602
755973085
741126664
750409035
739020813
752374803
742913931
741276246
740999950
738934498
752167389
742783725
753806437
735148952
721468444
737434901
733178054
732835960
735244082
735027877
732995530
723308485
723405636
725214839
726929631
737567592
718854049
730739595
721558106
725091690
733289386
730664463
727087023
695573781
693029054
705480284
696236097
705313438
699655735
699747636
698033411
696070928
698169100
693881577
707068127
697813652
691559010
692949140
697656064
691725804
695676991
705139466
693727772
650937611
650611831
646154654
675769069
681268786
647569541
647727223
649190708
649109969
644692463
687246638
654624020
681173736
685179516
681360158
647669182
685326376
646037673
675665770
654479566
599041460
641069938
608644437
642247705
644475486
642172489
640383161
642353463
640583726
640487240
644589848
642561256
637349764
600754515
640945702
637455495
621030695
600687300
592825499
642060357
591493104
545562113
529064478
558160532
515270736
465943861
464582095
588882321
465865954
524042397
526116801
464331495
515145151
464514137
524106165
569280893
569138605
542294797
466026945
549220238
433344344
367103951
459031307
460457853
460550562
464201501
433287443
430646573
429416273
433703336
460364757
459088061
457619049
433388192
464135474
464109077
457458425
433302473
430625595
433610507
310775118
287751195
309938363
287952345
281344879
310951775
310828051
281315233
305426714
299398914
308459574
287809600
263615830
287991652
263591396
288048605
263494556
267826531
264360439
264323424
248795504
246934931
246148000
246109565
263346183
262312446
262580105
248687818
246198126
248741309
247006520
233283920
262411148
263297825
262438280
263470198
262281327
236743501
262561359
247043821
233100154
233133280
220733594
226282278
232391308
231657024
230717643
230864899
226329530
221535435
230753865
220770747
232580334
230791656
230910384
232542909
220896899
221509607
231700636
226204341
198870558
195381167
207125715
208959848
191706297
190266732
210610170
188926027
207249159
207285069
195821470
195326414
210716867
188895504
191675803
188951731
195847035
198894329
195874540
188844526
181005976
178190299
170768199
166007724
172031422
163237251
161563539
183297203
182557904
183312081
180910208
164640287
178234029
178270102
183317240
178123115
161521245
182506504
183393146
183252176
160829275
150058748
147355180
150927300
150802318
160765615
147388104
150882892
151710026
160713616
151797507
156316411
156275454
151734454
150839967
153039645
151194100
151142902
153063897
150133623
107516718
146547327
142649613
145830798
107588163
142589433
133356210
142620767
116650895
133395029
118273694
139056295
139029157
145934441
118341603
116763804
116591387
107719894
107617563
142697445
103686300
106783896
104564495
106025605
104270733
107218136
107240999
106775200
106756518
103667961
104203460
106000960
103711580
103084852
106809875
104569092
106307103
103733718
103114764
106047221
102587106
101437038
101377777
103016426
102450965
101594834
102369181
101496625
102399924
101390926
101022876
102610872
102984884
101566489
102333428
101407377
101375349
102566836
101459150
101422221
100338329
99967922
99647756
100294895
99618452
98494715
99543610
98453770
96739847
99524563
98426694
100978851
99560741
96721274
100259275
100942974
99683123
99985763
98467345
99997559
96561051
95170491
95279029
95114988
95256143
95098378
96536494
96685654
95230058
94612954
95081871
96594978
94583175
94638809
96508005
95023041
96460810
95760469
95189363
95208050
92518642
94461981
92976527
94469917
93250483
93068333
94558308
93094318
94439188
93046930
93018432
92967822
90571939
90533586
92996427
93208103
90557446
93274866
93879554
93862976
90087768
90369182
90360181
90347001
90125506
90498566
89155270
89143486
89130931
90106792
90408248
90389311
89166251
89097451
90062461
89121324
90486051
89108794
90377037
90447618
85778228
87035651
85736684
87062820
87018124
86576771
86536081
87083816
86563238
85755710
87199830
87138062
85729137
85697287
86503583
87173198
85711971
85803774
85744362
86599771
85401388
85683552
85372780
85303097
85656141
84736491
85432906
85232642
83620174
83552199
85248459
83449230
82614456
84771798
85259949
85669438
85337248
83521151
83405371
85456193
72020187
79675124
71948730
71753897
80860203
80810317
71979450
79631931
80882867
79666105
75229285
73470288
71913475
73490480
79599299
73528290
80835923
76163579
73511798
76188355
65620623
68547538
67947575
68618842
68300191
70684293
65574944
67969523
70612027
67915491
70701894
68591553
66151007
66129512
69838596
68573446
70651125
69865380
65549384
66174031
64275115
63117548
63075855
63100870
64318772
65527133
65535424
64843070
64300349
64385763
64750768
64776003
64820102
64727418
64795981
64703706
63088354
64836626
64362518
64328968
63028397
63016480
63039977
62597434
62278776
62194160
62262438
63063093
62971673
62294802
62622099
62984793
62758726
62181766
62547542
63051310
62557540
63018591
62248023
62206807
61700161
61772435
61938308
61786365
61949230
61757961
61800234
61829207
61927198
61960586
61916601
61903998
61685291
61662464
61387148
61844386
62145852
61401870
62167217
61813876
61356305
61324460
60653475
60612957
60560451
61340371
60572124
61251076
61373072
60699778
61106698
61137521
61103489
60632331
60586314
61289778
60261726
61308706
60670257
61267936
60242045
60226721
60032210
60050009
60122672
60040647
59265603
60108232
60096604
60075064
59253584
60168944
60197214
59241304
60085511
60212276
60007579
60156615
59278208
60025106
56921075
56903539
56366962
57385732
56936702
59173534
59227129
59183621
57811372
57852737
57903029
56888640
56959022
57361015
59143460
59213310
59163212
59150595
57772961
57650764
56363753
56348716
56287567
55900439
55927848
55996138
55844972
55809633
55377260
55423858
55820445
56269398
55127541
55980086
55201637
55948070
55365150
55167624
55833132
55153366
53170516
53113899
55084949
55032127
52391591
52256561
52530521
52451143
52516686
53127743
55053078
54803796
53173176
54774578
54645043
52409578
55011606
54704416
54739926
54677972
51817161
51793631
50114384
50422324
51767369
50923186
50347712
52196704
50134013
50911988
50655007
50355688
52178070
52236140
51886553
50110494
51437550
50902860
50668944
50367020
47588661
50086064
48501705
49785602
49241939
50099726
48277329
47229420
47202707
49218893
48508594
47199958
47580169
49108178
49779408
48261679
47764786
47394511
47213519
48204363
37921848
45868546
41459218
37910875
41309020
38488095
45645924
45850123
45328017
41291596
43151924
37985736
37927544
41275582
37975670
45373700
45356599
41320730
45635844
39884295
37891789
37128104
37478275
37488711
37416156
37133780
37884653
37892640
37122440
37140219
37906255
37060711
37898840
37427837
37081731
37221002
37189023
37610476
37442881
37179403
36206816
36218514
36681557
36229179
36711019
35216666
36179610
35997783
37013947
36007148
36693311
36185823
36979345
36992990
36671219
36649660
36706551
36971708
35981181
36660765
34952918
34248054
33756951
34241474
33989946
34784857
33500879
33746065
34267481
34219335
33743038
33390495
34014183
34227342
34757230
34746594
34501232
34234347
33384169
33322118
33120580
32840825
33107945
33085539
33133418
33038406
32567643
32540680
32584835
33140663
32852585
32533198
32546550
33074287
33130453
33044977
33066209
32592836
32575118
32553312
31845832
31651117
32313176
31847267
31630753
31668623
31659633
31451580
31444251
31854010
32330117
31845585
31930264
32323715
31612701
31929682
31844689
31597073
31437340
31461879
30741607
31386568
30773276
30406202
31407889
31250844
31234325
30708940
30775482
30392811
31242478
30776184
30774121
31223659
31370485
31419075
30774751
30413173
31394691
30751326
29738146
28467909
30203521
29744452
29726892
29710696
30193001
30179693
29733408
29567176
29307859
30386898
29293087
29094429
28681223
29714869
28641310
29721793
29313371
29299242
27817842
27643753
28373609
28185674
28179512
28202928
27795084
28193624
28006209
27810827
28384075
28368621
28174203
28169467
27800754
27787269
28223150
28379090
28363406
27999268
26368762
26362096
26800163
26588692
26808402
26594338
26357278
26184876
27604690
27414219
26391494
26575121
27574461
27399178
26630640
26638792
26620396
26379987
26961313
26952461
26177405
26163493
25806386
25734056
25723825
26014597
26155756
26143508
25795904
25788864
25779767
25716474
25416257
25747196
25926293
25423630
25590279
25569750
26148891
25562265
24674447
25215361
24938422
25223589
24677122
24306607
24901435
25071261
24884218
25062576
24829883
24688557
25208654
24652246
25054736
24892120
24322215
24313283
24280462
24702390
23688529
23669948
23661274
23653116
23709087
23683076
23513595
23945565
23524519
23350989
23341168
23676141
24272017
24264414
24262335
23465775
23718342
23657072
23729628
24080948
22518042
22662681
22888166
22504534
22508894
23331303
22870520
22864675
22537567
22529925
22497917
23107337
23325074
22717057
22543553
22352746
22671064
22202744
22195032
22184926
22150800
21732381
21062892
20593569
21051783
22141701
20390093
22144731
20608854
21133609
22177350
20232079
22157925
21125893
20377869
20615472
20220324
20013968
20213298
21990631
20003528
19546486
19870457
19416969
19385236
19995995
19992415
19864678
19541911
19857536
20008815
19389212
19749705
19579854
19424382
20007151
19988801
19741764
19568819
19553802
19099754
18474386
18469705
18966693
17942130
17924718
18062964
18064590
19130314
18971485
18071170
17946563
19262750
19106036
17953945
18465617
18496106
17931637
18048914
17918289
17196042
17225707
17916408
17018216
17013223
17316198
16946209
17184105
17205646
17023577
16442070
16427950
17656147
17089872
16950952
17649580
16534669
17910823
17187879
16432482
15938739
16419600
15014048
15005655
15919263
16202116
15004389
16082038
16056728
16305734
15936144
16076306
16323328
16210896
15945339
15925418
16329331
15753045
15589466
15005031
14372080
14609600
15001958
14670773
14999478
15003631
14783313
14624483
15001144
14836001
14682185
14844254
15000327
15002099
14788789
15002524
14619367
15000848
14619869
14497938
14340574
14062573
14210247
14312790
14332440
14214438
14166360
14150232
14053819
14193956
14156121
14180528
14354649
14361959
14222467
14035094
14325015
14307159
14161385
14146043
13885184
13511722
13818379
13704748
13833595
13864211
13686111
13881841
13693921
13675619
13810981
13823896
13681230
14025447
13804955
13677624
13856616
13870173
13884617
13829043
13324737
13010327
13335830
13436647
13008978
13006003
13156035
13306365
13140388
13150867
13505989
13005144
13007432
12872493
13147265
12856550
12995491
12860382
12988905
12838924
12813073
12820256
12801091
12648613
12817006
12831399
12509539
12801668
12801309
12655255
12501284
12501664
12802335
12801864
12804371
12824503
12801511
12640558
12804013
12645661
10933280
10876285
10896620
10910226
10897158
10916854
10866033
11081297
10895673
10940290
10898437
10943300
10890429
10870340
10798921
10787893
10925531
10939107
11052482
10913336
10415439
10780296
10757921
10757374
10674617
10679384
10549881
10529288
10749423
10769262
10162100
10532394
10054191
10439227
10168000
10756928
10537463
10556304
10047955
10758297
9901048
10033916
10020363
9677329
10037832
10039962
9526399
10041005
10029333
10040514
10039183
9944770
10036819
9533761
9901323
10037317
10024199
10038650
9904600
9901099
9101821
9386065
9151574
9111331
8920959
9103530
8021314
9517483
8023326
9145864
9522213
8105250
8097093
8294865
8026451
8193739
8926516
8019785
9114734
9271370
7447715
6494564
6501240
6490541
6536649
7444734
6489882
7503214
7640546
7508778
6490214
7635182
7510826
7638294
7506773
7505417
7442584
6492275
7501961
7448942
5841552
6489618
6363249
6301124
5717908
6207191
6196101
6190505
6489104
6202917
6211459
6297974
6362677
5870868
6190332
6367800
6162711
6305185
6488726
6199063
3766145
5678845
3487742
5686241
3763406
3484820
3735810
3948481
4394905
3734369
5623060
4788485
3758873
3737931
5027836
5027718
5031046
5015886
4782889
3951669
3363900
3474676
3469552
3470158
3431672
3419498
3423414
3367158
3479144
3426550
3475755
3429250
3482596
3435364
3415915
3477698
3471938
3420686
3418362
3417487
3191044
3189075
3167527
3195067
3358138
3337979
3212769
3168346
3184923
3223150
3217753
3201023
3230601
3187142
3198258
3180755
3175960
3360156
3177246
3214918
