1185514224
1196367798
1196276692
1195097331
1184810043
1179717411
1176543337
1188423517
1176427446
1180141231
1191512265
1193628125
1195168882
1189840700
1188274201
1184920992
1183334475
1180500500
1189364759
1180175886
1145032635
1146130185
1150806690
1149788105
1168435042
1168366730
1150880234
1145959349
1147333313
1173671419
1150405562
1173757015
1144908657
1175920813
1150609218
1150479187
1149672897
1145106349
1149869143
1146042942
1127193570
1142281672
1140659388
1140546130
1141673586
1122642372
1122462952
1121525808
1119644745
1142859700
1139312168
1121444104
1144154429
1142758932
1127076428
1122921165
1122279304
1141889831
1119542265
1122118382
1105436772
1103764959
1103115857
1102999243
1105531055
1118819390
1105621433
1102884814
1058423258
1060283420
1055991348
1119199494
1106023651
1105865880
1059927394
1057874465
1103970053
1119015400
1060123156
1058180749
1041880018
1045232114
1035114227
1055414298
1024740756
1024450516
1014487042
1041538309
1037297138
1041705975
1014602696
1012786161
1039533101
1055172050
1037133348
1055697757
1014731503
1024651821
1012613155
1054845593
1005933859
1001699616
992303717
1001469068
1012145866
999423863
990611269
992629797
1001576422
1005817915
999565743
992515146
1010204637
1005687528
1012026724
1012420304
996750638
1010028121
996686358
988993201
949822461
958119161
958228814
986775118
938244728
987198255
949639608
959795157
988379914
949395934
938320612
949525721
949305512
959639742
951275917
951156030
951023541
988470293
959703723
949997380
872483085
871019998
929105285
896493387
898565247
872559751
900216061
898708117
872364157
898889859
896802253
900145865
934664221
871994365
936934044
896650524
871086594
919526792
936757321
934531683
842414659
870704045
870914690
846176893
844367469
849517865
869458925
870828345
869366723
842541907
853696272
855577451
841081813
857402087
840946184
857269829
857195540
847853824
854024303
845931757
776068193
771196094
823939420
775979885
776170591
829623307
772349523
823622294
837799831
840786357
771032063
840149655
840035913
837771261
829527928
829462073
825920725
825814838
823815439
823536941
753972043
770632334
770838732
767300227
769290012
769106392
770919457
767671293
739568621
739468006
757612160
757911460
767504026
753891929
767419503
769433230
768999679
768809344
757733266
739366167
717356245
731131160
721045822
737681936
724873636
737434901
719507884
726706056
723308485
724753100
723405636
718854049
737567592
717569116
719429672
730966570
726810779
720963932
719289822
717452605
715045296
713689926
711764151
715245507
716865032
716985906
709606102
709499723
714979634
711652560
717136367
711309448
715350428
715464229
715551639
713794270
717221899
713303051
713558549
711411119
705148817
701237406
708110545
708174124
705480284
704986001
703402694
707305266
705305101
701296535
701887280
708003365
703746120
703477571
707721087
703857356
707209375
701977834
701395746
707811575
700170208
699746467
686575409
681134989
677937147
681050538
678073287
685314413
699844264
697813652
683698367
681242203
683431690
697656064
700081123
685140476
683582056
685185721
676155501
686488803
656418833
644155110
637080906
644666000
658045544
675811355
675934083
656259765
639115263
637181136
644239445
654624020
645849955
645735442
639249733
639371514
657881876
644586383
633304168
654479566
630130527
623841242
632071635
625579757
632251106
619555888
630278999
624041431
622406978
619483718
631957091
623947792
625432054
632169065
622485347
633216679
623680538
625665423
622315378
632362662
609831177
608330080
610182855
614166318
615984644
617353412
616090051
609933898
617280324
607969375
608094046
614345257
608250956
614252171
608445859
615641227
608050358
617797727
615554159
610063296
592515529
603556393
594141377
597675608
597302259
597852922
589923042
592453022
590047660
595825128
595591074
595460139
593879238
592612976
603312476
593812109
595716701
603468460
592693586
597481954
584423422
584529109
589748168
581262148
581707394
574359867
587021553
575187565
575332715
586671746
587056053
581828793
574002014
589809330
584386320
579046562
586519916
575272161
586622568
573450558
573351778
566123412
565436827
572539301
564885721
564781641
564562812
564640459
566705739
566619402
564943772
564717205
563163519
573117274
565629111
565002352
565568431
573248183
573070430
565492076
560688635
555638054
557971687
555185287
553756288
560779816
562891870
554660159
554849325
554767703
553859873
556801775
558781150
554059634
559055424
558056835
553989545
555248672
554703178
553690490
553024484
552336002
551462843
551389098
553067491
552982908
550753117
550594143
549589409
551500160
552379355
549267886
552058282
551424883
549527097
549156794
549430954
552241889
551954330
550603650
545356606
542310303
543996692
541815281
546648717
546927502
543968691
543179209
543045699
545259705
543129101
545590005
547629599
543790338
543620163
543219791
546861965
546764566
545422050
545526335
540942949
540891244
539334336
541784670
538225202
539507780
537027265
540783307
540601308
538091055
541193607
539582443
541018871
539747240
539677412
540546543
536946123
539828307
537110737
538148951
533859216
533493518
533789275
536774120
532092882
536617551
534275632
533556486
535265932
536855284
533624375
532157287
530328376
530276667
529275534
536649193
535392727
535202460
534187434
535674249
527428181
529180581
521369448
521528811
524338294
522233095
528781979
526152768
526069599
522111842
528710891
525871439
528640797
524512457
523483912
523449053
521675237
521431855
527540415
525990184
514676130
476429081
475908695
514847630
513799982
475858504
515092080
513947502
516506437
514928502
476454365
514768097
473571259
516581769
479835681
516391386
513863965
479775916
514999613
514806820
472332337
471953764
469582430
472384416
473460961
473515506
471989894
472578379
469506611
469367149
470122440
471958699
472460898
469460743
471195207
472315688
469469747
473413198
469540322
472477375
468230767
464625835
464221844
468268071
468376599
466694288
468431537
468192899
464512811
464800440
468318201
463994184
467201615
466888911
466667857
467247818
464250435
466913205
464029272
469358710
461711511
455785423
452373959
452875258
462858204
463960145
454523152
452440086
463084634
454610647
455885965
452963562
463009466
463900132
461765703
454492868
452366016
463172960
462891354
453866198
446431932
442161002
442060840
443347954
438233470
445485012
443867490
444741963
443024626
442989319
441753060
443270970
441634905
444547010
446331105
446382489
444679444
444588197
445511503
441888543
418846987
416682550
419046718
422887877
438196989
428081119
426291830
438099569
438160462
427718245
416766451
427680744
438180582
422983713
422738723
426566119
426440146
422819082
418942888
428161005
410786851
408099152
416612624
414507292
406937478
405629117
410815974
414412126
408578054
410182640
415658359
405674944
404006449
407967698
415710271
407962901
405668095
405217041
408081086
410740235
400609014
403715212
403616161
399261847
399487573
403182606
399581947
401388092
403631902
399190081
403206841
400664784
400463947
403228868
403542790
403863181
399346081
403151601
401313955
399535860
398359804
395355851
393486010
395509639
395456483
398224926
393539707
395617046
399084373
398417496
395650070
394768287
395288439
399172542
395376304
394301776
393111517
398032721
395563247
398611754
392875205
391908901
391573637
391110683
393074335
391359803
391871666
391143272
392887248
392692824
391829889
391936646
392793220
391105477
391449969
391903683
393014940
392958704
392198006
391646330
389257045
389367715
387271120
387165344
387131764
387443544
388365007
388724172
387493362
389266937
388284356
389192247
389337136
391045061
390942829
391015352
387052144
387382089
389293116
390971205
381003023
380403851
380382052
386142634
382410788
387041522
380248720
372745792
380631353
381056627
372793316
380191821
381143515
380948449
382467858
372767879
383454812
380286025
380826752
380423792
368487220
372228272
372320324
372436002
371875236
367326998
371600191
368410903
371947972
367123752
367043820
372070881
372022556
371506183
367396378
371549852
371904093
372367673
367404621
371568224
365818001
366620878
363812013
362172795
363417304
363951569
366671180
366708009
363339894
363995092
365768574
363855658
358523909
358591130
358518540
364570469
364474164
363360323
362132401
365876831
356855244
357464477
355101794
354373826
357623485
357329998
355637376
354408181
357365610
355034813
354469751
357574528
358123579
358074931
356816753
356783845
356751582
357599584
353710153
357478762
353189537
353168494
352270980
352134163
353101730
353317544
353357855
353277877
352001136
351294794
352187989
353328869
351903564
350617133
334150806
353236379
353216191
349384568
351946263
342183371
330533845
321866023
328067251
330611731
330356018
323091033
321890831
334127351
321923442
330598792
330463853
330302005
323129816
328129171
328108603
327192346
322853872
321983628
321949803
323124486
321826650
316036553
316348153
319975099
315786578
319013262
314988388
320060299
319817814
318746991
317079443
316401348
315123070
315091109
315813327
321830760
320039600
317073564
316300559
316063497
313710462
313059439
314922701
314843730
313886561
313942530
314583371
313822261
313777255
313919674
314004773
312844271
312936579
313766472
313975725
313682906
313017466
313801830
312993702
314947734
312828125
312733982
312643128
312433421
312607039
311084992
311050848
312551423
312703994
311135916
310830455
312717506
312779942
310223684
312560057
310882951
311177448
312755269
312566414
310976430
304755590
305368783
303344097
305627120
303272271
309909556
310147625
310117371
303589304
305505239
300701917
303550252
310060186
309857366
303400743
307396403
305687694
302958914
302898328
305428217
297617744
300664003
270016993
281896001
299923213
299617590
269981681
271008789
299962045
294009589
279758534
293747233
281841691
294049665
293962892
270942504
269952489
279816404
270979841
293694548
269739993
263659844
266832024
266675550
263433706
263559744
266691076
262604402
263677108
262520933
269777362
268963993
268881455
266642819
263395326
262632112
263593584
262504787
264470591
264431672
262341896
250832077
250755652
248795504
248035815
249761996
248687818
252658123
252635683
248741309
249813799
250904898
252749957
252529086
250895116
262367754
249697969
248078190
252705825
252577043
242906297
241697879
242948492
240932116
241750983
240136233
245413525
242541782
247990153
239612759
242570878
246859907
246264409
246922127
245380407
245319689
242996722
242622099
241035275
246296111
237971651
236974064
233133280
236883085
233100154
235360426
231615501
234656635
239282165
231508617
236769712
233981269
234622237
234082179
235803692
235405620
236931894
236830176
234899574
231459693
227736704
230795672
230792958
228433099
226860521
230827179
230711471
230037451
230071665
226981756
226833779
228479920
230890219
231419780
227797195
227024248
230676373
229958482
226332765
226364194
223834882
221597278
220100913
225734198
225789590
225437519
222910284
225378484
224644563
222894640
225769450
225772686
223942906
221569584
225481076
224032266
223269176
220965725
223296505
224593077
213771371
214313605
213739062
209827876
209727522
208959848
216145939
218523241
214279321
210610170
218473923
220079401
217659096
220029810
213687854
210572712
209787755
213614236
209688844
217760957
202444520
208825903
198813698
207913521
202276838
203851558
208742409
208870805
203773349
207992400
203184005
208786362
198764158
198716624
198688640
203794168
202949535
203820462
203756357
203064070
190839117
182310686
190802343
193606210
192866354
193630834
192860941
190152790
182557904
182218145
181723440
192825822
198583292
192899437
192868898
182260571
193086330
193841605
182506504
193774867
166015673
151894058
172031422
165331210
160681720
161753084
180903662
165474313
165387850
160737476
175074752
163997432
159872059
164624550
178123115
164021812
161703243
161527949
159767131
161580595
119872807
118948903
150823810
150800847
142649613
142589433
151848419
150927300
150276199
118912277
142620767
118869784
150882892
150178068
119823705
118341603
151142902
151194100
119922175
142697445
102239468
102199460
117437158
102380573
117483335
102162048
102131233
101540419
102471522
101111631
102402843
118273694
103254387
103208391
107660605
106800389
117378871
101513555
103078472
104855413
100348417
99050520
98298185
99097556
100855275
99202108
99164203
101002568
100972786
100499807
99126390
99036066
98994274
100428295
101081732
101036313
100377944
100309628
100459390
100892801
96642488
91288228
89938170
96719415
90968211
96602572
96136315
98252794
97510245
91244132
96128819
97565875
96677664
96186555
96158881
89903971
90986841
98201788
97454181
97539887
83620174
86646223
83504301
89003243
87247798
84305006
83552649
86672126
89846572
89036247
85017301
84336107
86611162
85006158
84189350
87083169
87024454
89065646
87055980
89810866
83421728
80811549
82608567
80579848
81570903
81369702
81600984
81182393
81224902
80333673
80561323
80304062
82730669
82582335
81202241
82620965
82593888
83448292
80551894
81551278
79655458
80097527
80002947
79554828
77259244
79455269
77096953
79590299
76021242
79981966
79612060
78896028
77059926
79486371
79433609
77117643
76412813
80026828
80077900
79960946
74854306
75013405
74007154
74444670
74417182
75875505
74038282
75033631
74645305
75974727
75894914
74394514
74630788
74186523
74283223
73843513
74300981
75996283
74896571
75655923
71386681
73360664
72595990
71072996
73765629
73394036
73329768
73426164
71175249
73022754
72566295
72263894
73306587
71280971
71218179
71233957
70630410
70606263
73806505
72544513
70310635
69486813
68493492
69676498
69985027
69860615
69722795
68526267
70287691
70238225
70217388
69507858
70314106
69883802
69961504
69841728
69721171
69059312
69756837
68457393
66542463
66134922
66523052
66061873
68318668
67342502
65964596
68431174
68301059
66085432
65947096
65916216
67344746
65900935
68308125
66144483
68315788
66172890
65981719
65894341
65479059
62054287
65881591
62225827
62260026
63053119
65683875
65180278
63073520
65174407
62997843
63027168
65636184
62705536
62675000
62543604
62195598
62654401
64782687
62947148
61624601
61026508
59600493
61613734
61013233
59891407
59907923
59630917
59542001
61591509
59919803
60614391
60591407
59876897
62034712
62024397
60012140
60996478
62042962
59615229
59530483
59523535
59207066
59077011
59494399
58893931
58849190
58683282
58352392
58208876
59517966
58592950
58859245
58371165
58185220
58878345
58912407
59067593
59502483
59238794
57736693
58176076
57724387
57192051
57694202
57973873
57222448
57277371
57237190
57765770
57203167
57710724
57251295
57840713
57211817
58184195
57576884
57503858
57522439
57264327
55778517
56155799
56024758
56597846
55326410
57080890
56510359
55635943
55789982
57037380
56198017
56182489
55616625
57108297
55545500
55355245
57022080
55347047
56193608
56622272
55114859
55308986
54772050
54792012
55300816
54368898
54067377
55318131
55237015
54746243
54676960
54052791
54807758
54358567
55148583
54018937
55102890
53856947
54597908
54621582
53825950
53128456
53798123
53813798
53417427
53408550
53165324
53151305
53138902
53055521
53776196
53394623
53381196
53534174
53844382
53188909
53045715
53425393
53510908
53743771
52559102
52066120
52995000
52976281
52258629
52302801
52242123
53039362
52596194
53022458
52964406
52277382
52942076
52086721
52314087
52621676
53030796
52580364
52105451
52609655
51466663
51934797
51511843
51500409
51264098
51246281
51235608
52054271
51483160
51060309
51524361
51535947
51113593
51105475
51081358
51844619
51943848
51894285
51864831
51424114
50475142
50755464
50338114
50658688
50681751
50490008
50644988
50894376
50766696
50787470
50618909
50306746
50462870
50407108
50317107
50344242
50919173
50450459
50327383
50433469
49983071
49935925
50165158
49886037
49925966
49902723
50036811
49900727
49988296
49949839
49952321
50299743
50045226
50072759
50292181
50078988
50065082
50151907
49975511
50139122
49600583
48791111
49779592
48767522
49684855
49644882
49566928
49110297
48802879
49691689
49614694
48772375
49629581
49700140
49325727
49664164
49504112
49337698
49552627
48761545
48469171
48476352
48646643
48584469
47998108
47956245
47962190
48454860
47985971
48573186
48629835
48609326
48551148
48538421
48484814
48016647
48747173
47973377
48491830
48519721
44701490
42143019
44147763
47633671
42195840
45337972
44712386
44181710
44684472
41996124
41954122
41946609
45884513
47697841
44194430
43640289
43648368
47264714
45347670
47670742
39690824
38193948
38241220
39677282
39834564
39850634
39703245
39843467
38206032
38435334
38488858
38209948
38196570
38478508
39857365
38454506
39816225
39824426
38461752
41937373
37929416
37705429
34863808
34850737
37685302
37919279
37911787
37655542
34842757
37936832
37691134
37952484
37660468
37724556
37713621
34538524
34536895
33857457
37669461
33847526
32627526
32133297
33757114
32640813
32123170
32146229
32655471
32422491
32387707
33844330
33761840
32450087
32406591
32376372
32337380
32113920
33740765
32342771
32156792
32379278
31169426
31639390
31651117
32092286
31601205
31612977
31820736
31903765
31668623
31899255
31659633
31170375
31841645
32070290
31828895
32058209
31851051
31879521
32079492
31885964
30761891
30435731
30387835
30749155
30575977
30460377
30699809
30375925
30739035
30652446
30354473
30348497
30861689
30425303
30340078
30368976
30686276
30675164
30444832
30584765
30019519
30332475
30109426
30074162
30004266
29918274
30096887
30114238
29962138
30104995
29969951
30066526
30327158
29978141
29956128
29907804
30044180
30036773
30121119
29913324
29901084
29856291
29701056
29684627
29678269
29507460
29648786
29885669
29696755
29672812
29500928
29690003
29807776
29877815
29797233
29704837
29865755
29667240
29710323
29680303
29471095
29286961
29279279
29252540
29462796
29447687
29208920
29398696
29281432
29426162
29408227
29352797
29294834
29455102
29380297
29267991
29274741
29388712
29360399
29198080
28543169
28756550
29090199
28519074
28538626
28766716
28529306
29080688
29174714
29075499
28785311
28504769
28469989
28483989
28638128
28747533
28496594
28673089
28779296
28772199
28424872
28435082
28326144
28245692
28330381
28197237
28219468
28415033
28239432
28335989
28279791
28213432
28397914
28445251
28318557
28205118
28288210
28253252
28312181
28232282
27936138
27871031
27918626
27949253
27879397
27841953
28124263
28189543
27850006
27953594
27908781
27963471
27942307
27886516
28114667
27826947
28017022
27860132
27927677
27958631
27664167
27801893
27643753
27710075
27749969
27815899
27701929
27808265
27741329
27746772
27734623
27725423
27717966
27562000
27619944
27652933
27612822
27692285
27632812
27570779
27254316
27188015
27205828
27483181
27404743
27342159
27380410
27156939
27541553
27367179
27555675
27172065
27441003
27425719
27351214
27180080
27162927
27373598
27231493
27548479
27141394
26797789
26994598
27110980
26751873
26791799
27095882
26967938
26747397
27149869
26761455
27087478
27012271
26981145
27038733
27024136
26763046
26757660
26736352
26973638
26473821
26502672
26580881
26401754
26393805
26481926
26415881
26726760
26494416
26510428
26456898
26706807
26574247
26732128
26467257
26690723
26587863
26682694
26603176
26408499
26079304
26300653
26000864
26247571
26286079
26227715
26293563
26069467
26044087
26035216
26105379
26097353
26294823
26053485
26218944
26026760
26256286
26017163
26269058
26087809
25774367
25496056
25860436
25788864
25854113
25502115
25667220
25597408
25456403
25513532
25782664
25508607
25443180
25433044
25765441
25863266
25525608
25993026
25450433
25869811
25240206
25071864
25395143
25064043
24118442
25233177
25405750
24126472
24104520
24097374
25251799
24482167
25258974
24471917
24462678
24452104
24110970
25423852
25413219
25082616
22859046
22726295
22557472
22876698
22870389
22889696
22764200
23944019
22754493
22733971
22569859
22885710
22748676
22580000
22742299
23937256
22940970
22717500
22446883
22457804
21055351
22399423
22174770
22198909
21342918
22021806
21996780
22430880
22439930
21353442
22423185
22212274
21504569
22204163
22407502
22230722
21989069
21061793
22222937
22028814
20880223
20884360
20898149
20862715
21036005
21025994
20919567
20724351
20717903
20551936
20908334
20889825
20856854
20731436
21049002
21042817
20711963
20565899
20558297
20872284
20323465
20452186
19987826
20440926
20024332
20018175
20033884
20003857
20327400
20372844
20332513
20051623
20380019
20011088
20039347
20446541
20336200
19997787
19993069
20434869
19978675
19881413
19982672
19762598
19767237
19588460
19462775
19757432
19289178
19199616
19283279
19279228
19877008
19457147
19869520
19596448
19565028
19434743
19885924
19471378
18649608
18628086
18891593
18504328
18698593
18885009
18874370
19190215
18864486
18659775
18492170
19194626
18988364
18634115
19180857
19193695
18483983
19171275
18851938
18639076
17586493
16590802
17588604
18466770
17204535
17194286
16656301
16584774
17076269
17074369
17324112
17514234
17500444
18202391
18337280
18209072
18061867
18459813
17353446
16596466
15954505
16328851
16581887
16204032
16087755
16074790
16321473
16101998
16221118
15947481
16334040
16094482
16081319
16200277
16339808
15974120
15824585
16213664
15926501
16066309
15456017
15469796
15782251
15739451
15776497
15606615
15428257
15810775
15791456
15623171
15600447
15592233
15464102
15613519
15448268
15476716
15803434
15817848
15781310
15768255
14814736
15337735
14806732
15344103
14805093
15418927
15423318
15167105
14864376
14821602
15196429
14861415
15414630
14870140
14833088
15357962
15331512
15349079
15203527
15198626
14224375
14229405
14494243
14199092
14316571
14320604
14512809
14019853
14026648
14504136
14213145
14347606
14339860
14343000
14050926
14035094
14335613
14042927
14219182
14206420
13893850
13485626
13504538
13535854
13354995
13878205
13340525
13340762
13860879
13902080
13732512
13493413
13527570
13366031
13720157
13346333
13871910
13888024
13742118
13727842
13171930
13151826
13013578
13333436
12823635
12818327
12867061
12855738
12730320
13178719
13006522
13161662
12851072
12841809
12831788
12720061
12876226
13023069
13032661
12814548
12703354
12377308
12180799
12714505
12588094
12575513
12554595
12348385
12383941
12172501
12390988
11988130
12367448
12162219
11997926
12399469
12567484
12188498
12709271
12356647
11401101
11699411
11077621
11339148
11068618
11531085
11375821
11693231
11545046
11339876
11815964
11563275
11391193
11381604
11981509
11556811
11348711
11822271
11551679
11536920
10669616
10925543
10788307
10780296
10686569
10662249
10910928
10772867
11046365
10918979
10793277
10650438
10679780
10896433
10767524
10652849
10656530
10786501
10674485
10646829
10571728
10324197
10318888
10163024
10298917
10427859
10309446
10154047
10150981
10561030
10438496
10305667
10158402
10577592
10328776
10422848
10171862
10432955
10433218
10553001
9887848
9897355
9828270
9810752
9824468
10028666
10024644
9933446
9833593
9911691
9818329
10021495
9901452
9891211
9883117
9928550
9905001
10025939
10034783
9893694
9067215
9330838
9393991
9403899
9695744
9607374
9375509
9398461
9319929
9708817
9384458
9308326
9702343
9367726
9364066
9614187
9325555
9062048
9388849
9362872
8821946
8836593
8895630
8713663
8954023
9042274
8703669
8939420
8904700
8892418
9052242
9046855
8814032
8688525
8827156
8898754
8707576
8830498
8818155
8958795
8678243
8422417
8562478
8659297
8437607
8595273
8577391
8667721
8650265
8590249
8582579
8442573
8452452
8297644
8558323
8428233
8673396
8586481
8569781
8446570
7653628
7651655
8211750
7937459
8205436
8050205
7933805
8215831
7940402
7664197
8057273
8043657
8038572
7657993
8220692
8216724
8116035
8120088
8124847
7655621
7445112
7521396
7448633
6881111
7528025
7044509
7037576
7031867
7034718
7593551
7649370
6948259
7041000
6884250
7517657
7451793
6886724
6954812
6951805
6889880
6424168
6418736
6415613
6563918
6623072
6432079
6557122
6618451
6615150
6625011
6559888
6413888
6421584
6627066
6420188
6428702
6368309
6426081
6566041
6371694
6271406
6119839
6268732
6282096
6118354
6284767
6275781
6290806
6364162
6300050
6273606
6142802
6304294
6357498
6287305
6122163
6353025
6355411
6351257
6278258
6017316
6007687
5927845
5816250
5917535
6112208
6004389
6036485
5925275
6048063
5921947
6050229
5920579
6110043
6014127
6103657
5997860
6105803
6033760
6116071
5795882
5802546
5807529
5541536
5813687
5513538
5810464
5799551
5787095
5546481
5544185
5526453
5792884
5521364
5509173
5518141
5549067
5537821
5530570
5550937
5250123
5389159
5506169
5232753
5390692
5402649
5385679
5459124
5236650
5454504
5252917
5234594
5451016
5230702
5257103
5239268
5407805
5394431
5397625
5461373
5173888
5176922
5056629
5037070
5042069
5179904
5191202
4975616
4851089
5171033
5046538
5185730
4978566
4968608
5053379
4847423
4844183
4840764
5050429
4973118
4246338
4682619
4697473
3768088
4836787
4252008
3776321
3707151
3780068
4691976
4699882
4688789
4686065
4253234
3788206
3763072
3783910
4257643
4251132
3773603
3701654
3600905
3552477
3697186
3684858
3436573
3290532
3432208
3682479
3548099
3301375
3598799
3605360
3434797
3295282
3444962
3298478
3240627
3688497
3293167
3239031
3154171
3144030
3048943
3098564
3235345
3050929
3230674
3092834
3096002
3157442
3154983
3147204
3053179
3086231
3091387
3151183
3141926
3089468
3087690
3006184
3047249
2998654
2954196
2995956
2953619
3003537
3043293
2953467
3001231
2952573
2951408
2947538
3001559
2957140
2952537
3041169
3045175
2952641
2951656
2893259
2907935
2899355
2889867
2897227
2640618
2645163
2905024
2695275
2692203
2902269
2902039
2695874
2694859
2648448
2645822
2701552
2697829
2944160
2641815
2593977
2586654
2337422
2580420
2597855
2639707
2339637
2589749
2635347
2591105
2507438
2593187
2504004
2511156
2498614
2636719
2584839
2633553
2595117
2637719
2226363
2125019
2115985
2336636
2227879
2231715
2117729
2119618
2122353
2224405
2333392
2223404
2220293
2113140
1795585
2110779
2229927
2105484
2127673
2225865
1637469
1601358
1732153
1643026
1598076
1558590
1605265
1732266
1633365
1745317
1748690
1734174
1603286
1635345
1743140
1793513
1639900
1598314
1793256
1732303
1554479
1423555
1367093
1441776
1547603
1550532
1371316
1380893
1545841
1371887
1436082
1444594
1377666
1358407
1440492
1292124
1548862
1291018
1295780
1548127
1144412
1206326
1099879
1269764
1197868
1266770
1265366
1193529
1145379
1147513
1142063
1102148
1281114
1140610
1284733
1202962
1195078
1275695
1285455
1198679
159430
148331
108037
147908
1095868
132167
1093931
108059
91944
159822
1095158
128470
107950
107970
160187
132082
147931
128717
128314
1097838
