1193529362
1175244117
1196149818
1197071777
1199574097
1193964121
1193792193
1191898962
1201583051
1191786514
1198691369
1198234576
1196414905
1194147413
1193677920
1198956922
1191719741
1200937892
1191629625
1176593675
1170029120
1172093002
1167639377
1167145191
1168951303
1164358898
1175201536
1164436817
1157506417
1169173222
1169660297
1159083891
1171887557
1174969555
1169004283
1174807445
1164552955
1158989659
1167015394
1166943960
1156616488
1152282174
1150193196
1149517643
1153576749
1152505611
1152183077
1155037686
1153915079
1147869083
1156731461
1157464129
1155187590
1149620932
1153655041
1149407090
1155133074
1153795442
1147133827
1156480874
1145426569
1140940623
1140847725
1137348696
1145524771
1140734796
1142285245
1138082391
1138202390
1135824681
1133453543
1142249426
1135731065
1137183763
1142126563
1145457644
1143195418
1135916698
1133368660
1143221244
1100138764
1089519833
1128668257
1089472626
1117591334
1115606480
1128717883
1117463616
1089393477
1113917019
1123844474
1125767000
1087030236
1115480741
1113329131
1113763348
1089106237
1128571647
1133326155
1120795296
1049986441
1081971184
1052243231
1049885743
1082592628
1084762774
1049452989
1051892150
1065664987
1071579233
1082061883
1052106884
1076899892
1049252032
1071716455
1071641481
1052183176
1065716126
1084657194
1052021035
1025475919
1049067239
1032456801
1025416236
1045953217
1042893534
1045985989
1048950950
1044545678
1048049615
1032211371
1025321536
1048112667
1021559810
1037401780
1042703753
1048147391
1046777934
1025082013
1032278727
1019670347
1019718558
1019418516
1019596571
1021279683
1010880836
1010766419
1017116325
1016649146
1015879349
1007644320
1014830841
1019771948
1016017758
1015964167
1010639684
1010496015
1019326305
1021471377
1007749447
991444156
1000026645
994504700
997700106
990685140
987713629
997528105
991024920
1000191154
994330318
991590430
989476588
988920442
986778321
990836021
987317691
989215651
990541331
997829095
991536950
971627609
981118546
980080186
976435686
974069916
968927214
980555072
979949207
978618049
981038021
971575893
975092041
973921866
974010842
970439632
981172491
972579097
971499032
982487922
978131642
966551640
966431203
946813049
938800609
966231110
964628628
957185203
968617513
950033080
968782642
946750409
946788607
965771455
961835644
950302838
949987621
939063541
938974434
962625102
962066218
934636353
936853861
936895238
936734353
937024627
937117940
932327349
934173492
936590634
931453632
934280211
936868488
931304981
937066385
936825836
934895348
937154024
934730991
932440514
932279570
918278262
916021145
925010694
916114015
923571401
924798050
931095612
917887188
915705772
922828973
930404652
925247137
930458008
930505372
916299920
924685577
918068871
920332884
917033998
916253827
907088466
906664902
914271852
912056397
906538190
905064545
905172353
912337101
909504996
909155180
906373181
909854634
912178662
909896941
909685659
911855476
915588886
909024942
906193503
904346437
900873297
897261912
902986152
897186051
899387117
903086379
900360449
899248821
898136948
900984381
902817942
897445003
903142544
897004836
904244364
900490745
899490365
897100215
899302420
897488820
888647368
887973391
887567453
880996304
894127161
893934338
880783163
893553591
888934079
888070096
881188498
881080877
891872666
878448263
893724814
880896940
894330769
887669478
889188120
891430458
873757458
869508123
877672692
878349784
874945957
873807203
873977772
877576348
870710983
878087219
875879763
877997978
875170653
875699110
869699486
875119806
870605618
875020675
878246492
878183996
865351388
865429116
863706767
868141110
863966765
867815943
869419118
864967511
863781667
865863204
864011270
865166162
863501951
862838513
863903745
864849137
865040677
865734183
867938727
864888751
857492900
846936849
843239198
846670769
861453247
845145778
846884541
846837252
846778419
846981507
845081439
861583391
857402984
850491109
854401996
845122037
843294759
859729321
846046037
845033244
838500654
837248803
839346904
840803260
837140687
840907834
841351300
839078823
838866371
836449472
841135079
840944265
837080629
841397271
842467725
841013715
838987757
838923824
842230170
841179604
813122147
815858730
815997100
815928069
811411349
835502570
811207271
810614080
816940936
825306353
816809344
821354827
816727136
834314438
811129002
832027023
835110763
828938621
813030981
809666481
801823206
801799345
809270624
809448808
808091855
807198800
806946257
806574971
809499890
806324318
809323768
807557028
806781230
802658162
809134332
809578888
809081015
807440698
807313041
806644512
798082819
800428166
797032152
801000612
797935412
796199629
798610176
800690598
800611033
800511416
796244435
801715831
800900346
797346277
796528181
799198840
796102254
800803472
796373769
797118128
777214443
787841153
786225441
786155643
782189564
786050038
783972142
782103544
782048604
779864472
787950567
787785091
779814242
786099618
796037872
783910740
779719836
787875787
782131914
786281119
775113672
774954664
774923041
774976386
772989742
772854715
773288073
775238088
775097056
776669690
777101955
775044751
774997867
773034241
772342935
771160983
775164136
773371987
774872091
776509601
767757464
767526136
769287352
770652491
767456280
767300227
765940198
765660727
762493933
769161952
768937069
770978831
767701332
768819456
765797863
769428118
770751678
754925987
771093543
769083280
746476097
750221831
747399831
753161486
747231658
745539765
749400470
754846668
751894842
752004571
754003943
748456022
745658780
746555906
749317638
745489807
749349087
747354043
747464593
747500989
743567849
743098201
740869715
740803822
741337178
741853504
740756649
743272850
743188516
741898589
740061724
741655663
743670099
741225032
741534124
745449994
741741977
741445856
737890648
743538535
735842926
734317891
737730475
737643236
731780969
736922581
734465705
730652291
729934940
736105892
734127591
736169640
736232073
731860614
734259959
733561528
735715757
733724131
731710321
734198648
721250882
723197844
729355682
729744494
728779125
727503419
728694299
721806403
729905263
721693735
729276174
723482159
723334846
721893899
729196697
728513297
722727893
729862311
729819743
722825263
708641973
711257462
708702409
707651271
711353684
707767027
708477075
715291393
716124961
711193097
709946136
710262339
715330530
710401547
708587228
708533988
711761773
707887321
710357439
708675222
692549864
707583706
692139026
698589979
688978838
692388760
691941848
696225475
698473402
707460731
707363072
698368357
692452846
688756790
692251760
688898458
696340154
693963417
702315353
693486096
681291430
685266496
684927775
683115643
685473595
682538213
682511394
685350204
682469312
682324173
685035805
684852643
681414541
684762357
684725640
682424709
683175314
681355958
681237300
681489025
681111708
676799037
674766088
674726964
678503121
676830553
674795764
679820485
676979129
676774689
681078516
676746133
676718513
680552913
675656506
681178724
674827194
676602785
679445536
677406814
674102564
669886251
673073179
673520294
669825259
669688239
669802993
672744571
673603400
672024434
671187750
671088179
670612172
669868189
670970858
672160849
673666704
671834289
673051634
671980104
668847474
668056295
664920920
669050319
663576189
665328851
665135978
669626802
664826673
663650304
669569536
669233122
669150980
668061294
668963067
667362348
667090902
664730983
662981222
667214811
653185409
656905981
655220354
650743790
650465775
652500210
650326533
656818339
653379855
654895040
650384590
652204462
653457748
653074788
652373809
650820245
650654781
655121972
655000246
653335514
648468034
644072731
647934457
646627673
647537890
648529503
646674081
646651492
646501704
646416200
645095096
644877150
644679006
644126045
646001724
646239419
648220118
646688193
646589514
644805011
640803577
640345525
641603629
641535893
643021574
643107651
643408619
642914191
641130092
640431967
639361586
642807946
639837651
643339391
640716101
641227037
639708256
641450197
639623558
639784068
635512342
634374332
637219327
635311556
634103059
637637748
630934379
637304047
632130589
639110860
639258117
635905862
635682285
632022128
636157747
634305426
635600703
631068579
631773747
639043224
629288464
628314371
627532661
624114542
627493777
629162361
625450065
630853066
624283325
625754773
624185342
622973338
627347776
622866735
622391783
622806027
629228914
627563223
628369604
625676486
619728252
619090685
621973356
619356934
614301494
615964360
619553403
615298820
617095795
617404777
618999521
622337451
615845286
615602575
622042187
619476968
622003443
616172484
619824732
613829149
607082419
611975183
612903291
613233458
608868438
611805511
607195955
612057502
609024398
611643825
609919685
610175556
613023497
612032738
611708960
610363820
613124828
608750878
612006803
608936604
605408197
606984722
602198043
600875129
605506564
603688011
604951278
602248335
604812525
603832991
603315766
601163320
603584969
603464718
603867038
600800887
602096547
603773875
605340785
605504461
592780003
597350078
597437030
596310072
599608095
591568779
599472634
589089799
589870862
595275129
591812659
595879914
595778514
596209266
593123291
591433046
590624137
590147756
595348458
597293119
587697475
584150359
584186329
583518254
580848236
587787685
585608007
587641946
585225005
580752036
587572896
580685274
589020224
580947034
583198702
581795799
586074736
580986142
588486100
585494009
579132234
571285352
578421987
574784738
570606200
574750083
576266690
575376056
579257098
580204539
580506954
577651776
580604215
577553722
570689711
571262268
574989439
575309085
578726438
571237994
569844264
567583483
565475276
565431407
563665968
565560421
566932165
563497448
570544905
567541307
567015583
568163688
569081470
566877438
568354294
563587680
568214970
565314431
569819380
568314556
552493917
562132253
555828775
551270288
563290727
563217041
557424509
557034762
562460720
562305704
557172786
563427591
558470714
559841899
552412703
557376102
555882771
559659532
557249297
557190300
550871834
541486045
549763174
545657790
548378078
538795371
540007292
546000152
536914959
538749356
537486462
538674319
548421142
541447580
548354204
544195602
545742894
537542774
548615364
549821588
532939218
536375182
532612077
535931802
536413558
531384851
532530091
534894892
531538523
535856419
533003393
531621200
536228299
536173330
536873366
534420684
534483753
531481363
533500889
531303479
529685062
529837340
524195418
529729823
525280140
524278188
524534893
529712617
525040756
526494742
525294836
524424995
527783520
525397826
529651290
524940413
526704450
531243747
525853432
525331583
520904375
522633245
523755010
519192450
520796295
519415045
518709800
522678396
520742530
520156117
518780003
522594897
522542551
521794706
523063472
520486750
520062753
520864733
519458137
519260375
515853010
515809545
514168279
512932328
514053452
512749098
512529050
514246174
516696068
518607014
515554863
516781916
515628342
516998816
512864092
512986626
517970400
518662294
516658053
516879836
500168014
512450569
501707557
507132393
507166059
512216234
501583939
510913914
506298039
504886978
510800057
506749866
501820327
501744392
507951470
508132116
504940314
508307600
507924504
504787005
495241396
495208385
495464696
493923778
493317103
493082531
496568629
497305327
496824001
498737844
498620995
493237664
498710915
500093532
497217528
497224806
495728813
495692736
495614935
495545842
490038851
489860219
489771261
492122761
491465042
491212755
489955703
490145179
491276613
491592920
492071142
491482677
490316869
491698933
491862998
491157200
492993209
491102797
490228201
491781026
489140252
485502510
489288621
489367203
488677154
487317906
485891541
485453223
484960035
485621235
484093226
489761395
488510381
484009451
488616307
487257680
489244967
485888352
485926083
484194776
483933055
472675401
473009116
482737143
478736045
483643759
482207048
478781314
482125790
473045780
482677256
472729247
472219320
472970560
472205587
482063313
472564830
483847370
478762322
472945920
470424863
471173411
471005470
471052186
471596086
471670958
470502861
471114490
470100458
471653213
470015146
468570082
467466205
467404036
470481434
470458453
465618292
470154835
471219489
468512108
465343046
461696113
460898568
465268429
460923841
461742970
465319928
461473294
460947300
461504293
460078778
464875012
461429532
465553198
461733597
462165268
465138445
465178912
464780305
465046632
455066761
454954121
453416291
455295833
455217741
458348831
455263839
458926041
455018387
455192097
454453838
456738989
459647853
459691660
459558186
455331366
454374620
459695788
459667426
456801739
451416947
451923665
451821543
451476039
451872162
451285285
453374349
447431115
446040063
447527827
447481679
452904630
447370066
453255360
447299037
450391824
453208025
451334885
446007174
451757492
444212536
444344571
444044897
442926796
445966760
443864548
443790084
444375574
444106068
445131343
445071593
445712639
443959352
443513026
442904899
444252720
442738204
442592474
444303357
442546479
441230191
435532590
434393401
437230656
439420470
437618382
437475846
437698570
432880860
442317557
432899605
435600353
433413032
432945043
439500714
442466388
437675924
437727582
435950064
435860071
427991359
432707732
428059507
427757254
426945475
426869321
426787326
431081639
431288834
430967096
426996612
427600383
432745600
427826381
427940304
428322466
430310508
429596643
427562472
427649248
418299922
418751524
422422617
420949358
419188529
418847060
426673115
419589761
426245893
418794439
423407921
418008080
422673630
426603792
426298352
426226954
426200682
419514644
419538968
418076233
417892619
415700075
413507104
412241403
417123786
417159418
414833551
412211973
412182198
413716116
413465316
413635362
413592042
412820659
414976591
414953575
413565931
414763199
412237300
413409227
408698905
405227100
410875120
410979257
409593309
404152254
407727630
407806354
410889054
407772597
404685484
404633923
408759674
405303986
405309598
410933431
405315167
410544819
405163089
412097811
400510598
403847225
399727164
402013865
401975325
404123870
400580650
400784167
402068343
400603298
400760800
404121676
404096877
402994423
400649837
399520020
403930449
403775351
403903392
402039495
398136902
398539686
398046443
395417607
397132927
396461752
397154339
398494488
396923430
397241309
398586598
398562984
398496664
398000674
398560324
398091958
396826299
397125675
398180335
395214372
387455369
393183398
392898463
393166711
393093804
391526945
387381106
393823055
388989505
390263067
387271874
393123519
390362229
393142579
392936653
388850237
390210285
393186522
388834881
389062632
376407826
376297453
376243807
380269485
380783194
380735492
385828081
384320502
382487035
382548829
384278790
384239311
385923078
385808965
383584003
381183501
380853186
379075186
381088224
380675046
376169260
362867063
366731580
376106173
362751269
369890922
362698871
369991449
369475646
367111895
374947839
366819507
374835240
363643067
376179192
375008079
366678084
369540302
362790778
367023384
359923140
361124571
357434937
360161961
357272623
361463917
357490723
359828522
359450158
360116370
361576184
359540399
359614664
357539463
355346022
357219231
360052603
361384280
361646888
360957646
349979765
350026348
353928234
354856552
355027777
355100220
353983378
353914463
352274379
351517323
354943676
354845701
353488371
352976931
349893280
351479576
353891366
355323236
352962957
351550392
340149626
346448174
346308453
346401446
346274302
342439617
342353703
340056630
342557527
347368185
339697286
346198918
339275879
339253729
342784258
347453419
347540625
339630527
342623939
340210848
334657336
338714336
334435263
329860216
327287548
326306952
335993767
331716457
334486660
334616430
338815597
334561522
329844224
335802615
335964400
327053558
338758034
327226479
335737852
327003732
321551897
323439654
320975638
324655885
320472714
320030549
320571790
319588748
326142594
324451348
325755664
319238934
321509124
323465704
326262924
319331308
321088445
319408445
321039356
321007523
318957547
315537237
317781833
316764828
315697620
311352756
317659595
311293525
315648988
317593363
318296194
317823817
315577057
314180459
316871812
311274879
308658999
308644560
312129092
307720462
305661817
305724755
300386193
299366440
304809205
300708022
306607909
301888746
300095646
305766296
303342787
301957457
304485125
303406557
307547335
301850562
305795642
304811179
300474644
297550047
292225175
297409297
297110933
292309608
290000034
297522539
294912581
289338203
279781039
297190629
294956276
292317120
292469746
289909341
297250236
289375574
292161107
296611406
292532622
290840224
276138855
273381550
273433835
278459478
276187398
274570421
276375308
274564525
273242770
274538665
278902554
278053907
273408266
279220616
278048906
277967017
275657672
276421411
274494239
273165833
270048202
269326798
270068624
271382036
270032780
271459179
269781822
271517461
273026768
270245992
269573962
269273231
270315538
272027997
269627466
269230965
270357002
271560687
269192768
270348146
264496957
264995727
265101544
266733871
265062175
266270783
268413183
267820609
264405968
265470141
268391861
267858770
267160194
266390128
268736360
265605638
267108300
268285476
264508225
264564931
257910124
264051165
263492305
260489354
259840971
259330582
258325186
257317247
259429495
264245780
259358457
257456636
257393298
258304753
263373588
263338113
263975566
257431693
260502903
257225342
256855026
256107631
256225923
254545423
254581395
257041219
255005793
255049697
255615646
257195042
256230420
256102673
254661018
254505055
256202856
254467444
254979618
254057233
254092002
257177340
251991274
252081230
252984074
252825994
252058705
253613880
250990179
251036315
250856331
252034510
252783948
250904718
253581004
252946049
253026063
253590525
252789721
253049682
253069189
251074230
246862583
246833502
244849857
244146750
240301740
245572845
239481490
243310362
245998950
248806455
244932619
239407565
247349428
243293562
245422483
244137062
247326902
245618238
240606079
239631383
239019316
235835569
235850162
236160464
238742502
237554206
238712076
239317731
239072558
239393755
239193442
237535802
239042444
239106345
237504944
236502817
238970766
236199501
239345872
236539460
235520647
234668704
234349057
234864630
232782389
233518469
233490215
234212621
234188603
232802049
234381964
235434490
234686640
235465947
234264924
235002619
234369749
232716282
233561913
232745515
231962108
232564864
232087636
231665117
231146756
231994681
232075126
232070967
232044283
232403167
231172039
232006222
232613682
232073425
231543846
232636569
232423990
232687634
231106993
230978060
227783253
229411690
227906977
229267465
228039004
229328691
228892201
230276675
228911343
228856953
228944840
228528423
228007537
227939757
229316441
230236865
229491044
228925091
229440175
228166129
225778913
224058228
224023026
224695750
225312750
222635229
227749552
225454873
219265411
219174486
224739254
222470626
225355808
221647485
219347054
221615711
224870805
225352206
227721787
219309462
217678262
218950993
217374795
218096740
217301167
217632193
217586534
218908366
218731460
217662984
217323674
218139184
218534212
217340176
218596659
218120072
218870445
218061121
218017974
219046633
215835778
215777056
215698583
215633911
214697765
216603084
215732332
214536083
216625887
215854292
215660168
216942484
215487593
215238094
216982741
214728739
216836208
216873891
214795157
216907112
212109022
212326534
212135559
214479330
213856493
212839133
212864035
212810724
213776791
214138886
213216139
212231531
213924152
214114422
214093586
213625747
212050297
213889310
213677177
213197798
210523058
209334458
210566772
210886772
210898363
209845347
211657278
210499305
211399896
211379867
210820287
211678055
212018286
211256913
211223857
211282996
211328992
210611005
209337022
210495278
208947069
208850967
208137352
208076361
208846281
207939346
207190645
206505125
209251571
207891003
206477143
209284717
206612848
207235476
209311700
209159973
206510597
209108109
206650336
209149032
204043295
204821174
205979849
206008170
205695362
206364859
203979212
205234499
203200874
205216152
204848487
205719102
204879020
206397675
206324202
204222942
204005589
203236686
203176097
205145254
200509273
200622448
203151926
200598651
200263906
202812732
201164030
200272844
201292349
201117201
202788323
202739198
202783939
201193974
199927666
200331944
200653929
200544092
200441101
200299040
199868298
198437547
198336982
198281361
199652295
197130242
198156633
198203455
198044150
198361612
197348059
198285128
199747453
197992349
197223814
197289232
196966117
198288442
197162834
198422947
196949389
196897374
196859195
195410340
195543986
196290900
195655519
196299842
195608515
196916938
196324718
196268589
196964580
195508041
195379466
196956717
196311945
196282497
195627666
196939266
194323328
192743659
194213384
194579790
193551244
194070886
193538182
194171551
194115133
194661631
193232698
194287188
194253017
193352762
191951612
191948962
194747473
194709238
193279448
192300791
191173532
191248687
191253229
190862974
190780884
189916942
190787516
191092915
191228265
190814884
191138071
190763587
189887985
189930799
190302883
190793652
189901610
191528672
191922622
189870696
188813988
189296621
189285473
188640954
189637975
189609336
188610865
188190899
188002646
187966993
189258547
188587696
188241422
187996688
189613501
189272827
188321840
188681413
188714977
189245050
187046794
187668445
186753780
186703453
185230611
185219879
185262133
182717635
187136513
184765957
186331070
183184555
187111968
182748691
186725136
182676229
184599415
184107496
186274127
185191374
182358642
180513921
181884777
181776881
181072134
181680279
181148012
181649572
181946501
180923218
181186498
178480618
181750459
181242091
182550849
180953851
180421019
182603092
180455688
182621742
178155209
175336470
175888824
177271788
175917154
175568387
175390289
175372271
176858192
177359864
177209875
175283909
177298874
175557746
178113850
178037390
178398387
178430425
175586804
175625925
172058176
172844801
173155157
172001450
173037849
173904244
171306512
171390214
174476148
171302442
172975409
173091248
173840671
173771553
172031307
173212015
174468466
175228491
171430411
171355005
169264394
170696596
170584012
168816772
169508101
168689997
168117542
165186684
170017292
169150063
168758028
168073298
165176567
168836815
169477067
169967039
169421797
169242478
166063734
170632483
161072618
161638146
164893462
163340898
164085562
165166683
161597290
162586710
163246746
162689396
162442719
161169759
164125399
164949941
162560953
162848929
161124761
161683259
164953283
164062889
159880215
156956407
159936395
159062325
158583219
156916848
158402116
158214567
160747005
159853876
158462502
158360330
158228255
157463577
157437432
158529518
160803954
157372754
158499771
159100657
155981293
156038353
156548122
156900614
155442912
156733914
152821843
155668197
155871763
156522224
156008714
155625583
155618644
155081049
155056824
153267997
155805079
156914099
155521702
155475396
151012469
150064739
150021718
147284291
152491154
147906617
146765481
152786339
149690099
144678832
152797556
147250964
145790145
149706129
150053799
152518770
150457046
151055582
148662874
150498883
139159058
143519352
144647199
143877066
143681529
139705699
139664204
144254938
140512644
139068356
143572218
143852309
141948273
140426399
139100612
143958778
138207828
144301755
143855166
144662036
133972782
135469280
134678452
134294113
134367260
135496655
134310007
137266169
136662035
136498838
134334909
135526163
137261940
135556089
134313795
138029133
134274659
133943125
138054108
134389191
132378959
132513692
131116068
133059019
132611923
133921693
133722604
133082234
133119952
133140653
132982457
131518700
133674758
133103366
132558262
131615440
132433722
131126576
132948966
133767752
129494914
129162462
129813210
129383660
130889161
130831030
129893258
130033120
130731901
129342285
130770791
129975798
129094202
129245432
129227541
130086745
129120340
129026566
129285344
131061824
127461326
128023060
127486685
126264102
128671582
128638998
127042988
126983802
126937928
126082488
127323198
127422621
126203576
126348103
128962214
126152191
128581846
128615144
126947166
127381444
124346098
122098095
122150892
124428524
121766724
121703560
121041693
120989229
125124324
122057165
124665704
121956026
123538260
125096141
121894260
121094379
120892690
121799009
123598699
124482218
120031566
119944289
119119108
119877019
120649446
118236956
118933900
120587573
118955370
118276280
119238896
119985911
118988702
116914566
120684019
120551621
120834832
120787355
120106582
120071387
115653728
113957681
115765384
116646227
114848463
114766559
114662464
114254302
113990047
114731335
116869816
114891493
116605542
114623298
113454934
115603315
114696780
115701259
115571345
114057884
113367750
112505617
112589163
112629707
112546649
113272105
111742882
111563598
111669357
112373233
112345020
112543012
113240208
111633748
111822458
113154229
113109568
112401617
111777147
111521635
108510747
110066160
109187453
108641236
108607185
109883467
110082469
110140963
109824053
109618309
109151287
109102136
108393099
109672503
111456899
110011702
109550888
109062784
108537049
108681900
108375700
99888735
101598653
99913715
108359015
101622538
101572259
97930372
97538403
101708047
101679105
98005669
97561668
100938943
101529289
99910106
97596398
108340441
100962171
100997301
94925859
95976449
94622820
94891092
97366546
97394886
94587808
95853344
95941119
94720690
97424046
94649903
95875715
94553583
97506598
95902234
97490348
94262191
97275541
94870790
92620764
94165586
94174967
93406431
92812122
92590086
93376421
92833575
91927653
94239186
92663989
91464935
92455736
94218901
92742207
92504428
92854326
91484946
93447576
93199650
90538983
90882361
90028799
91214694
90614374
89971935
90569196
90508179
90658007
90784156
91190112
91442871
90073807
90000261
89886422
91253357
91163447
89313806
89345154
89373447
87877658
87975125
87105009
87198728
87556995
86733374
87548773
88173806
87571430
88076872
87918109
87590098
89212847
87226191
88114227
88055593
87842559
87605590
88137657
89180698
85106288
86201155
85618421
85495733
85196291
86225913
85129223
85473243
86215151
86275628
86183226
86196579
85718103
84828673
85610403
86277860
85525657
85593530
85603080
85225990
84418507
83178248
82933312
83141210
84180691
84173814
82916936
83208108
82952185
84160321
83552054
84166628
83570842
84463681
83540383
84813099
84434103
84152197
84131956
83163175
81999556
82453119
82419479
82078283
81294169
82890528
82434585
82381866
82110968
81980615
81258541
82875168
82021972
82266576
82041537
82144027
81272167
82847347
82401413
80711374
80314658
76054769
76027291
80282608
79708141
77007295
75662962
80686082
75629366
75598755
79528255
79124314
75084513
79736074
80162083
77983921
75981484
79098364
75647162
75055707
74491786
73482201
72918982
74460616
74443970
73990633
74260041
74203363
73962368
73806563
74834302
74484353
74216183
73901404
74767804
75035868
74892416
73945088
73872920
72531838
71283915
71254479
69962938
72498696
70981748
70618537
70586097
71727351
71045415
70606896
70397163
71333442
69905367
71303554
70638962
70680630
70339794
69938571
71785365
71123807
67484972
67017106
68134718
69510618
69829897
69832222
69492082
67873953
67071515
66998456
67891243
67914133
69322530
67852614
68094979
69873803
67864534
69850224
69710708
68012512
66460592
66876370
66864052
66909082
64731085
66824463
66448245
66435043
66355995
66804956
64717230
66590298
66981371
66338013
66367326
66352456
66327544
66147400
66894159
66570439
63076486
61406277
63039004
63565144
62348173
62200645
62619199
63044099
61392004
64324590
64213660
64346977
64298373
63055578
61892155
61760865
64067925
61905566
63849887
61421414
60351324
60236236
60681183
61376421
59331876
58799456
58787734
58879525
58537547
60900366
60704012
59345358
60913728
58902856
58834797
58937736
58862833
60925512
60336492
60322315
56343862
57948592
57127027
58452789
57448278
56355338
57588505
57138033
58115967
58425520
57868314
57603100
58317232
57574431
58413603
58522733
57810398
58102474
57334302
58509315
56090680
55472976
55990171
55822489
55562648
55939554
55886653
55968688
55903886
55873665
55859992
55516454
55459500
55431696
55918918
56332546
56027289
55833969
55845319
56109327
55414386
55375625
54723227
54370876
54808505
55231896
54855894
55190627
54666383
54840320
54382465
55383822
54865971
54857821
54828119
54567971
54599568
54791316
55403979
54645811
53001265
53014257
52578428
53227010
52634275
52545910
53199177
53776273
54358088
53756076
52844368
52282101
52833283
53785103
52262066
53186021
52616609
52294837
53168956
52242023
50210529
50503086
50223258
51346947
51326425
50180398
50110200
52196503
51296173
50199567
52123440
50398657
52141611
52136366
51276077
50100141
52173565
50656076
50475622
50490648
49526501
49941367
49834766
49364471
48634947
49353313
49507233
48622823
49538418
49934784
49948591
49602775
46866494
49343786
49492426
46822590
46839318
46700951
49847128
46827723
39194074
38047330
37493360
36994938
39185981
46685640
46674697
39180855
39171606
37515054
37483767
37086654
36901967
37100956
36270676
39205710
37727689
37824609
38000817
46670021
34279639
34245743
36216907
33401045
34253423
34948015
34869673
34639922
33490558
34265014
34622243
33410748
34614343
33407814
34956747
35787269
34861186
34630829
34849054
34566588
33361560
33120731
32969527
33369336
32966233
33383252
33316195
33390473
33132772
33339080
33153651
32938055
33326338
33349676
33146156
33053837
33043702
33113588
32951011
33063516
32703017
32908005
32660125
32496534
32568752
32375565
32585379
32677942
32592405
32577249
32456588
32685553
32433684
32464542
32405611
32919977
32605749
32475522
32621555
32385201
31823273
31851322
32190585
32333651
32226489
31945670
31937502
32066883
32344699
32183253
32155524
32219278
32171677
32079041
31862820
32058588
31815723
32359739
31970991
31962405
31668337
31033070
31168308
31180017
31246532
31642251
31426617
31676914
31206480
31154807
31034982
31693102
31019405
31199547
31235029
31706800
31005425
31460921
31054646
31467328
30884758
30788031
30629697
30650438
30551996
30992893
30699582
30678414
30770402
30893154
30901155
30805608
30915799
30719526
30707685
30658111
30964868
30685558
30953623
30541844
30390179
29532194
29553020
29457424
29628550
29443880
30526205
29461876
29432120
30374795
30206705
29526245
29543542
29546034
29938304
30410865
30509378
29945267
29447910
30222350
28926464
29192771
29422042
28981251
29369029
29358683
29096256
29376990
29110195
29392617
29225944
29183093
29007287
28908253
28955454
28881760
28971145
29000489
29202931
29159024
28277906
28768753
28661688
28494920
28485370
28459117
28509523
28258957
28758768
28749112
28738112
28270545
28614475
28517105
28450598
28638577
28524640
28306012
28296387
28501823
27835273
28220046
27715075
28114462
28208249
28042208
27706172
27926796
28234689
28201322
27741638
27935592
27689419
28069994
27826795
27911199
27817114
28106170
28241289
27722564
27510798
27624832
27515869
27405246
27503735
27423172
27447905
27605839
27432988
27665869
27478882
27413220
27594754
27661618
27459424
27299738
27520910
27650931
27441528
27636756
27273025
27014381
26833097
27216317
27063359
27003788
26975034
26850377
26810514
26887784
26838772
27074594
26878842
26841327
27055722
27252538
26815039
27093933
26845620
26968722
26290824
26573606
26446643
26232292
26239397
26474622
26309594
26629736
26210023
26195748
26623541
26403837
26462924
26568125
26284397
26615300
26299368
26684994
26503400
26411430
26021922
25206379
25991628
25800732
26052138
25853567
25593203
25999828
25969983
25761720
25657630
25477162
26043607
26014543
25297092
25769753
25619436
25583021
25391050
25290791
25039456
24931628
24651935
24622558
25084721
24701529
24466178
24645611
24482105
25078838
25063108
24628640
24856623
24692652
24533962
24661426
24500897
24825067
24341376
24329842
24303696
23884844
23948367
24138998
23897561
23927263
23918944
23749065
24071149
23782883
24086433
24274164
23968061
24291856
23902201
24163168
24325165
24261609
23940314
23910294
23595786
23144342
23126842
23705499
23367608
23346097
23155383
23358206
23172993
23106651
23290759
23186002
23382577
23719522
23581107
23389902
23180777
23739728
23311512
23495765
22748313
22706552
22689483
22556401
22899793
22955206
22775075
22615568
22720243
22548873
22522841
22944702
22933679
22780963
22711134
23093728
22926148
22608853
22594304
22735513
22194526
22190094
22199540
22053989
22069255
22088248
22513350
22388513
22214994
22519834
22029680
22205040
22174165
22410848
22225840
22398771
22076737
22081958
22372663
22014563
21677404
22002582
21735866
21889888
21658853
21535677
21501548
21701081
21882839
21545937
21522845
21708478
21507869
21564994
21826637
21668229
21725868
21556208
21702707
21845985
21406358
21391231
21411726
21385253
21205982
21114035
21101777
21254088
21258669
21262624
21354500
21417418
21424574
21347421
21060939
21369017
21360044
21083099
21209781
21107551
20603974
20944606
20868567
20775733
21029268
20886054
20907167
20693377
20747220
20782269
21054334
20610126
20765730
21017717
20751408
21045295
20936237
20880655
20771356
20893639
19781819
19694550
20200823
20584673
20413032
19621671
20391928
20544764
20212754
20590701
19688318
20223862
20273408
19888667
20598355
20423452
20254037
20573568
20445236
20289550
19303700
19389101
19592463
19402188
19472884
19394963
19462628
19569481
19283924
19297754
19408958
19404385
19442427
19413591
19419388
19307630
19384881
19380527
19466514
19433765
19090849
18935290
19150046
19195440
19278489
19043776
19030595
18888534
19189761
19170447
19038516
19183162
19122930
19047604
18722657
19177110
19272325
19165134
18894910
19260822
18625551
18616998
18435877
18321526
18538159
18632018
18701165
18541974
18440499
18507698
18683333
18337967
18673969
18530626
18502428
18641318
18461543
18711228
18442835
18608845
17470104
17395183
17394172
17439862
17320949
18305702
17821631
17445714
17315702
17860420
18045818
17806604
17452785
17102528
17398086
17840590
17458816
17350759
17236753
18309792
16350028
16762408
16525034
16509114
16952011
16442294
16372559
16758643
16341203
16807402
16432855
16518499
16449824
16217765
16365841
16368787
16591688
16222778
16522485
16374659
16088232
15906535
15754675
15740059
16100029
16074152
16093139
16068676
16111060
16064674
15951273
15761268
15915488
15790324
15891904
15778662
15799083
16105181
15747938
15726526
15349654
15474202
15480770
15358746
15459101
15497112
15602114
15487171
15593778
15374315
15360647
15341866
15501319
15340100
15638248
15719246
15622984
15493287
15364016
15464066
14742357
14723017
15085903
15058315
14533990
15320715
15106960
15111588
15332269
14833154
15082337
15100900
14653727
14647057
14845445
15089479
15015448
14719440
14735155
15327077
14366185
14419289
14042663
14243079
14194335
14192704
14334718
13620798
13588087
14360879
13377917
14199773
13321401
14159498
13316552
14370823
13458789
14431644
13594855
13329670
12854650
12978806
13032412
12883160
12725976
12752521
13017151
13305736
12846630
13178046
12894260
13144395
12871185
12862751
13296344
12972031
12857481
12985014
13158932
12710037
12501967
12693005
12488983
12704609
11977708
12175375
12513181
12486254
12297757
12484491
12157830
12527516
12162436
12222576
12536941
11986739
12494684
12490012
12314028
11969364
11526469
11552772
11698109
11837671
11518264
11840914
11814994
11570096
11548463
11847309
11502497
11803919
11417501
11710972
11564073
11423788
11831870
11566376
11410881
11684261
11020329
11188844
11102522
11192766
11013721
11184677
11069709
11238858
11182473
11026661
10937415
11044071
11086402
11032946
11214815
11037660
11092557
11259427
11221901
11249235
10676003
10692059
10543600
10595063
10796681
10588206
10583096
10916008
10921863
10781244
10668695
10672460
10790119
10486629
10579399
10590003
10929186
10805053
10599201
10573279
10461462
10426571
10433105
10339784
10318972
10481426
10415197
10313910
10228792
10315148
10288744
10160166
10323215
10420259
10231565
10478468
10295427
10189021
10181783
10224677
9935581
9573226
9462174
9701614
9814336
9595261
9536531
9917335
9926940
9833329
9826643
9550263
9721790
9591149
9712563
9578456
9563225
9556265
9924068
9693189
9169477
9290246
9295223
9317851
9286778
9174163
9064494
9300685
8947974
8841093
8829498
9452374
9313098
8953065
9057265
8724011
9176815
8718807
8711651
9267668
8310992
8116205
8592162
8315302
8450284
8221057
8212584
8424694
8199941
8575755
8124113
7963568
7944483
8216273
8129339
7956173
7950225
8133191
7959690
8428899
7934768
7875215
7778140
7859934
7671026
7902792
7534855
7663215
7774275
7780440
7768045
7900416
7881346
7655711
7888290
7854133
7738525
7772014
7942079
7848544
7371932
7291757
7525973
7306227
7357637
7295165
7445803
7351708
7385697
7358962
7450201
7373070
7355352
7281176
7374100
7363743
7520129
7529210
7381690
7454267
7115053
7057752
7122552
7119069
7051380
7216150
7127601
7192474
7199504
7096642
7175922
7223978
7137567
7273423
7261098
7264376
7046981
7267979
7187005
7133542
6970544
6897753
6884939
7018960
6951876
6941310
7028713
7023739
6972519
6956791
6888891
6880932
7042091
7025624
6973548
6869672
7024671
7032610
6878377
6901912
6737625
6804037
6666407
6650543
6635445
6840003
6749458
6645096
6806842
6741831
6811619
6792669
6835915
6796151
6809427
6745878
6656851
6653111
6832024
6801518
6500062
6567053
6427173
6379338
6510450
6557962
6562394
6632677
6571298
6624142
6512971
6510327
6581327
6447523
6628734
6586328
6552807
6432372
6316173
6450137
6019301
6241944
6237739
6021447
5866703
5859647
5998967
6246432
6156948
6249775
6234659
5871230
5863572
5857794
5817110
6151929
5813492
6251540
6262582
6146659
5743304
5737902
5748210
5643420
5803476
5809838
5618867
5691236
5742341
5730031
5499678
5798146
5646322
5502146
5786313
5723950
5694182
5741360
5704004
5640734
5441149
5392332
5455844
5388426
5325728
5306992
5385105
5497410
5332844
5328969
5259937
5265924
5459838
5256656
5438957
5438828
5447260
5377638
5379082
5396677
4833329
4743410
4741190
4793622
4837352
4841895
4846226
4739194
4857779
4839118
4787626
5254458
4746444
4864699
4860798
4913256
5166708
4796659
4754621
4900749
3707195
3589267
3682891
3141627
2798250
4703869
4285139
3136894
4017163
2778684
4031718
4707690
4476657
4545681
3598327
2891435
3671717
3674673
4345055
4543023
2521050
2508220
2506933
2356898
2292233
2584878
2289223
2505582
2334151
2339103
2587424
2745468
2518521
2331736
2502807
2515363
2625825
2354955
2352913
2507749
2222770
2122172
2157430
2254991
1924143
2253451
2138655
2230568
2240657
1928277
1925919
2260498
1964845
2228455
2235795
2141902
2140594
1908971
2237592
2285891
1723004
1880937
1809636
1839225
1720562
1687228
1866532
1690920
1828214
1837416
1813405
1862180
1859819
1819897
1763688
1904721
1821606
1683905
1761296
1832390
817785
814226
956304
761733
1190554
675273
832713
984110
1559052
884587
875109
873264
959867
972493
673374
774950
882766
886996
825937
876614
482739
403386
417414
639457
642496
493475
580502
452108
425519
412242
393782
391262
480736
640617
424025
422038
426921
476629
426388
423158
227892
217711
229990
263674
215081
215969
244852
390116
228939
229509
235237
219960
217138
214672
289059
228442
215411
260091
389979
244261
