1165406915
1180695828
1165153214
1180339646
1161023463
1148287415
1180588498
1166547239
1166698372
1147852250
1160908937
1180451815
1123844474
1123761370
1160757529
1148354576
1148205994
1165308140
1147895097
1180808793
1118610427
1116128208
1123713957
1123657688
1115909215
1111933596
1116196448
1115676068
1115824059
1116029004
1111730544
1123574518
1123488823
1115551326
1123275521
1115749848
1123379170
1111969403
1111805068
1118651424
1111397219
1102390693
1105005464
1102220687
1111559263
1101950517
1102498130
1111489463
1104670209
1102322165
1100118417
1099770276
1111638503
1099864953
1102084749
1105334703
1100020569
1104912629
1104754035
1104840587
1099541098
1097840160
1099419391
1097450973
1097770680
1097546605
1096328245
1086427405
1096490175
1096412325
1099639825
1097628696
1096218684
1097698257
1096587128
1096705667
1086764609
1019059973
1096637154
1018966996
946373121
1008675468
1008698863
1005878298
1007771977
1001634701
962729059
946310288
1001710340
1001540194
1007539481
1018846150
1018733472
1007869526
1008611732
1008316856
1005691549
1005587598
1005563159
962778222
875701960
902986152
883149809
875769272
914085713
903086379
932794754
914021587
913257714
902116605
873852443
903142544
883086892
882984214
877001413
883355770
902192705
883255771
913161560
913931435
861919456
860935311
860045862
855628585
853507023
861001784
861692743
872245293
873766180
872148727
861105779
872813103
853410797
872721368
861209116
861635971
853334515
873699097
872320824
873639882
843138283
847997417
847728885
846050061
845984968
849785043
847805221
847689004
848056391
849477003
846134799
849611268
849559863
847882851
842373043
847940038
845919843
845844186
845801557
849681777
831542577
829373993
831727234
829299176
836416044
842311034
830993787
830908520
836603948
836484068
830936468
831904041
836712373
831626711
836652427
831480424
842161729
831794937
830809088
842214640
828258290
829234272
829145842
822115851
821193853
829056987
827197068
821079804
822056005
821291758
819484897
819378155
827267824
827099684
827367211
828219660
821130385
828310979
828983888
821955932
762401725
762425774
815683805
815789823
815710620
810128600
765484066
813944302
764226041
763561751
764248239
818274603
762355873
762492156
762296549
765584336
818205359
812276215
762467002
815870981
761995834
755656984
744338502
750111746
746894367
744604872
744396519
746956872
744699336
749842235
744532752
762067959
755592546
745321098
743356869
762240951
762184693
762135122
750025567
744287428
728551426
725442004
743211637
733713492
742746379
728465743
725765345
726665699
733998233
726565664
726502535
728822616
728717895
733661984
725502280
726424786
731485086
725364192
743296018
728626650
722883495
715870137
724945402
715653574
724892714
715386070
715464116
724655754
723639228
715833765
725266054
723580124
722811475
719066111
715737861
724586220
714957604
725340441
724779236
715539413
714912076
706144674
713341023
714367044
714291346
714222897
707873543
713199742
706017344
710095191
709480505
705697845
714254787
709414001
709335613
714420013
710186908
714339056
709272217
707728679
705014135
705425906
691899753
690894510
702303362
699825477
698320757
692037052
700325280
691060985
692044224
690730355
699993390
684017244
702221070
700237277
684084787
683949082
700083939
702178811
681915018
677738476
677456941
678213665
683782650
678060154
677204333
676612010
678360536
683374616
683497569
679789578
680003044
677278880
675952820
683300315
681999237
679501763
677895646
683689782
671344584
671381341
666799386
665328851
672040807
671288588
665135978
663711620
663637664
672243585
672164886
670597295
674031928
671238166
666863251
664587723
673949086
664481887
672113480
670517218
659484051
659610947
660987019
659345585
661682896
661097897
658678084
661045539
663564047
663297991
658707639
661575925
659697101
663490178
660251203
659415416
658613029
661173405
658581166
663379694
656430804
654274631
648005989
658365062
649814152
657117890
646521801
655447066
656162449
654738421
656304146
649514584
658281560
655410362
649456952
657745812
654875605
647442324
647524849
655383008
646323321
645196056
645137955
646218734
646451642
642297669
637886079
637544497
637020612
636827145
635772748
632328896
646481325
645174526
636893871
646142997
637620547
635972938
635482920
637934646
630726602
631677937
610484490
626705084
627375202
629211416
631630865
622417093
630853066
611561915
626888812
611610594
629176153
626793772
611486029
622321496
610551481
630620086
610443081
608845323
605336873
601011397
604944260
605120333
601916051
603109246
605260470
605191320
608751471
605392125
605444364
600841581
599739916
599706341
606802518
605045153
599672034
601812951
602444547
600936052
598253964
595348458
598095808
593509354
598950599
599155708
599030047
599518615
598319623
599421057
595275129
596536087
598292340
593554425
593541779
599215116
595587392
598178830
598348637
598374575
585750944
585071459
581997669
590320439
589157786
593372080
593352688
593426554
585135146
593210743
593051940
591433046
588824256
593479751
591837762
593408493
591737947
590386847
585979261
593477233
576156290
580607270
576078780
571291512
576000847
572294529
571380669
569503564
568261999
571362181
571255516
572617013
579076110
578715169
576371885
571465959
571441208
571414289
569607667
572195031
567018954
562318121
563999328
564081178
562216616
568219595
563879092
561893276
568139007
565580729
565514095
563726671
567081398
565433628
563901784
563893511
567112369
562365143
565642279
566987770
561454269
561805263
559453597
561760283
558435090
560082825
559993260
560021931
555401226
559841899
561426483
561346152
559969383
560111141
561401527
555384392
561371301
555266146
558205722
555353636
549893725
552419242
552322391
552259710
547371678
547403217
552486000
554024267
549637335
552554354
550964932
554098939
548004403
547807988
547212421
549780240
548408676
547950682
553930180
549707073
542346222
542269842
542212138
547061054
539669561
542625582
539633501
542813576
542529480
542472392
544191333
539700887
547034286
542765653
546996571
542156898
542183503
544022862
543885893
542394935
533837938
533030505
532901939
531699938
538680953
539499963
538615658
533077024
531726442
531476450
538373181
539565148
532847823
538321220
538254912
538211167
538161562
533753337
533954715
533689358
528248521
529552458
523297904
523277269
525362024
525387442
523197242
523229004
525347171
526570237
525399130
527925840
529647693
525374376
529750504
523209824
523161694
528000457
528042591
526486395
515737314
514212814
520567323
521175715
517945737
517850386
517754954
515664437
520491382
519192450
515547019
520305181
514160527
514231543
515116011
521071378
520888531
521010564
520778111
517141356
512749098
510738664
509676529
514073618
509938809
509873481
509711023
507767785
510651052
509783782
513982632
507824155
510603915
507873102
507683364
512864092
509566462
509830106
509582768
507726760
502089095
501454836
501779521
507195775
501910664
507172286
507235275
502288199
502154516
501844003
501811586
501370685
502073555
501961112
501855088
500923167
501102747
500967606
502225867
502214457
500176011
499805192
497125814
499821804
498451101
498600825
497186605
497083747
498399845
498336753
500837914
500109730
495288378
497305610
498506682
495220644
499854486
498705678
497250545
495124628
490063764
489967202
489978495
490052011
489774875
495069252
492127684
492037484
491944223
489722775
492147295
494989323
492087377
490991027
490058756
493390813
491176330
491332396
494933806
491047545
485568782
485259085
488677154
487997830
487113468
486578787
488052888
489329063
489387768
488616307
486475976
489649073
485517631
485349374
487201260
486531110
488164902
488261139
485461862
487017417
482334664
482628925
481048448
483984047
483854806
484337896
483915539
482238705
482001827
482758168
481969016
481288438
480840918
480978780
482397488
482535186
482168156
482087123
483926031
484183546
479750194
479518541
478428970
478318114
480637191
478209019
479645944
478590599
477976182
470147245
478254247
480787090
480697824
479599417
478494647
479858131
478066447
480588107
479847716
479825300
470036754
467674725
467433514
468933218
467641211
468810534
467478189
469147022
467589796
469833184
469169733
469967380
467757278
469091734
469044721
469905981
469121887
468868048
469004285
470083446
463446763
466508302
463381327
464564899
466339692
463415961
464416154
466176034
466463434
464495905
466445681
465826586
466236108
466549919
465880124
464699348
464348295
466085768
464246223
463659586
461637437
463124061
461827295
461866604
462091002
460543522
461541998
462992651
461446931
463317104
462230684
462017607
462048898
463251436
462193804
461401078
460717703
461749154
461588452
463165342
460375129
460163149
459062095
459112980
457773371
460436305
457993901
457421607
457353369
458121604
457578409
457819856
458057495
460391284
457890549
458985937
456450317
460493028
457296701
457249042
455744972
455892256
447442652
455671137
445939592
445423381
456019633
446047253
456399731
456336433
455953742
455616350
446014457
447609729
456147770
456275272
447631765
447499980
456239417
447368377
432824577
441142125
441223460
439058029
438922013
438956514
436801147
441356191
436145310
442676943
442546908
441335822
439042159
439007897
440031698
430983616
442749640
441299211
441162310
435196246
429415608
428454783
427155730
429959368
429850759
429287049
425635587
426464113
427222312
426416803
426403968
426391606
426360835
425652872
429339080
428538463
429764202
425600302
427183350
427235672
423702238
423755411
424867229
421096754
423471648
422799460
420538900
424944621
420262778
419243425
421191991
423658948
419184247
423320217
420151459
425580281
424641066
423586161
420342509
423630856
417164938
411797999
417865928
418122829
417149789
418025151
411740364
418995777
419142314
419012598
419068530
417972461
409269684
418166665
418107923
418065055
417810871
417228474
418967221
417206501
408505803
397546939
408847853
408362039
397636078
408889381
402929445
397747784
397588362
408870138
402894864
399017802
408876544
408443690
397799856
402942095
399077794
409234398
397479708
397676530
382516084
384950836
388170330
382506635
388058595
386547505
386418643
384812592
383538044
382406193
390420595
383678037
383223089
397409070
383632171
387958506
383492685
383081735
382440856
383712393
382105253
381390300
379698247
381094717
380284496
381469806
380836959
379793280
381056133
382033105
382113186
380162469
380785924
379070677
380098792
380223436
381433234
381048500
380990569
381997612
375009316
374558946
376286586
376083851
375074346
373922636
378759723
373593033
372727303
374835240
378808674
376003400
373877073
375926243
373756783
373706508
376334191
372767614
373808502
378880834
370365476
366922095
372611853
363846898
367048942
372626919
371668713
371462309
371611913
370146121
362697508
372557666
362812816
371689621
371710415
371711030
371622392
371377972
371113764
371705235
355140647
355045786
357405396
355823649
361248764
362458172
355710278
362159706
361677537
362502692
358204126
357360534
355181522
362254128
356205395
356294872
361589982
355781760
362636356
355739022
338824375
349708472
346448174
346401446
352863524
346602157
352483635
346547097
348392842
337714492
353516089
352893672
336784783
349767909
354966757
346565359
346542796
336726928
337684542
337788818
321165031
327551763
335657833
320551154
320449730
327200073
321104998
321267394
321396793
327369750
320517732
335600062
335664865
329289952
321055910
320444194
320485885
321386037
335513393
322522052
311507602
312402960
307668376
306486949
320406381
316418990
308622337
314376117
308557245
306657332
308728631
308686371
308668381
311467941
307544812
306610214
306333661
306380590
316469628
307596273
296924900
306309213
297402449
304751008
304608631
304149115
305838768
300102024
300853637
304033230
300829938
299060915
299435145
299496701
304575162
303080156
300841238
305855249
300474644
304097672
295143481
294913376
296469979
296359320
296882388
292926995
292809623
295834809
296504843
296418011
296295572
294846472
296421118
295382747
292873054
294978628
295046707
294740831
294970337
292903939
292158704
292225175
292283159
292173579
291626442
291585253
292278796
290592912
290589456
290491367
292511329
290451423
292664313
292343017
292164831
292744391
292445965
292582783
292177854
292053872
284065926
283553275
284215262
284152950
283484392
288614477
289714182
289760175
288579647
283360502
283608894
288774545
283233715
283281572
289082851
284236554
283441374
289039993
290123852
288730333
279584051
278816243
276735314
279493619
277223326
278743385
279654424
279693411
279461064
279839105
279634514
283014962
278569722
276488054
283183006
275971929
278638631
277156722
276507836
283149999
262392411
263657611
275923857
263639362
263557879
263385734
262509769
262483445
275967696
264450476
264412165
275960612
263525880
263429901
254631582
262604402
267852851
262632112
254671625
262357611
251101519
247257739
253420056
253567420
248146343
248258846
247291673
248098993
251047817
253910342
253753523
253860931
253990925
254581643
248289470
253953747
247873958
248326209
248210594
246357329
246334323
245477872
245997610
244613025
244701603
245572845
246310732
245677845
245152368
244948489
245648773
245960022
244967269
245274428
245908921
244951993
244582340
246351766
244486867
245232062
238926870
239426562
244509533
239456032
239784683
241361424
239815845
239525811
240179620
239006691
239400765
241268748
240354770
244552144
241011584
239387196
239050957
244463159
238960917
239631383
238883486
238282556
237829551
238836363
238280950
236576843
234902712
233084438
233064229
234846283
235673358
237797416
238245808
236610623
233119833
232777498
232752146
238207723
235719134
233032511
229447790
229386853
229383056
229178039
231613433
229489731
231146756
229650565
229124962
229618751
231172039
230968648
229155090
229579943
229205052
229183438
231867482
231106993
231009038
229533310
225537305
226577440
224910189
228666774
228709679
229096068
228798375
226566973
224799583
226632456
226281682
226605768
226088457
226475401
226462154
228069471
226091096
226058926
228868357
228832240
217455834
224747159
217527685
217473127
224208255
224205293
224180711
221160070
224771508
221046497
220395745
220353641
224279090
217805452
220280502
224228180
221114094
217500315
224710249
217483507
216607467
216600792
217403996
216946894
216403545
216358622
216304645
216247750
216901335
216586798
217074174
216206202
216181699
216993872
216919430
216971700
216634863
216621305
217161166
217129298
214691897
215384050
215175809
209137357
208952085
209785293
205271922
210606815
208892270
209038739
211424414
208178145
208262524
206383702
215201578
216118443
216152101
205805861
210431718
214795157
205231378
204322121
204282836
199913072
205204754
199858306
199586397
197185394
195863033
195858171
193371083
204332732
199425338
198856458
199885773
203731494
201126086
205263157
205196854
199644817
191013128
190958436
190729176
189816476
190136489
190869614
191189272
189496705
188004839
187109622
190978132
191422781
189864667
189744935
189230838
190897663
189245977
190748069
189475517
187660666
186932949
180187018
183502602
181956305
180229285
179679597
179650476
185946094
180206076
181918854
183476813
179607232
182776465
186964526
183564119
179623776
185972374
186940169
182746980
182814248
174637793
174597897
179601231
179548620
179266500
179254038
175213939
178986980
175110220
179505436
176479404
175179752
179572385
179482214
179519798
178196646
179317829
178957913
178345933
175158823
162841541
162674079
173097303
169508101
164935783
166430737
162761118
164827394
162634849
165301129
164799490
169477067
169421797
164969917
172970439
167113786
166398196
167164951
162811892
165337611
162083844
161830447
158530258
161933113
157545129
156921095
156961297
162113888
161986566
158573837
158246035
154216806
157583263
157624493
162034740
156883282
162564101
162141342
158499771
161874512
153564346
149151502
154178683
153533922
153745183
153418680
153755655
153390518
150398353
153453443
152466991
154133950
149531604
149167850
153501454
152507124
151993778
153772067
152446494
149495908
146898300
148916131
147580288
147604719
148196457
142915584
149146145
148523387
142952222
147621337
147491521
143457590
145169377
144527215
144487070
146867270
148946155
144455907
146783530
142960523
139718647
140596968
140817761
138452607
141839119
140781387
138410688
140668091
141810522
141159096
141535466
141598596
141566692
141175900
141138510
139767965
141822588
140853404
141494872
138038970
136444653
135819191
137209142
136304576
136389725
136364578
135432274
137139545
137951142
135452243
136330296
136680571
137162697
137239449
137105016
135953509
137974275
135710115
136573810
138008786
135021818
132804021
133468051
131608966
131582915
133402748
133370888
133765959
133651996
133521301
130744655
130792448
130976015
130662437
130719526
133707548
130687948
131662465
133712232
131550455
129759005
129349890
129272789
129153415
130610459
129813210
129128130
130272523
130244513
129398672
130638298
129777866
129465349
129926309
129887758
129081912
129046597
130180961
129846437
129737784
125548716
124987437
128072567
125956157
125284245
125030310
125096669
126110406
129001260
125509839
127258606
126278293
128975687
125992946
124629183
126351728
128104628
128028584
125234389
125057296
124593145
124237137
123393697
122827742
122484920
123521220
122506404
124541261
123433104
124154166
124179053
123824003
122947551
123481727
123553823
122883576
122530391
122558481
122511027
124210961
115658600
120074757
121299764
116521627
121710142
121739006
121086965
120139340
121801884
120047837
115767424
121269018
121058244
116540491
121590516
121626494
120091185
121326540
121660211
115933264
112605601
111534552
111487871
111466203
111441896
111515463
115338139
114182218
115350879
114267642
115383066
112282087
115627768
115396867
115364333
114151994
112302834
111425757
112564790
115310141
109401142
111397299
109756655
109459025
111033950
110982616
109207993
111382353
110069400
109794171
109751727
109875020
109191661
109140758
108751203
109423647
109461784
109445936
109830939
108803377
106040863
107272988
107756154
106000676
107706769
108685935
107182869
106901145
108727583
107026642
107644462
107678408
107803989
106020558
106119316
106928974
106091244
107731282
106968957
106068731
100828913
101554794
100963959
100850178
101527076
100894819
102434557
101627187
100917043
101604002
100344795
101497061
102557846
102585290
100992575
100938943
100315935
102480630
100867977
100279895
97484676
98093993
100230468
99659268
100215808
99886531
99099650
99751510
99218511
98121280
99705383
100190906
99863039
98948380
99196486
99057208
98910883
98041847
98000464
97973972
97355404
95149809
94035701
95249257
88683157
82991981
82407673
93269030
97324436
95209499
97438663
95180475
82946965
82446270
95278507
97386561
83026375
95222893
95134817
94752396
82364244
77565520
80354080
79840528
76004020
77493617
76030909
75984317
77259896
75685885
80373939
79009709
77527948
78094544
77277550
75977063
76141573
76083804
79040389
77232382
73477349
73384020
73767342
75483302
75345978
74248064
73367318
75568900
74216749
75057556
75431322
74268341
73740319
75453092
74231248
74282230
73897163
73754716
73805898
73783264
72810750
72457593
71858070
70631053
73001178
71771452
70490221
72830330
70594580
70652030
73328807
73351313
73033310
71822971
70432470
72842732
73312827
71826475
70694004
72856424
70339418
70254207
69749937
69119624
69727871
69074934
68889314
70281284
69427236
69149178
68869827
69041120
70236703
69885291
69738758
70311362
69466359
69097335
69903594
69940167
68375252
68400777
65999085
68333632
66012789
66408473
65985107
68832278
68366309
68414587
68867715
68343965
68819286
68385489
65963930
68849458
68553625
65949889
68351964
66049943
65527585
65924902
65374679
65363780
65501005
65529919
65143270
65937558
65105853
65509886
65542944
65555921
65566880
65515680
65320972
65581931
65369384
65173945
65129588
65115996
64971878
64734567
64060256
64616765
64332304
64310997
64255230
64226294
64146216
63769221
65093204
63645562
63619070
64082788
64109132
64349082
64128385
64937403
63599778
64715194
63065862
62761599
63107543
63548251
62961013
63051747
63490319
63136830
63581354
62994296
63010281
63513362
63528590
63124551
63001144
63086739
63167868
62986524
62811092
62974043
62733982
62623729
62275055
62112654
62639299
62571485
62356725
62135609
62170445
62145715
62122513
61768320
62608826
62158417
62550178
62583039
62593392
62249256
62262136
62562829
61720542
61691856
60077298
59813542
60123832
60173918
59910573
59745912
59920951
61744623
61704057
60109167
60052717
61764840
60088850
59782247
59843252
60066861
59716589
60159268
59259460
59465288
59199987
59183159
59289394
59472038
59348757
59313692
58950476
59415904
59286486
59672755
58931671
59403735
59654565
59387352
59638494
59240322
59435881
59214981
58456620
58753071
57916098
58442245
58327833
58346467
58767431
58814132
58905635
58305350
58790987
58787898
58382684
57982664
58922015
58740992
57931903
57963338
58719556
58408376
57848040
57602399
57345926
55954097
57446844
57882751
57424449
57898404
57472272
57396694
55993474
57866640
57411718
55980214
57496588
57378060
57368186
57585040
56529119
56546393
55024896
55686527
55691981
55680028
55499678
55934140
55480321
55273422
55002023
55843428
55096126
55856246
55113938
55524507
55885849
55121229
55823505
55062787
55012915
55038242
53564422
53559642
53656077
54689746
54357336
54664554
54089351
53611681
53589817
54638293
53544418
53405606
53677155
54061818
54538230
54069507
53789211
53412730
54706856
53638261
53012430
52930094
52978595
53001031
52821982
52783565
53334103
53187152
53146789
52470775
52425400
52451049
52481331
52840957
53206086
53022569
52909612
52857551
53346121
52796993
50685345
50503364
48017418
50110134
49814765
49665691
49846473
49826845
50639880
50674072
50652030
49695959
50078289
49687038
50088320
49835418
49856957
50491297
48044700
48031548
45745945
45739114
45730467
45889463
45754381
45602485
45862294
45903892
47380393
47942005
45875313
45627512
46894027
45616312
47376030
45652057
45736781
47933407
46907312
47948233
44400093
45576183
44201436
44185356
44463205
44552933
44437861
44138993
44155521
44144286
44755238
44485038
44450684
45403564
45590654
45587489
44514581
44228096
44401510
44163074
44035283
42388211
43427906
43384346
44125341
44029050
43241374
43119654
42399597
43764262
43156267
42408959
43407530
43376168
43418621
43231634
43092836
42469769
43396538
43668763
42037431
42065839
42172068
41926748
41915645
42044979
42138910
42195936
41709443
42298552
42184788
41719154
41937086
41677121
41666740
41969116
42238736
42167287
42150819
42061723
41370408
40962739
40939810
41363912
40867590
41442063
40921423
40913138
40952499
41198683
40904091
40930905
40881465
41232255
41493951
41358949
41210167
41223249
41662225
40893630
40611234
39954537
40659010
40003728
40599144
40860415
40697783
39970528
39911658
40489909
40681419
39944896
39925168
40671291
40110662
39935609
40625105
40692684
40615114
39901277
39689726
39894228
39869966
39737894
39731698
39657839
39679839
39716097
39158503
39141561
39127395
38610029
39884053
38617374
39629154
39614787
39667393
39118898
39643712
39383361
38222546
38543958
38376766
38579506
38300895
38036739
38239839
38532633
38212017
38601851
38381793
38268849
38260463
38593086
38310848
38133586
38126698
38285342
38361095
38251240
37520766
38009574
37263810
36966404
37248597
36987374
36954154
36743122
37793189
37993349
37232095
37219708
36813087
37737002
37503829
38026618
36976946
38006264
37808630
37531596
34221212
33798715
33774444
36712928
33757315
34828178
36704714
36687268
35047415
34716639
35252513
35035850
33767820
33997284
33807432
36729589
36696563
34709215
34214862
33983763
32830910
33487307
33507665
33274631
33148916
33369336
33161026
33155203
32842142
33697317
33591750
32828317
33119397
33478913
33495150
33283330
33361021
33129220
33341494
32894310
32033552
32159906
32549113
32347078
32092114
32328760
32820272
32115230
31907626
31892216
32811667
31917598
32316971
32123086
32211775
32200399
32143134
32804795
32359739
32164119
31320403
31030412
31813979
31637334
31595323
31812068
31618421
31252413
31813102
31805973
31834744
31828405
31603462
31019869
31819989
31113408
31852741
31245061
31628364
31612914
30986530
30764725
30727405
30712826
30942232
30933646
30664765
30950611
30199437
30533868
30219169
30517422
30737302
31011676
30657773
30784560
30644324
30178662
30673863
30729694
29960667
29768002
29937338
29992435
29946408
29974291
29745493
29789483
29943631
29924761
29931637
29953279
29854199
29845571
30008470
29916054
29800492
29983766
30170966
29921108
29108364
29518192
28711992
29566469
28732145
29098763
29089971
29082980
29559970
28661342
28645931
28653093
28641046
29552228
29229989
28720827
29734585
29535371
29543352
29527331
28467253
28619631
28233412
28212667
28613455
28204665
28199866
28455396
28190516
28588344
28224763
28596229
28245160
28211191
28602504
28633504
28625256
28338286
28333428
28219114
28076836
28101838
27913802
27807196
28184811
28003452
27929147
27814416
27922867
28095442
28085930
27877436
27916885
27834325
27826808
28088713
27892223
27997166
27821769
28117234
26593930
26586921
26706115
26698040
26897739
27797888
27074594
27048961
27000451
26892518
26602928
26886647
27661618
27309085
27042390
27027569
26876501
27233091
26711662
26614804
25484568
25772432
25412573
25637625
25993053
25984302
25975053
25768174
25654448
25489676
25478066
25861596
25846722
26578691
25762650
25645931
26160588
25755306
26012235
25964377
25396884
25276259
25314184
25233575
25116728
25074790
25099934
25109258
25213450
24701979
24442304
25390155
25406372
25264712
25308189
25271364
25383464
24710353
24609023
25375276
24125136
24320307
24331776
24432808
24245380
24232151
24325612
24262776
24162809
24252525
24311954
24136641
24345074
24300469
24269248
24259074
24426581
24308853
24238093
24350519
23906901
24116136
23789891
23981383
23938830
23917648
23799342
23613645
23607735
23599599
23782652
23954790
23882397
23896642
23876431
23891581
23989253
23965202
24091114
23946931
23536525
22959406
23398462
23555304
23516934
23585833
23167785
23404568
23509613
22964540
23546053
22912027
23496562
23526152
23502167
22903850
23593273
23409023
22897154
22952770
22763486
22716641
22687460
22460936
22448953
22704147
22538662
22879918
22756010
22442071
22433375
22694476
22545479
22423299
22770872
22782301
22506471
22887003
22787435
22856484
22241864
22192403
22288846
22166748
22346054
22211554
22263371
22386946
22371119
22185379
22285143
22170633
22414082
22382108
22204690
22277960
22271243
22161636
22366080
22377310
22088249
19539406
21547412
22118965
22115656
22094053
22053055
21878311
21552115
21540836
19578465
21672802
19560076
22082227
21533346
19569070
22076833
22100829
21555488
19708173
19305123
19388325
19185979
19175442
19472796
19411945
19405781
19129601
19270447
19281584
19479279
19181034
19155358
19288328
19461867
19149143
19393187
19382923
19417984
19130760
18630577
18623485
19014544
18893364
18887712
18800505
18638336
19119402
18602783
18608199
18613517
18849242
18835502
18951796
18661426
18544472
18827523
18867010
18671799
19123826
18244878
18190577
18036836
18540453
18032757
17995107
18047409
18184389
18194279
18443999
18119365
18116590
18198505
18222169
18534117
18050896
18043055
18056269
18122777
18178905
17890192
17775732
17635338
17900321
17610251
17782799
17942759
17930742
17601031
17589384
17593820
17955123
17907430
17924645
17918216
17603904
17962237
17912765
17894766
17640893
17180689
17267214
17216831
17173904
17224227
17250917
16589559
17548826
17188436
17177532
17265098
17256272
16598547
17262686
17259061
17201963
17196326
17185401
16606046
17190996
16356558
16349801
16309559
16581330
16308632
16461311
16573307
16474871
16562341
16465804
16567175
16364356
16342470
16455164
16309749
16447582
16331344
16459958
16309309
16470507
15741248
15648156
15946252
15937354
16307630
16089572
15749944
16114524
15976785
16096642
16107643
15992942
15998032
15970889
15958487
15782596
16225228
16127415
15988215
15796944
15350115
15627279
15374968
15619094
15616227
15595771
15325629
15492845
15364608
15353482
15317657
15333878
15584740
15580465
15341460
15603742
15311508
15633350
15358451
15613381
15178668
15155282
15058447
15044416
15162357
15236250
15229801
15077087
15242001
15142948
15198716
15180590
15212124
15180082
15168304
15035277
15072211
15051580
15181246
15064894
14646255
14644779
14641680
14643283
14691159
14753899
14708392
14745889
15002295
14679128
14743630
14650802
14987794
14642792
14657005
14732556
14649592
14648144
14643784
14673263
13339009
13186587
13049222
14580513
14559814
14454669
14450852
13363860
14572395
13207354
14577148
13035636
14484405
14446179
13352944
13189487
13213707
13199664
13043496
14566862
13005934
13014008
12982190
12727866
12712960
11999971
11985892
12993886
12324068
13019987
12364313
12012766
11972612
12720292
13028180
12357128
12988516
12616992
11979017
12005040
11565097
11706639
11926087
11703025
11966596
11695382
11553589
11971432
11690890
11930069
11548518
11714169
11850421
11914697
11912482
11720197
11560520
11710632
11845322
11684159
11506041
10907702
11541638
11535235
11081341
10934516
10903480
10804367
10701006
10898820
11057687
11075588
11501517
10883868
11088050
10913804
10890874
11498023
10914691
10939834
10673109
10691223
10151581
10181236
10676626
10642593
10698570
10455845
10452082
10680956
10166945
10639461
10160255
10580221
10665758
10637327
10155289
10171155
10526916
10654049
10013059
10065887
10046722
9831864
10069168
9828443
10057935
9808411
9789912
10072313
9802677
9926720
9814719
9823481
9816790
9786565
9836699
9930962
10142896
10055009
9779691
9699171
9417822
9467942
9440936
9267553
9252050
9700646
9177023
9777512
9172155
9782127
9257876
9430386
9475035
9293049
9297559
9454053
9461403
9708681
8849133
8956092
9155643
9055543
8846895
9044873
8948655
8843362
9130427
8926064
8935179
8920696
8944092
9010552
8917050
9015656
8952738
8912053
8909720
8837985
8412745
8721695
8823125
8716583
8404769
8828672
8703733
8429418
8792138
8809090
8728026
8417203
8801520
8789687
8831436
8713186
8400410
8708455
8797192
8421354
8149778
8109039
8143395
7845245
8310960
8131782
8185294
7832745
8139745
7849080
7792158
7842512
7827087
8181880
8316842
8395974
8147005
7829703
8136693
8187422
7726817
7754737
7690959
7323401
7319893
7749654
7786513
7296122
7774921
7771003
7686812
7670969
7291602
7729672
7681109
7782043
7734977
7325294
7737467
7674582
7128608
7220845
7201188
7205871
7287849
7283506
7116842
7209762
7123619
7185973
7213153
7168483
7195711
7120745
7113568
7198305
7166912
7277433
7204426
7189768
6842995
7053076
6968136
6940809
6904187
6937452
6830594
6961426
6895428
6876652
6833802
6753308
6749373
6965449
6838185
6899843
6942698
6888792
6945533
6939023
6549467
6574830
6552307
6706952
6648034
6565043
6631323
6567367
6651623
6621622
6740520
6626356
6744230
6660243
6654576
6572241
6577227
6562144
6556670
6657250
6505171
6427728
6312149
6547472
6425701
6502663
6325378
6500293
6514538
6328867
6326159
6318749
6234054
6203160
6507973
6512002
6323278
6243618
6240404
6308096
6129442
6127127
6074196
6142619
6199852
5998946
5986501
6194284
5987633
6160865
6123066
6148210
6125203
6007629
6157139
6070512
6153056
6150559
6145534
6197342
5923653
5948353
5938203
5924987
5942177
5922099
5921806
5945279
5984798
5924753
5921930
5934801
5922714
5923941
5952286
5923794
5930526
5956445
5924102
5922275
5921356
5920276
5920367
5920120
5885354
5881855
5919859
5919643
5919763
5891918
5919991
5921078
5920750
5896172
5920600
5921645
5920224
5888081
5920970
5919522
5875003
5771941
5878589
5767931
5808031
5850854
5847409
5769327
5749662
5774550
5845001
5777153
5791608
5804185
5786175
5788968
5849207
5799901
5796642
5881008
5586465
5581545
5621015
5745034
5642273
5627060
5566535
5497322
5691168
5638144
5737231
5570764
5524107
5683158
5694241
5685445
5630721
5700273
5527581
5696001
5399834
5495453
5489945
5404116
5480437
5483726
5485718
5439480
5435666
5434684
5433079
5437581
5491834
5486972
5401511
5493670
5396570
5478536
5482582
5445163
5241848
5168995
5168050
5321034
5181265
5164993
5391245
5332557
5335537
5295077
5185168
5383722
5177710
5329256
5323355
5388103
5317458
5314723
5167228
5393920
5109921
5019861
5163034
5164389
5163069
5088876
5088013
5086274
5090608
5018710
5084775
5045072
5119553
5083355
5079627
5042172
5050501
5115928
5077848
5048116
4952949
4930603
4975513
4961893
4960323
4982904
4934500
5015087
4935008
4927571
5013142
4933945
4970191
4973840
4957988
4980676
4955752
4972135
5016629
4978099
4884833
4861454
4854639
4915282
4912233
4890747
4851392
4886402
4916684
4918458
4922250
4882832
4924721
4889648
4858887
4826211
4909655
4887873
4848130
4820734
4744595
4814880
4736112
4676633
4659642
4738396
4735941
4736504
4772015
4674244
4669482
4735413
4672122
4666176
4807811
4667967
4812473
4809792
4806148
4765368
4553206
4654993
4549523
4562446
4557743
4650128
4592943
4538954
4657045
4535035
4533390
4512144
4621570
4618773
4537419
4551540
4658772
4648389
4565910
4623966
4508890
4380512
4510610
4507156
4400834
4402903
4404707
4361556
4446474
4469327
4390062
4393076
4503727
4406336
4379059
4488949
4385172
4382771
4487233
4391731
4262757
4351663
4354296
4301069
4254856
4203367
4267186
4302022
4308956
4300214
4250508
4357369
4280440
4301357
4207758
4349365
4288273
4301753
4306845
4200131
4193804
4178973
4098638
4098016
4093217
4083257
4189609
4089928
4090883
4176008
4179858
4123411
4196096
4106401
4099988
4095682
4102387
4180628
4183631
4118449
4014515
4012488
4011136
4008496
4010572
4009416
4030647
4011947
4009788
4010424
4011745
4008040
4007284
4034491
4008874
4028145
4020687
4008949
4010270
4009136
3979885
3976519
3945816
3936441
3985615
3952722
3919577
3951244
3947732
3942927
3937774
3989043
3972941
3949485
3941777
3932081
3934050
3944842
3939944
3983540
3917742
3884975
3860518
3840149
3862562
3883332
3880883
3790533
3837286
3886310
3882846
3787669
3784260
3834251
3792574
3795247
3866498
3842748
3914641
3797340
3760287
3659242
3652748
3646128
3715486
3759949
3662775
3766638
3654854
3717649
3762987
3764737
3772672
3710606
3644414
3759698
3709766
3657066
3650452
3648733
3608381
3607467
3573577
3592479
3620190
3572164
3570211
3564359
3643435
3568124
3638691
3619640
3626475
3557432
3566094
3555433
3542113
3562656
3641966
3638669
3522390
3460186
3447876
3524828
3526790
3496729
3494703
3525587
3527815
3521097
3491912
3488593
3508490
3453483
3511093
3454885
3523687
3486630
3456592
3528607
3308915
3434186
3402253
3390561
3387721
3307509
3293030
3397149
3319566
3393987
3314991
3442071
3312123
3440272
3290657
3431563
3404405
3445434
3399080
3323313
3126565
3159833
3123873
3122715
3277567
3278639
3281090
3140542
3265917
3137291
3271353
3275397
3221523
3236708
3138732
3162271
3127526
3125636
3269867
3268189
3051828
3088033
3079054
3078017
3086458
3054033
3120961
3048856
3046039
3083921
3076106
3074485
3080716
3090759
3085188
3077112
3091623
3089239
3081900
3119614
2957880
2948693
2889415
3008342
3005106
2888109
2980460
2981432
3042575
2954258
2977656
3044945
2951551
3006426
2995168
2979933
2997834
2918129
2978260
2956276
2881840
2810072
2878201
2869575
2857210
2803748
2864509
2860726
2854880
2798432
2876612
2856421
2805564
2884826
2811701
2882545
2803977
2801035
2880323
2858516
2712871
2710204
2703852
2516085
2758104
2707240
2440765
2451899
2759841
2467720
2442472
2454349
2449510
2760954
2715747
2789894
2792481
2749282
2449611
2795322
2384327
2334558
2353289
2435750
2326022
2417500
2380924
2350736
2416850
2382212
2347018
2355515
2437871
2340561
2339285
2339153
2331036
2328631
2415172
2381984
2244534
2295207
2324575
2166163
2250494
2242519
2167895
2195363
2269173
2291243
2288138
2243407
2224653
2188896
2191832
2241214
2302002
2189345
2280381
2144112
2123366
2077841
2042294
2125623
2141950
2130028
2122853
2132195
2136729
2042749
2042497
2122514
2124131
2139834
2139644
2131594
2123820
2134802
2124905
2128901
1987001
1978971
1982001
1915840
2031487
1981068
2037129
1964558
2040620
1967761
1933873
1929860
1917941
1984169
1975914
1922432
1914493
1992014
1879054
1981553
1810538
1769656
1815604
1788293
1790614
1821649
1827403
1785176
1869858
1777042
1784338
1872184
1764327
1763765
1831850
1839614
1874488
1780678
1767147
1867347
1648096
1697418
1663919
1649511
1657645
1662065
1684062
1710834
1702436
1682004
1726537
1659902
1716206
1645405
1658573
1731320
1690525
1729810
1656133
1652186
1384367
1434743
1435911
1440121
1299347
1629344
1297132
1271587
1256077
1388217
1379921
1212605
1596250
1392301
1444054
1291724
1634156
1278397
1272430
1252481
