1189775157
1189328201
1196086897
1187655580
1187204584
1190563049
1190162655
1190309989
1198703242
1196238757
1188235087
1188350729
1187816942
1185663793
1185502638
1188075369
1189269791
1183036233
1190414809
1182866178
1175799714
1174447785
1175885752
1182023364
1182611290
1176716219
1182087509
1182243036
1175613249
1178951888
1178332019
1177686245
1181932707
1182177491
1175986212
1175745702
1174721273
1178052098
1177741293
1175670558
1174086767
1173558723
1164070365
1163105472
1167467301
1166141981
1163955635
1162749765
1173706436
1174321453
1172560915
1166313660
1166464480
1174223418
1169749244
1169992502
1162234268
1162018364
1166386958
1166213033
1148418401
1148213357
1161789770
1148707492
1151727114
1146334426
1143789575
1146876563
1141629187
1151598649
1158128995
1146777235
1158055996
1148558918
1146683089
1148334731
1146116392
1157979086
1146442775
1146042942
1133874445
1132971535
1138006959
1135443149
1129549995
1127103136
1125496779
1125369593
1135086774
1141545694
1129662512
1135313682
1132886598
1141462099
1132697054
1137419392
1141363127
1132545483
1126998690
1125613709
1112479119
1119575063
1120513497
1112396368
1124502680
1123182550
1123067716
1118074307
1120686970
1120212235
1117745465
1109092030
1108574768
1117885660
1123346035
1119464588
1114520089
1112571156
1114459076
1114628560
1101174290
1103105840
1102924591
1102982280
1103314680
1101110853
1103898866
1101931488
1108042279
1104028388
1108327700
1107790456
1101754946
1104370586
1100904261
1108225010
1108122834
1103209114
1104471238
1100980219
1098504210
1096468572
1094590538
1094293786
1094660508
1092512290
1098234843
1094105292
1093305719
1098331820
1092861606
1093364297
1096530366
1096396402
1096335863
1094187132
1100791257
1092600878
1098422394
1095468836
1081507902
1083386653
1086370858
1087516069
1087586904
1092457543
1083986533
1081359483
1083331002
1086242093
1083500733
1083447927
1082509191
1087545190
1085447436
1085477337
1083863824
1083727314
1081422057
1081267828
1079620860
1070183696
1070378296
1079542592
1079556251
1079455096
1077732901
1080343264
1070574306
1079865539
1077761527
1068537739
1068303311
1080433762
1077739044
1077696955
1075666442
1068552642
1068526258
1070072163
1064357490
1066527159
1064144805
1067247445
1066606326
1068284930
1063343305
1064487634
1064292072
1066292914
1067328560
1066369744
1067170954
1068261006
1064424215
1064227612
1067082721
1063362430
1063322317
1066439325
1062131374
1057175172
1063184447
1055043689
1054820589
1062722437
1062031441
1062048905
1063085944
1061081921
1057413659
1062856971
1060972923
1062013150
1061006600
1055117733
1054893098
1060929773
1057648318
1057298951
1050882067
1048949369
1053413378
1050783852
1050697889
1052876263
1050504671
1049690523
1052960469
1053028795
1052798837
1052632679
1050635438
1052679151
1050559473
1050449195
1052752132
1053268693
1051795390
1051693026
1039342429
1045013091
1038714300
1046415676
1039134436
1048923784
1048396965
1046336086
1046250499
1048519936
1048505201
1048637444
1048898590
1046481123
1046184195
1039445333
1046623132
1048734161
1046544544
1045232114
1038450309
1033485949
1035050407
1037477541
1035674879
1034849795
1035464346
1034723708
1034902663
1034774808
1037335885
1036740477
1034548025
1033103207
1036723344
1035577942
1034969328
1036652718
1038598653
1035021500
1031817024
1031644438
1031494339
1030924373
1031185151
1032852026
1032674826
1030969680
1030876866
1030864786
1029100022
1029075551
1031965197
1032906634
1031162878
1031145479
1031033224
1031224605
1030885312
1032804766
1027345037
1025213026
1023813497
1022176767
1020812873
1025160597
1025015886
1027578470
1023800668
1024252431
1024473488
1024280678
1023869867
1027205479
1024337774
1022230947
1024115365
1021002714
1022386998
1022298735
1020433724
1017388688
1010071519
1020310749
1018703920
1009716275
1020259121
1018817193
1018614288
1017001699
1009451049
1020516979
1017276252
1009935789
1019318871
1018999379
1018501309
1017123648
1019185862
1020607944
1005101297
1009226193
1008127655
1009278000
1007966069
1005220994
1009402223
1003497706
1005330752
1003981379
1009337595
1005442776
1005240607
1009140397
1007583738
1007382437
1003334748
1003309171
1007331272
1009119996
990268476
1001970386
988470293
982441753
1001544010
988197255
986485822
990193725
1001243379
1002109050
1001664528
990245185
1003273575
986376677
1001047137
1001144109
1001076349
982299160
990215956
988218879
979975319
980184309
978472806
974041815
972282648
972139230
971093692
970952075
972706552
978340945
972463628
978043835
974178536
972205724
972864727
970771299
968882094
972356088
974941064
975968537
963677783
963511735
963422946
963351557
961913529
961751781
965338342
964157211
965201841
961646935
965723598
968644670
961577439
965259232
963297355
964021688
965896274
968779483
965359197
963850028
951755726
960387606
958559710
953519290
960508098
958435294
953678501
952871369
961459664
959689896
953436599
959637341
952857917
957867645
961510192
957788973
956821805
958650374
954432934
952885404
947509741
902527281
886775053
919526792
886751068
884814467
883091133
951160714
949445638
949252643
928950415
886731704
884757656
882949130
924600412
947422609
951536462
951320161
902081566
951245746
871821302
877516194
873740747
882792562
877568476
882767201
876092712
882855424
881432548
876625446
879121926
873769925
871913303
877504116
878490714
879233342
876501315
878256878
873814281
877541740
862752289
870348642
865293339
868355508
868434454
862808492
863055151
864170828
863598209
868707948
866637944
868787396
868365863
866665177
866618045
870272879
862902128
870418026
862991171
868458299
862657630
857765786
855974167
860733935
858847623
857545433
857013692
857098739
856981426
857256050
859048769
860926578
856951645
858781699
860781524
860637924
862564230
858905130
857196182
858969575
849365699
854106259
848255121
853403234
853564866
847713927
855638472
853993088
851533115
855220392
855727213
849546946
855876495
853348527
853481887
855285913
849454330
855135574
847778889
851696838
844041931
847654065
842593154
846019574
845683577
843802965
843885609
842815353
845908219
843952333
847627863
842562382
844602081
845747247
845615921
844231040
843816991
842681399
843843572
847683427
837985385
839959675
840414364
840156280
837928070
838038098
840556897
842031525
842188325
840061896
840487337
839935152
839910595
842061981
839895570
838216293
838431591
840215617
842087261
838312077
834475518
836326461
832755745
831591872
831284351
832834420
832624048
836386291
830750006
834535917
830808232
836134240
834700140
835174705
836192662
832575765
834392339
836271021
832690258
834640032
825637843
825145943
827669332
828972722
829333343
828890061
827537341
829021526
825225128
825194923
827612158
825181201
827574978
827887941
825984755
825251772
827768201
825911091
825849523
825751153
821660785
819725208
821305100
824830202
820235390
823248442
819659681
821539985
819800312
824863372
824790912
823328957
824801288
823156005
821452569
823416281
824816445
821381331
824149263
824064084
815894395
810461531
810310167
810244164
816020316
818457739
814642752
819553551
818410739
815870162
818300506
818190676
818263951
815956106
810813100
816127474
816198311
814730446
816369294
810907654
808223019
807763748
807839686
809922059
808725889
808388586
810077701
808312444
808022917
809056268
808123899
809715655
810178617
810006884
808063827
809773101
807919244
807221239
808794657
807783501
806625373
805922491
805115893
806204565
806033967
805894738
804383932
805341483
805951443
807152246
805875641
806599117
806080189
804978381
805046071
807084824
806132396
805971322
806372916
805935265
801993032
802464159
802143399
803946631
803992927
804213572
804296597
802028346
801983841
804137770
802808183
802388468
802561247
803911232
802284100
802551729
802101831
802757648
802209793
802055139
800840309
799046968
799878193
797947203
800154913
801228215
801334312
800654954
800376034
798831306
799212019
800412561
798920088
800298493
801137184
800125625
801030307
799145205
797875912
800885321
783941532
782373395
783905045
786454214
785822434
784361172
786372561
795822029
784111540
782472636
797857241
784131369
785858475
785909665
795856163
797843567
784279563
784217333
783986629
784051179
778467689
778012031
778261986
778195798
778229173
778027117
778434644
778580322
778695632
778128917
778413026
778508253
778743026
782296020
778065685
778645633
776926726
778366760
778302598
778165845
774836635
774875929
776715777
774907384
776538207
776834327
775055468
776867420
775018989
774787841
774751338
775123771
776564945
774980404
776691577
776653818
776767283
776604978
776474232
776487180
774627531
774723505
765906728
773288345
769572699
764262086
773188840
765938066
771322335
774679364
771337970
769547882
765430879
773219007
764327455
771357044
765715264
764300356
771423605
765787184
756782461
758329476
764235748
759500698
759237884
759561866
764192027
758233692
759383446
758638815
758391866
759419444
757433334
758442071
757452245
758606223
757479457
759654176
757589815
756818027
756762194
753213161
754895132
753120931
755516960
754944508
754873364
755764626
756751033
754823715
753137824
753757996
753161512
755538859
755493284
755742017
753916823
753977559
753077642
753851091
751848718
751261322
740487796
740439604
751174594
751926050
739952300
751162170
741871209
741835280
740799657
745054406
740866773
739593800
739004784
751218004
752011806
751183764
751728194
751192880
738688328
730546382
734819221
730641468
734725999
734916475
738763740
738835091
735025810
738905980
736945550
738180328
736750447
736257939
734668989
737091234
737031770
736297785
734781371
734612460
727872422
727222377
721987929
722553017
724664953
725520305
724507527
723340114
722637734
727297173
726084780
722696310
728261969
725424305
722817980
723452413
726311288
728353345
725307314
722492319
711288859
713081843
712997858
713175802
715626895
716533223
709340785
709130524
716566204
718420408
716653463
715771471
709217547
709065090
715027971
706126383
714681027
708986485
714742482
715707155
705006650
701960963
701615380
699801415
705196732
699146123
698406437
703454938
703271653
699249504
699545566
701782398
699198078
699477236
705065202
705758973
699559758
699354873
700138440
704123361
695391457
692251487
694422393
691698487
694562561
691795935
698327482
695224289
689378443
689055879
689289615
689694713
688795988
689437134
688985201
694340466
692153529
689180851
694067593
689642874
687806753
688582508
685636586
683816965
685730977
679436441
688540281
679525817
683911482
687725648
679343397
688698402
685446529
688495641
675435447
685801131
685537219
679253219
676182339
687549363
662955704
675373745
664297619
673931324
673817446
673639679
670866019
662580516
672391446
664789734
670473273
664399142
662777694
665140039
664529609
662669467
662504957
660737871
672243572
662420931
657809346
656034156
652011736
651929917
656170048
655962043
654287601
654479334
653938631
652211222
657877814
654033498
656271173
654634254
652130526
659413785
655842761
654219312
652523000
652332565
650790076
646345085
646073502
647324756
633499639
631942143
650385904
631841964
631792383
647263792
650509508
647569541
647669182
646239220
635777550
635022960
645851032
650689959
647727223
634910908
622182117
625665423
622105922
622044213
624870511
620420613
623468604
627966639
625432054
620963956
623407212
628041605
620485888
618921576
625579757
628140325
623567136
620560558
623525499
628216506
612500616
612813537
614388436
618664078
612948057
612533836
613075056
614158176
611444735
617783893
618618955
618758049
615580902
614266162
618827638
616090051
617687668
611343904
614535925
615984644
611061246
606060198
609757682
606203994
603028648
606013253
600315883
600244713
599245321
606134628
606275926
599378173
603092637
602969442
609837609
608644437
600690243
605946132
600600762
600384969
593839841
593731824
592197079
599094256
595278997
594348436
592636696
596165876
596000459
595340354
595219443
594442954
598785777
593789907
592815350
591156245
598872920
593880811
594194056
599020066
579871019
578918710
578541408
577265536
577393134
577132467
579824007
578474702
580284665
589666540
578390302
577051450
581348592
577338502
591108794
580383247
576997773
583565328
573679773
579032105
566468289
573383266
570532859
572482562
571924264
567518751
566406334
571836372
565121549
572424997
572555484
568853234
573309694
570397257
565033352
566619402
571716148
571766620
566705739
566311724
556547094
555412691
552444425
551749900
551693507
550729840
561905198
562748802
556610142
555341261
562001841
556436642
552508614
551792464
563667891
563905239
561815138
556498796
562717861
563531252
550637543
548371968
546635728
550500524
546550396
548150443
547767998
549254334
549067236
549117881
545562113
548263089
546927502
546764566
547725965
550307045
549017881
546861965
548042389
550355094
539257417
538553344
543858183
538025997
539291214
539332950
539166512
543204877
542271397
543083363
539828307
539747240
538505338
538423153
538071716
539677412
543311141
543047021
543970108
539209355
537291793
537990048
535612118
533478437
533275825
533305070
532740181
536838601
533540960
533339750
533399033
532656838
533553322
533701660
537124850
533441281
534303461
537188476
533632472
535686492
531058104
532510956
530524032
532162440
530930641
527394477
530464118
528960324
527324014
527200511
532221445
529018143
530701289
530584723
532076052
528684877
527265081
527229285
532115534
530412882
526078639
525821087
527162423
522787304
520554553
519911545
518808227
526087304
518592684
522571833
520006463
518554490
526070052
522329671
519955725
525875996
520615166
520061004
518495990
522625407
513727836
513604572
516990623
515235344
516666506
515382500
516600939
516850831
517019888
516531364
515175133
515111894
515009571
514916185
513554855
516781524
513514098
513779863
514888848
513662672
507733055
510824328
503751420
509774891
503524780
509555838
508122436
503995536
500849241
500768742
512580692
509659663
503365745
513480403
507664717
500907049
504566412
512468071
512551682
508230914
499314728
498263772
499524166
499364744
497774064
497173395
498499357
498179854
497901677
497851297
497667200
497119352
497960280
497046964
496806895
496965084
497744221
497698604
498570451
497621300
490514537
490950002
496481825
496698723
489524491
495258611
489565593
491561470
489578142
492523120
492463532
491821653
490870580
491687453
490427765
489721062
489659453
490577460
490785270
490466596
489326818
486395574
488013273
487712909
489254969
487924436
486890237
489069779
489280785
488083075
489458899
487773428
489165221
486441254
487868692
489115263
489012834
489385591
487815917
489207935
485088144
486389758
486344427
486277897
481770993
481813760
484906054
483739319
483596484
486337390
481918169
481866764
481741562
485608988
486247303
483816652
484960546
483670392
485034455
485151505
480439388
480364194
479363748
479297509
479055108
479122923
478253690
479205585
480572384
479172369
478313002
480535553
480633263
479246784
479080861
479440164
480493993
479289588
480408668
479415427
476969609
476917349
476803902
476814841
476660491
476480945
475461101
476907875
476727699
475562175
475282102
475223550
476399933
475159456
474225743
476438510
475617961
476737054
476592969
476539075
473569037
472143224
471916696
470959764
473371746
472197712
471836836
474138136
471045829
472154959
472668648
471887787
473506523
473443123
473321624
471862410
472262520
471120043
473496917
472332161
470842885
467361007
468333984
468053902
468065997
468557350
468868642
468432030
467247818
470793485
470888310
468769852
470751717
468702858
468368297
468058494
468030571
468629830
470017638
469954278
463936603
464042853
467011784
467056905
464507976
466026945
463984526
464728294
465865954
466187612
465662459
464717122
463894309
466126157
464612954
464794107
465704449
467201615
464628033
465943861
463798706
463832065
463172960
463009466
462530629
462732181
461771148
461448013
462655053
462628779
462599968
462765730
461656278
462587300
461741257
462814375
461546035
461389871
463084634
461292271
457199555
459986842
458756303
461259149
458661180
457649837
460088499
459843412
459879315
458666816
457146440
458626773
458713133
460193608
457728234
460041141
458599124
459163200
459950596
459913646
453049861
453692714
453734206
450922212
450775981
453643332
452243012
450004644
449957290
450866605
456030098
451068916
453148254
455590760
456215017
452277920
456134553
450966919
450807019
451014610
446937465
448331800
445080333
448392953
445001569
446303161
444943114
444874591
445479226
448466731
445313595
445210197
444068487
445402234
449875406
447003526
443979381
443896940
445140522
446345004
441715279
443406020
443592373
441621657
442383351
442303736
443285747
443163845
441926884
443482387
439986487
442464534
441655330
443816737
441797904
443661397
441858157
443230915
443342772
439903217
438714359
439440478
436799428
438022775
439401655
436602174
436571367
435755402
438065276
436915376
436663830
438261152
436861893
435690282
439839984
439764554
436720017
435610930
438163260
436516690
433054758
433107460
431944728
433836321
435476193
433140696
433011911
431874328
435337986
431710657
435397643
435502719
432957162
431824654
435193857
433897920
435259338
433204574
433293973
431758928
428146702
424959446
430910082
430805615
429123391
421450488
430370578
427448429
427619534
427551393
425075090
421507463
421480374
431654203
430486306
429083712
427493069
427418675
431593261
429607691
420061791
417425530
412989355
417970549
412538125
414523496
413945783
415691497
412681931
417891229
416370332
417484519
416865093
415608703
412631609
417452359
416340971
420116652
412586420
412869001
411683164
411515171
411442092
410399621
411260481
410347590
412415862
412405674
411356170
411988381
410515194
411425180
411268180
411871076
411943845
410563652
411600392
411302004
412486899
411778901
405846431
405797534
406977140
405027075
405931580
408076374
409221408
405133926
410109609
410292838
406387660
405080471
408193146
409295141
408049386
409192199
408153649
408115772
406998969
405863989
404254404
402732556
401220948
402576231
402247435
401181113
398140960
397886156
403540134
402257055
397775394
396699811
397709824
401132999
398012093
398073925
401093422
404274891
397500702
396693980
395199313
394959754
394666567
392669298
396621963
395457379
392791953
396166131
396571737
396385322
395403402
396107368
392726421
395571064
395275644
394625572
395521479
395334081
395014849
394705758
389898498
389718331
388284356
391130346
391243827
391082986
392203079
391039794
390920538
386884789
389670170
392182687
389804347
389630220
389596197
389766071
391184720
390954104
386802105
390994079
384374776
383034431
382902534
382866049
384003235
384386074
384281869
385679885
385646663
382943545
382976244
384530210
384614199
385720286
384038217
383091651
385769714
385754307
386691194
384359386
382795257
369350552
382817593
382208538
373265088
381809426
368455214
371048567
382038220
370883707
381781330
381130620
368359528
381847301
367718711
368513898
382153741
374385781
381072140
374522131
364651264
367043820
363554197
363136107
362524761
365826927
362472084
362397671
365816210
365886232
363712788
364742998
367119600
363107139
367275486
367267531
367212059
367294257
363641431
363620237
362370986
360674447
360803791
360564382
362094987
359413575
359489487
359637822
360973731
359739070
362019724
362159142
360721622
360726700
360609374
359805403
359534444
362060298
360907312
362205559
354918865
353216191
354673779
359167467
357147521
359110176
353236379
353629509
353491326
353317544
353560651
353543064
359359600
353328869
353189537
354740637
357091630
353671968
354987207
353277877
350981066
349605718
350475223
350357431
353168494
349348943
349251715
350364803
350916370
349211686
351016258
349518096
349688436
350308810
349275153
349435150
349751952
350421166
349448693
349539099
346004885
343735191
348260840
342028622
341942203
341810801
344620008
346095171
349172527
343645724
341988259
341894994
342092634
345957667
344659755
343847400
346017504
341844287
344665215
343745560
335021653
334340189
333834058
341776130
340035045
339662610
337394113
339829610
340972222
334930078
335629787
337418394
336725702
340884022
336284665
339901595
336331308
335580248
335721750
335446778
326796763
332439271
326314212
332712865
331267653
331536763
264360439
326729837
329017699
333784430
326273817
327421253
267826531
326855041
331492194
332388181
333732100
332680630
331299445
331230547
262438280
254429871
263591396
253374158
262580105
263346183
263615830
252925068
264323424
262561359
262411148
262312446
262281327
263297825
256719923
263494556
263470198
254829756
256653461
256151952
248795504
247629260
252896815
252794392
247970963
252824721
251754128
248180488
252380818
251796259
250552228
249610070
249641198
248741309
248022248
247216040
247043821
250507461
248687818
249569995
246379764
245929355
247006520
245259851
245214041
246303373
244728174
246859907
246198126
246148000
245173766
246738052
245126247
246109565
244701287
246816930
245540783
246346682
246934931
246786478
238062476
243603125
238600769
243565705
242201719
243058156
239340547
238626636
244460166
240190771
243744992
241011210
237856980
241044872
240133688
243533185
243104187
240166452
243710785
238110176
234960193
235232147
234931432
233852637
233283920
234611501
233874287
236743501
233824220
235718160
233801060
233555100
235249569
233894890
234554781
237833408
235284864
235941898
234487108
235318358
232170398
233133280
232580334
230717643
232492129
233019534
230753865
233054909
232151783
231700636
232457320
231657024
232749709
232542909
233100154
232716049
232391308
230791656
230910384
230864899
229519386
230597118
227592380
227571192
226824100
230581858
229088033
230656482
229799190
229479866
228342648
226329530
229816625
228604980
227612323
229082947
230619296
230566334
227552258
226912351
222665987
222408240
221407710
220733594
222154209
220896899
222915120
220770747
222974035
222183220
222896962
221535435
221509607
221389633
222211508
222138591
226282278
221445110
226204341
222946109
220229839
218812025
220165520
217633352
217547577
216860733
219047408
218562046
218300812
218622032
217517098
219065825
219937796
218778901
217571272
218322440
219169878
218355340
219090092
220201252
216454312
215542719
216757778
214407423
214863169
214814995
215121973
215677406
215609261
216015268
216797378
216827480
216780007
215469354
216498841
215246638
216050498
215204917
215639889
215156371
213134212
213195665
211623896
213869461
212822764
211874897
211236265
211911626
212852151
211198117
212786417
214346610
213905001
214312945
212703550
211953066
211886370
212762599
214374536
212729352
210716867
211083813
209501706
209657640
209556423
210420819
210450496
209623858
211066923
208959848
211042649
209533914
210610170
211055351
210077971
209183555
208567782
208300678
210395156
209595549
207138756
206520445
203917509
206688492
205930981
206420281
207855370
207359264
206223971
206200091
205923799
206270085
205888223
206184006
207192765
206243725
206478928
207282986
207889989
208272209
199753596
199008023
200123132
200142209
201533933
203508390
203466282
200098764
201516549
199808640
201264509
199001078
202308339
199389031
201509692
201137486
200161661
201226720
203535098
201183075
198138348
196484979
198161512
198870558
197434956
198644997
198234497
197095469
198258277
198547681
197302828
198199530
197074596
197120419
196466197
198948590
198894329
197061583
196448673
198569712
195847035
196402329
195381167
192883648
192960803
192927291
194183835
195326414
196367769
196196052
192906423
196383071
195128386
195821470
195075158
195874540
196426529
195108739
195087267
194137849
192379040
191402549
192355353
190711655
191675803
192854524
192426943
192042397
191502947
191440532
191376073
192208917
191472124
192177003
190266732
191706297
191842901
191422325
190689392
190664709
190070652
188895504
190145316
189397620
187305821
189456542
190029456
189419432
188926027
188844526
188204621
189438815
190119760
188951731
190089610
189381888
188046808
187241813
190049167
190103679
186123817
185474971
185371531
186996927
187180632
185472033
185439249
186155431
184704943
187055261
185404255
186161100
185367007
184636866
184738063
185879064
184602452
187019404
185909921
187093070
184538605
184505811
184578857
183252176
183312081
184559475
181500177
181465886
184542685
184124291
182506504
182373538
180910208
184522328
183093243
182557904
183297203
183317240
181005976
183393146
180430211
178854167
179480518
178829173
180788202
180527205
180109158
180863218
179432785
179418944
180493567
180287741
180097238
179446882
179430159
178790728
180805961
180311832
179463085
178810483
176480819
175612277
176329266
176259202
176382899
178190299
178757891
176278483
176486916
175599953
176255492
178750761
178123115
178234029
176316605
178771389
176438076
178270102
176296847
177036238
174905245
175568873
175268822
173929539
173703246
174893658
175309603
174873210
174936436
174883323
173895082
174951250
174922149
173844644
173668669
175586348
173749832
172829363
175342406
174970703
171126485
170469520
170452558
170412195
171849832
172796084
170435443
171143939
171065802
172769903
172135594
172031422
171872184
170768199
171077109
170829031
171107290
172754791
170370258
171094462
169995148
169041652
169483330
170122611
170053567
170084958
170358906
169724423
169453981
169061325
169416467
169005395
169682693
169019367
169744610
170351116
169767578
169704362
169698402
170341127
168324604
163877423
168760675
168307092
168293179
165899173
166007724
165882022
165291784
163849002
168336830
166328477
164640287
168982139
165957807
165914692
165938290
163860969
169002769
168357866
163150471
161521245
163086621
163809625
161563539
163828212
160765615
163172913
163237251
162467489
161442450
160713616
163814417
163133102
160829275
160520109
163117293
161420477
160548293
163103983
158877259
157227121
158020693
157252250
157277033
160472245
160448854
158920302
158050953
157302255
160497478
159721245
159741398
156275454
158801423
158080944
158103976
156316411
158820264
158854771
154815530
155413330
154872959
154524015
153868974
153816341
155306714
154501256
154724419
154769308
154556866
153842794
154590300
155438432
156238919
154621492
154476411
155351193
155380818
156213546
153764740
153741758
152407219
153063897
152356717
153120579
153094600
153812569
152502859
152617647
152505954
152348551
152473019
153786457
152388110
153039645
152437158
152585713
152332229
152370454
151142902
149483954
150882892
151640765
151734454
151710026
151677530
151656158
150839967
150802318
151194100
149172615
149147944
150058748
148494847
150927300
150133623
151797507
149131490
149114328
142697445
142649613
148396459
147290432
142589433
143846822
147851692
142620767
147240597
142531670
147380874
148429424
147874880
145641187
147316857
148415056
147419981
145675228
144897576
144741703
140626033
140456341
141890680
141507343
140663245
141245999
141212776
140776820
142518091
141546468
141347041
141179550
141277993
141787314
141800246
141385133
141489693
141307274
140618169
140575271
138687922
137324876
138683813
137281989
138669895
138088801
138134457
138048714
138017345
137991310
138659757
137816831
137911641
137894018
139467460
140408439
137828710
139478161
137930879
137875333
136642442
136233946
135681574
136572453
137237695
137129030
136217499
137198911
137094821
136156788
135623621
136652423
136538100
137071994
136172100
136124621
136974511
137192641
137161513
136195312
135296009
132740133
131463806
133789410
135563772
132791975
133328152
132347037
132692762
133846904
131579739
135363460
131417834
133412250
135311552
131434544
132384048
133313664
135342723
135324568
130486314
129644815
131009135
130613623
129663430
129711442
130868720
130525289
131359166
130469014
129629046
131309613
130931490
131328380
130457068
129731482
130639472
130571289
129705735
129686180
128890267
118515674
128608139
128968119
128863387
128897963
117636097
128921171
128942192
128822658
128516629
117761426
128770856
128559155
128801400
117683521
117721567
117583384
128845889
128788532
116036767
116901100
116848053
114175860
116838325
115500486
114148003
117556207
116980308
116863654
114206662
115536707
114079762
114043416
116999960
114119100
114003182
116489650
115468506
113942326
111456364
112193007
113381676
113251874
112590838
112738569
112374530
112542009
112173474
113330997
112222909
113475161
111870741
113287792
113199538
111940728
113559454
112703945
113513911
111494515
110611096
108195104
110555761
108798392
111143159
108627653
110151865
111422265
108158287
109901465
108000577
109991259
110054675
110648728
110581413
109947394
111106359
108593630
108885378
110103816
107744478
107484666
106674066
107708923
106645888
106694343
107820768
107465391
106746278
107583362
106717192
106828075
106632566
107514711
105967438
106787013
107882469
107657590
106660165
107946346
105538754
105509115
104542997
105600646
105321477
104263521
104748870
104968163
104677836
105725617
104673519
105378763
105565543
105300654
104623101
104704081
105345444
104570146
104229473
104800148
102382195
104157928
102831676
103218181
103748631
103283101
102421798
103163222
104194647
103374370
104106205
103424080
103319901
102471522
103811629
102528027
102438226
102063560
104020656
103771921
101202360
100491769
100471765
101431973
100247314
101793935
101220713
101178875
100183888
100211495
100973373
101058865
101732324
102037495
100894224
100531294
101689246
101451782
102058979
101014962
99494710
99554543
99197546
100133554
99783706
99607767
99273806
100121294
99094540
99161695
100156558
99806846
99652815
99282667
99245206
99694244
99750788
99531789
99511652
99129080
98426694
97974206
97964051
97618497
97590720
97895887
98365811
97448758
98056509
98402434
97493526
96768908
97400523
97934396
97870361
97347693
98013175
97542016
96743190
96524554
96507084
95904862
96009728
96094260
95443620
95935542
96479694
96407204
96035561
96431891
95971365
95803388
96453567
96386768
95779965
95496512
95480466
95397738
95320572
95346076
94754941
94483762
94086281
95048715
94459652
95070847
95051450
94124054
94184118
95103939
94151702
95122205
95090166
95277705
95036871
95256531
94667886
94793900
94826731
94703207
91711726
91997565
93385934
93483066
92567761
93997760
93969012
92098820
92675073
92020088
92639503
93445503
93431158
94032566
92702356
92347758
94064769
92611724
93417949
92077276
90730171
91031165
90699840
91007952
90652992
90763316
90582223
90129638
89377450
90984524
91686555
90080133
90611075
91664826
88845082
89327957
90100251
89795149
88805123
88796565
87032267
87013155
86324482
88370242
85976007
86037472
86691085
87997230
87066433
87000022
85996949
87005445
86660326
86607156
87738648
86337262
86977550
87266617
88712595
87244166
83521151
83552199
83405371
81498787
83449230
85930911
79763016
85399405
79712673
79581755
85351502
83620174
85964322
79744448
79550758
85737268
79792557
79440240
85763665
80875227
77870873
77589712
77089523
77242464
79024224
79079464
76982936
77610216
77159745
77141011
77035831
77111689
77838213
77562078
77010053
79384013
79415796
78324199
77854541
77259581
75710824
76928984
75921593
76234013
76195515
76748707
76668999
76140876
76123091
75976768
75993534
76178736
76598192
76641636
75957750
75940131
76021457
75995642
76955743
75694519
75556318
75605587
73125090
74213388
73511798
74038575
74395852
74007154
73920251
73528290
73470288
73103026
73893737
73490480
74458258
75630822
75578332
75661087
73088229
74033660
69932293
72877689
72072180
72918397
73047143
72106892
70683883
72900885
71980515
73073305
70656976
72623764
69997124
71834874
72023629
72970600
69976815
71393678
70612027
73022754
68391276
68072787
68587644
68546749
68369528
66478063
69484918
68143435
68051638
69875678
66531227
69897002
68394079
69516264
68436221
68162988
66151007
68516739
68461255
66174031
65294739
64866316
64791175
65631452
64357186
64321818
64837562
63530785
65750947
65180998
65770156
65611961
65574944
64772686
64746219
64301850
65606110
66129512
65707776
65655124
61766848
63073988
62278776
62758726
62348460
62145852
61799300
62622099
63054518
63159498
63110637
62135379
61748612
62547542
62294802
62993179
61821301
62597434
63143234
62253288
60469645
59640069
60530716
60269342
59618866
60315756
61662464
60082319
60042396
60299907
60282870
60481275
60255408
61685291
60033012
59653219
60124508
61700161
60109475
59841769
59361586
59383557
58822514
58746219
58735343
58920040
58939136
58954819
58849190
58878345
59601962
58907526
58860640
59303993
58796275
59326619
58777499
59587381
58714658
59331609
56929289
57057899
57305629
57291413
57325311
57493377
57006290
56982302
58467053
57508952
57811372
57852737
57772961
58705703
58481936
57361015
56957775
57095987
57038447
58512674
56269398
56787987
55956096
55900439
55833132
55820445
56287567
56366962
55996138
56348716
56363753
56923139
56804989
55844972
55809633
56836584
56857688
55935005
56819438
55980086
54677972
54201633
55053078
54739926
55377260
54645043
55365150
55084949
54774578
54163627
53825950
54803796
55167624
55153366
55423858
54704416
55127541
55011606
55201637
55032127
52196704
52923615
52409578
52178070
53784587
51886553
52962496
52391591
52556796
53309619
52256561
53127743
52530521
52236140
52942076
53298799
53756747
53113899
53813798
53329385
51767369
50649335
50992244
50933989
50440029
50671597
50661029
51402494
51378186
50458888
51793631
50764028
51817161
51421851
50956432
51404825
50741899
50911982
50730086
50715575
49608847
50218133
50327383
49865130
50162305
50129660
49654775
50230961
50315975
49911012
49834183
49665069
50205652
49224679
50180661
50147711
49243173
49898977
49850267
49624565
48324025
48832556
48318025
48551148
48300211
48875349
48853088
48743100
48547076
48891582
48590576
48379738
49197726
48569646
48737090
48549267
48389777
48368147
48842710
48338690
48074564
47747492
47686861
47648997
47470313
47773833
47457078
47443321
48247985
47786506
48278002
48090199
48264430
47055462
48059131
47718395
47666197
47761535
47702635
48300211
46227691
45703116
45714584
45686908
46579102
46933512
46555909
47012391
45883346
45607537
46120760
45902903
46601072
46257320
46243617
46268200
46225617
45671524
46631160
47032138
44830285
44770803
44408276
44752923
45197120
45578272
45185403
44844418
44236241
45586486
45448017
44431521
44526405
44797952
44495089
45328854
44507723
44459660
44814949
44443777
43415756
43382594
43081652
43155812
43914617
43708033
43630366
43170745
43900445
43644949
43117965
44224871
44167982
43619317
44150968
43723814
44212915
43408981
43181214
43196484
42109688
42764530
42427337
43071581
42351911
42472547
42336128
42114174
42700841
42451401
42825108
42733798
42784480
43067405
42712258
42675898
42799817
42361102
42131001
42124543
41883457
41381580
41421499
41408812
41873510
41171010
41416616
41902721
41371594
41641461
41878784
41396779
41892028
41386769
41647296
41392231
41911028
41960712
41941006
41864722
41119576
41132188
40882329
40529398
40818281
41125265
40791130
40539907
41160235
40864851
40807529
40798709
40796593
41147957
40785635
40855843
40872828
40830140
40839637
40846892
38289193
38277354
37278080
38310196
38702171
37037383
37047833
38690364
38581177
38318843
39212026
38572240
38299862
40521986
37359433
36115306
36276759
39220048
38339080
36287292
35847903
34139068
35875540
34119576
35836890
34151055
34087159
33867722
33811743
36054225
34126171
36081873
35887932
35896531
34112034
36088259
33796000
36062297
35869530
36110427
33326668
33359562
33315872
33140663
33133418
33526172
33541215
33586104
33366729
33337485
33561378
33130453
33348640
33398603
33569771
33505249
33313915
33612944
33577062
33380114
32871790
32829120
33104418
32901357
32862184
33091766
32916743
32823810
33067991
32834164
32693202
33120827
32829373
32692942
33086433
32884164
32830408
32826417
33070017
32892923
32603528
32595875
32661460
32683020
32691510
32403520
32377663
32617046
32391775
32599416
32349072
32352219
32627141
32343805
32428975
32361177
32673195
32653733
32443870
32434419
31878009
31924897
31815830
32346540
32343068
32192421
32146188
31905022
32166528
32181626
31868856
32157183
31841635
31816994
31848784
31862964
31861443
31886443
32341034
31826572
31413993
31409740
31262400
31812090
31814023
31467082
31394143
31672639
31432608
31419338
31660526
31661181
31408963
31699942
31704555
31443610
31639390
31411375
31380357
31702100
31162875
30915786
30762913
31001457
31025191
30938124
30730327
31252869
30935791
30934318
30940265
31204236
30771680
30790325
30780238
31166176
31189747
31245723
31215042
31016227
30214042
30047039
30670106
30019519
29988656
29995471
30273446
29961483
30719188
30263286
30054765
30295665
30522355
30036773
30287957
30044180
30677496
30493059
30004266
30533934
29617508
29797795
29640990
29843050
29953734
29595289
29833322
29780934
29535877
29583255
29626393
29540837
29423594
29415050
29857292
29788985
29403795
29572426
29545183
29771660
29175320
28880594
28838300
28889588
29398517
28937006
29069958
29062176
28736094
28723570
29185465
28923533
28747533
28413938
28298654
28465973
28477601
28868299
28496702
28278713
27692697
27652933
27619501
28269479
28006265
27851617
27438939
27883545
27701929
28093447
27710075
27448806
28049492
27864540
27875594
27268220
27898223
28041593
27394321
28258200
25834603
25766903
26429009
25648976
26621122
26438379
26594368
27256495
26586708
27243441
26242122
25665653
26631573
25772960
26420347
25658516
25641512
26643466
25858809
25851114
25026994
25098497
25267558
25486485
25122356
25021588
25083098
25039181
25480476
25583714
25282915
25622932
25376497
25115015
25599719
25109057
25261135
25276123
25592006
25088185
24730002
24329839
24859970
24835397
24916149
24514343
24504656
24922344
24541493
24534235
24908659
24550042
24932101
24522031
24152872
24649038
24868702
24158668
24720766
24939064
23910385
24072196
23698484
23923380
24147093
23937542
24103162
23963712
23986800
23920352
23951290
23976170
23764759
23783174
23775051
23929411
24077539
24092545
24117243
24084104
23165523
23382930
23319829
23328146
23136425
23190348
23306547
23369322
23569441
23297518
23578159
23501147
23595054
23358048
23343024
23180976
23351557
23150661
23585889
23131202
22753273
22575822
22961040
23119644
22763146
22603208
22577563
22767980
23070855
22740186
23089929
22968627
23080838
22957225
22595957
22532850
22937079
22613654
22587513
22785839
21908119
21722518
22245435
22045645
22086363
22034706
21719006
22072857
22054885
22025086
21820555
21711507
22080340
21893474
22066658
22204163
22517038
21902417
22525401
22020087
21661535
21551334
21572234
21704511
21088143
21545536
21519459
21253683
21077385
21565032
21529424
21415307
21103653
21524773
21422526
21348678
21064031
21097704
21110918
21558512
20928212
20933973
20522691
21021583
20443366
20600406
20941010
21049002
20608601
20392985
20512372
20498605
20769932
20507499
20575906
21036312
20287810
20775094
21029844
21055351
19766949
19607142
20190723
19612848
19762731
19757936
20250922
20280996
20245294
19774008
20276508
19469154
20261011
19463340
20184955
20268920
19459338
20175071
19779578
19619254
19451217
19294599
19314475
19275969
19183778
19264733
19456232
19269694
19309621
19121099
19248005
19107723
19254119
19168523
19287064
19102378
19113134
19302383
19134016
19321499
18516784
18515063
18526368
18327436
18112102
18233103
18107471
19095393
18256361
18245202
18536418
18337415
18251556
18688062
19083127
19078726
18239561
18679324
19086204
18345617
17238224
17225051
17548667
17260192
17255704
17018070
17263835
18101554
17130889
17541805
17014592
17373475
17245861
17135749
17972991
17021191
17231658
17965666
17980196
17378407
16894388
16890835
16516866
16521675
17004569
16979495
16899711
16891924
16519688
16513460
16989269
16985473
16886300
16514349
16973924
16704510
16710848
16550591
16510174
16559285
16366100
16468804
16423498
16337593
16436349
16329206
16474597
16247409
16462381
16430321
16357151
16342802
16478882
16448129
16371284
16323904
16318315
16441280
16317196
16347989
16105607
16180286
16118193
16098141
16187910
16122739
16238342
16194912
16060442
16184606
16242982
16176717
16061649
16221118
16113307
15963922
16067887
16076972
16200924
16211647
15565011
15770163
15958329
15936144
15567492
15455226
15443592
15465641
15493218
15930025
15501338
15485667
15449719
15945339
15448749
15446545
15951414
15473642
15762753
15447349
15320943
15339388
15327568
15159834
15340486
15367215
15340235
15436999
15192935
15350300
15340120
15343932
15171827
15222251
15322920
15442278
15319975
15332107
15322647
15160054
15024089
14861415
14997265
14995883
14845757
15078644
14843424
15064973
14885339
15045529
15030439
14846439
15027675
14845084
15038153
15011533
15004754
15070545
14897568
14845447
14820370
14642571
14839163
14801992
14674971
14797128
14685239
14802600
14671811
14698322
14554660
14727977
14651273
14814959
14827555
14809236
14640916
14641262
14660531
14649391
14317765
14480834
14475054
14535054
14370047
14552610
14499869
14349597
14321609
14362444
14478333
14476526
14551699
14513649
14319445
14322295
14316911
14318919
14326912
14488042
14024080
14065498
14234023
14072911
14051463
14046086
14034717
13881841
14206420
14059948
13999151
13886062
13890677
14227521
14010642
14004713
14021529
13908561
13870327
13902951
13713871
13373061
13742464
13516740
13532021
13358734
13851748
13701428
13751838
13320483
13342246
13859762
13349779
13365377
13689631
13679345
13732010
13548711
13861943
13330272
13129591
12763014
13138136
12739356
12907761
13133428
12903628
13050920
13193754
12888819
12896023
12754577
12748890
12730017
13164312
13126263
13201987
13312401
13176283
13188812
12386399
11719557
11715533
11578994
11993183
12372945
11857286
11844234
11862663
12003137
11814338
11825022
12721925
11850999
11710924
11808247
12711520
11830951
11707581
12013545
11206955
11172780
11563275
11341055
11348711
11235637
11339215
11220010
11572179
11217797
11207278
11167093
11341425
11220404
11221016
11244130
11568162
11340013
11228383
11211324
10950674
10940726
10931501
10958470
10911943
10882220
10821514
10890531
10803610
10798921
11020512
10916276
11030572
11025511
10926156
10907918
10946580
10905566
10811832
11166642
9910536
9775964
10688073
10671061
10732565
9679011
9688539
10676137
9666807
9787875
9907645
9674386
9784440
9669431
9772166
10672382
9780172
10681127
10733580
9766705
9272624
9253041
9245212
9267081
9265367
9244346
9235082
9254202
9231082
9246106
9244862
9246450
9245639
9228490
9663348
9265608
9244108
9228595
9265790
9660097
8659297
9025990
8190825
8221811
7973795
7969198
7964635
9025359
8655002
9031125
8192936
9228301
8190346
8190183
7871566
9033072
9023947
9036285
9022070
8650998
7103279
7107754
7115949
7100803
7094296
7438870
7053495
7050600
7110497
7105534
7122808
7094257
7865017
7855834
7741879
7096274
7047591
7043733
7867774
7849967
6957773
7040942
7035952
7027279
7017413
7022399
7023969
7043362
7033086
6970468
6963655
7024437
6968912
6950816
6973048
6954224
7043053
7031150
7024512
7021720
6831375
6736974
6884185
6896995
6816146
6647521
6947417
6823884
6728887
6724875
6642603
6886954
6890150
6819344
6732491
6719735
6651812
6943828
6873791
6877375
6554571
6508126
6582873
6622111
6633109
6568400
6575823
6510981
6570917
6635710
6514032
6499549
6494564
6565839
6564028
6566226
6489385
6621927
6551997
6560666
6432162
6488252
6414921
6428740
6414822
6418736
6414672
6440796
6414789
6434700
6414594
6386894
6437886
6391342
6486491
6484166
6414643
6445585
6426301
6414990
6362026
6321976
6355474
6305185
6307723
6371694
6379549
6360828
6305683
6357660
6317980
6305367
6301124
6355531
6373452
6364162
6305527
6368309
6376072
6359008
6149720
6132915
6225753
6124359
6088275
6228412
6083189
6076440
6233099
6072662
6073575
6157128
6143055
6135076
6236193
6085384
6297974
6119254
6122163
6160579
5995120
6067726
6071975
6051796
5881638
5945947
5942608
5981598
5935059
5939827
5926683
5986394
5949500
6017036
6071317
6053256
6021084
5877376
6056040
5931386
5809616
5802849
5499635
5503467
5866214
5857475
5871868
5861575
5858550
5604212
5596251
5523216
5635050
5797747
5874016
5793214
5858374
5620975
5501353
5806406
5390262
5116454
5387269
5380507
5383618
5118897
5397625
5445672
5187530
5460847
5240926
5401782
5332030
5237521
5453958
5457780
5392648
5494229
5335130
5491339
4856487
4989466
4912069
4849647
4992855
5040396
4986551
4978544
5031046
4915887
4852770
4688789
4863213
4686065
4683382
4846509
5043092
4859065
4904189
4977043
4680870
4615867
4407974
4405763
4550274
4592572
4522469
4397384
4472400
4612689
4402897
4555284
4600498
4602922
4469456
4604608
4409001
4609366
4594028
4411703
3639751
4159186
4158928
4268945
4264737
4053555
3688289
3596932
3677360
3682909
3599357
3602115
3671696
4258670
3702336
3668057
3593762
3639317
3697271
3674478
3496544
3494758
3533879
3487552
3481056
3366063
3360888
3358075
3482586
3588896
3544006
3474621
3547543
3591167
3539033
3498022
3537272
3479859
3542081
3418330
3223150
3214918
3230601
3217753
3180737
3141087
3102758
3144340
3141703
3185491
3184763
3180116
3152898
3146371
3186354
3138419
3101586
3212769
3234911
3150936
3097469
3024574
3093149
3091332
3049251
3045017
3042262
2998654
3046961
3043551
3100709
3095634
3055463
3001021
3041543
3002818
3098254
3052013
3046087
3045660
2992422
2945331
2929606
2992462
2956710
2996214
2938221
2936733
2949715
2943056
2954235
2950547
2979412
2934986
2994268
2983236
2931069
2924923
2939748
2985073
2840135
2827733
2815557
2869739
2843003
2825057
2821386
2836374
2814680
2820211
2867526
2829507
2818942
2817247
2823962
2813409
2822717
2866346
2811022
2826127
2768446
2731984
2770889
2735972
2733910
2728010
2761942
2809465
2729500
2773706
2808195
2766927
2769150
2763388
2774732
2771959
2765338
2739434
2730333
2772530
2676116
2702448
2669578
2687507
2686182
2672497
2695082
2675112
2705706
2673747
2727134
2723377
2703348
2724763
2671020
2725869
2698825
2696805
2721951
2689324
2664950
2663221
2632131
2602967
2577480
2591102
2592368
2621305
2596458
2594492
2604980
2592936
2589743
2588301
2599973
2590470
2666536
2632911
2598034
2575966
2480481
2482117
2525257
2521753
2479763
2472187
2526905
2399572
2575117
2573178
2532755
2481873
2523286
2483713
2506274
2478289
2475212
2473108
2528502
2574152
2341818
2376284
2336620
2391843
2385039
2369869
2284212
2374087
2378307
2371013
2347370
2324107
2344773
2319813
2326448
2383469
2372440
2338970
2381857
2389007
2163789
2251239
2185740
2187069
2258401
2256754
2189742
2274276
2282156
2188547
2159560
2270351
2260362
2277889
2255296
2261556
2272011
2253194
2279872
2275926
2154794
2138987
2110571
2033230
2042618
2142154
2050715
2112309
2036185
2026990
2023220
2022869
2046748
2037262
2137299
2135927
2030166
2113595
2140651
2035324
1903297
1912978
1915054
1975769
1874023
1974033
1972834
1917782
1908352
1904426
1880327
1876345
1970848
1978926
1906926
1980926
1905991
1967306
1888779
1883166
1793768
1804505
1807227
1870341
1798650
1798483
1793867
1813146
1801701
1798360
1807855
1795395
1806023
1798430
1798304
1801097
1804038
1810240
1803650
1803434
1693827
1687130
1793616
1692337
1680842
1707242
1732621
1693442
1689495
1734254
1732445
1699042
1732246
1741657
1698538
1696412
1739832
1685336
1682043
1681485
1680086
1678832
1679693
1639163
1648166
1632288
1628034
1630359
1679585
1676658
1645701
1678569
1644794
1679953
1678010
1642825
1640293
1647584
1636839
1627743
1559126
1599341
1562543
1550532
1554479
1590529
1545565
1592995
1589188
1547152
1594187
1546819
1591758
1548305
1604522
1601506
1627216
1626778
1546182
1548862
1380893
1541529
1490820
1441776
1377666
1370655
1295780
1364627
1544340
1497585
1494078
1444594
1544264
1440492
1436082
1502307
1367966
1370969
1540157
1371469
1288182
1258486
1276254
1193529
1187245
1180937
1201733
1282633
1211007
1183139
1272841
1179889
1256821
1185087
1196139
1291772
1279004
1206900
1282475
1177532
1177150
1111658
1098099
1156653
1112632
1099331
1092339
1138849
1154688
1146218
1107209
1094167
1101227
1143383
1152655
1150390
1096459
1140554
1141662
1109397
1041453
1032386
1086185
1033632
1041374
1086694
1042948
1050097
1044016
1041546
1038517
1085814
1041174
1044345
1056018
1053460
1086322
1046095
1034959
1085337
279711
970590
1029500
981618
954032
985187
970589
970588
970440
978121
976774
278515
973618
256743
983068
1030477
224395
223767
1031011
964380
217306
141861
135569
123044
122381
127700
141632
131539
121417
115759
110191
137749
109741
114742
135368
141475
105957
105602
141420
131166
88948
86026
75648
89113
89603
88666
75721
89042
86080
86334
89489
88627
75945
89229
88792
88692
88647
86112
75828
75852
73112
73546
72918
75315
73200
73698
75451
73791
73990
73863
75084
73461
72979
74032
75231
73233
72866
75140
73326
73247
72804
66883
70780
71049
69303
64303
69218
70989
70975
70830
69348
64254
66909
66720
70716
66794
70950
69227
64365
68855
61576
61122
63849
61525
64145
62563
63932
60945
64089
60844
63972
61238
61021
62898
62780
64009
63794
62672
62452
63586
58854
56313
55001
57299
57414
57727
57421
56240
58914
58795
60815
56181
59723
55087
57651
58709
58959
54704
59803
58462
