1185514224
1163883229
1160438346
1164416650
1161749962
1160192382
1196367798
1196276692
1176543337
1161844911
1164521830
1176427446
1163817303
1184920992
1160326268
1160089591
1180500500
1164920775
1180175886
1164753313
1153600312
1157732555
1153065398
1156716334
1156484074
1122642372
1122462952
1155586987
1158566369
1153757016
1122921165
1122279304
1153174136
1159712021
1157663638
1158677171
1156615146
1159765113
1156294831
1155722419
1105436772
1103764959
1103115857
1102999243
1105531055
1118819390
1105621433
1102884814
1121525808
1119644745
1121444104
1119199494
1083863824
1083986533
1106023651
1105865880
1103970053
1119542265
1119015400
1122118382
1045232114
1058423258
1055414298
1037335885
1083727314
1079865539
1045013091
1060283420
1055991348
1039445333
1039134436
1059927394
1057874465
1055172050
1055697757
1039342429
1058180749
1060123156
1037477541
1054845593
1024337774
1031224605
1021002714
1033103207
1017123648
1031965197
1009935789
1017276252
1017001699
1033485949
1010071519
1031817024
1008127655
1024473488
1017388688
1020607944
1020516979
1031644438
1020812873
1009716275
980184309
965723598
1005442776
928950415
1001544010
1001664528
1007966069
965896274
924600412
902527281
982299160
1002109050
1001970386
1007583738
1007382437
982441753
1005330752
919526792
986485822
988470293
864040512
858416963
858327356
860176143
858373308
868756062
862323130
871928441
862382940
862484969
871499772
863626698
863386408
902081566
862268225
878490714
873243743
870325409
870232934
868808817
856182062
858257784
852527451
852365163
858033860
850679674
856242795
850639251
852422454
851696838
856292698
850725667
850529267
855575581
854183264
858126327
855326740
850583164
858182203
858305319
848750561
846917631
843304796
848858991
846984521
849975169
847043409
845908219
846832967
846019574
849874738
849333176
848789697
847026923
849917028
844231040
849271914
849435269
846716399
850469696
838385739
838018116
841541132
841576878
839409757
839039238
838323317
835552935
835432696
839357508
838168223
839530166
842429306
838102951
838968533
838249023
841323382
839466418
837529759
841399323
833833130
830317853
830069570
831524671
831452394
831667522
830362811
830281615
833785471
833616998
829984026
833656854
831359444
829936755
832308237
833897899
833571176
830120307
831564397
833354452
823366615
823901080
826205249
829329352
827875900
819828977
819468645
819722193
825853509
827954095
823595809
822019347
820492023
820407594
819479974
823402740
823320128
829204938
822087570
824002963
816813822
818093570
814363180
814192247
813720481
816896982
816031916
812272198
817947579
813921917
812031660
814009832
814287812
813861630
813782024
811934797
814064136
816749852
817858781
810759988
810657262
804228939
806911930
806573483
810347291
804192293
806358218
807206423
802912846
810155810
804093674
802996910
808386217
804519442
808276165
808045444
810043225
808070139
803064251
808191752
794575808
800853928
802086605
798453075
798007109
794381896
798074883
792531343
795991742
789764240
795930073
802750916
798544053
792577934
802228513
800345499
800054943
800282457
800442554
796026076
782069466
782026811
779648876
783741370
781617800
783548873
784465499
788076368
784543440
785964045
784248006
780019357
788001250
788047420
779546379
780129630
781545361
786115994
786033029
781986312
772770167
766522736
778720311
778672670
765016392
762988230
779399337
778740035
766465559
765067513
762919057
764002919
765310112
763307032
764796673
772668724
763877644
764733248
763419713
776413491
757377681
753645051
752577617
757279754
752246784
750937826
744478654
761249544
744222910
744185105
750845935
752485602
752374803
761617634
743104766
754935833
750378771
753749170
752167389
757332724
730863162
730754177
736916124
726060342
715913483
714774846
738163951
712947662
711123604
715990083
742762973
715027971
723340114
714483064
742950417
710832215
716790076
723452413
710866107
716882352
708829930
706699043
710727399
710092891
709113474
700486135
708885194
707037351
706228234
700365491
708937091
700170767
700417017
702208961
708277778
700303773
708793277
702111810
699669641
706950422
697569536
690611238
697396463
693136825
690447811
697255798
689751962
688519145
698534284
698329632
689575731
696561872
695562213
693331036
695395826
693422294
697515106
699542277
698398753
694475098
684609369
681058604
688343844
684992037
681236234
688446521
684670085
688389444
686472672
681268138
686922152
682706768
685095790
682653488
686661385
684706913
686624483
682591281
681380387
686557245
675201403
678873128
675001476
675123540
675486581
672909964
678949714
680985274
676758685
675157710
674546403
672215480
673163808
680793604
678823726
674639897
678785575
673109668
672293767
670342959
668666272
665986164
665684338
669755467
663750711
665930628
670225336
669718439
661061903
664046793
670297866
665047780
661863332
665197758
661192163
665865926
660908298
669798403
664072747
661803276
658968848
659936996
655667386
657697705
655622390
656955075
659037196
658901917
657526098
655480653
660856771
658592210
655308089
659007448
660000530
657754104
656167510
656098367
659085493
655708301
654241970
651272101
651138118
652590777
653241636
649530931
648683889
647911963
654453630
647169843
649232910
652746998
652505322
647498895
651219099
647852881
647692958
654586936
652984276
649600394
645403586
643910098
643323843
640071749
647074181
647050614
646260389
645635321
645866180
643973043
642294644
642133963
641974784
641232349
646362784
645478272
645772535
643197069
643125696
647109823
631758858
638541893
638795627
633225914
633146054
635149031
633075065
638623989
638707675
637561062
631942917
636833382
637629592
636675847
636535488
636721749
635066927
633291321
633095009
632956534
623247617
623346556
626396832
624647945
630079683
625021074
630205111
626470995
624765423
624274938
623214769
624677163
621983155
630002850
624594056
623282111
624915496
624315206
623307677
624817582
618815449
618560732
616870520
618699402
618743101
621732362
618645338
618598313
614717340
621854095
614976546
621692768
616984365
621504918
621653782
618921587
621798620
616944390
621283351
614659083
610469326
613753352
610527098
611242701
606462473
606391840
605266509
614361654
610639787
610586345
610552733
614272872
613635279
613608467
610656064
612682427
611301618
614455066
611134888
610617562
602180726
600207306
600634475
600442254
603822762
602107729
600137140
600494195
598946987
602007307
600802702
595636696
600867214
605075637
597214348
600926907
600380758
600098414
599986822
597107679
595488128
591814625
591599528
593085136
594733719
594680137
592879786
591089075
592695992
591258639
594783039
594069246
591198455
593144025
591041308
594774875
593954123
592948901
593017406
591674590
588412361
589629898
585631771
583726079
581187655
581107354
583635933
580586470
579982828
589660477
588473827
581147744
582891929
580823995
588350229
583318775
580655133
588193300
580506408
588167613
573296917
573244002
578467882
572539301
572708687
577242507
576319181
574961461
574359867
575187565
575332715
572395650
579843296
575009990
577079857
574122555
575272161
576861630
573462918
574236950
566948193
568776632
568346755
566123412
566871897
570983149
571065327
572287280
567512701
571269927
568280314
571249180
568965746
568913002
566170953
569326668
568877216
570209123
569461089
568813203
557806211
566001584
561550231
560941028
564885721
564781641
565972131
564943772
559458275
561417075
562898334
565629111
557846563
565568431
561666865
563925965
561451320
560196122
562940193
560876716
555735433
550228186
550268096
555638054
553024484
551389098
555185287
554879682
553067491
555103497
556647888
552982908
550463370
554033519
550514874
557642096
551424883
550308618
555812120
555248672
549662138
548733714
547667617
547756570
547415442
546471089
548985243
546434755
548779265
545045624
548700556
547629599
545950262
545847191
544979003
548950757
548758520
546353358
550063886
547790008
544473522
543504654
544602247
543204205
544350477
544553963
544573721
541754661
544794891
541790303
544662300
544284520
544903897
544849471
544519481
543046038
544440449
541840487
544622873
543444677
539191268
539307779
538829164
540614672
540380737
541719484
540533099
541581220
540284668
540255382
538922824
541649587
541607385
540444363
539257417
537730365
540307431
540504772
540470025
537707541
535925677
534927571
537684587
534844173
534742386
534896334
536103237
536495070
531771001
534869879
536524419
536470402
532997778
532939968
531749742
535834970
536434052
534816857
534687964
534635741
530146104
530190571
531624290
528486483
528593099
531679810
531722002
530276667
530328376
530118172
530071942
528438657
531562562
528538773
528335158
527944421
531418981
528301530
531347659
530219221
526550565
523759384
523723392
524150980
527150157
525494293
525456099
524157559
526427295
523805057
523787681
523710123
524138999
526491782
526437862
524119497
524179612
523734957
523747465
526339679
521126756
523595933
522488207
523697517
522207652
520959882
523669807
523652416
523609387
519403725
519450185
522620367
523632230
522366464
521234535
523682272
522674739
523619775
519367836
521181961
435610930
457728234
433897920
435690282
425075090
412869001
435755402
433836321
424959446
412989355
411778901
519307664
430486306
411683164
411600392
457649837
447003526
460193608
517682765
446937465
411515171
397886156
369855433
343645724
363641431
362472084
362370986
363554197
363712788
263615830
411425180
263591396
411442092
362397671
363620237
327192346
267826531
264360439
264323424
362524761
248795504
246934931
246148000
246109565
263346183
262312446
262580105
248687818
246198126
248741309
247006520
262411148
263297825
262438280
263470198
263494556
262281327
236743501
262561359
247043821
233100154
233133280
226282278
232391308
231657024
230717643
230864899
226329530
221535435
230753865
220770747
232580334
230791656
230910384
233283920
232542909
220896899
221509607
231700636
226204341
183393146
220733594
198870558
195381167
208959848
191706297
183297203
190266732
188926027
183312081
195821470
195326414
188895504
191675803
188951731
183317240
195847035
198894329
195874540
188844526
183252176
178190299
106639005
163237251
172031422
107605730
107481171
182557904
107459859
107302787
107278993
180910208
106549813
178234029
178270102
131009135
178123115
182506504
107259454
181005976
102621319
104414910
102410880
102442404
105794916
106517465
105125497
105855084
105102913
105227501
102642398
105159730
105869593
106539488
104502126
105200212
105085171
105737057
105204042
105704774
99852086
100217957
101914367
101858446
100633442
99821265
99289954
100596373
99463753
101689246
101135834
101304058
100615848
101891964
101285225
100590583
100163328
100651821
101288327
101925939
89938170
89810866
89784524
99269086
96453763
90968211
96219677
89846572
98376685
89036247
98463280
97964051
91244132
89903971
89065646
99043278
98342444
96408063
91288228
90986841
87187822
83620174
86629136
85055122
89003243
84305006
84995602
83552649
86659487
85708423
83504301
84336107
85693993
85690869
87083169
85005783
84189350
87024454
83448292
85782364
83421728
81730099
79996922
80035061
76823754
81793389
77078656
77259244
80730661
76785476
81761264
82263175
81842247
81369702
80726588
79455269
80018069
81775475
81815187
80894375
76739836
75747200
74663667
73360664
73765629
73394036
73329768
73426164
73048201
75771937
73306587
73565457
73138146
75143311
73843513
76768850
73806505
76752789
75122081
72830579
71072996
72563644
71175249
72664852
71772469
70261673
68369528
66811998
69860615
71280971
70287691
69514154
68577733
71740505
69841728
69177675
72558310
69169151
65981719
68457393
62675000
65659338
65967559
63053119
65683875
65953972
65075832
64090846
65147203
63073520
65636184
64769018
65280316
63027168
62997843
62705536
62654401
65216070
65916914
64782687
61313628
59618866
61023711
60077027
62225827
62260026
62512188
61037051
59907923
60467703
59919803
59386499
61007415
62195598
59973100
62518727
62164332
59345392
59639633
60827734
59207066
57057727
58352392
57321291
58562881
56510359
57512706
57973873
56857688
57765770
58457502
59318989
58844568
58371165
57531656
55936137
57840713
57318818
57305156
59238794
55778517
55567175
54085389
55635943
54772050
54368898
55789982
55388374
55377756
54792012
55613762
55406698
55237015
55616625
54647495
54807758
55457374
54067377
54597908
54621582
53947151
53138902
53151305
53990705
52596194
54052791
53534174
54018937
53215523
53960628
53561210
53510908
52780136
53586913
52621676
52924750
52580364
54007238
53663683
52609655
52027612
52559102
51859648
52258629
52121255
51820662
52302801
52242123
52184257
52164027
51835386
52277382
52536436
52086721
52314087
52428310
52144582
52035070
52216934
52105451
51511843
51500409
51257368
51483160
51678828
51272185
51361638
51524361
51535947
51288918
51248702
50926907
51385318
51241081
51637635
51780050
50897167
50992244
51702410
50883567
50636027
50054139
50607921
50645444
50564079
50319298
50038305
50074982
50068817
50582290
49491193
49476762
50593134
50045226
50618875
50586186
50333165
50574248
50060114
50329651
48490325
48465759
48791111
48473065
48767522
49449787
48772375
48443875
49403885
49410503
48439410
49461530
48503493
49424806
49079511
48722063
48714477
49459245
48761545
49098069
46305378
47877190
48221408
45300526
47887502
45726135
45290267
46018955
48236516
48156741
47862892
48192046
45994871
45279831
47844119
46290828
48206783
46024351
47886355
45873614
43439428
44783577
44822444
44377156
43476870
43463120
45272477
43473750
43845148
42195840
43452144
42141648
44702889
41954122
44291464
41946609
44847328
42134261
45048970
43970688
41937373
41411893
41765603
41193487
40566797
41917558
40575133
41656009
41911028
41189656
40341228
41199422
41422542
41428549
41418738
40587982
41227134
40596935
41654542
41903222
37929416
40334046
38193948
38241220
37735931
37705429
38206032
38196570
40304451
37919279
37911787
38435334
38209948
37936832
40322197
37952484
38478508
37724556
37713621
40299241
37423169
34917757
37448050
32627526
37685302
37435138
33757114
32640813
37409246
32655471
34946285
37691134
37471983
33761840
32450087
34006461
32601827
34930236
37669461
34925433
32355822
32099307
32090471
31885964
31903765
32123170
32146229
32387707
32422491
32060471
31899255
32070290
32406591
32376372
32113920
31879521
32342771
32156792
32079492
32379278
31639390
31651117
31613952
31601205
30761891
31668623
31659633
30714526
29941381
30749155
30699809
31841645
30739035
29934380
31828895
30667033
31851051
30686276
30675164
29927916
29536745
29701056
28538626
28479952
29672812
29530427
28824791
29690743
28816033
29807776
29695615
29797233
29704837
29734358
29667240
28530072
29336194
29742866
28673089
29787046
27936138
27871031
27918626
27949253
27879397
28245692
28124263
27953594
28279791
27908781
27721633
27942307
27886516
28114667
28302558
28288210
28253252
27807541
27927677
27958631
27254316
27696528
27205828
26783753
26502672
27710708
26656709
27075337
26481926
26510428
26775369
26471185
26695126
27012271
27038733
27024136
26704138
27231493
26683803
26603176
25869811
25701818
25774367
26000864
25713503
25677623
25725432
26364681
25788864
26105379
26097353
25782664
25683325
26112715
25845314
26358264
25863266
25993026
25708345
26087809
24662374
24760579
24862011
25496056
25559615
25382961
25378128
25661311
25502115
25513532
25508607
24754675
25491696
25566551
25302942
25378823
25376222
24853830
25308649
24747801
24228368
24136556
23869350
24625438
24633566
23874945
23756042
24642104
24125415
23745542
24237693
23863756
24421064
23672559
24295591
24015749
24288521
23492265
23661274
23945332
23271645
22662681
22872967
22862970
22439930
23474881
23468434
23452102
22695613
22329738
22316570
22212274
22499931
22230722
22204324
22176402
22322146
22327225
22222937
22341013
21773093
22150300
22132503
21819504
21832329
21676666
21973652
21778421
21682598
21792083
21759192
21692978
21967480
21932670
21952709
22143398
21962154
21809045
22028814
21783940
21000473
21289842
21623616
21469939
21284761
21459274
21610197
21175400
21637126
21263712
21180112
21184291
21140315
21630683
21616034
20994996
21453390
21446961
21293079
21143804
20309443
20964646
20171220
20184538
20982981
20973304
20959960
20989266
20928955
20856854
20343818
20327400
20978741
20180319
20951773
20380019
20935817
20337993
20313523
20323465
20115443
20122434
19939845
20107280
20089399
20093549
20033884
20039613
19931378
20162191
19801787
20051623
20166914
19952223
19877008
19924720
19947642
19869520
19798397
19639725
19243571
18881092
18868645
19248897
19328292
18900221
18796186
19230115
19561562
19469499
19343332
18887704
19486956
19239357
18875745
19495632
19491158
19434743
19339174
19462025
17586493
17588604
17180512
17178254
18172668
18783301
18790176
18702900
17843146
17184105
18443277
18010240
18113320
18007044
17188221
18710224
17906364
17910551
17353446
18119249
17057902
16505479
16656301
16519327
16735824
16581887
16407477
16944685
16515957
16403958
16508609
17045135
16711131
17051911
17047955
16512749
16941083
16742442
16413838
16391117
16388339
16328851
16204032
16321473
16221118
16134484
16334040
16124686
16384227
16130392
16295654
16278451
16200277
16339808
16282404
16213664
16381220
16292304
16142545
16287545
15770484
16087755
15782251
16074790
16101998
15776497
16003960
16024524
16017018
15810775
16094482
16118193
16081319
16032389
15974120
15824585
16027777
15803434
15817848
15781310
15432299
15699504
15718701
15692729
15439772
15673511
15710185
15723576
15553023
15763343
15759054
15556276
15435833
15428257
15423318
15418927
15732860
15414630
15703520
15688527
14908250
15405069
14870140
15273881
15388427
15192028
15260197
14814736
14864376
15282620
14861415
14821602
15411240
15269743
15407597
15264463
15184745
15384766
15391795
15249808
14494243
14780145
14700187
14727567
14267551
14512809
14272992
14736149
14250492
14261315
14347606
14339860
14770769
14343000
14264227
14050926
14774514
14335613
14709117
14258498
13504538
13843815
13535854
13456558
13340525
13340762
14026648
13985896
13462614
13451877
13527570
13366031
13346333
14035094
13978875
13893286
13657730
14042927
13446842
13353367
13171930
13151826
13013578
13333436
12994476
12867061
12906933
12855738
13178719
13006522
13161662
12851072
13127588
12841809
13192851
13197653
13133436
12876226
13023069
13257350
12703354
12693897
12794631
12714505
12823635
12818327
12543217
12688074
12790305
12513249
12490343
12478723
12831788
12798630
12720061
12783031
12709271
12484065
12503548
12524190
12187952
12178173
12141280
12130291
11077621
11050663
11068618
10925543
10918979
12452412
12118984
12196465
12363922
12107141
12469964
12353711
11348711
11339755
12318039
12099445
10571728
10780296
10788307
10686569
10662249
10460082
10910928
10772867
10453816
10448350
10831660
10650438
10793277
10679780
10427115
10577592
10422848
10786501
10703066
10674485
10302440
10309681
10327953
9897355
10267902
10272889
10013960
10020068
9933446
10138388
9911691
9901452
10280685
10277726
9928550
9905001
10322333
10286702
9785710
9893694
9536623
9393991
9695744
9403899
9562423
9398461
9666286
9708817
9675508
9725803
9671777
9384458
9540827
9702343
9782575
9569999
9544221
9532195
9661922
9388849
9163260
9010732
8800837
9019621
9375509
9362420
8939420
8904700
9014633
8928725
9046855
9367726
8933388
8898754
9153720
8779292
8944308
8887299
8890253
9050774
8520212
8713663
8275878
8272242
8659297
8703669
8699434
8383722
8191257
8512526
8688525
8528512
8648059
8523406
8707576
8516780
8452452
8258142
8252233
8673396
8102525
8094336
8077948
8100171
8092366
8018883
8182106
8069326
8135648
8141563
8062950
8021391
8105092
8184704
8098614
8116035
8096626
8120088
8124847
8187993
7653628
7937459
8009252
8015769
7788045
7933805
7664197
7593551
7940402
7693581
7552612
7684389
8014422
8012419
7898653
7680259
7657993
7830795
7795806
7655621
7363018
7521396
7311435
7290792
7394237
7528025
7518671
7295164
7346024
7534715
7298676
7538906
7543189
7479487
7387473
7549728
7367578
7371256
7379725
7349903
7175651
7017499
6980447
6645834
6985593
7044509
7213942
7018837
6572897
7055062
6938103
6570022
6948259
7041000
7022545
6578062
7031488
6945145
6954812
6951805
6423051
6395888
6563918
6282096
6437071
6441700
6290806
6364162
6424887
6300050
6559888
6433500
6304294
6352220
6368309
6371694
6566041
6399586
6354512
6278258
6043533
6275781
6193769
5925275
5921947
6030932
6048063
5987387
6273606
5953634
6201088
6050229
5984874
5949907
5930401
6124359
6159581
6127880
6197733
5982764
5795882
5769470
5674104
5802546
5682996
5681514
5813687
5678348
5857479
5776515
5789463
5792884
5780777
5853380
5920579
5851447
5849407
5807100
5816250
5773856
5438311
5571066
5494229
5485235
5488039
5596251
5574609
5671377
5510361
5506666
5602402
5583413
5502558
5436060
5568274
5521256
5587147
5580771
5550937
5440895
5383618
5363172
5427720
5306660
5301469
5349115
5303660
5365935
5430404
5252917
5309264
5389462
5386394
5358181
5369064
5428172
5257103
5360178
5433465
5250123
5227249
5151323
5173888
5176922
5082062
5145054
5085745
5179904
5191202
5221974
5080442
5042069
5153708
5084101
5046538
5155309
5157105
5224663
5078090
5149529
4779933
5032712
4987192
4770918
4767406
4763613
4975616
4992439
4851089
4978566
4927799
4784891
5037475
4699882
4847423
4844183
4840764
4799071
4836895
5034896
4678565
4632033
4545166
4558119
4539193
4697473
4324394
4541659
4681835
4412591
4327570
4547858
4691976
4688789
4686065
4561361
4325067
4272297
4275964
4675818
4059956
4169384
4058045
3882797
4174346
4157468
3916308
4145049
4170226
4252008
4162602
3892947
3894280
4253234
4078156
3898684
3912595
3885902
4257643
4251132
3552477
3531047
3676398
3684858
3528628
3533397
3838257
3682479
3548099
3819329
3840645
3654917
3585049
3582341
3580015
3537934
3688497
3581224
3824730
3583526
3526495
3154171
3524363
3436573
3527797
3191044
3427694
3196432
3301375
3189095
3417605
3157442
3154983
3295282
3147204
3425671
3298478
3429507
3199379
3293167
3027921
3144030
3006184
3119540
2976473
2968445
3098564
3003537
3096002
3001231
3027105
2971750
3123769
2974037
3082895
3125259
3030932
3121585
3081722
3141926
2918878
2893259
2873874
2865043
2899355
2954196
2889867
2953545
2953619
2897227
2905024
2953467
2951408
2947538
2866689
2871899
2863780
2957140
2951544
2860538
2796691
2663289
2794028
2802524
2645163
2692203
2665870
2695874
2845201
2806277
2808775
2796132
2694859
2648448
2645822
2847173
2697829
2701215
2657934
2798850
2632667
2593977
2586654
2584839
2579692
2609000
2563115
2639707
2560998
2640618
2589749
2591105
2507438
2593187
2511156
2559283
2641815
2595117
2610421
2637719
2337422
1808390
2403069
2402284
2487307
2339637
2317662
2405588
2319782
1743245
1745317
1748690
2495430
1734174
2504004
2498614
1795585
1793513
1810198
1732415
1680277
1679071
1554479
1637469
1601358
1598076
1558590
1550532
1732294
1732142
1677540
1592721
1605265
1622594
1598314
1603286
1635345
1679609
1639900
1592436
1206326
1441776
1269764
1197868
1371316
1147513
1380893
1358407
1436082
1444594
1377666
1284733
1440492
1281114
1428106
1548862
1291018
1288052
1275695
1202962
1144412
1039232
1099879
317238
1145379
1095868
316371
284362
203941
731966
1142063
314959
285847
1102148
313504
286482
284585
201353
285547
1097838
155319
151021
135667
191093
132167
126510
191905
159822
154957
126682
150457
135840
128470
188437
199968
201304
126087
132082
126299
159430
103017
102826
91883
104693
123021
104768
122968
91944
102982
104781
102722
102748
102623
107783
102809
115198
109971
102743
102659
115586
