948048713
944494255
947897928
945287029
947627225
946356860
944606776
946191808
945393589
947796565
948132842
945346841
946459252
944366879
946281932
948239126
947702482
944235174
943742112
947567790
939176216
937468911
939963219
943196845
941213079
940083566
941997143
939457304
939377350
941110406
942411939
939603812
943246541
940171509
937674453
942555463
937338203
937239794
939762055
937563224
935574877
934689472
936570468
934607288
937066524
935360724
935918285
935745513
934506603
936438580
935958971
935828780
935229541
935003150
934919421
936721280
935873117
935463185
935664920
935102670
933043893
933829280
931558465
930804179
933764204
931845894
931112727
933637964
929845244
933304298
933526683
933896786
932487793
932533797
930696336
929776705
931418194
931286454
931769407
933141183
929139792
924377994
928487187
922769430
929677442
927813751
928559633
927710109
927611146
926147009
925512773
928655519
929335833
927905082
928105920
925446462
925367884
925261799
922518894
928028963
914727961
918179911
918108791
921391619
914778245
914815382
909404244
914890103
909245602
914939411
919852425
918022660
917851320
915109430
909144823
922387629
905950099
915009133
915185391
904125310
893271237
898548367
890728050
891153531
889188613
902261208
898628595
900220195
893477432
893379882
903975641
890998746
900161740
890680810
903904754
893565281
902179033
900348352
891070338
900474424
888838890
888681826
869257161
888750722
870464939
867637608
869381219
888585339
867153296
884612407
867074633
888537931
889076364
871004051
869318321
884263511
869509262
884529272
884477823
867575554
866682462
865371452
862574945
866601760
866431061
864339978
864878059
865036250
864791364
863160823
866482965
866549493
866759724
866872498
862646262
864404034
866298406
865280425
864302794
862738647
858952612
859126105
860738124
860614112
862467694
859199858
858871338
859595492
860896846
862336089
860664898
862392162
860510050
862261904
862302167
860575769
859056276
860793828
862225156
859510102
858418923
858631230
858588343
856660680
858713067
858463834
857080081
856860869
858560432
858661987
858767926
857266685
857198481
856956246
856914237
856799823
857144383
856731204
858509494
856696763
855045014
854814137
856525750
853410283
853252939
854983154
854889573
853093800
856581606
856611236
855176260
854931427
855366544
856555998
855296664
854838270
855374304
856478963
855082640
853173497
850889451
851107710
852984033
851049549
851030823
852830566
852803075
852753974
852690343
852476390
850921709
852953657
852860956
850971054
852730165
852594913
852527963
852900634
851232221
850850180
850401547
850748412
848377605
847926752
848166590
848576479
847805006
848245229
848006006
848641815
850352451
848699529
848748674
850790576
850817670
850689751
848807270
850514327
850626621
847870406
844505928
846497526
846739179
845142919
845080289
846924003
846605842
844887404
844737649
844487933
846784140
846852938
845037857
844949746
844619413
844803164
844685946
846294174
846376940
844995952
844304049
842925087
841154692
840953849
840624575
842390015
841296766
841220212
843085349
843186460
842761435
840776543
842472764
843033369
843174994
842965079
842700531
844076766
840707408
844226445
836633965
836954600
836748673
835391320
835579619
836285658
838676151
838484256
837081193
836412293
836562754
835625767
836497123
835516782
839070107
835450209
838758794
838861087
838558242
836845362
832839996
831141509
831363361
831078865
833195194
831444932
833141641
832952445
832754482
834968941
831268642
835257029
834819796
833041541
831567845
833292749
834710320
835311849
834890802
833407974
829867762
827709740
827509478
830100773
827396482
829762951
829463675
829235323
827585891
830936092
830161306
828011274
829071636
827930254
829938626
829370388
829292215
829151069
827854461
830045120
824021309
821806041
824132467
825703712
827224503
821733539
824293413
823971750
823851792
827079957
823773785
825806393
825617307
825557571
825359834
827284625
827341656
825426337
824237397
825280536
817973288
818144839
816244789
819304290
816125896
819467991
818024997
815972723
821662665
815849258
817916518
818229615
818086031
819557367
816311454
819351358
818438626
815902134
819270316
816056246
815681936
814316118
814245282
813992645
813621990
813811068
814149860
815776120
814194645
815454986
815706220
814467633
814406376
813900889
815531002
815579796
815445368
813674442
814053306
813721922
806256916
812827850
813050990
805235840
813581473
811972503
812977636
812670811
811499753
811566315
806197579
811605584
812602354
804500202
803409839
811687842
803486318
811534326
804538298
812744450
799402797
797572715
801586115
801299419
799289202
797492411
803349810
801502317
799104900
801217539
799700143
799530224
801415657
799215526
801741569
801685626
799475253
801641276
799573268
797633976
797064630
793608021
793419391
797363401
795261369
793295030
794990518
792861129
795604285
797115655
793124128
792948801
797295448
795399764
793554360
795783237
794875630
793359980
797210930
795467140
777107501
777815666
777742693
790715008
775830335
790887586
782650943
782560938
777628498
787267211
791000234
786960176
775936820
777491252
792729535
777924430
783028797
789215227
786828976
777204782
772670171
769933272
768544685
770304808
772269489
775736132
771941126
775453934
773796631
774045113
770205253
769840076
773932447
772081957
775662265
773740529
771827813
770419478
775364191
775531318
768443875
766765390
764734371
762562709
764477415
760253970
764324316
765096594
760366080
766859604
764517895
760444021
766700288
760315103
764416094
766917217
764286144
764797698
767115408
764615962
758536616
756792736
758062204
759989838
756749094
756707408
756656089
752316091
758343524
757860823
757948695
756594818
752241666
760156403
758466545
758190040
760079325
757773861
757662719
758400256
746910238
752016123
748796465
745053386
749087657
751576056
746102164
752094391
745126105
751648331
751789930
747084093
746803107
748887012
747142337
747015970
748741588
745277301
744699584
745205755
739640128
740557737
741250319
743029270
741344633
742703101
744627153
744410184
740845347
744295074
740651748
742587444
739564878
741067640
742844733
744506846
740943931
739492987
744238187
742753513
735232636
737389433
738883534
738822115
738767711
735980383
735802636
737470927
735464997
737790435
737060531
736963593
735892045
739420229
737923156
737865094
738959594
739173923
737711181
739345694
734913588
735076506
728863580
734803970
733207298
735107493
733701774
733549134
733873928
733323832
733444625
734016952
734083646
730697685
733782975
733934641
732408873
731215681
731102063
728977764
716803732
715341943
724948044
717164512
727236076
727991343
728028036
724861036
727949770
716915094
724722350
716718864
717020268
717313271
717090340
728061388
727173383
722977142
715417922
728128288
714835804
712962353
711189042
712000220
714900758
711126915
715172281
714497034
713173248
710866425
710744937
710673961
710975427
709928387
715081679
714954864
714545402
715264119
711047511
710926197
708181479
709360834
709080972
707632095
707821863
707376135
705296692
709738739
705389861
709233961
709166809
707256214
709636662
709541731
707762410
707541018
707465001
707931690
705518445
709827561
702903587
701479187
702706128
702745153
703797929
704037600
701402790
703025959
702776276
702862269
705079953
704843162
703066979
703418630
705154117
703335033
705233217
704777232
703154713
702949262
700743662
700714023
700844018
699480871
696915017
700992199
699377557
696878232
700899162
699199756
696799295
701253794
699533663
701084831
700872367
699163107
696852280
701176098
701037580
700629016
693528819
693791865
694766612
693690099
696346640
696564438
690920646
693442685
691468220
694705458
694321825
693990087
693623702
696769708
696237493
696729957
696101968
693898822
696636121
694426976
690829346
690753247
687531016
690635078
690186433
690091489
690386200
688099411
687973353
687937963
687904519
687826790
688021127
687634332
686200399
690252441
687728525
688073925
690019179
687444129
686077670
685328913
685207697
684111260
683693418
684170980
684238120
685449212
683974799
686167742
686028914
685760428
685948593
685115174
685594251
686130148
683871429
684043168
685869352
685529674
680414923
682253750
683296883
682367695
682031772
681737440
680558024
679825018
682309482
680346261
683598428
681892037
682420102
681565718
681633569
680169820
680268919
680035238
679939621
683503539
678383031
679579306
678281338
676352547
678225994
677965876
679648175
676195319
677467197
678435699
679756648
678516821
677604843
678603796
676291735
677806271
678100644
676545579
676419303
677704609
672810223
674381494
675746367
674159862
675203510
674437841
674634100
674038577
674563825
675655343
675996657
675514893
675440907
675844526
675586361
674278328
673877003
675894343
675352749
675263563
672139908
671168546
670826758
671877708
670323844
672282573
672210106
671095365
670959543
670422124
672346967
671922082
672005702
671817851
672084340
670699809
671031498
672734704
672587128
672492839
669075613
668594071
668403944
667309968
668674758
667222885
667378863
670186663
669199700
666703128
667707082
668443386
668806697
669286666
670253986
668722451
668551345
668903803
669167692
669043208
663764044
660701369
663119584
663668890
665105406
662743743
665728867
665657896
661696666
666645590
661392321
661222182
660749206
665467525
661767598
661148127
665573644
663564931
661301744
661044914
659653065
658226703
660676985
658404622
659476673
659733554
658521277
660619038
658341424
659316313
659246944
659169345
658500579
658444718
659816714
659556612
658944051
659115084
658277637
658995763
658145404
657379253
655991495
657538826
655827898
656110438
657347523
657957081
657758056
657680605
657413468
657461846
656190697
658096831
657585209
658025324
656507183
656042496
655886498
657272580
651789314
652083233
651601725
652382622
653787231
652018205
653733748
651903289
652510992
652208094
651640916
652261133
651570700
651953998
653960952
653870751
651687440
651731642
652317492
651862463
650019781
649159850
650287941
648554204
648603288
650504692
650414049
649979636
648662941
648768308
648426524
648476009
648949830
651540806
649246047
649041422
649948581
650074027
649933922
650178580
646737107
646716615
646974871
647206655
644452678
645399329
644360650
646856640
647012868
645718325
645478607
646764480
645526352
645444649
646829091
646694653
645790019
647256666
645656266
646905928
643954218
643842968
643662242
643702008
633213579
643996471
633132474
632875213
643745101
632805205
632910926
643891105
643785003
632931204
632819104
644161179
644039507
644097219
632860829
632951748
627523717
630624682
629049214
631433902
628581794
629128066
631131270
628412559
630696587
629225730
629321346
631068043
631192070
631007631
630897802
631219487
629353686
631247766
630781946
629294160
627470237
627494545
627424847
626610207
625904637
625664771
625594019
625826872
625507675
626748413
625414986
626557080
627174948
627130083
626843573
625754268
625938370
627368923
625855950
625787479
624103741
624394312
623782690
623578029
624260961
624226311
624365042
624331867
624147015
623433601
622312152
625186272
621992337
622154693
623665899
624463684
622069929
621786429
625337902
624432037
620314833
620240832
620162584
620103700
620070918
620268603
621602774
620215515
621750922
620297631
620188176
620137974
620047772
620345325
620113311
620734040
619991309
621688881
620017929
621655146
617783539
619959583
618360358
618320284
618281025
616301619
617968456
616046551
618233307
616578026
616529284
618059083
619890527
617522749
616505426
616437092
615874130
616123940
617621395
617702389
613511270
614906054
614943117
613539349
613493938
614547459
614269917
614810942
613553907
615726783
613388574
614623048
614433391
613602588
613578664
614494695
614382994
615783987
613325837
614962658
612585556
611540842
612794879
612732728
613164820
612954919
611827037
613022278
611373599
611926306
611876601
613107856
611639829
611301627
611990495
611960482
611716379
612546187
611750099
612635112
611260780
610878943
609370324
609057368
610852805
609225506
610077722
609138146
611159382
609203546
609162752
610817663
611102236
609349127
609414818
609994919
609919196
609140666
609095564
609180421
602185879
602040081
604643270
603238731
603534753
602119898
604552118
607133957
607035002
599682878
609029346
604712192
603467814
603394586
603321842
604499137
602414689
605018369
604781992
602346136
597789770
599300690
598899527
598187363
597703104
598964017
599242602
598046429
598860942
599611018
599559757
597943916
596599121
596553391
599348334
599030757
598084252
599646387
598246203
597867500
593195260
594920597
596429409
594591514
594681350
594357569
594739578
595873525
596373414
596323568
596233758
594806910
596465289
594409364
593301798
595955574
594864656
593167159
593257499
594848553
591986403
592534418
591889620
592433175
592038841
591156154
591025338
592383015
592020262
591996073
593125729
591285578
591923992
591113755
591949667
592677144
592474108
592330509
591863446
591062276
589202231
590864642
589351932
589280182
591003170
589629463
589237874
589746948
589404953
589298655
589673713
590813793
590965977
589502691
589590642
589437179
589317638
589469075
590841996
590937958
589052226
584271006
588896478
584282447
589169856
589115529
587650919
587568431
587398885
584240943
587721715
588971058
588827491
588428417
584383557
588649498
588512942
587316409
584345117
584307577
582356293
582247155
580727201
582539751
580875151
580801664
582522069
582457377
582486224
582432277
582409552
580981498
580930857
580951549
581014680
580910279
584204544
582571211
581046809
584148914
578367796
576434333
576912494
579165197
579111699
576386023
576341737
578480871
578616397
579376601
580584580
579341808
579272113
576470075
578422042
579217643
579307602
576867931
579066662
580665402
574756125
575652596
574704650
575822534
576144013
574729226
575903871
568118791
568071829
567656266
575967679
576280269
575463488
576233553
575720858
573623441
576072771
574656864
575585491
575408174
566512850
566582600
566408579
566250953
566141410
566280673
566799318
566670327
566081149
566058607
566936415
566184987
566451336
567608557
567561101
566326668
566226086
566869373
567365023
566393848
562608082
564721869
566031914
564616155
562978217
562660223
561611126
564451890
564657848
562639400
562804873
565279936
562693067
565422923
564494800
561574855
565345084
564793788
565219885
566015420
558907274
558786835
559015995
560098757
559488950
558949220
558874064
559010794
561356736
561295521
560706781
561251815
558972963
560228851
560509477
560147551
561314382
559559278
559430753
561393103
555654325
557356576
555736287
555913677
557644400
557584541
557318266
555834249
557498408
558742848
558722232
556797323
555603382
557554777
557520238
555631477
557479648
557407032
557432134
555966632
555497583
555048510
552860861
553023083
555175948
552830723
555486200
554631905
552778246
552739286
554793059
554722410
554878853
552884697
553151690
554677561
553061435
553100891
552804983
555570696
549919407
552707220
550222400
552489646
551266274
552606482
550265260
550065061
551163617
549955589
551202976
550040731
551240493
550115336
550143149
549934292
550083931
551293991
552449322
550299719
542907997
542871747
549841624
547031103
546400105
544742302
546867912
544796906
546343692
549890282
541906729
548633451
541951691
546463739
542924697
548704036
549809482
548662993
547094191
546924880
536079185
537674751
536291196
541854271
539235224
539198167
538893861
537218449
537150793
536321274
536255569
537692710
539310196
541868316
541814655
539277495
538940714
538874243
537080966
537714882
531456603
529936484
532466346
531627529
528195691
531619127
529868126
529895306
532526005
532334959
536011838
534764244
531691954
534190973
532388800
531547853
534706852
529824500
532276604
529916113
526322016
528018010
528134127
526095237
525002606
526789087
524657456
528113222
527647301
526206074
526738830
526677549
524956633
526150740
526027626
528070252
527694676
525868296
528063527
527767952
522474299
522329604
520711046
520137825
521829335
520023427
519358887
524568189
522123131
520569440
520506827
521650537
520271035
520065673
519303522
522655035
520447315
522230933
519938922
521932361
519007036
517693776
518652139
518011939
517840371
517796483
519080841
519167965
517621041
517891932
515784045
515742960
515706162
517861839
517935802
515641445
515578886
515511982
519222718
518609782
510782860
510997803
515064253
514330881
514183633
512497447
512341309
512560373
515470480
514230445
512382187
512631730
515145065
514290667
515317951
515244157
514093810
514012369
512823479
510895089
506194588
506691919
510161374
510314362
510534014
508048525
508432512
506005760
505923033
505896133
510686610
510621437
510544307
505946819
506380753
510449963
508166928
506072792
505976086
506038794
501834366
501595052
505107649
505802934
505766756
502252040
502290359
502362554
502420276
502058083
504487803
505836620
501675446
502037917
501669969
505726723
505361902
502275999
502227853
505410551
498198035
498459299
500261979
500202449
500129713
501259512
501010315
498285733
500895304
500053907
500849435
498386163
501121250
498153118
500952707
498087766
501448918
498612947
501519018
501187205
495427681
495358415
494989611
494822632
497966091
496999940
494919713
498013480
496574262
497911979
496687832
496850827
497061625
496940529
495503696
498041681
498004449
497865696
496977888
495467200
494482872
493056524
493459442
491896766
494500979
493326521
493342566
494537789
494768092
491693123
494313459
493214212
494648030
491774908
493555143
494431807
494383846
493660964
491983099
494355448
487523193
487813860
489263113
487686462
487480430
487528614
488968287
489083050
488999644
489222817
491602833
491571138
489323262
491472576
488842447
487786469
487649221
488885428
489033682
487596712
481466928
483200413
483499930
483634884
481576680
483115782
483051845
486589338
483367515
483244247
481654135
483573586
483582535
486604725
481592111
481492577
481495456
483077022
481520439
486657379
475879250
481399824
477467886
477391929
476092723
481424827
476014639
481370730
477396645
477142277
481403319
477317827
476109382
476006944
475957111
476141466
477423572
477362253
476056377
481441261
470425449
471662599
470331336
470406127
472778759
471685060
470374949
472537676
473063108
472717600
471610532
471339288
472889388
470354926
471553287
472769136
471710499
475812728
472840443
470277630
469922719
468888450
470001224
469875611
469993516
469058821
470144305
469957866
468988394
468810145
470225419
470189355
470087017
469128052
469158749
469097082
468625884
468754717
467875133
467814446
465180945
467508365
467331411
467247545
466644700
467636660
465221293
467406926
465138019
466395925
466250830
466156731
467180555
466309051
465080331
467778273
466384134
466474706
466081537
466332616
460811761
465039865
464518784
459082231
464982774
464654715
465025323
464866873
460561964
459313241
458997159
460716261
460764618
460476953
459161626
460660257
460604151
464584978
464931322
458244244
457573981
456679294
456374895
457624253
457928919
457789358
456275065
456179112
457862965
456718833
458197358
458089030
457673789
456433552
458146475
457526118
456225660
458026553
456518715
456624896
454970974
454586292
453222859
455664648
456009443
455912489
455842526
455817025
454910361
453172193
454847102
455704343
455631398
455723209
454774551
454964237
455880213
456124670
454657863
453287652
444328575
444370562
453125130
452726729
445598336
444350091
452666648
445835888
445526252
445220828
445915915
452882216
445854214
452799541
453020692
445751502
445431958
445843423
445210216
445095785
442429819
443685213
444065687
444223509
444148225
443562050
442305375
440914259
440140064
442233552
442700557
442660945
442372535
444279904
442578001
442512344
443624421
443460415
443750269
443381320
440083398
439744697
438301478
437426321
439680096
438522030
438433487
438361723
438244875
439994855
438721856
439865872
439580843
437480337
440038849
438791284
438655334
438590891
439919608
439629041
435553644
435749634
435881941
437240055
437090937
436049188
435666964
436899694
436002586
435613569
436796007
435950963
437366093
436985277
436840522
437303562
436105684
435891361
437145619
435830756
435305136
434301852
432754137
434459459
433767818
432526943
432464013
433986995
432581757
432628477
432375316
432284905
433875824
434177122
434365428
434079247
432793399
434412970
434236059
432696452
429888573
431292299
429836650
431087512
431138205
430933507
431980767
432158654
431020898
430855433
430666315
429734310
431852229
430503996
430413358
429930474
429786827
430781364
432054631
431194368
429593200
427048611
429646918
429148582
427653015
429412527
426904592
426837108
427687938
429075952
429682265
428217948
428007744
426991348
427795602
429014247
429260344
428055422
428119033
427091475
426664850
426368630
426253989
425913420
424536426
426732223
424874372
426821694
426029185
426142630
426445317
425298566
426089257
424560909
424430106
425126011
425961723
425231501
425050809
424960229
424086418
422407953
422305935
418651475
420007536
419697519
419639013
418646205
418004619
418703665
419924424
420306269
419845355
420233858
421923915
417940305
418778051
422190201
418073292
419782821
412056367
410284830
417864021
417705087
411418237
413849109
410412105
412099039
411331901
411691730
411531685
411370565
411001353
417789611
417642673
410204906
416318968
411475483
415175354
410651449
408978038
410118191
409076030
408170273
410097416
408045953
410137157
409133779
409102985
410173401
409006912
409206649
409543988
409490422
408231079
409452932
409456995
408202787
408922040
410069466
407000431
408024395
406978916
407080450
407969146
406880102
405472003
407052210
405659816
408001982
405593995
405913170
405329301
406855072
405546354
405521358
405444677
407122355
407975899
405497652
399718101
399706677
399633861
399604576
403098611
399742972
400593447
402906278
403047055
400668476
402870213
403065831
403151230
403020735
400633552
403084153
402833127
399675953
399762569
400705964
397595913
399361262
398527084
399196001
399516633
396978130
398204012
397068688
399559600
399467680
398023249
399405456
398387934
397922751
398285420
397108994
397016153
399268138
397673974
398612894
395695961
395620800
395501227
395173198
396841247
394794669
396548289
395648443
393884875
396730206
396648542
395382008
394945721
393779127
395268262
393826943
393657326
393717099
395440793
395315871
392727673
390504038
389286987
390545458
389239565
389100100
392652155
390610792
389165719
393546555
389310968
390427125
389181238
392569189
393503830
390370798
392880329
392780825
393075845
390317810
387189489
388879419
385187862
384824793
385236017
388356409
388843785
389013619
388941427
385100232
387092716
387003288
389059786
389023912
388682166
386929346
387297677
386048275
385977662
388454168
383284653
382152222
383227175
382219409
384421680
384144711
384801657
384330132
384274937
383336991
384621399
382214475
382933165
383071388
382329798
382078827
384519994
383154568
384266635
383580147
380506722
381928331
381196797
380720457
380676696
380891862
382028807
380997980
380535232
380094429
381245955
381748505
380642569
381702311
381824335
381849146
380717516
381958065
380215777
380172933
377170890
378714768
376103639
378663219
376228977
377313699
378722361
378796331
379024247
379726842
380030056
379644973
379544730
378593759
379150355
377209098
378471791
377618191
379582875
378530097
375310756
373701793
373443449
375840706
375626170
373433883
374517806
373319786
373085295
373520267
374217556
375716624
374280259
373805916
373732589
373738378
373387001
374465451
375361824
373278383
370858449
369965549
371754770
372071528
369409827
370949523
371922499
370558505
371817205
369917474
372493268
372497692
371850087
370055616
371955056
372418651
370531743
369654299
371962717
369719159
368299617
369306271
367776130
365471087
364559692
366549825
365800755
368783742
368732178
364511729
365616721
369344454
367735068
369263897
365300029
368369353
365421690
367848254
366479261
365382032
363021317
361801756
364166466
361871761
361683233
361738892
364195218
362937542
360501161
363111939
360666482
360577648
363073841
364328908
364379677
361659876
362882534
361830261
360850656
362901712
357567097
356557580
355970739
357534610
357372490
355905177
358866915
356299555
356260404
359218685
357464891
358828812
359275678
357508708
356992701
355270810
357313621
357261890
357413356
356931013
353340330
352834764
354044851
354112628
353078925
353541736
354633189
353737926
354004237
353648944
355229304
355103562
355163914
353876371
355031715
352873937
353096720
354966719
353846260
353943194
352794031
352197213
351540680
350746270
349692801
352650352
350673921
352130652
349583919
351375123
349792405
351417581
349440996
352719741
352590925
352264942
349843306
352437807
351331105
352511177
344826201
344729574
348748485
344073412
345415377
349184797
349136807
345115596
343423898
344772832
346684167
348254235
343894551
346646739
345045194
343947788
348621726
344114453
348706002
344021556
339193870
339149695
339007560
343348990
343122065
341300793
343214822
339223566
339655039
341575666
339697432
339051213
341546682
341354355
341488191
340126060
340056022
339550338
340255571
339308893
337519551
336241359
336283806
336532613
337572561
338635147
336140470
337966507
337722978
338078003
337635167
337486928
336090042
336118813
336443309
338694604
336385445
337901731
336210158
336195867
328153667
336064356
335196986
334755363
329155003
334713726
330312936
327887001
336006217
334665927
327811407
334555690
327778774
328492099
334610115
333103509
335130138
330357224
327878741
329168116
325929649
324692294
324118532
327745869
324460281
326040874
326107210
324838599
323379599
326976615
326033433
325468656
325849638
326911272
325598119
323656945
323604433
327032124
323585511
324761588
316650917
322490076
318054221
318728951
316927869
318144346
317986453
318856567
318069627
323092448
318910140
321125897
322441028
323138618
322042773
321314715
321243407
316819681
321448769
318182156
313088696
309369550
311867247
316162670
311830755
316439881
315782695
315221070
316124766
315070441
309476284
315452385
311847956
310742582
316516071
315816555
315708587
315601139
315275828
315175482
308459724
306315594
306096447
306075082
305044708
304325502
306052280
308097586
303907716
305993107
306983015
306168074
305187358
306114217
306143498
304133914
307146794
307672678
304261465
307702567
303724086
300149044
302436376
301205143
302835401
291425947
303773628
301460840
291278087
291224486
303842876
300196723
302770425
300091118
291148356
302514982
303898815
301123139
291471366
291166972
289069835
288003795
290895638
287898027
287799441
290773457
288467779
290847215
289149324
288979493
288491365
288536251
288448493
289113258
287846135
291089443
287949813
290992590
291130783
290937274
286860031
286284306
286501334
285416926
287472614
286576039
287516959
286366706
287468299
286236035
285482773
286457450
287754445
286325105
286181060
287604937
286975551
286798406
285674096
286916575
285059236
283891454
285035245
285115926
285318296
285193055
285353581
285083930
284210520
284414033
284998554
284357125
284309298
283857121
284970860
284458465
284005718
283936105
283827607
284154898
262531941
264406768
263557879
283342435
262650433
262511470
266777348
282974455
283810569
283068418
262629776
283029462
263677108
263659844
263451354
283234474
263525880
263406210
282939715
264453915
257153919
251109611
251048037
250947168
254507980
250633916
261498337
261406872
262374910
251002765
257197742
249813799
250557982
250144365
261471219
250696832
262427613
261440616
250519267
257148996
245300201
244743284
248976942
247917533
248242588
247162055
247671508
246710767
245479170
248802111
245263158
248908203
250659118
249761996
248747878
247123458
245089077
247841792
245517628
247089146
244711287
241750983
244447923
244272474
243797585
241127290
244518890
243680311
241697879
244395617
244680666
244554948
244623936
244331289
243922126
243835036
244492555
241183486
244295374
244350082
240871502
235688904
241072782
233514800
235411248
235719457
235756022
235644002
235638050
234197932
233437670
235370535
235333204
234928724
240837014
235753672
233778349
234877439
235304615
233809843
233313511
232998156
232479830
232641220
233026824
232431715
232626579
231202765
232570759
231583857
231182811
231661368
231816357
233265474
231561024
232977598
231919647
231732311
233060211
233217268
231079447
230296362
230188891
229530608
228638354
228436319
229476172
230143688
229385045
229985741
228607501
229350245
230262554
230113707
228836127
228672021
230919224
229567130
229271150
229245235
227579553
226484852
225734198
227750933
227732231
227093304
227559874
226850820
226411668
226229523
226189773
225596005
227638590
228385927
225563610
227198403
228408273
227796493
227892756
227542629
224143366
225376971
222520358
224441309
222585931
224533412
225535433
222965674
222265426
224506579
224467249
222924950
222379073
222219314
223008736
221877449
225280153
221843111
223738544
224693505
220666886
221558329
221518629
221120021
219922011
220167216
221536268
220820796
220756637
219882464
221484005
221089762
220204773
221791960
220907274
220697868
219947527
220965006
220241574
220279016
217173911
218473923
217957824
217587094
217785791
219382996
217836888
219495653
219531366
217559926
219847996
219359000
218000262
218523241
219177960
217266049
219586615
219430747
217894934
217641155
215564492
216559375
216083811
216505434
216443692
216049396
214537072
214498597
212786417
216357569
215691785
216996032
216294400
215518621
215320448
216865911
215651479
217041305
213867584
216241194
206349748
212140073
212187441
210940993
212238793
207541745
207505871
208940424
208845166
207115256
208888480
206510406
207148444
207082987
206472314
206424136
206307500
207470106
212101170
211979124
205605257
203356613
202678625
203508390
203466282
204213919
204794752
204685084
203402903
203257161
205637545
204283673
205567652
204707050
202645889
205088104
204752542
203994689
203535098
205020869
202440581
202506270
200279309
200086917
202557015
199449542
200325970
201000579
202355943
200958185
200231159
200110944
202596022
200150327
202377834
200112932
199417353
199392262
201052686
200374970
197102972
196766499
198676318
197307562
197345008
199365535
196806192
196613191
197117408
196732421
196684355
197932901
196444022
198802493
199348733
196725740
198217496
198169939
198050855
196646689
195431630
195197664
193228691
193321453
193387111
194500701
196080748
193755088
193178087
195547084
194536625
193741779
193171708
196048048
195526553
195463077
195171542
196122773
194465193
194450626
192663826
191772767
191487813
190195960
192976472
193112328
191522154
191814991
192661199
192125623
191853651
191735664
191550796
191624607
192184596
193019732
192100817
192629717
191088544
190136065
189475906
187848443
186518335
189646980
189085199
188244201
187924509
188804126
187438571
186541967
186467260
189652434
187055569
186264761
187082425
187896304
187047242
188229952
190115291
189725575
185761063
186149091
185015718
186173493
185074254
185797680
185731002
185499303
185701872
184905749
184647590
184587574
185664698
184346121
184292308
185614456
184959103
184620341
185442892
184850100
183416454
183315309
184243661
183508561
183370008
183934404
183471224
183896301
181234432
184204878
181168751
180517256
184102928
181189020
183877316
184173566
183861405
183556779
181142041
180882635
180408678
178418398
178486983
178748746
180441652
179534191
179807621
180393677
180210887
179052842
179021885
179131891
178994325
178838525
179497071
178754698
180325648
178873964
179559438
180357536
176668281
177438307
178334842
178241323
177348878
178200474
176785790
177839725
178381296
177523460
177265300
177476489
176752245
177613167
176563075
176810712
176631753
178293192
177561222
177801569
176000559
174997308
176028473
175645144
174964527
175870802
175719973
176035687
175765699
175622248
175280973
174887617
175968719
175905891
176259852
175326896
176377385
176317236
174508306
174359540
173524080
173494364
172601129
172717889
173471547
173487605
172622951
172651945
172735782
172674679
172996260
172637354
172621013
173988801
172885353
172757301
173520837
172964415
172395430
172592161
170469520
171601192
171343376
172039207
171091437
172204242
171123773
171093365
171620345
172155035
171434261
171373720
172114568
171108382
172323135
171478471
172088013
172265450
171165807
172001177
169320233
169003899
169078785
167465722
168551583
169282427
167926252
167892055
169769602
169023655
168425997
168520275
167272836
167231972
169371401
168286968
170353335
169806837
167200462
169043666
163889389
163517798
166825260
164628778
165886199
166720659
165928157
165908924
166858111
165279313
165196198
167173484
166813763
166759664
163474110
163639047
164245153
165308796
165240684
164218036
163201319
163065325
162605871
163054296
162561277
162496033
158825249
158805949
157581369
160681720
154937276
155788363
154907586
156275454
156316411
162539959
160737476
157567039
157628785
163080570
150019716
154579954
149897935
151614048
151579663
149882409
151588624
150474196
151640185
150231287
151626799
152498232
150385451
150242833
153192963
153154631
150152304
151600251
150552619
150185447
149255051
149431203
148860399
148678679
149537731
148907850
148867744
149193946
148779907
149574777
149225913
149866618
149297087
148595009
149363605
149616080
149329068
148632135
148556831
148725661
141422050
138885015
140816430
141509845
140507610
140954028
140951148
140583809
138696219
138070269
141155685
140945934
138161518
140895842
140861669
140549946
138130475
141270936
138094355
138206004
137381872
137230026
136304304
137200665
136323590
138044574
138008798
137340520
137982284
137160224
136281718
136255271
136356565
137886840
137940976
137298783
137902922
137868498
137124796
136554536
133928252
135259018
133910788
131457348
131421848
132458061
131386460
135229601
133384834
131337268
136228771
131367959
133944825
131352488
132256784
132507648
132230343
131400710
132291548
133977145
129883287
129780975
130354256
130320912
128819161
128903998
131292966
128861207
131295913
131266954
128882324
128844704
131325271
129819112
128824509
128805599
129852189
128674220
128700524
128650419
124636823
123837469
126416771
123879274
126526711
126388747
124618749
126455469
127616453
127539402
126259150
124491575
126493727
126339243
127569369
124568893
123814718
123747273
126300498
124538650
123635394
123016772
122178315
123135315
123586984
122245801
121939181
123702516
123646095
123552371
123514657
122976342
122969184
122150926
122043220
123060393
122222582
122099897
123110978
121998168
119572114
119639359
119596659
119987736
119527771
121753779
119665573
120065268
119555663
119911858
121927584
121785819
119789749
121831587
121184593
119858726
119743796
119619775
119539685
121892394
116797065
118473485
118301281
118769508
117461651
118793766
118357204
119424366
118327664
118258714
117392909
118507973
119406433
117494829
119514242
118362906
118754708
118439590
117479413
118348576
115600537
114702648
114784442
115647035
115119363
115726875
115765659
115083618
114663789
114832257
115988288
115679319
114870539
116041719
114954092
115944622
115908857
115629170
115853990
114986142
111380386
111340717
112191912
114104071
113134590
114633074
114004252
112169634
113973323
113897628
113860878
113841775
113185026
113815314
114599839
114053285
112146063
111364693
113865555
113862749
110059823
110091725
111323030
109925483
109780226
107639552
107151925
109702234
107225941
109991259
110807392
110765189
109879279
110727795
111307605
109729023
109697463
107263909
109850465
107198527
105961186
106743915
105944606
105249371
106268176
105919289
106768154
106724814
106129839
106344335
106217183
107111874
106166112
106058996
106179674
106377988
106016929
106919979
106095725
105979564
103870763
105212067
103099356
103722373
103261439
103830025
105198420
105232836
104030919
103176288
103141785
103659689
103908427
104627578
103942533
103982319
103213483
105209410
105184032
104667763
101746340
102375143
102332502
102259479
101712632
101699411
101630191
102182062
101557966
102408890
102293907
102220368
102116252
102063516
102193984
101600737
102083741
102797720
102771197
102444290
101528557
101458293
100928876
100737328
101080068
101461501
100725981
100995462
101053209
101482103
100786194
100806930
101043510
100880752
100380091
100871575
100757084
100957903
101011234
100773958
100278998
98703387
98084220
97829491
97809723
98656955
100132974
98675794
98721528
97913421
100318491
98761050
97856295
97400523
98796613
97900043
100151659
97877478
100310667
100174548
96959835
97011107
97030870
95843037
96350097
95880800
96986194
96990637
97064708
97183599
96398902
97346711
97109101
95776913
97132457
95750682
95818372
97050130
96376129
97189127
94597780
95688903
93795284
95691951
94641519
95720195
95267782
95325347
94750937
95303962
95690972
95701459
94669702
94625988
93771452
93837750
95237471
93743817
93736502
94703207
93685844
92757189
93713805
93647501
92661842
92693276
92619376
92367451
92316973
93662875
93156484
93674516
93113798
93211501
93054808
92346555
93198398
93072555
92349905
91707646
91607554
91687079
89706357
89776748
91575897
91596375
91705312
91556527
90329479
91663486
90301725
89757246
89719034
89022840
90341209
89003539
89678457
90356666
90317629
91625194
87548171
88263677
87513788
88974128
88292948
87536653
87566555
88228580
88364655
88956384
88998512
88215581
88313415
88240268
87543929
87599679
88277684
88966131
87588238
87553995
87456235
86195631
86216734
86136592
86155146
86086906
86252319
85498510
87406567
85457434
85377423
87430007
86180120
86175604
86118511
85421375
86232127
87462724
87497233
85427149
84182466
84193956
84091042
83109701
83152854
83263998
84171829
84013697
84140123
85348327
83328198
83191389
84154271
84044887
83287403
84115851
84071117
83307683
83242878
83220756
83015402
82363030
82511369
82277148
82206766
82079319
82496927
82132450
82039440
82467199
82409862
82085967
82950776
82485838
82005469
83071538
82311967
82444727
82982457
81971430
80377184
81579222
80144989
80361877
81466377
80274300
80243467
81593575
80166666
81955549
81927097
81632801
80308666
80338917
81497805
81430633
81604997
80393030
80196310
80108837
79725456
79693734
79655458
79577711
78922581
79612060
79839411
78892911
78820121
78678388
78862521
79797739
78779806
79543392
79822030
79746437
78711750
78845162
78751119
79780192
77093536
78435374
77198585
77154126
78658131
78368980
77253083
77683605
77739356
78454663
77180028
77125582
78426390
78398608
77791808
77705882
77267903
77067660
77764828
77807915
75459401
75120434
76505666
75095009
75523168
76661171
76621051
76593514
76569497
76522732
76485376
75463834
77050455
76545899
75611160
75661087
75542233
75493596
75579992
76642113
75049886
74335542
73961822
74412776
74305134
74280904
73926407
73762957
74385734
73882766
73945599
73844873
75070155
73860087
74355603
73818392
73343897
73906139
73986913
75023967
72586161
71974666
73289314
72927972
72561909
72978395
72370841
72948890
71922527
73010811
73300984
72909443
72869460
72419013
72391869
72344947
73322376
72524166
72443189
72482135
71200884
71046660
71733274
71782457
70984089
71013103
70358855
70323159
71133697
71759690
71162510
71809325
71105788
70241383
70466030
71893298
70444000
70217014
71845976
71079850
69904124
68380447
69836119
69364671
69295975
69859956
69280157
69885567
69816347
69408619
69265087
68360716
69313869
66769776
66755621
69797146
69780214
66746460
68001497
69380310
66513030
66663765
66019371
66402391
65978228
66041750
66478533
66424541
66000200
66346797
65907083
66552901
66326357
66361405
65971198
66061873
66327986
66335816
66728748
66738117
64769887
64743169
65631452
65113865
65614567
64656080
64795329
65227659
65097460
65674100
65092645
64046339
65121542
63994852
65516374
65202673
65525863
63980853
65550175
65652383
62788451
63663890
63453114
63390579
63437855
63571717
63421538
63122365
63137372
63020687
63064615
62813309
63598482
63398686
63538523
62739119
62764748
63102058
63049034
63003003
61195225
60569392
61667009
60244987
62717462
60647572
61332839
61261462
61655110
62217844
62676298
60704432
60586664
60670479
61305541
60730868
60540908
60612106
62697537
61226501
59283202
60220197
60067486
59134980
59189919
59590686
59581382
60056320
60144962
59744623
59176900
59601667
59754711
59572339
59611432
60099880
59664023
60125802
60079205
59646100
57365464
57352689
57811144
57967593
58724409
57437887
57486985
59130260
58745586
57464714
58824054
58752082
58808665
58844420
58004032
57789305
57774764
58265740
59116047
57843926
57310253
56340860
56690562
56956224
57275599
56163072
56703928
56401078
56917449
56160866
57344226
55979633
57290750
55955222
56382840
55936247
56013021
56150858
56365992
56711788
55027517
55810786
55380244
55910038
54563862
54151360
54111899
54091542
55389169
54139303
55403023
55789007
55083317
55013445
55821080
55838066
55360063
55104425
54168040
55851379
52734207
53171791
52482068
52040665
51881506
53613373
53681121
53640228
52528970
53710172
53102664
52455931
52501401
51864332
52047053
53119747
53271530
54069890
53173176
53661768
50320343
51732920
50608878
51734749
50603543
50314492
51323990
50992727
51793631
50956379
50920520
50945697
50633907
50370851
51637635
51289299
50876112
51235608
50595454
50327847
50168548
50041946
50129155
50060114
50034372
50114521
49877939
49772848
49554060
49767039
49548928
49858368
49809112
50046750
49593461
49835051
49824010
49537757
50308174
50065913
47964291
47357095
48170924
48232063
47940286
47933002
47966871
49525183
48178302
48165121
49490094
47923586
47648525
47381260
46781890
46157652
49509365
48184473
46794213
46144384
45819793
45540017
44928573
44628816
44621575
46126406
44698435
45277000
44920543
45812417
45288283
45551383
45807411
44374874
44686197
45800330
44385103
45287874
45282865
45257607
44053454
43847476
44308563
42961914
42300374
42091883
42306587
43841036
42083163
42968983
44300398
42314641
42689159
41786861
44093960
44054803
42709925
41795471
42085128
44047515
38453140
39801251
40141285
38467047
38832567
38859723
41775235
38334081
38326186
40105493
40123655
38317967
38870817
38517863
38454601
38530892
38546501
39815146
39809547
38885518
37657282
37401489
37452804
37936832
37420538
37384438
36693270
36681301
37083363
37393786
37946164
36811712
38291335
37944918
37438066
36707759
36685091
38307334
36669051
37411982
36188286
36521375
36441290
36558526
36461692
36176337
36567276
36559738
36549537
36498609
36534088
36231952
36451315
36220923
36166459
36428319
36418935
36244251
36478603
36473575
36005094
35706457
35803139
36028295
35750947
36140572
35776170
35985820
36017133
36157259
35990631
35968909
36147106
35975962
35722043
35785571
36137536
35740990
35731432
35714075
34705444
34698708
35223704
35700694
34693826
35438683
34680500
35434108
35402000
35166568
35409568
35146479
34685928
35691237
35152680
35187654
35158291
35446989
35176716
35212427
34669576
34663429
34349632
33940297
34673600
34359778
33976378
34340414
34393480
34371541
34385217
34381493
34328627
33953025
33967366
33674538
34655351
33960230
34648053
33984389
33140797
32723260
32943719
32719150
33411679
32924419
32708454
33420162
33386590
32732509
32698267
33158067
33425262
33398603
32933768
33176476
33129362
33427335
33164546
33150136
32418535
30911188
32686208
32182355
32191492
31958562
31939941
31462434
31398870
32678174
32215399
32492777
32441180
32201540
31971591
31410851
31929451
32484574
30244690
31389534
29804858
29761625
29605491
29730754
29557599
29786556
29629789
29551188
30189832
29745655
29778249
29737807
29751702
30195392
29739983
29623336
29721793
29842234
29616130
29793682
29276499
29137793
29286961
29400287
29150920
29381834
29541577
29300466
29282939
29501500
29168784
29526936
29521371
29305902
29508889
29535572
29515284
29391177
29292903
29160497
29127496
28861032
29119441
28873493
28956827
29100262
28899714
28891683
28838300
28821400
29064893
28948064
29122525
29089686
28923530
28932601
28832266
29109267
28913365
28870020
28369595
28285378
28250733
28597100
28582987
28224874
28573291
28386661
28392022
28400539
28545040
28589180
28374291
28815458
28277256
28200785
28423153
28558982
28538626
28380272
28193425
27968221
27994018
28006888
27959079
28187859
27979469
28181155
27954948
27947662
27943447
28164508
28013948
28001293
28158420
27986579
28176970
28065885
28171904
27973507
27692697
27451548
27553985
27521392
27564445
27569714
27534711
27500885
27514322
27548355
27439781
27527798
27488706
27533417
27471298
27543174
27509469
27539295
27480344
27531366
27081673
27089973
26683337
27200848
26660995
26633184
26815268
26791099
26650442
26620916
27421170
26678281
26670864
27431246
26641840
26692517
26631886
27096736
26806771
26615076
26599678
26490933
26483188
26468453
26406927
26372224
26364117
26216817
26225485
26231239
26498857
26414338
26359272
26386192
26587094
26607631
26238340
26473821
26354575
26251053
25412691
25101516
25756814
25026994
24893080
25969771
25083513
25243842
25055887
25477960
24900554
25430101
25223599
25500345
25696701
25125138
25095244
25048870
25505114
25495397
24743241
24468103
21415206
21348289
24727714
24642462
21260634
24712611
21818453
21281848
24720920
24625103
21884933
21408356
21331363
21394290
21380648
24719322
21403275
24733633
20962145
20898711
20940529
20957450
21205457
20950501
21103653
21247580
20886299
21098516
20752892
21254549
20892266
21196082
21200016
21033193
20928955
20778345
21110918
20751481
20348361
20268795
20353225
19912367
20155283
20149216
19859650
20169314
20390818
19917916
20054289
20431593
20337993
20164049
20277106
20744244
20343582
19964661
20017661
20063489
19757432
19737154
19524086
19731494
19700504
19844391
19855034
19727354
19611548
19693959
19708646
19713814
19529327
19519098
19660588
19839581
19832733
19827109
19604189
19717696
19245375
19445363
19230677
19184954
19389601
19232647
19421286
19179515
19510315
19386258
19414479
19407586
19367776
19251528
19324231
19177605
19300264
19400215
19514614
19257475
18856463
19146114
18849202
18821522
19029076
19024151
18930392
18790291
18959979
19157414
19170318
19153291
18935211
18983313
18957859
18939345
18944321
18842445
19083429
19163285
18177890
18066025
17902836
18619147
18438271
18167508
18432102
18247270
17892572
18683802
18624051
18592844
18605513
18287579
18678763
17897076
18779735
18786872
18538147
18161475
17681634
17658211
17666228
17815041
17738502
17245437
17774396
17807538
17251393
17650725
17243358
17888115
17573139
17780257
17786501
17727717
17733158
17569210
17235874
17872957
16582387
16380183
16598414
16187419
16693247
16752213
16181823
16587424
16195424
16694097
16778513
17230727
16386081
16383054
16858266
16764045
16758919
16851597
16845493
16370060
16132514
15826012
15787369
15619530
15762248
15780245
15773518
15832829
15643253
16142805
15658648
15629643
16139871
15793936
15634737
15814850
15807502
15818503
15799709
16147235
2005842
121400
15083893
121160
112046
107295
111977
15584184
14984869
15452790
15440212
2008926
107238
15444988
15458155
111555
14989283
2003584
15599884
15591784
95656
95640
93237
98046
95742
98194
93143
95565
95701
97867
95593
94821
94643
94754
93370
93314
95600
95226
95233
94745
91462
92674
91299
91287
90679
86218
86247
92538
86097
91382
90916
92954
92724
92665
90893
92585
92848
93020
88158
92785
80204
79612
77099
74962
66661
80418
79491
79902
79472
86093
80246
79549
79673
74986
74745
86095
77050
77169
80587
86084
