1046752973
1046953722
1049280152
1049368475
1046570746
1049465377
1049176613
1048985451
1047998052
1046477545
1046284892
1046230731
1046166150
1046341188
1051180168
1044987130
1047788339
1044875742
1046872272
1047937996
1040011159
1041998864
1042509098
1038655544
1044132829
1040198031
1043292709
1038737052
1038071590
1041204449
1042421512
1044429399
1039716573
1043104915
1041861423
1042229034
1044736720
1044598282
1039869243
1044280531
1032266018
1037973192
1032023687
1035831439
1031848863
1038026500
1031726973
1035735825
1034839784
1031613549
1037769429
1034008331
1036525134
1032323343
1030932087
1037043905
1030886029
1035594227
1037673563
1031938154
1023241580
1024351326
1025842134
1023060364
1025776248
1023770075
1029996490
1030200741
1023713522
1023149335
1024254224
1025883804
1030123796
1030348702
1029863894
1029728828
1030282097
1029591271
1025021640
1030828494
1018073281
1020070815
1017664431
1022832813
1019642198
1022970717
1019715527
1021496432
1018521828
1018350361
1018142360
1016899474
1018601996
1018431940
1018034945
1020323160
1018252276
1022214409
1022623805
1018681285
1016232044
1010499504
1016403818
1010817867
1010725332
1012533287
1013804816
1016353222
1016119803
1012846442
1009170179
1010183227
1011375059
1013127891
1013974528
1011748012
1016275607
1015713358
1012956736
1010332324
1004556784
1002778560
1004834574
1002827411
1002555137
1009062557
1008789293
1002354357
1004428796
1008132022
1007999218
1004795804
1002675807
1002618069
1002445961
1008884095
1004488886
1009106763
1004873029
1008834697
1000636169
1002259776
999028172
1000377401
1000585934
999387120
998145852
997884656
1000534171
1000461655
999535353
999898184
1001486883
999671973
997242136
996772594
996068121
999969355
1000310540
998060503
990548928
994866177
995162761
993578879
991989446
995488556
993453873
992628481
993516363
992232885
995599115
994192041
994265992
992936087
990961140
990680943
992294305
990849814
993379417
992450877
987730014
988390781
985817186
987670763
986800631
989903639
988839296
989317322
987621319
988527534
990497631
988301931
989467145
986446397
986698591
989150989
988702812
988957762
990205337
989386917
983204600
983319955
981762908
980931847
981143431
985606617
985735745
983389547
985404376
983448265
981874694
983511069
982656570
981076463
984201743
985778854
985674148
984078601
983094532
982969534
979048187
979112836
977220243
980724269
978115216
980864262
977338183
977253027
977163010
977115603
977292655
977534702
976966013
980460451
977980908
979198397
980633910
977903138
979254938
977060918
962333060
959452841
962645550
962444253
961597231
963135163
960764080
959220907
962736405
959986839
962948343
959881317
958928229
960900005
960070770
958758607
959618779
959270675
962540723
959054355
955191188
954748401
955052398
954679900
955133146
958220877
958667209
956150512
957051857
953828118
957419152
955985736
955095374
955150501
955011162
956263005
957173071
957101639
954862519
955256391
953054084
952754136
951107931
953696689
952814141
952566875
952716087
952324996
952488598
953331488
952609017
952860197
950935396
953025690
952193595
950871606
953467966
952420336
952902982
952964393
950649043
949732416
950608933
950520427
949276942
948682727
950708744
948627087
949960946
949397808
950675677
950775714
950836849
950563022
950072683
949159893
949200903
948823974
948770506
950285190
946453388
948579824
946547960
947529134
947980894
947318101
946096221
948207422
947406323
945576289
945784580
944733458
944571032
948128446
946355932
945465538
945679922
946612000
946243191
946825395
934104311
935991576
935936190
935884644
927911956
937772050
940308850
936033662
940478845
937358019
937201671
943327613
940412216
927802665
937080429
943897941
937464045
937835820
935824944
934029879
925254815
927554090
923295646
917982585
920003036
925747186
927015669
925551944
918049287
921758928
925419846
927439517
918603594
919781304
920533332
927702854
925667888
926859537
919295684
923119326
917154852
915855383
915776289
915465292
916823146
917627182
917770157
915664638
913882841
917916206
912191802
915557350
912041864
916219643
917524256
916351383
915001178
917712519
914057225
916253710
905251622
911291068
907285757
907349092
905097936
904937940
904603131
911805820
904731587
911709968
905203827
910936430
904445463
907443299
909321976
905937550
911439886
911951904
904320075
904834084
903211299
902037239
901307784
903132875
902008339
900209187
903321732
903175977
902712706
901361648
901174718
900125842
901234059
903257024
902416378
901408345
900669996
900392773
901456081
903080841
900078621
889270984
885661378
894805503
897063652
887681086
887743361
889128886
899073235
898960702
883296401
888794551
889379938
892303211
887563920
883396915
886829282
898838952
892249430
899148496
873789260
875012519
883182509
882737992
881492402
875494468
873327844
873459067
875337637
873881646
880074792
878858008
880559315
872483291
878754963
873289406
881265522
877812116
872368789
882787908
870687499
858714498
858361516
856568232
860510750
872258456
864031061
872118344
869037480
871597620
863999452
870600821
872048373
865876054
868964833
858675022
858401459
860551539
858449814
856593958
845176702
845202040
841508712
843375809
845001630
856062705
846101525
841588061
847034514
846913456
856381300
844908362
843418820
843293543
856332775
846966466
846998892
850813265
841476186
840248498
831099908
839182966
830888697
833994635
839582615
837141729
837072084
835925578
833178899
839542257
831886493
831820920
840156873
835856751
830341176
837660322
839507357
831990772
830293969
835720053
782254321
799622092
829177882
782451600
780499346
780046085
798531012
782062890
801228070
799569199
802488118
802415211
797956756
780393657
785775558
797643649
781858858
798070611
797987606
786182528
751833099
749810007
751571714
751517131
776542510
763660190
765106525
767273188
765094189
759156031
780016595
778310728
769338474
751752832
753290526
750187581
750278625
756481708
767193125
779982513
744533563
749651194
743271386
745972858
748290513
748897818
744684881
743179139
749715933
748222286
744145266
749482268
748038357
744217044
746657963
746997171
746087069
748465195
746137437
746804234
736543923
740359231
736719885
741430117
738865435
736951275
735802428
741366987
740418960
737072924
736636645
736893404
739420495
741505443
739335047
738651902
740458296
736580357
735655963
733271334
724226534
726123043
728816030
723630300
723542655
726254881
723700076
724252249
726165017
724291613
724196881
721740406
721206299
719887042
721626761
724381817
726370967
723604589
719821542
726215638
717367218
717290151
715519869
714216153
719232639
715927646
719319285
719617551
719479238
717831930
719552596
717446033
717672206
719387884
715866349
715595849
719731502
717523226
715321531
715417922
714070455
714140599
713988822
713789605
712274247
710376419
712107281
711429551
712364023
710494435
710517278
710434033
710556570
712315200
712011656
711918270
711682120
713893108
711766277
711582453
709832282
707400989
710087370
707495988
707572542
705742438
707791720
705327142
710177312
705616981
706101615
707651611
705464047
707893195
710020493
705381157
705316982
706033139
708118944
709749510
687326091
703357853
703280501
693476287
689314041
689252340
689163403
691526706
689046887
697414810
688959987
697526763
697668128
687405934
685883908
697743411
687508297
697600717
693396897
687201728
684687485
683946020
679857482
683678177
677812297
684853491
683866648
683761706
665170495
685772505
679761752
681546741
665258026
685836399
684748909
685677961
681345875
677884237
681413677
684004949
614500983
617111186
614414816
608560121
618921381
623344463
617497443
614740682
622849942
622015737
608407483
617586529
617033475
622093565
623281070
622144601
623462264
618824494
609414824
617178257
567752531
572161224
587183825
570261841
585126874
570125532
561433768
571960491
560398914
567631004
568811638
594141377
571995168
558954258
587053959
563172205
570199410
572064941
568758565
585027160
469409645
550753117
555208460
459304022
469406659
449267962
469321484
542209492
450118889
542487791
542390297
542129803
469456945
557962785
450228343
548092068
447674313
555351180
469351816
542292679
446035197
447560721
445853164
447477142
447520417
447594661
446112079
446140700
445956333
445763455
446012507
447641681
447239965
447175919
446082258
445695930
445843423
447374931
447318652
447123539
442689935
442645911
442544972
444273361
442492883
441410324
444043037
444387231
442785482
442724706
442586360
441386310
441340836
441508018
444113482
441478512
441363224
441435541
444354897
442759950
438653468
440323160
439105423
440140064
440039981
438851455
439049321
439012671
438749499
439075167
440295845
440110133
440378747
439124339
440301314
438965569
438909980
440358364
441276348
440201946
437632280
434118075
434210983
437528346
438423496
437324147
434640461
434448348
434281441
437636226
434315007
434396436
437283371
438591940
437598424
437385087
434001934
438521594
437447233
434615943
429941064
428574997
428628076
432818421
431159319
433829887
431020898
429741566
429617568
429852920
433001359
429885249
432770246
432865084
429462565
433736560
429663575
429567565
429418539
429809072
420916534
428325331
427048611
428253915
426912632
426780130
426983781
426674210
425618098
419790679
427135180
423601275
428404758
428133930
428067121
425180322
427091475
422968771
420854969
423653412
417885416
416966047
418926483
418234659
418191223
418158653
417991464
418025392
416764977
416830880
419151918
416943172
416880452
418976509
419040938
419007380
418122553
416678053
419101632
418068630
413323824
411968933
415808096
415867505
413009764
413119405
411728380
416431701
416408831
413184555
411828228
411786432
410848050
411933172
412650288
411885558
410767766
415761983
410804305
412025712
408620430
408520595
407520616
408722598
410630711
407449941
407404945
410537753
409289135
408777721
407342213
410581988
407514320
410678584
408580250
407225342
408663306
407116262
410724276
407162587
407088814
405872543
405058281
405177302
405114837
403694243
404926596
403632069
407031081
405312554
406016405
405821503
403775072
403559261
405329800
404985557
407065652
405775531
405248658
403520569
402242960
401472639
400930788
400023454
400988353
400913561
399962340
402581085
402281670
400968041
402425779
398844965
402706013
402115514
399997355
402482027
402520181
402662066
400948728
402631614
394528563
397595913
397392066
398796429
397304384
396481763
394654769
398816947
397348039
396675765
395294099
395238403
394037013
393958731
397673974
394689252
394553496
395443801
395482707
395364732
381881523
385190831
384174492
382603896
393694218
391548716
383284859
383164486
393251975
382015402
393679335
393903296
393760723
393312519
384556757
382921097
384447041
383244024
382934948
382145069
381184549
380158659
379175791
379576483
379535218
380151009
380001552
380255857
381048936
381439565
380201751
379495093
379698250
381295826
380064624
381389476
381343404
381140282
381233364
380295553
377796336
377595112
377095156
377153243
377043017
377821260
377484182
378486181
377854545
377542210
378724899
378795155
378553029
377653209
379071081
377416217
378973447
378840171
378676889
379015262
375917757
374755215
376781662
375122659
374399552
376080279
376952714
376280575
375800781
375427562
375062196
376142993
375097005
376226867
374617742
376303230
376830901
375516684
374664806
376995417
373751941
373707090
373276631
372020352
371477595
372747307
372795779
371268394
372668439
372717321
371398563
374288384
374317577
373798545
374252173
371928095
373334200
371325417
370688470
371958357
367241410
364990025
370646048
368763616
368711242
367162768
367373339
367507899
368253428
368188175
366287050
365563840
367446183
368624267
366830479
366243993
370685439
370614178
365498928
366736869
363021317
363698748
364577707
364087881
364973541
363416998
364634781
363499027
363302819
363111939
361994269
363073841
364891689
364131901
363629292
363555421
364162817
364092819
363352546
362989971
358786558
361148279
360670090
360682934
361328234
358748508
358650966
358826711
360780752
361371334
360797322
361981157
361770044
361433909
361936142
356992701
361209649
358701274
361747819
361240481
355490338
355181608
354447220
354416689
354919250
354056322
354349995
353875260
355223011
354290001
353934980
353698323
355061008
355008441
355516233
355550700
354391783
353999454
354856981
356931013
351518692
349990758
352666196
349828131
349758514
351179674
352806072
349691356
351437615
351392980
352197688
351047969
353091796
353285026
351118639
353638477
352285297
351335830
351275770
352722898
347009524
346466750
347916574
346370382
346362180
347968807
348594468
345844367
347544998
348004575
348545535
348629709
346242279
348090294
346315312
346187917
346494269
348942056
347488883
347072046
345149367
342540105
345286827
343563600
345093335
344974242
342623245
343635406
345226466
343292845
344904051
342685435
344195350
343909810
343847367
344160012
344344836
344127360
345033077
343857631
338036622
340090788
340664013
341240771
342402770
341184718
341294986
340318972
340031847
340229120
340711393
341104021
339050898
339108629
339662345
338962875
338077461
341509887
339587692
337963257
334359832
337093906
334420988
337529263
337915969
336883669
336300188
336060731
332687592
335826469
333031810
332595216
337172643
336824363
335723165
335417312
336476569
336078745
335788739
334482506
331813045
331265845
330823437
330542417
330780538
330722121
331747370
330331891
332019338
331680502
331564338
330679932
330288463
330043711
331618600
330013238
329542930
329472284
331342422
330071136
325991752
327321101
325323322
322888293
322848393
322403817
323889538
327405520
328382600
328444717
324081052
325859831
327332797
325789603
327458707
325925657
325265341
323561900
323508614
323040547
318491098
320761475
319762081
322094226
320036663
320338217
319818360
322345255
319244375
320409868
318555174
320799013
319977010
319317601
318889310
318509667
319303879
319369479
320091912
322043643
317214851
315995063
313957447
317988941
313979695
312763326
315976038
312377610
315901628
314082551
312877510
312784380
312893977
311892659
313934468
313912255
313781673
315923841
312811901
312742335
309115148
309085308
309025584
309004213
308088814
311773467
307894688
307795467
310389515
308121751
310413641
309055617
307929739
307880509
308005497
311326077
307912146
310491957
310979099
311740751
306924043
306962007
305896135
305044708
306732179
305962217
305819465
305726900
305940409
305068819
307061228
307015158
306910497
305693279
305980222
306888768
306007603
304964790
304985852
307273721
304861407
302404982
303644072
303319960
304878816
303198696
304898150
303572904
304681132
303455837
303665208
302900691
303544400
303156036
304731755
303630062
303591679
303507720
304833085
304952137
300920348
298057886
300954880
300884810
297633838
299617988
298197859
300867958
297922161
300913830
297810545
300817081
297966405
297852487
297872662
302350410
300850053
299563853
300988274
298015416
294349993
290882400
293465012
293693684
295089299
293602241
297545370
294319710
294286909
291544202
295233878
297575524
295524995
290831457
297612146
295540512
295489666
293515148
293652953
291608668
287839988
287998758
286945108
287486385
286112172
286048267
290752895
286140410
286074892
286386486
289270663
290708223
290732672
288715014
287690830
287302266
288477126
290686293
287618463
287550280
283941494
284167331
283850679
283828115
283886003
285527402
284121472
283389070
285039564
284954775
284394387
284319064
284018049
283913984
283873208
285601256
283345161
283140021
284491003
285060598
281936197
282700986
280698768
279727828
282764032
282715188
280539567
282183396
279696102
280781577
282846630
281844470
280573800
281884097
282680388
280729561
280599323
283059065
281912849
282733078
263580374
263554917
270016993
264406768
269828278
268806477
269004111
269952489
268847227
268825557
266744516
263462906
269879845
279613211
269981681
266726957
263673866
263648410
279655566
264453915
254493320
254558498
263387356
248185018
262367754
262509769
249207565
254613358
255370983
253981373
262575056
255328856
256492578
262483445
262596112
256444329
254607854
254258760
254553774
262341896
244711287
240871502
240395567
245900036
244830940
247005338
244802871
241853588
241808390
245878329
239467936
248171004
244680666
240283299
241882542
244861062
248100456
246466673
245867863
239739720
232495352
235483963
232998156
234723899
233026824
231581300
231700636
235397532
231657024
237721919
235580561
234770665
235531866
236083862
234804767
236116428
234572515
232533786
236050178
232435899
229853431
230778884
228721741
229958482
228394832
227265557
228353894
227024248
227664402
226981756
227794069
226734235
227684722
226413688
230071665
228566623
228302595
228532041
230839720
230037451
222442720
219736804
219751164
219770296
221598718
223602735
223916223
220064556
226341044
223486635
225635814
223649570
222476919
225305402
223589711
219763958
222398502
226204341
222367531
221652431
213117841
212599048
218107471
214872216
213378363
214904012
215035574
212662322
218955629
215122354
218920321
215099526
214206834
215152623
214041321
213157285
217404647
217393078
218171332
215014397
210343730
211025088
211798521
212084206
210029391
211194164
210063808
211175256
209219539
211777859
208028109
209007528
212128890
211008035
210323273
212586396
209959613
209112362
209053535
211001144
206171952
207453373
205420690
207270563
206221469
206196654
205078800
206243473
204880075
205296369
204867223
205009696
207354653
206602272
207721594
207314456
205048824
206218867
204914148
206267059
196412658
204057459
196815869
196409649
201690991
200797630
198109269
197877671
196522998
196758469
196905124
204154108
200273119
198047460
200821325
197975626
200319562
201741970
204096855
198813698
195726655
193366694
192880762
195236077
192855818
195992324
192911991
192510200
196087684
196122381
191779266
195967519
190964185
191854267
195243874
191740473
195919640
195809503
194729274
195199796
189746479
187738910
189151427
190779046
187866285
190429847
189866057
187760780
188368644
190147606
190357582
190418113
189353705
189124528
190926933
190743547
190636315
190388732
189367056
189091395
186614978
184518147
185331427
187729741
187307403
187008966
184945183
181234432
187379853
187046242
184504465
185017950
185464594
184280389
184502364
184237318
186254349
187495982
186589190
184913186
178418398
175350071
177579676
179212130
179846157
177620387
181186680
179279619
178381296
178494328
179145312
177652102
178343776
176819089
177534438
175948984
178452603
178124068
179888310
176768624
169702086
170166530
169956229
173300064
175318810
170035990
169847991
170838599
171199674
170118729
172615324
170081519
169949714
168687742
172666245
175282019
173341001
168637637
171472360
169725724
168013011
165315975
165236354
168293179
168444979
167134996
165218574
168426776
167963326
165195139
165166621
164893972
165259019
167816764
167595942
167774664
164854100
168561885
168601557
165180508
163665459
163030684
164469204
163112731
163165401
163056003
163723136
163922725
164471732
163041584
163950669
164765685
164824030
164446109
163769803
163140282
163016970
163787513
163072882
164726122
162998681
162436205
162236346
161994985
161330058
161293084
160911519
162526612
162200394
160792030
160393187
161344930
163011810
162975281
160969307
162216787
161364341
162928348
160479292
161275593
158271340
160317204
158736760
159485556
158512268
160334125
159586920
159541526
158575963
158669093
159511966
159496024
159526964
159568089
158545793
158226979
158678089
158719409
160095907
160375899
157915930
157902222
157425700
156859551
157839818
156026560
155977416
155945166
156330879
157086428
156673751
157060596
158202286
156822623
157108736
156931601
156630841
157073009
157811063
156307715
154307045
153544328
153801205
155014855
151607130
150231287
153914153
153482419
153444759
155317166
153865597
153366551
153962344
153567492
152139580
150014452
155050607
154843015
154915072
154882665
149061328
149029786
148394057
148422746
149026748
149944042
149254684
149804082
149988737
148358523
148404482
148373980
149237547
149823627
149167860
149066044
149048541
149146742
148579528
148384655
147795557
147882507
147739797
147768385
147046846
147345603
147246035
147781949
147155081
147064776
147282187
147753990
147724551
147676266
147105189
148039266
147709681
147843206
148022013
147681968
146311350
145710532
146640151
146277550
147009897
146374206
145679788
146296088
145790919
146567601
146602593
146358343
146175482
146500798
146444507
146362461
146250758
146137715
145740506
146231800
145615220
143855891
145157723
145534695
143992236
143843888
143897551
143774386
143823244
143814597
143721570
145657339
143258504
145584337
143197885
143996754
145598572
145563328
145516005
144012484
143081183
143011563
142508056
143157777
142929570
142898316
142478012
142449964
143182209
142432763
143092498
143027262
142410723
142396319
143101993
143165710
142531758
142952634
142494071
143046501
141776568
141763036
141713126
141701924
141681675
141662020
142369747
142308542
142261824
141844963
141809530
141547301
141866766
141822643
141685532
142283406
142385150
142355681
142224372
141792824
137789730
138383120
140850015
138517361
138539514
140289083
138420583
138349723
141129587
140759492
138068999
141001161
140981790
140912012
140148340
137800285
140883968
141108528
140812102
140306341
136766113
137719025
137659116
137774098
137751644
136351745
137128296
137269609
137233014
136812702
136373680
137303503
136838682
136294671
135945788
137750662
137683376
137734486
136791774
136318924
135750873
128847990
130553160
128158441
130498259
128869444
128770220
135842824
128957137
130535526
128831205
128432757
130574735
128392906
128263271
130602505
128209495
128786342
135783880
130484163
127219262
127946811
127326212
126848360
127869539
127806872
126724794
126655205
126120778
126044848
125962376
127266325
127907169
126007800
127817759
126709334
125997124
126671103
127846928
127738423
122222364
124748155
125055208
125144182
125111577
122271492
122251377
124983321
124721209
125814252
125080766
123172477
123139650
125010701
124988721
123155441
125851562
125878984
121517817
121165972
121072332
119213989
120130474
119403934
119401976
119353982
115714945
117120935
119325986
120164293
119455455
120265376
119475073
117071000
115763106
115677167
119573839
117100075
121126097
119604170
115112126
114003045
115200539
114222196
115158518
114050287
115069890
114301947
114344013
114783001
114277454
114975762
115253385
114926142
114680860
114821504
114248079
113973367
113877822
115227850
110273070
110125598
110068338
109333890
109727077
110522397
113614436
113654897
109309742
110243628
110020378
110480657
110493737
110298395
110164317
109684893
109646533
110548464
113854711
113639237
102851557
105879480
109172578
107192853
103554314
103534298
105864485
102601245
101926727
102803009
109279465
102825093
101949387
109233095
101914367
102575541
103573446
105853154
105895943
101280234
101265943
101230481
96733548
96689459
96592236
96172392
97680976
96264754
99947164
101246323
101195040
98594320
98577752
97653837
96249144
96197589
101203843
96629794
96659568
96183893
95159046
92272306
90088887
89352560
91265023
92714948
37376485
92744498
95607014
91298160
90105822
92693385
92286003
40918072
37359433
91354504
91323448
90646240
89405973
94751971
35834005
35871837
36112211
36094121
33729004
34256919
37293226
33986031
34224069
36058739
35900932
33679030
35844302
37128219
35897071
36107610
36276759
36287292
36049774
36088386
33482477
33400507
33410590
33382072
33393547
33660267
33355944
33162046
33190807
33181728
33153133
33347335
33174550
33663941
33333021
33372511
33322089
33406475
33196212
33402633
32603528
32883220
32727323
32734590
32861088
32617046
32789788
32570711
32812493
32562249
32951149
32851911
32834164
32627141
32612958
32600504
33076490
33088690
32799032
32578628
31923415
31967980
32444205
31948820
32453337
32387707
32192421
31751286
32376372
32465077
32406591
32201540
31975957
32180009
31959104
32422491
32148419
32379278
32163890
31940106
31451748
31730044
31467082
31422652
31701736
31734334
31672639
31490682
31732375
31661181
31741622
31718901
31736346
31696816
31435573
31710757
31285488
31281374
31499402
31501484
31014310
31236429
31272553
30808624
30773950
31265887
30986444
31046029
31246244
31274818
31041002
31254961
30816731
31055409
31263864
31001305
31024485
31219630
30796355
30781465
29834194
30552884
30543397
30514522
30065502
30531616
30297350
30761891
30739035
29882449
29847640
30319563
29857292
30559328
29776550
29877815
30505683
29975948
30749155
30312788
29308578
29669209
29315342
29426400
29322015
29745737
29553713
29180058
29678835
29568167
29768773
29340324
29331706
29753377
29560898
29405803
29218309
29435975
29671388
29209865
28026569
29100812
28950272
27936138
29092525
28036946
28959471
27949253
27942307
27796812
27801957
28932925
28977373
27835647
28001293
28993621
28048868
27879229
27992311
28941850
27653445
27217256
27416011
27464495
27368387
27786201
27601277
27486481
27377648
27570340
27584319
27577020
27392592
27594676
27494388
27399671
27408967
27665394
27791836
27454834
27176415
26990695
26982763
26771640
26863746
26736352
26945717
26950438
26739919
26850613
27189796
27104126
26878617
26745676
26757369
27197371
27119213
26958277
27096736
26752970
26368001
26539679
26519614
26355919
25835487
25651360
26501079
26490049
25993026
26514501
25800046
26359537
26530241
25843656
25669840
26508150
25663851
26590035
26000864
25978111
25610234
24645766
25137514
25584355
25223822
25409196
24636656
24444582
24838154
25601998
25047631
24294833
25632974
25313847
25641512
25131840
24452104
24833500
25124500
24656872
24236821
24251417
24243716
23854501
24276882
24065938
24285198
24072416
23687141
24229961
23791963
23910099
23679998
24085410
23735447
24260308
23899573
24092545
24268682
23861405
22333811
22665304
22338873
22304207
22681669
22501768
22850399
22719005
23070855
22773914
22507690
22687206
22866239
22840046
23266876
22855878
22711922
23252752
23260108
22671188
21922755
21854649
21745715
21927033
21901073
21874735
21858808
22109685
22300724
22291283
21848302
21763440
22296066
21755356
21915441
21882394
21751083
22275362
21908119
22274279
21289747
21132633
21293079
21730479
21273914
21253985
21580829
21260266
21245463
21708345
21584411
21286218
21512618
21588454
21427296
21272005
21239805
21721324
21431819
21504872
20907874
20917734
21098027
20933530
20737425
20754700
20875051
20866769
21091779
21120539
21125051
20893297
21083708
20770812
21112952
20902067
20747964
20924145
20786390
20741604
20171249
20601898
20530716
20443366
20447705
20588094
20158200
20696247
20582529
20511320
20436928
20703794
20192301
20188507
20609303
20177920
20165995
19895713
20181719
20596063
19676845
19519549
19537847
19524086
19378358
19508659
19357247
19387143
19672679
19382757
19767061
19528195
19346438
19701606
19505868
19513075
19362349
19349519
19343533
19353474
19130314
19094103
18542034
18986792
19163281
18563389
19330755
19340105
18996612
18559333
18982982
18567422
18557587
19101568
19106106
19110859
18554527
18550285
18974220
18499089
17841849
18119249
18242750
18248490
18112102
17563764
18253962
17383962
18265577
17857495
18257616
18125002
18114678
17854707
17561050
17387197
17700278
17838721
17705288
17851411
16887612
17018070
17130889
17142946
17260815
17256550
16611066
17263775
16954518
17207150
17124612
17013920
16755561
17021191
17140208
16761039
16616049
16764927
17212104
16622810
16430540
16468508
16422438
16478204
16481131
16590977
16587275
16602803
16439256
16423230
16461714
16420850
16448575
16476666
16459767
16453009
16552635
16473304
16559285
16594410
16352632
16305148
16300595
16335693
16350039
16312293
16220832
16322158
16199483
16412799
16348087
16208361
16216863
16360959
16359400
16408469
16361345
16326811
16417079
16362825
16065382
15986054
15981227
15973553
15958005
15965060
15967764
15990438
16119927
16053703
16094482
16112026
16071652
16192393
16085936
16101998
16187171
16048698
16127736
16043982
15776497
15770484
15810775
15781310
15911126
15932504
15750954
15803434
15797318
15763343
15726897
15947358
15789926
15888342
15941671
15895629
15817848
15782251
15920945
15824585
15649927
15621150
15473543
15723576
15484810
15365310
15339388
15327568
15599133
15322364
15588504
15644809
15350300
15731522
15462483
15639619
15343932
15369399
15635757
15332107
15163897
15158016
15173330
15005496
15003013
14878591
15045529
15030439
15027975
15311956
15212168
15038153
15318501
15014318
14996447
14885591
15208485
14877119
15202157
15007776
14629136
14737967
14728460
14825408
14651509
14698322
14671588
14819498
14683186
14730913
14457925
14467318
14460257
14474093
14668619
14513649
14852737
14719829
14862415
14660531
14359705
14350806
14289702
14449224
14187568
14162802
14327001
14298872
14168487
14155994
14343795
14287879
14176512
14333794
14197785
14154639
14307020
13929898
14317627
14293286
12350672
13928651
12560978
12366066
12402211
12332310
12194954
13929297
12375809
12490037
12357729
12568512
12328268
12318039
12524190
12344354
12393753
13925986
12340214
12513249
11788055
12160215
12076302
11798603
11967028
12120401
11983054
12172774
12183399
12110485
12141280
12132658
11989103
11947347
11955944
11951502
11978099
12126601
12189572
11997808
11682367
11782425
11781021
11554292
11535149
11515820
11636027
11510083
11670143
11544385
11687932
11776864
11511631
11762894
11523839
11640125
11560229
11766302
11541263
11530420
11501773
11383368
11376076
11496844
11341695
11235637
11351575
11368735
11336680
11398362
11326459
11348696
11244130
11221016
11356750
11330377
11404767
11390636
11228383
11363631
11206955
11194270
11053531
11041583
11033289
11196804
11079874
11220010
11207278
11061893
11038990
11021375
11220404
11196656
11048535
11202929
11065619
11211324
11074644
11059115
10629425
10069870
9956578
10518471
10065024
11012347
10576373
10056816
10050760
10041022
11018521
10645869
10560007
10060896
10555458
10037004
10036377
11017151
10569130
10045441
9714739
9678077
9931506
9574991
9946641
9700377
9681919
9816078
9692556
9920844
9687122
9696997
9598103
9592753
9585927
9580149
9663417
9707392
9951649
9927571
9313557
9235082
9153720
9310023
9163260
9557965
9331784
9293822
9568859
9239551
9288465
9445429
9241909
9244266
9320225
9231193
9148563
9562478
9138379
9134051
8946628
9020188
8952305
9064332
8819393
8814117
9046855
8826359
9133322
9058603
9079231
9133830
8940531
9022828
8937213
8928725
8817801
8933388
9031009
9052099
8668595
8680618
8696293
8649187
8660235
8689290
8703666
8646710
8803779
8557721
8543385
8271263
8656875
8808239
8659880
8653338
8577368
8809076
8562711
8570748
