1011178072
962917567
950496116
1013462092
1121670201
985877283
981176271
1013336014
946829219
1008974830
962966182
1015624291
983631126
1015743191
1010541993
964890571
1011241852
1010708399
963022901
1121582347
920354269
920227913
938018138
942533357
923116117
943030583
938066135
920427576
923175051
942669707
942910509
942838440
940341399
920489421
940507912
942962762
946783071
937946239
940423527
923255852
903322500
920167656
914359096
892506971
906980490
916369378
916324232
901422457
909804619
914330755
888177402
906888639
911953073
901249480
890094024
903362837
916280284
899471452
909878662
912084565
879779247
874662433
888145706
879696975
869936356
882240842
879754802
886134246
874779829
854228154
858357724
874609141
854308360
884301399
882206755
854404426
869974302
874725694
869785354
852691823
848896753
830191645
821140630
836496030
826766912
831992114
845477380
832039780
831835819
848956061
826730613
830266855
831908678
845526772
845554561
829230700
830217850
848924537
833116595
822758914
807176757
769199481
770545864
807259104
770750462
807348915
770919457
820960883
820991047
771166363
767634737
769328512
772440324
769371854
767538027
767304257
770857357
767445451
768819456
768978223
743188516
706193846
702664337
692654192
668164766
706343843
702851169
702934881
706263218
694298185
663816066
692688439
694427823
743272850
662090746
743098201
698904114
703872308
702458651
668118132
658527680
657098467
658650701
657138638
658750033
659912531
658277530
662051194
656762258
661951244
653563876
653542069
658702989
662024558
653503973
653468618
653399448
656884389
658403479
660010732
646700323
648120347
649863624
646678163
653272238
651434407
649889425
649928504
648169297
651570299
651551506
651373030
647826183
643381660
641584888
641504701
641458923
641771161
644928319
653349314
638074940
634481822
638141086
635894184
625961708
625934643
625908514
634455782
631353305
632913317
631317503
631183054
639694906
638063199
634502127
631111654
639623280
638112174
632936494
618527396
616686124
616504673
616918374
616396535
614863123
615078471
615109269
614731119
616784026
616456642
614917889
615056035
614809456
618498732
616857487
616615791
616720200
618423806
618398110
611979372
610553763
610335036
611888024
611421583
610614499
610457009
611657311
610240366
610622407
611699757
611736475
611486029
610673910
610511863
610394108
609330247
611788186
611940444
610641399
611825760
605646221
607596229
607310532
607217218
605693303
605675453
605792165
605531109
607643682
609278365
607869149
607426137
605842039
605754222
607362599
607496119
607457072
609260941
609227803
607399635
591977932
598359945
598316580
591999443
599809592
595031110
596950830
598290023
599830025
601257480
601278016
603846159
598252255
596771027
596743764
596707862
603980007
592120957
596896727
592138636
526805571
525375840
528047363
528104081
526669320
525409206
526773753
589230400
568530907
526742012
587807555
591874022
526752038
528077906
587772635
526825722
589271708
587858778
526759541
526711802
520835589
525237075
523194162
520718703
523018262
521115017
523242683
525318178
520979262
521079166
520874109
520793292
519675936
522929647
521156778
520953199
523112756
520916644
525271269
519685159
519638284
519557852
519517275
519645651
519380476
518241004
519445027
518158613
519620877
519490288
518204259
518065187
518291188
519596169
519571779
519533502
519413300
518028586
517989317
518124250
513167469
514463986
511286035
515926286
517827272
517917515
517680857
514498650
515999383
513096313
511388819
511218916
517751519
514518335
511345061
517953411
513189448
516057720
515947374
514429647
509081933
508749149
508518135
508664410
508459889
509439825
511024264
509355046
509257205
509195305
511141274
508711184
508436115
508586978
507403108
502870905
509150515
502799774
508388138
508618107
501678342
501738611
502632609
501891655
501778734
502126022
501986173
502039684
502144260
500512504
499041872
502103139
501852693
501481902
501951163
501556560
499249827
501841646
501919849
501628024
499020950
498960322
495861779
496020432
497585240
495986523
495894437
498826095
495937414
495830565
495916743
497569933
496061080
495967027
498790777
498740370
498713734
495950567
498867722
498902986
493987888
492443333
492177700
495677920
494118640
493955614
492239356
495777784
495768269
492128582
495727548
492319699
492269692
494080931
494031204
492517022
494166383
494135239
493860151
493914579
488894786
488881725
488875054
488681321
490200196
488884312
488910807
488890401
490133558
489947567
490003977
488716937
491976286
492078132
488741484
488949164
490054653
488899277
488878355
490120674
488475495
488368412
487138226
488613241
487280152
488676583
488567813
487484218
488484554
488524647
488671611
488439669
487242950
487210253
488494876
488648455
487093944
488533984
487175998
488666860
485995911
484736649
487008463
484221161
484499293
484272393
484212279
484702060
486014015
487030110
485963560
484465465
484378642
484135275
487081900
487022556
484315303
484470523
484358780
484427918
482785003
482898389
482941971
482607115
481520228
481487083
482820553
482717604
481557608
482874574
482895120
483137246
482962240
482702622
482548696
482866239
482721301
482649781
481564217
482918134
481453778
481220012
481437848
481022493
480025547
479803512
480002839
481296930
481258174
481383609
481349209
480053044
479942753
481414219
481088423
481139492
479912639
479838965
480032332
481182070
478386458
478698870
478657951
477495108
478980240
478430648
478616471
477400871
478832885
478372193
478315652
478496984
478247251
477407412
478722121
477438733
479765508
478446828
478622066
479009052
477286635
476116445
476100114
476078635
474762252
474492357
474435300
474383825
477372684
477379550
474358985
474736230
473165423
476048221
476001525
474787404
477336775
474845994
473141670
475929225
471632842
473122910
471675752
471762647
471599001
471566657
472959286
471821273
471520240
472864729
472735102
472912750
471510770
473053004
471465159
472992505
472922854
472676708
473025944
472805633
469074849
467737097
467578523
469012183
468914113
469103859
467902253
467846184
469136155
468772564
467873345
470214776
467776235
468860112
467813565
467631264
468972794
468821712
467686470
471424011
463427481
463391984
463178992
463578972
463749393
465436363
463769903
465217926
465189101
463289142
465042524
464981373
463036699
463538185
463490233
463123671
463085732
466722948
465101822
465142824
459289052
458302910
462433640
462287192
459370043
458422223
459483907
459417752
458339235
458265542
458367668
458259902
459736500
458386101
459758650
462417189
462323281
461258643
459719743
459439245
454773051
453329997
458083472
455022119
454864330
457013140
453476328
458133349
454977358
454703052
458179399
454518813
455084493
453563674
453530265
453444398
458213998
454604366
458034188
453383467
450504878
450441295
451815592
449051007
451864730
451759374
449030898
448923121
450740434
449011024
448976246
451920802
451991010
451713075
450472954
450702887
452018374
450677936
448948082
451960771
447661945
447383542
446274590
446122463
447480050
446246669
446052065
448843849
448893060
448791317
447440709
446153549
447546628
447585593
447336844
446194023
446079163
447624510
448890573
447280353
445897153
444344987
445838259
444484554
442888738
442911177
442703281
445723161
445930756
442800513
442757603
445793524
444464930
446018460
445972222
442834017
442869984
444389637
444437286
442724246
439186082
439051630
438975862
439021847
438815000
439093605
438869231
438935893
439159192
440253006
440301164
439078464
439139459
439117487
439237969
440384344
440288868
440184569
440353802
439204032
436305932
437767089
437481786
437367632
438732715
437425086
436366073
437710085
437794789
436248339
436222971
436183046
437589682
436288113
437961283
437740761
437617861
436536377
437681939
436336283
429790968
430205106
431350874
431320090
429865860
434403915
434542906
431171272
434936771
428887540
431625992
431489201
431279822
434516935
431584437
432838284
432854935
432761843
431218876
430246363
423667882
427306888
423495038
423584561
425812022
427363555
427217317
423709819
423181496
425626560
425660704
423847220
425603524
423629222
423770264
428849142
425855463
423455959
423096772
428822872
419710621
413670694
416213495
416197496
416892272
421212707
413770821
413637984
419812963
415051207
415024821
416134389
413745575
414994579
421287741
416171740
416155824
415083209
416184629
413691438
407772597
409643210
410953989
413618177
412138925
410912576
409727675
408698905
407681261
407668677
412034914
410926147
412172421
409812440
408759674
408792116
409865202
407806354
407727630
412097811
399850639
399835224
403189522
402144580
402110501
399799088
403149600
399782923
401803299
406874958
401961004
406898570
404061617
401937167
403186998
404090382
402149182
403130472
399759371
406902030
399710487
396617763
396889000
396756156
393225329
395624271
399738523
395850868
395909125
395876679
399520020
396828587
395583125
396784396
396740672
394464936
395668588
394482517
396821778
396637561
393160373
390591819
387720324
391928815
387681335
390867004
393045599
389441611
390849633
389306269
387791495
387513942
387777591
391958754
389468738
390710383
389427232
387638466
390891766
390655297
376235041
387206604
385772511
377849091
381525662
380486497
379097308
376404829
376474731
385764642
385733158
377872566
376338276
376276398
376443070
385779040
387410381
376370948
387466569
376380384
369140686
371766834
371640541
371477819
370604991
375287987
371715876
371782260
371680550
371624123
369115297
371696415
371737244
371585875
371551200
370574590
369172095
370552563
369122408
371511652
367710689
369081572
367811705
365174250
369020952
365110481
365059801
368844132
368901669
369058970
367684020
368967907
367785969
365268004
365199429
368991108
363913675
367778513
365289336
367726823
362824861
357705989
362893338
358951844
358913830
356551059
362964242
355487944
356562281
362934382
360372698
355476794
363032190
362790833
357699529
356349507
356529153
356284835
356406861
362919115
355440116
355458330
351606863
352989141
351543604
352972508
351607594
351585494
351505714
351728048
353063790
351675180
351602133
350265215
350239185
350209442
351647088
353074786
352952376
351652261
344242082
342838435
342926942
344350118
344274563
342962629
350088976
344340062
342865471
342830779
344212189
342782082
343010807
350065709
342898370
350112707
344200667
350138065
347652691
350166222
340469867
338263014
333370871
333547581
333366405
334616430
342670292
335005592
342623837
338301413
342725100
340464608
338284256
334850942
341671828
333403520
334657336
333588474
334561522
333376766
329967473
328782237
326481649
326452377
327733791
327428595
326449836
328919790
326512127
326477150
326450971
327682574
332207146
333357703
333354304
333352937
327736671
327713973
328887481
327438296
320716132
325986601
326430755
324919405
326438257
320757140
323628014
322419115
326408743
325933768
322491988
323595734
322756011
320725989
320701130
320728199
325951967
324733894
324665523
325102853
318430210
318427393
318476501
318284490
313585422
310406129
318298358
313808222
313546274
318431890
314762243
310427194
313611290
310266132
312833864
310460325
314528668
318469314
318472021
316838181
309108396
305937281
304828592
305920286
302250919
303514759
302218872
309137214
303316883
302197108
301555217
296494641
309176713
295459700
309195866
309065587
302267225
298412441
295498780
309236063
290619688
292828631
292732656
294264145
292959560
292919127
291640430
290587671
294315219
292744981
292785835
294290163
291589192
294355752
290547758
292883571
291623601
294338233
290591443
294374103
288413202
279192168
287133788
280315894
289311771
290468533
289254213
287152827
287100146
288467895
289364909
290422229
290385584
288441740
290499046
279283592
289260453
288080531
282447777
279235028
279011589
278005574
278090479
279091072
279034455
279164284
278048546
278270242
278184366
278119350
278138620
279135984
277894601
272495238
277948933
278321372
278266364
272557725
278966281
272524948
262303778
263497811
262553182
264360198
263290556
262535265
266832024
264504100
263632423
263525190
263328756
262276878
266777348
259171311
258539718
262411148
264324774
253130154
263615039
262438280
246310732
241431337
240536393
247491348
247468123
246593241
242423095
241395036
239942903
247447646
241368341
240828317
239914868
246351766
246357329
239977243
239964193
240496129
246637526
246334323
239091867
237512643
239245673
237433174
237462879
239802160
238316934
238094647
239893660
237382214
239838400
239866211
238122801
238283934
239738484
239260249
238334731
239773317
239280667
239108079
235142771
236420627
235122393
236791507
236430467
235886241
235707612
235834516
235638465
237263214
235868750
235924934
235590999
235155501
235748500
237317619
235134169
235857014
236482879
235810492
234420966
235078130
234468749
234250858
235063746
234197954
233668171
234971764
235109824
234399091
234951746
234150247
234433734
235001277
235032854
234447780
234435380
234392381
233680068
234408286
233655408
232016624
230475407
230425039
233637682
230463068
232106555
232051330
231199240
230530446
231220211
230550870
231156107
231110787
230535254
230510401
230498159
232067078
230484143
230448616
228120521
228186665
227178406
230398740
230361911
230349371
226525921
226551544
228832240
228221107
228798375
228233996
227379420
226576930
228868357
227156508
225776115
228957762
228903472
228751124
224675646
224897264
225696539
224636723
225084544
225069648
225600459
225571684
224321871
225018285
224817378
225724675
224767654
224330704
225003711
225037790
224733354
222762654
225050401
225057644
220348227
220395745
221169118
220287238
218181828
219783565
221626967
221262749
218212122
215777204
221218881
221248930
219770106
218196099
221574969
218033704
215745550
217984910
222533321
219789117
214584509
215072302
214724539
214643866
214170078
214217385
214009708
214798347
214190990
214992703
215021332
214767225
214044319
214102913
214859485
215004944
214150456
214681638
214134792
214070668
211789607
211535002
211784847
213175742
212604448
213171757
213132859
212587102
212436787
212197238
212176940
210249066
212508503
212629111
211735892
210233798
212571860
212481476
213232081
213193047
209208799
209442684
209278557
209229961
209045024
208521099
208505039
209421303
208465084
208348449
208378372
209180711
209077624
208393258
208291637
210202920
208491882
209116694
210217662
209143718
207649801
206889490
205271922
205263157
208241448
207453436
205231378
206855318
207492005
206818707
205204754
205383982
207532489
206874173
206811609
206125252
206843005
206788568
205196854
207655698
204362530
204485677
204137240
204570072
204276127
204331080
204560461
203712218
204541855
204464372
204425577
204089646
204433745
203745671
204509688
203643834
203585125
203614141
203559747
204526217
201422992
201381115
201338838
201308432
202855548
201391430
202168889
203490139
202923274
202909657
201404160
202933613
202827728
201365333
202897615
202880897
203524965
203442024
203494755
202794384
199312187
200711685
200620459
200694418
200722369
200589419
200730752
200703046
201275359
199220015
199182444
200679999
200556573
201244781
199045663
200675307
199271218
200639527
200544328
199281720
198385926
196952798
196942385
196932897
197668296
196866807
196971963
196204919
198488745
198422947
196887126
198943017
198035795
198437547
198885105
197658868
197709760
197694348
196964091
196909927
193642457
193619338
193586872
193688701
195652443
196142022
194253017
193631328
195643449
193662298
195627052
195609457
194287188
195635291
193616742
193600365
194213384
196173062
195660108
195629033
193530103
193570637
192689490
193515409
192707335
193547121
193462250
192668943
192625712
193165206
193115205
192579452
192551073
192359849
193559756
193075750
192685882
193496436
193420764
193065988
189977493
188583355
190459872
188567998
190505854
188478807
188405184
190430351
188546179
188666316
188516347
188495996
188571120
188640594
188533418
188505998
188597611
188621487
191227104
191189882
182091376
188130106
182402174
184364664
182366478
183771215
187679555
185893343
183487950
187732042
184328730
184304564
182455197
188360834
185918525
185852980
187480021
186011738
184343330
184274447
182082798
181817815
180940168
180566009
182001702
180964553
180650081
181834706
180327989
181952887
180615407
180659151
181001750
180589423
180300846
181907260
182017748
182037692
181934642
181981977
179308330
179814633
178601322
179832751
180025253
180265626
180017290
179726971
179949711
179398218
178377300
179265276
180054157
180037803
179289854
180061252
180045156
179911130
179387736
179876873
174263364
176133166
176060030
176017752
177487515
176096774
174240857
174229045
177425186
177545310
177902132
177650495
177588070
177363098
176117753
175439953
175452374
177919080
174249833
176136134
170277787
174208186
171771783
170111080
172464198
173807260
172667052
172367744
171612921
173827178
171473802
170865612
173717888
170816424
170247808
172439725
170230080
170266416
171645468
173443919
168884408
168873012
169527215
168194033
168225811
168893567
170067714
169508317
168789661
168859679
168744714
168202502
168234517
168244762
167408031
167396558
168831908
168771607
168895634
167379243
167309916
167364262
164449369
163057529
164438135
164935783
163472709
163709248
167285615
167247174
167210991
164969917
167330942
163684100
163722084
163698755
163045174
163599237
166945494
167352445
162841541
161169759
161072618
159273679
162210522
160152609
163030625
163004783
160121484
162761118
163016473
161124761
162195678
161933113
160072036
161874512
161830447
162811892
162985517
159309369
157842770
156122298
156105141
157109288
156900614
156914099
157112392
157509938
157092599
156941624
156779492
155998772
156640145
157125912
157152403
157058894
157869873
157805606
156916848
156141907
155780291
154406442
152975282
155715282
155081049
155255092
153290612
152973869
155996041
153319490
155610343
155056824
153628689
154181149
153575956
153541960
153534182
153387965
152964487
153242556
152279170
150614985
150803034
151788696
150736586
150721401
150575886
150547507
150768547
152197412
151195484
150706851
150783145
151378577
150754266
150689266
150388446
149786776
151513040
151940057
145572262
148238105
146321492
146335435
146825007
145493738
147541221
148219925
145612534
146257009
147035978
149770767
145559618
148266086
148841934
145538304
146284125
145515848
145458621
145391502
145172929
144675129
144710686
139346952
142471678
139330739
139318476
139767826
144690729
144587002
143164409
145219508
144567584
143172776
139303450
139240324
145103361
139219232
139257345
144610886
137731098
137683459
137636912
137590215
134148635
133841410
132978557
137577496
136982531
134168144
132903414
136738450
132981838
139148003
137657660
132801887
132842861
132585380
134184144
138420470
129496286
130397348
132123999
129588941
128677932
129252718
130376556
129527329
132131442
129331174
130354902
128742997
130306544
132543992
130245934
129617066
129577909
129231414
130285998
129633369
121217442
120379968
127679563
119493397
118684123
126714879
120226062
123030529
120360298
122120937
121382113
117139940
120108869
120101905
124763033
122078529
122991265
119515840
120347887
120256777
114229862
116981840
112698960
114406028
116332972
115044794
115345296
111732091
117129130
114470377
117120529
112770785
112596667
112086406
111225588
117108218
115365100
115325406
112101957
116322120
109340783
109107592
109409554
110370763
109150581
109385738
109074807
109022111
111151645
111044925
110333149
110359426
110669594
110108020
109355954
110406987
110056212
109322733
110437689
110424662
103417417
102658326
102514779
108460100
107411066
106357213
105046748
108385707
103380690
108237275
104394858
103516790
106999379
101944173
105021593
105872400
104170336
103346053
108258235
102673812
98582592
96257362
96782040
99924358
96213300
101206149
101239179
96275167
96763290
101354095
101276754
99946855
101225783
96268547
100690933
101261411
99288672
101932224
99906626
101177170
95628108
96102335
95642324
93680951
92083288
92058894
93662587
95441507
91530152
92728652
93299013
96151805
94829920
91546791
95463974
93316304
92960531
92892499
91511340
96130093
88834966
88809379
88920985
88935694
88906489
88876203
90800985
88319465
88945489
90674590
91497482
88296576
90739817
88989732
88775419
88971469
88957319
91421016
90708439
88853354
86899725
87519599
86760172
87415468
87566476
87520861
86736609
86780037
87555460
87393663
87514104
86851291
86802425
86820721
86916266
86936933
86836755
87501982
86862938
87544871
86274525
86218656
86711274
86689865
86631024
86600840
86226029
86669389
86261489
86192600
86171426
86227290
86158595
86143846
86276735
86125268
86250855
86236295
86183284
86208887
86105365
85998089
85976630
86025327
85603801
85513204
86107005
85615996
85963876
85588424
85582141
86088678
85499926
86059309
85569838
85540222
85529692
85553904
85943865
85596650
84782174
84938364
85487834
84983408
84964364
84927853
84901678
84872571
84830211
84926555
84944305
84848540
84972306
85463059
84797038
84911120
84882628
85433350
85471168
84954681
84678380
84605905
84051201
83966849
84129161
84640764
84156805
84072352
84571616
83887426
84145126
84110812
84023534
84539601
84093360
84750607
83918496
83997756
83943060
83851782
83320522
78461803
83394011
83355893
83347190
80958732
79228596
78509481
78498074
83280003
83246210
81043665
80980712
83329762
78483724
81024409
83302613
83312221
83379447
83368715
77782992
76721938
78427931
76708376
76738325
77797181
76828753
74604765
76816525
78445316
77746804
76691916
75057556
74584936
77815408
75034166
77763276
75160304
74594645
74614889
73554259
71873167
69097335
66961330
66922911
70083870
73534078
71977734
70063173
68735305
68722896
66879426
72016075
69123358
67012659
74550035
65863441
67043849
69074934
74566589
61411267
65408304
65420845
64452666
61329104
61587823
64888388
64395158
61377089
64411507
61811848
64911815
64860653
64949931
64833511
64427305
64440291
65024549
64934671
61576098
59825384
58885453
58241761
60434093
58652114
60349312
60327545
59813060
59789075
58966877
59026798
60408940
60445207
59058924
58986287
59800925
60311486
60418091
60425752
59836630
57787001
57593665
58009817
57980551
58110090
57961945
57760172
57892606
58061983
57774803
58115121
57877017
57944003
58082035
58196664
57675287
57611791
58039668
57682945
58186565
56560780
57164480
57094258
57173079
57059670
56571498
55630381
57153569
57124727
55661272
56680895
57137672
57110164
56586540
55620018
55578858
57074861
55678234
56605328
57577778
54919694
55332932
54900171
54871527
55298115
54894310
55325603
55134985
55535963
55305645
55340884
55561429
54930423
54879252
55149633
55113332
54908608
55337937
55089919
55209077
54263578
54317722
54343876
54448927
53877993
53781178
54399908
54429625
54672848
54376593
54284917
54391411
54680912
53807113
54246862
54381985
54820406
54444068
54361140
54440770
52989587
53373211
52683300
53329119
51981851
51989271
52627429
52958581
51851220
52667225
51970867
51993560
53381033
53401750
53410550
53354167
52648703
52639539
53364850
53292765
51567547
51560049
50771721
51552100
51465693
51451752
51093184
51163663
51827131
51119281
51540449
51503982
51108441
50782203
51485310
50790537
51505976
51082348
51434539
51126878
50232239
49607092
49672626
49002137
50517180
50759341
49657314
50507717
49683840
49547621
49346090
49625439
49344587
50482543
49332260
48995230
50509477
50241805
49319244
50494052
48988322
47130566
48371285
48955269
47111462
47472428
45981586
48393063
48938141
48965211
47122507
45990634
47426778
45997671
47490409
47393364
48978247
47439788
45975651
47376060
45495508
44889672
44917059
44871855
45499430
45761014
44857353
44879734
44827107
44897778
44924006
44912376
44844603
44801114
45490480
45761943
44933658
44905798
44818016
45450780
44287696
43748657
43758591
43731775
43992245
43993645
43996191
44585856
44556643
44550750
44577931
44540631
44522437
44568373
44531711
44512540
44501012
44283844
44231171
44562005
42986815
42968138
42963508
42901245
42269862
43275923
43254951
42987510
42955155
42931907
42628652
43220608
42911137
43261140
42974384
43207736
42923630
42979577
42261700
42994668
41784998
42039032
40748046
39986877
41792171
42044979
40781556
41554130
40723019
40711098
39993502
41777695
40732655
41816469
41549968
42030949
39980248
41824059
40462522
39974237
38847647
39165729
39186645
39193344
39965597
38887841
38867766
38878937
38915463
38897198
39202408
38856939
39155230
38926781
39956390
38838074
38891373
38920946
38904981
39175140
38068185
36845748
36877751
36872715
38111479
38105704
36824297
36853289
38115501
38061921
38098140
36840009
36868197
38093147
38117656
36858664
38077974
36832578
36864240
36884465
36565929
35626619
36792959
36579787
36812742
36784414
36745986
36557943
36597324
36532882
36591814
36603096
36768164
36541714
36586142
36549896
36754969
36608938
36803530
35631705
35614120
35582638
34116514
34933764
34179234
35568496
34155294
34134559
35605746
35602935
34912645
34916774
33899940
35620369
34173040
35589585
34147054
34923466
34927314
34168984
33235968
33881896
33890759
33241610
33863713
33843147
33136546
33145255
33225245
33220716
33216986
33213046
33873561
33230031
33126201
33119290
33871722
33834043
33107409
33851781
32989611
32993663
32985783
32979921
32969550
32973684
32965391
32737913
32762101
32999444
32956844
32947102
32748016
32961283
33098041
32768386
32751397
32949487
32756922
32998331
32506360
32494188
32482920
32218533
32190835
32510851
31990873
32500779
32514135
32231480
32223083
32225919
32205875
32522559
32175688
32518424
32488618
32735253
32729045
32689258
31760215
31745259
31770638
31714358
31703649
31968258
31929253
31691586
31748066
31939005
31984327
31918559
31775616
31741543
31754885
31960156
31672903
31764959
31979437
31880247
31307152
31268649
31467183
31313365
31290585
31085383
31314818
31212725
31230550
31221009
31101662
31096153
31078732
31091831
31304569
31294898
31285097
30993415
31276502
31072382
30572906
30503028
30324205
30533351
30522469
30504074
30796274
30249270
30754962
30339818
30776737
30289903
30279298
30566265
30762832
30972193
30505506
30545589
30983264
30332328
30091145
30233930
29809183
28690741
28149318
30099785
29820094
30097439
30025748
30242039
29834366
28133104
28120674
28292992
28352831
28155844
28301101
28703062
28284145
28112479
27215198
27492879
26714615
26294825
27285322
26720657
26270114
27755426
27760509
27269702
27750929
27955989
27962717
28105488
27466779
26727729
27279148
27123887
26122266
25718247
25502370
25477880
25302925
24778531
24585475
25472414
25464728
25332521
24781998
24535941
24761962
25458597
24593834
25651364
25710452
24471641
25326397
24480465
25306742
24580858
24200127
24306560
24137265
23946502
24206010
24186233
24183821
24150196
23970167
23977179
24159090
23955342
24338391
24361111
23960881
23987226
24322708
24196275
24141955
24167967
23637759
23620025
23628025
23719786
23623681
23647773
23558580
23609993
23595172
23632100
23659740
23831626
23643279
23590259
23602855
23665251
23837020
23798815
23726768
23652942
23361700
23395003
22312233
22297153
22476500
23146244
22638170
22776431
22424649
22408600
22320425
23014596
22306028
22316172
22470931
22301821
22606697
22433943
22381063
22291416
21761883
21759493
21696215
21921355
21768614
21741022
21925217
22284889
21755390
21589273
21582362
21890502
21752646
21748101
21585504
22218540
21898522
21744700
21685752
21679086
21560610
21402733
21415957
21455099
21527926
21393633
21542763
21444063
21450677
21549190
21566553
21534673
21457612
21577866
21451333
21447521
21555473
21572124
21460273
21410109
21283151
21134398
21149013
21386474
21277321
21159839
21146260
21107511
21380767
21305138
21290305
21296735
21287501
21152310
21141782
21272312
21293959
21307791
21155295
21138311
20798975
20635821
20770020
20630936
20811084
20775445
20755837
20980520
21099919
20972603
20748901
20729686
20975766
20954063
20967421
20802194
20759034
20963620
20741307
20806591
20605802
20592193
20472612
20444658
20611438
20308377
20577127
20569536
20430325
20584805
20435062
20626500
20452359
20617013
20438646
20301607
20305182
20312805
20600274
20621208
19806458
20293119
20282404
20267097
19965060
19810353
20287511
20073755
19960904
20259568
20079633
20131172
20275736
20125339
20117244
20062687
20065748
19795856
19791971
20253183
19491053
19640553
19209818
18866807
18861355
19637397
19494643
19216776
19769704
19634799
19631340
19605989
19202786
19203958
18914829
19775516
18898509
18908597
18876682
19778437
18762617
15982656
15968454
18740820
18850441
17564907
18753159
16379448
18843995
16126399
16255333
17561985
17806556
16004636
18737461
16131224
18744848
15991200
17862264
16372414
15086285
15071492
15210179
15810630
15812601
15831890
15518026
15222164
15850789
15242984
15238213
15961431
15821558
15506313
15215763
15076981
15795982
15081408
15510180
15790207
14882508
15063883
14785815
14924495
14893096
14910133
14903570
14794032
14792780
14790147
14789655
14782245
14783144
14891753
14878484
14893844
15063149
14879432
14962186
15058661
14671931
14248359
14369161
14746473
14646459
14243597
14775013
14238193
14686300
14681164
14693179
14741063
14640263
14375831
14750775
14765358
14705375
14772161
14757499
14734726
13740770
13907150
13766378
13951806
13918097
14099610
13746126
13773007
13913506
13952245
13753257
14090608
13953495
13950464
14228856
13952746
14234983
13944457
14095582
13937614
13507747
13726025
13574928
13503894
13221402
13481198
13512532
13424349
13731100
13215780
13571327
13406837
13402591
13387194
13368392
13239692
13735061
13563779
13534989
13419853
12776942
13059625
13065785
13199872
13070029
13073239
13204330
12942896
12933339
12771585
12897352
12760066
12924910
13078971
12764795
12755749
12903955
12938047
12929479
13202928
12614491
12401027
12452329
12580059
12449594
12423735
12422297
12425059
12391543
12607734
12574437
12457655
12455374
12596483
12627270
12443888
12619948
12449009
12749795
12586273
12231829
12245974
11739077
12218383
11590413
12029946
12042921
11597651
12017046
12238689
12192710
12252307
12381823
11601508
11429768
12005446
12046948
12010061
12024738
12211714
10976534
11241931
11422472
11281610
11305312
11236842
11294879
11299030
11255667
11414953
10967163
11247403
11136569
11111584
10971326
11260633
11267249
10982016
11407779
11287329
10729619
10716404
10720829
10965631
10708117
10965937
10725950
10731286
10603869
10602231
10703822
10940851
10609386
10600103
10698768
10712347
10814896
10615757
10949457
10694004
10584486
10364431
10598387
10349142
10375127
10589246
10371688
10506629
10509140
10478932
10466342
10358065
10457410
10503040
10452352
10595116
10499339
10488764
10461439
10495234
10041030
10228815
10222314
10215673
10203208
10091333
10108142
10211390
10244015
10330745
10333016
10332474
10102640
10337407
10322701
10194321
10096654
10340965
10226174
10209223
9967337
9939976
9987329
9977365
9956552
9943734
9876484
9953132
9939284
9875991
9875361
9877552
9983979
9994037
10038926
9997159
9947050
9992506
9961355
9972969
9851439
9829205
9780523
9779286
9780071
9869205
9865013
9781362
9845229
9874899
9841684
9856023
9838343
9837498
9833321
9873397
9847236
9862762
9874294
9779824
9645213
9767775
9504864
9629920
9491798
9597315
9613689
9640633
9764273
9608494
9602478
9759833
9776640
9604361
9496195
9771707
9513085
9499999
9623355
9635425
9209950
9178518
9076430
9477279
9209209
9335744
9208729
9330453
9081725
9323076
9087196
9484525
9463792
9218423
9203213
9346163
9331963
9340755
9222307
9318085
8724704
8621392
8749448
8952172
8981438
8973330
8862767
8853381
8867337
8977429
8848077
8629160
8744188
8737307
8959842
8858319
8609028
8988260
8847771
8965210
8443845
8575393
8579192
8347386
8480413
8344554
8330840
8583518
8485841
8335943
8447710
8459562
8606599
8338434
8470556
8597296
8328206
8465276
8456646
8452337
7886848
8324181
8303797
7904301
8307800
7983239
7907040
7923985
7987956
7968466
7993913
7885453
7880790
8300420
8001491
7977116
7973168
7916241
7998100
7919990
7804516
7768467
7870111
7876599
7698547
7555755
7774044
7628483
7488538
7493983
7878522
7785247
7686570
7551009
7560435
7777541
7548045
7543787
7553531
7497253
7406629
7232415
7322404
7313965
7301361
7289741
7238193
7333172
7216551
7400417
7395905
7306195
7244527
7415433
7220580
7329923
7308672
7242232
7311429
7403382
7143828
7133934
7150259
6975039
7153114
6907391
7212459
6904655
6900789
6911240
6989677
6983374
7154914
6914688
7073768
6996997
7145749
7142689
6909067
6986841
6678198
6686190
6680872
6743005
6593300
6586997
6763329
6761544
6768826
6771606
6683326
6836747
6589333
6747735
6841315
6761044
6660287
6601643
6766160
6826620
6470261
6331820
6462443
6327784
6267807
6528329
6468103
6584638
6260823
6455808
6248795
6525930
6325349
6464251
6330056
6321680
6460970
6452523
6265433
6329065
6237032
6105415
6165408
6242371
6188302
6182334
6231150
6190493
6102467
6222194
6179226
6226096
6171835
6184462
6175434
6107607
6246221
6227916
6161262
6158740
5885656
5959839
5951754
5843501
5836191
5956983
5954969
5835287
5822426
5888937
5819554
5841016
5963887
5801206
5966587
5803597
6083327
5838515
5817330
6014725
5645057
5298713
5277348
5412865
5416551
5469312
5407506
5747894
5297075
5746013
5414336
5296402
5664714
5293420
5280075
5657634
5742306
5740062
5797355
5751320
5197272
4875517
4794696
5190035
4792517
4797677
5062633
5057150
5132788
5059365
4788927
4781706
5137271
5068627
5065968
5199482
5274925
5192158
4805051
4873579
4729298
4705328
4513526
4571012
4777153
4702367
4707929
4563210
4569465
4720200
4648037
4641756
4731827
4736614
4636517
4574786
4567692
4565343
4512097
4734221
4500081
4365126
4381682
4451143
4369941
4420750
4353121
4440980
4507675
4438674
4433651
4427733
4418074
4375709
4373738
4430723
4390684
4379232
4356050
4505088
4214051
4184658
4039527
4189973
4095854
4046493
4200037
4290561
4187207
4210632
4175032
4251174
4295114
4196527
4178869
4040553
4352597
4352709
4099939
4087347
3810462
3872317
3812476
3919033
3873134
3872327
3849474
3878449
3852001
3861472
3847172
3979037
3919799
3872894
3876245
4037223
3875156
3864978
3923012
3870073
3725441
3712411
3791002
3728877
3706475
3637194
3635721
3804025
3638394
3723126
3733332
3807259
3809149
3715859
3638559
3786952
3634840
3633886
3731834
3638240
3442930
3437731
3559290
3512800
3440121
3407872
3569138
3414912
3445418
3442094
3619236
3506550
3514741
3509287
3417886
3516406
3511602
3623002
3508341
3488764
3250956
3396409
3403809
3396615
3332482
3272444
3345501
3246873
3343401
3270098
3342078
3243175
3335796
3400418
3342738
3274520
3406404
3326806
3255029
3393590
2864149
3166152
2967652
3021500
3164410
2866302
2907326
3241422
3160892
2919008
2903056
3161572
3062324
3163940
3018677
2972276
3066470
2969663
3162172
2974257
2766829
2765625
2861612
2854927
2814667
2813069
2760123
2724059
2660299
2657277
2761335
2758287
2624292
2722295
2624721
2762758
2665423
2648605
2852583
2859806
2568224
2564149
2618392
2616975
2595852
2616665
2567237
2604004
2607283
2566273
2565521
2561557
2623101
2608600
2615433
2599353
2561005
2572228
2571152
2564776
2470930
2515127
2462912
2472868
2560479
2522652
2516494
2464964
2458979
2560822
2521923
2476033
2525164
2520110
2477560
2469083
2520877
2469165
2560870
2468880
2446946
2313589
2392893
2457123
2448707
2402050
2416098
2415041
2368749
2413591
2451568
2421071
2399079
2307275
2416603
2405446
2312109
2419844
2308812
2370183
2185346
2175496
2255067
2193047
2197078
2260470
2181482
2257026
2178248
2148873
2187274
2189026
2188103
2194847
2258792
2183034
2171917
2288938
2147623
2252386
2123880
2145274
2065307
2081708
2136125
2073743
2140901
2050003
2057152
2007489
2146614
2142210
2082635
2079748
2145597
2076632
2052926
2139820
2061752
2074985
1994565
1997826
1845188
1772906
1779541
1941152
1930325
1898301
2003629
1937922
1839930
1777912
1847821
1938903
1793742
1939983
1843424
1847240
1782739
1991962
1739340
1765662
1648491
1710857
1726360
1708582
1722755
1720869
1655825
1651837
1649129
1576062
1612158
1653922
1763924
1648803
1759751
1737731
1657465
1728181
1462311
1459899
1166222
1469279
1408112
1411951
1509820
1161464
1572596
1514623
1410717
1512314
1301602
1162666
1160459
1297976
1471695
1574805
1520121
1516423
863144
730405
1058415
917971
923309
1157073
920701
1070620
927399
1066745
945295
1059561
1158789
1124308
1068419
942485
732449
1064547
1018296
864798
601315
599622
729844
688964
686707
586488
583092
587232
597688
687946
692523
727908
690151
585222
721681
729160
655842
584415
720691
726657
542880
544448
501543
543858
574146
539942
536608
528557
504832
502619
574687
542009
572429
571131
534191
541163
509843
503579
576661
532637
487221
431569
471630
465154
464075
463432
444647
431011
467838
470424
500397
469619
488493
449319
490555
468665
429714
485846
466606
446810
346967
345537
337797
311429
351544
343886
344603
367596
343268
313037
404473
313995
312230
309319
340942
341996
310039
428867
310380
369359
275702
270897
250483
222446
251039
252316
251690
269445
253541
240257
269972
256111
255324
240861
273993
253995
253468
253409
221967
221554
209508
208377
198071
199100
208739
182130
198930
181710
199630
191719
209982
182730
209122
182483
198336
183303
221156
180548
190539
191150
141049
139613
180150
150531
167940
142058
143267
173959
168325
151173
143016
150235
142237
142519
142371
141542
143052
167482
142664
167374
128918
132644
126234
139501
126202
125909
119239
126090
128753
125667
131132
128604
126393
131250
125732
131022
132792
131363
139309
128364
118338
113491
109285
105983
105693
113515
113615
104694
113400
111502
117792
118241
113674
113589
106068
113747
117870
113453
104778
118007
104562
94410
86217
88048
87908
104053
94559
104218
94260
94181
104637
104441
94685
104382
104283
94616
94505
94321
87974
94431
76234
76206
86045
85985
68280
85819
76340
68011
76685
68160
69913
70098
70030
68095
86112
76457
70174
85740
70055
85936
50774
52380
67933
67781
60250
50720
66775
65583
60317
60189
52271
59983
59877
66855
52572
65529
50831
52643
51177
66932
50277
39506
48038
50192
39584
39646
38241
38310
50668
50586
47989
39742
48109
42488
39791
50533
39755
42570
39720
48207
