1152403518
1195193678
1113864861
1113329131
1109091272
1109428515
1106741811
1195422860
1106910983
1152518001
1149743910
1109318784
1109206001
1105000229
1107294559
1195082919
1107380080
1107176671
1149882248
1107098177
1095733627
1091042017
1082129576
1086467432
1088498989
1095107671
1102032059
1095924685
1102142495
1088692129
1086960480
1084085593
1086637939
1101906827
1095892546
1093219385
1095808457
1102274018
1082438227
1080234655
1056581864
1056043677
1055873443
1075983159
1075836892
1058873948
1067213818
1058529089
1076426069
1058688841
1056509688
1067124289
1075747107
1065415017
1065318869
1058087350
1058228981
1076197895
1076340494
1058356555
1054064700
1049829712
1054424981
1042893534
1046003170
1040640698
1050012697
1040506765
1040612543
1054355674
1045938514
1043145608
1053745264
1042703753
1043046511
1053890714
1049710260
1038004017
1053345724
1037911761
1025439003
1025303820
1017657143
1025195855
1024854072
1035280447
1031697111
1021344067
1021233321
1017744895
1031546387
1031898571
1035813284
1037193107
1035670463
1037330055
1032027051
1035480972
1025540052
1024997866
996133466
1013281180
999381476
1015769777
998618430
999611341
1012964699
996677394
989551440
980331707
1013362497
997223255
989605771
1013123648
989187113
981907272
999227188
999051747
1015854043
989296272
962258342
944576226
978618049
942593567
978291685
937697531
973088007
973201228
944648364
942726907
966108310
939722110
935678110
966473317
933547928
931934981
937371184
980080186
942434616
977919889
899118441
906621787
911733453
905037546
903163195
906778382
911548874
905236913
905166134
909504996
903087523
931824247
918861227
905273044
904638208
901225118
918972900
901109944
909744259
918779429
891872666
885869189
863245072
892980573
891658593
884030055
898833368
885758958
874321045
863643317
863338020
891126345
859961268
898975183
889837361
893296462
893159814
874378458
889699953
884102497
848459040
836575190
834819012
831316616
852410522
844818128
850459992
840699240
852486096
854190011
854109829
840423153
854345675
848289261
854254288
848371397
850263830
765584336
836728893
844871863
691060985
702303362
700325280
700237277
692044224
690894510
706144674
690730355
710095191
706017344
702221070
710186908
700083939
684084787
692037052
702178811
731485086
699993390
691899753
765484066
683689782
679789578
683782650
677738476
683497569
666863251
666799386
679501763
681915018
684017244
683300315
678360536
683374616
678213665
678060154
681999237
677895646
677456941
683949082
680003044
664587723
654875605
661682896
648005989
661575925
658281560
654738421
646521801
637886079
637620547
664481887
665328851
658613029
658581166
646481325
646451642
665135978
658365062
637544497
637934646
630726602
600841581
600936052
635772748
598095808
630853066
595587392
632328896
627375202
601011397
599421057
595348458
599518615
593210743
598178830
608751471
635482920
608845323
595275129
630620086
590386847
591433046
591837762
567081398
569607667
588824256
585979261
580607270
581997669
572617013
591737947
567112369
576156290
589157786
593051940
576078780
576371885
576000847
585750944
590320439
563901784
563879092
559453597
564081178
565514095
563999328
563893511
566987770
558205722
558435090
562250678
559841899
565642279
565580729
565433628
562216616
550964932
549780240
563726671
567018954
529750504
526570237
532847823
547212421
529552458
529647693
549707073
528000457
527925840
547034286
549637335
532901939
547061054
528042591
526486395
519192450
538615658
538680953
546996571
548408676
517945737
512749098
512864092
501370685
517754954
515547019
514231543
514212814
488677154
488616307
487113468
515737314
517850386
515664437
500176011
487201260
514073618
501454836
514160527
500109730
483704131
481993754
487017417
482660407
481879694
480933430
483505159
482700386
483444170
483621640
483362838
482736748
483553483
482615167
481816680
481019172
480697824
481916758
481757371
481793574
478254247
480408599
479825300
479750194
479645944
479599417
479847716
478658573
479858131
478428970
478209019
477266579
479497496
478692751
478494647
477206743
480445327
480637191
478318114
480372238
476587425
473439454
472163454
473547163
472384916
476546022
473483719
476504428
473730107
476460488
473433122
472313089
471514975
477169922
473609163
473673012
471442785
472256260
471560023
472203419
469633507
471238419
470147245
471375999
470901038
470083446
471074807
470994103
469833184
469013366
469051145
469972051
469757342
471372617
469425800
470855742
470036754
469044541
471305880
469686333
467261198
468999852
467109944
466549919
466508302
466339692
437616621
466176034
466236108
467153716
467674725
466463434
467213625
466445681
467702595
467757278
468958176
467589796
468505055
467641211
430873550
407668677
411825764
409550124
410874847
410808055
415769388
428277951
435678652
408650931
409646633
408703324
409701819
410677311
415917517
428114544
425167311
415865536
437423132
407681261
399017802
384812592
406646376
388058595
402894864
406576862
383678037
386418643
406650440
388170330
387958506
386547505
383712393
402942095
402929445
406594899
384950836
383632171
406503519
399077794
380223436
380162469
381433234
380284496
382440856
383538044
381390300
375926243
379070677
376334191
376003400
382516084
383223089
382506635
381469806
380098792
376083851
375074346
383492685
376286586
373877073
373756783
372727303
371711030
373808502
372767614
372557666
374835240
372626919
372611853
371622392
371462309
371113764
371710415
371377972
373706508
375009316
371611913
373593033
373922636
363383672
362458172
364050261
366922095
370146121
362636356
370447785
364517435
370365476
362697508
358941006
361248764
357405396
357360534
367048942
364614724
364031683
363846898
362502692
363966831
314376117
352863524
335838449
334481324
321267394
356294872
311467941
335895600
308686371
308728631
312402960
335747757
346448174
346401446
311507602
327551763
352893672
334581996
322522052
356205395
299496701
303080156
266864588
264450476
299435145
304608631
297402449
307596273
300474644
304751008
306610214
308668381
308557245
308622337
304575162
306486949
266803581
306657332
307668376
307544812
263580374
263554917
262385766
241127290
239739720
239544128
262511470
262613112
264412165
263688319
239683115
263663368
262632760
263395326
234770665
263433706
240343600
234804767
262531941
262426855
225378484
223909356
234723899
223953790
226138259
231342845
223862490
213771371
226329530
219345723
219244779
231366660
233265474
226105058
225481076
225437519
226282278
219294228
233313511
233217268
162605871
162561277
159020377
162496033
165331210
208620946
159064731
169883935
213739062
213687854
201000579
200958185
169820819
165387850
158968995
162539959
165474313
208591881
208577772
201052686
154545815
151029082
151734454
157196914
154484047
154501378
157214337
151710026
151098180
150178068
144979366
145016049
150276199
150983588
151894058
151797507
144899798
144937202
151848419
157219631
135215025
138853228
107246625
103899331
103259318
103173592
106624514
106924220
103940178
106847006
103297969
135173262
107231896
135197549
103132789
141169222
106882211
106608015
106140384
103337089
103092930
101807544
99430978
99347579
101876063
101892753
99418871
101841066
99328472
101858423
99355114
99310205
99441067
101790953
99206013
99443026
99266343
99233526
103061079
102219045
98091593
99003884
98369989
98917808
98293275
98252794
98213901
98052281
98023608
98514695
98544336
98484152
98450003
98117701
98028964
99171567
99133870
98319468
98885027
98410736
95821110
95394409
95846254
97585125
97625854
97543807
96369854
95362426
95245609
95280784
95199584
95874788
96340192
95463495
95156176
97482233
95435977
95777699
95871329
95864504
91361558
91313711
94013999
94902455
91284806
91161894
92480444
95111176
94797516
91184894
91386441
94733085
93924314
95137892
93977986
92447061
94828628
93049431
93123048
92381228
90611199
89711726
90425401
91007952
89731687
90528932
89705542
89752351
90962956
91137928
90365250
90984524
90669425
90336546
90701463
90553978
90351790
89865093
91109148
90390642
88387942
87725285
88326566
89231801
86402727
89175757
87702263
87877583
86496092
86379420
89398999
87846759
89309642
89281199
88347784
89372430
86463139
87795358
86538375
84969911
79401352
83926309
84097283
81647035
84075762
83880445
83345855
79346505
84140123
84523490
84154271
79633458
83826039
84686896
82518518
79367235
83301467
81661441
84114447
83204622
77967230
77951574
75776241
75750058
75483894
75435582
79290366
77993878
79258905
75523168
75563496
78021780
75719947
75405638
78607100
76641636
75146755
76699820
76721227
77443655
75122081
73426164
73360664
74800259
73329462
73394036
73942405
73773902
73736202
74778427
73917735
75025535
74978693
74066235
74042460
73893405
73970774
74243822
73265708
73706332
72674130
72629301
73051100
72689655
72647815
72034722
70605786
70022060
72079814
71797606
72058101
70327870
69540667
73017095
71715856
73256422
69866687
72003349
69943626
73022754
69238751
68147394
69455076
69398238
69421804
69498378
66987348
68172628
68228596
67045248
67029974
67002318
69382179
66967040
67932959
68115819
65786226
66575470
67076868
69125781
64938429
61732428
64950255
64405392
63533847
63036647
64424440
64639414
63615344
61954277
65545635
63568653
62655113
64170858
64379200
62722474
65336077
62767626
61522785
64924558
57593983
61512746
58572052
59143715
55936137
60107460
56147759
56078307
61432772
60958013
60071602
58584934
59173782
58708666
61115111
60089798
60086406
57622531
58279209
58318894
55274930
55616905
55913075
55857598
55829143
55628390
55416195
55478588
55611451
55237015
55816607
55452075
55432357
55398524
55176873
55172187
55505280
55592559
55387638
55198762
54757579
54873896
55134459
54952727
54840887
54978798
54987832
55039939
54902053
55001817
54745258
54892915
54776823
54732750
54968269
54862227
54820406
55114859
54882656
55014023
49887789
50607667
52403223
50346094
49989814
49981248
49143538
49130326
49974328
49098149
49083481
47538753
52394136
47532854
47524329
50343189
47545790
52324650
49112649
48986503
45349625
46321040
46015483
46333709
45440495
45215554
45390734
46346336
45681351
45335879
45201399
45899390
44908381
46313118
45424566
44857447
45996638
45911210
44910144
45945108
43998393
44717044
44697989
44115264
43463596
43095428
44725600
43937476
44246985
44185356
43564903
43944881
44107330
43446582
43701843
43385793
44514327
43260372
44228472
43404064
41218585
40577332
42131079
41337856
40565871
42794151
42768159
42447252
40558625
40329524
40066716
40919372
40570162
41202544
41435360
42192770
42415031
42431381
40872794
41170697
39630864
38874630
38998156
38330750
38574378
39653982
38759927
39643725
39620943
38153509
38691562
38586792
38467519
38613513
38689112
39831325
38742529
38681683
38986443
38416342
35864209
35847903
36272031
36043767
35836890
36112211
36084100
36054734
34411424
36279635
35869197
36079393
37146623
35901467
36107610
38060280
36845426
38145638
37320788
35896379
34203582
34244012
34181592
33373256
34076972
34169172
33355470
34216949
34210213
34255664
33382193
33796236
34274325
34225278
33356635
34232503
34189104
33798484
33911596
34176217
32970148
33170887
33304909
33177141
33190085
33288478
33324244
33185439
33169887
33167041
33106142
33171703
33097000
33308525
32975621
32965320
32981222
33334657
33168126
33087791
32912335
32672276
32658723
32669535
32867455
32682821
32666217
32921643
32662371
32942818
32883715
32856941
32843768
32930601
32669844
32664955
32951612
32660886
32667919
32662191
32656810
32597766
32380828
32349554
32298765
31994796
32421884
32367675
31984214
32587747
32334724
32407138
32391448
32306393
32004150
32626820
31970151
31958119
32643841
32610881
31761376
31947157
31758395
31692862
31739365
31476279
31753413
31677849
31460183
31528343
31645210
31530234
31453907
31555201
31539506
31744151
31765360
31670976
31656831
31548048
31032614
31429525
31231612
31420108
31253343
30986047
30783652
31447846
30745867
30965634
30999971
31412817
30983740
30977684
30947291
31241060
30730245
31223106
31018738
30764349
29871671
29810203
30716180
30447042
29689877
29684144
30178662
29877367
29773766
29571357
29563203
29882314
29578111
29545559
29823163
30475054
30494540
29889879
29815740
29781831
29470279
29323783
28086279
29435959
29243900
29236214
29218589
28097019
28347067
28118490
29226454
28369143
28143002
28363639
28342005
28149847
28131070
28126363
28101838
28121330
27960776
27947520
27862516
27414867
28073391
27038167
27933724
27849473
27956166
27839968
27868610
27318609
27937773
28043684
27940606
27757283
28061494
27047760
27965328
28050246
26512186
26713047
25984610
27006593
26674453
26649858
26001844
26698815
26668994
26482951
26217648
26688398
26613888
26658780
26227053
25970652
26678906
26806077
26706001
26236791
24887724
25089353
25152872
25449321
24897239
25100121
25626184
25147908
25113527
25078115
25609735
24906529
25838936
25826824
25889462
25816055
25590280
24974062
25558718
25618725
24177818
24106719
24576126
24566570
24677231
24480344
24853950
24557602
24865993
24878132
24562919
24844589
24718214
24138747
24730301
24830607
24147793
24779563
24570679
24490591
24020770
24016942
23926302
23820560
23897180
23746024
24012334
23620033
23936942
23711494
23755930
24026270
23906923
23764434
23945229
23963467
23953104
23523078
23772486
24098045
23407617
23170862
23360488
22946133
23343417
23298544
23220270
22977777
23324575
23500643
22983560
23335353
23393177
23214337
23305486
23158963
22679682
23315424
23123618
23097282
20681952
21427557
20463693
21515942
20270401
21538575
22175989
22068035
21692095
21723529
20477121
21402733
22676957
21693678
21532550
20689467
20471513
20466948
21526386
21699485
19299421
19643055
19494491
19491499
19412030
19620756
19587218
19639534
20083965
20067830
19274029
19150047
19624647
19647126
19482448
19630832
19635600
19497902
19615260
19305152
18650409
19133278
18845562
18658113
18826556
18801511
18664022
18867010
18855642
18678157
18645022
18477568
18834741
18671187
18633792
18639450
18821661
18810873
18900728
18483360
17943835
18345467
18220801
18261425
18351218
18077446
18049157
17951198
18411119
18061953
18408379
18257646
18215776
18404640
18402435
18268274
17958004
18400075
18355350
18270641
17762992
17784345
17854059
17752529
17323186
17027582
17025276
16963558
17777381
17789706
17602097
17381341
17032935
17029538
16986419
17609863
17329075
16959770
17935740
17772103
16948111
16611195
16589461
16578965
16950792
16906088
16770771
16754714
16909837
16762440
16634406
16614046
16758494
16751779
16600965
16618444
16829672
16606348
16954458
16647929
16339016
16356348
16331594
16260404
16257730
16234308
16357741
16441649
16487699
16468878
16325777
16567128
16362033
16344495
16474064
16262579
16484635
16229121
16494561
16491310
15840775
16002106
15998470
15951410
15976785
15943103
15985265
15936192
16137268
16211318
15843653
16134758
16223612
16090368
15929871
16093323
16006916
15970889
16109961
15848248
15639682
15673748
15671325
15633812
15805267
15774208
15663591
15650306
15781726
15654991
15812415
15761768
15619153
15675301
15798834
15677900
15644663
15818501
15790051
15659221
15610037
15502607
15488075
15498660
15492457
15378624
15442050
15357988
15330815
15597715
15446632
15480719
15237826
15462598
15336970
15452564
15364452
15342818
15474779
15241520
14821197
15071059
15159590
15077128
15044761
15009680
15090854
15057464
15015049
14902402
14846564
14827947
15212462
14837959
14815363
15190120
15051992
15146759
15095732
15065118
14512328
14706030
14710243
14573661
14565995
14802594
14791280
14767461
14799133
14793065
14787163
14762026
14757925
14716754
14699775
14668712
14560969
14774379
14554799
14499506
14352280
14236482
14098536
14074519
14093670
14057289
14360265
14052385
14477229
14483316
14382619
14326449
14307305
14069597
14011564
14063286
14365953
14323485
14491965
14462922
13207354
13352944
13996890
13906377
13339285
14004304
13247075
13363860
13237277
13993057
13665842
13665975
13665733
13898886
13988819
13229548
13340432
13213707
13666296
13241954
13093203
13188722
13095565
13064167
13054174
13051195
13043496
13035636
13023030
13087088
13180700
13189595
13014008
12993886
13005934
12983088
12988516
13199664
13100066
13070712
11510483
12898724
11986664
11799491
11735201
11993773
11514203
11537296
11088050
12005040
11962795
12923383
11794494
11970061
12719990
11453498
11081341
11448927
12012766
12918666
10842686
10914691
11057687
11047532
11008191
10907702
11075588
11014522
11010984
11024455
10849371
10827356
10825069
10804367
10903102
10934516
10919707
10830546
10821242
11003402
10566670
10782717
10663579
10774701
10656702
10799255
10720969
10680956
10613282
10610542
10609227
10604514
10580221
10778366
10653803
10673109
10676626
10668365
10771190
10572170
10493660
10332934
10376799
10502168
10445441
10340851
10336926
10497684
10441281
10373086
10462788
10467264
10452082
10440777
10562877
10324942
10491286
10380596
10330089
10455845
10084333
9984921
10171155
10166945
9988603
10072313
10066796
10096215
10091625
10162545
9973305
10182826
10087981
10069168
9993711
9978584
10065887
10067491
9981288
10055009
9836699
9938242
9795210
9708681
9965722
9929534
9960586
9831864
9823481
9792861
9816790
9747756
9734477
9814719
9828443
9958083
9930956
9752244
9737521
9743900
9618599
9702838
9649210
9646602
9595460
9594895
9600141
9513241
9642245
9624213
9615363
9603543
9506448
9519471
9509760
9585416
9607725
9627796
9697075
9508036
9493126
9475035
9488346
9493345
9470452
9446029
9421896
9440936
9454053
9501830
9492969
9416126
9492810
9493172
9454974
9325659
9467942
9372437
9430386
9461403
9134766
8965318
9293049
8974711
8969019
9172155
9177023
9076508
9158338
9055543
8956092
9163118
9085100
9041717
8952738
9281713
9048651
9088901
9282201
9297559
8866873
8944851
8935179
8846895
8932397
8831777
8843362
8828672
8837985
8948655
8831436
8944092
8944776
8863469
8823125
8747366
8832033
8742318
8849133
8739186
8569354
8471626
8724971
8485193
8614312
8545143
8466733
8568308
8701497
8719011
8734959
8625511
8590140
8619048
8705814
8711550
8628274
8621908
8603239
8577107
8457373
8448064
8342950
8414605
8402637
8341188
8341171
8310960
8341983
8355398
8461793
8423739
8333599
8337347
8300276
8316842
8452669
8350812
8347767
8323913
8161679
8152809
8237809
8147005
8193712
8143395
8127367
8218565
8185991
8190453
8212709
8212839
8136693
8131782
8149778
8155600
8197247
8122512
8240256
8139745
8075397
7800238
7935399
7786513
7782043
7867608
7863404
7792158
7801909
7754737
7746406
7771003
7796365
7749654
8007763
7933092
7806076
7774921
7686812
7886145
7619429
7681109
7617116
7614647
7641308
7556252
7639877
7547009
7594826
7674582
7659120
7598616
7540993
7561309
7551195
7670969
7543566
7663117
7522267
7588938
7490274
7392873
7291602
7326472
7283506
7399532
7277433
7467884
7273344
7477936
7487979
7464741
7319893
7409229
7472691
7296122
7287849
7485651
7324265
7470466
7228627
6904187
7233771
7213153
7205871
7153838
7195711
7229928
7209762
7204426
7198305
7219060
7185414
7182004
7179658
7191692
7148896
6899843
7054755
7201188
6807522
6873401
6888792
6830594
6817792
6811902
6744230
6876275
6842995
6895428
6800966
6895996
6753308
6838185
6803572
6756850
6833802
6896444
6846403
6749373
6644851
6590016
6651623
6672171
6572241
6674306
6577227
6657250
6728256
6669957
6654576
6574830
6709898
6663050
6660243
6648034
6667059
6740520
6736296
6731449
6500293
6567367
6518455
6458007
6502663
6512002
6514538
6507973
6565043
6552307
6455622
6453412
6555700
6554307
6451237
6557336
6505171
6562144
6551031
6449492
6388966
6387274
6443456
6425701
6393725
6427728
6384088
6323278
6372049
6431497
6369799
6318749
6447901
6445368
6326159
6367619
6429625
6325378
6312149
6328867
6282003
6240404
6210724
6199852
6308096
6295161
6286206
6219869
6290741
6298374
6292862
6243618
6203160
6214582
6197342
6234054
6219914
6283282
6279526
6288461
6142619
6125464
6157139
6059867
6150559
6160865
6114698
6118883
6082754
6153056
6165755
6117312
6074196
6071679
6066397
6064163
6145534
6082383
6082564
6148210
6057140
5995426
6007629
5934801
5991091
5923486
5989036
5948353
5998946
5987340
5986405
5978703
6048153
5945279
5930362
5925628
6014521
5938203
5930063
6003440
5836646
5896172
5881008
5881855
5916703
5917995
5838528
5891918
5888081
5914039
5875003
5885354
5912923
5878589
5847095
5845023
5843599
5840828
5799901
5796642
5668243
5638144
5577460
5627060
5755562
5757570
5630721
5788968
5745034
5661521
5621015
5590367
5584434
5737231
5791608
5665462
5642273
5586697
5753265
5580380
5570764
5494173
5436032
5489419
5495908
5437725
5502159
5563074
5499943
5574270
5527410
5434509
5484283
5530671
5486735
5464728
5442403
5523539
5566535
5491585
5356233
5415558
5423556
5430488
5416953
5401511
5399834
5428927
5433131
5425636
5404116
5421767
5431983
5425470
5393920
5391245
5396570
5419719
5388103
5425311
5293155
5342878
5287622
5337861
5354102
5346562
5350612
5302704
5294574
5289315
5281408
5300750
5275381
5269556
5278237
5285763
5352382
5283565
5291666
5290990
5269216
5135300
5140859
5128252
5211332
5206813
5127073
5177710
5115928
5097205
5185168
5121032
5092635
5208900
5181265
5118963
5082303
5083967
5090608
5123460
5001784
5048116
5045072
4993889
4975513
5050501
4991198
5009294
4973840
4978099
4995587
4972135
5013276
5011765
4980676
5042172
5003703
5007562
4982904
4996807
4930603
4644222
4684197
4901174
4918458
4898938
4924721
4905389
4636996
4634170
4907849
4630990
4927571
4933945
4639228
4970191
4922250
4911017
4968533
4903207
4572710
4553206
4577539
4621570
4574621
4613046
4565910
4618773
4557743
4513799
4585864
4562446
4580942
4623966
4551540
4549523
4579236
4515740
4627881
4587902
4382771
4481785
4444094
4439657
4436994
4380512
4479189
4361556
4510077
4505530
4379059
4441778
4439017
4374477
4357369
4508015
4385172
4511537
4377461
4434435
4254856
4189609
4183631
4354296
4267186
4288273
4207758
4211542
4213290
4200131
4196096
4351663
4250508
4262757
4203367
4180628
4294078
4193804
4297073
4280440
4098638
4098016
4111640
4112151
4095682
4108243
4099988
4089827
4050016
4179858
4083257
4101706
4178973
4126248
4176008
4166772
4112059
4111014
4093217
4170436
3985615
4034491
4028145
4030647
4047207
3939944
4048977
3989043
3983540
3979885
3972941
3968387
4020687
4023763
3976519
3969939
3966266
4017819
3942927
3941777
3929631
3880952
3751537
3745955
3937966
3744001
3928048
3714321
3879361
3711533
3747560
3716678
3931862
3933685
3935317
3925991
3882846
3874673
3883332
3884975
3600554
3570211
3707941
3610370
3605654
3679243
3572164
3568507
3566094
3703918
3701845
3573577
3562656
3568124
3687510
3683036
3598711
3564359
3612968
3603311
3456967
3510808
3458642
3509984
3511937
3510278
3555433
3510580
3452696
3511064
3498194
3460186
3509496
3557432
3489030
3509354
3509672
3502074
3511345
3454840
3302825
3442071
3164579
3237295
3447456
3399080
3254920
3449796
3217225
3314501
3245662
3212863
3240787
3402253
3309107
3221523
3434186
3440272
3445434
3305528
3159833
3145523
3143774
3146579
3089058
3093598
3079054
3147030
3090033
3117798
3080716
3119407
3147522
3149330
3125636
3127526
3081900
3092184
3118454
3126565
3024780
3024004
3074485
3027347
3057718
3020064
3028511
3018924
3070860
3021048
3076106
3029420
3054485
3021796
3026623
3060586
3078017
3073347
3072277
3022772
2953440
2981432
3001519
2980460
2966518
2951609
2970338
3017815
3013238
2963879
3015759
2976618
2977656
2868258
2978260
2870089
3003952
2979933
2972696
2955561
2843499
2807424
2798432
2838346
2810072
2803748
2795322
2849301
2841241
2805564
2860201
2782708
2801035
2780515
2837485
2803977
2811917
2864509
2811081
2851406
2766653
2662588
2759841
2767398
2763884
2676688
2750201
2664372
2758104
2720622
2669285
2679808
2744556
2752872
2666201
2688755
2769888
2765338
2768746
2760954
2474264
2620855
2498406
2471124
2472632
2511840
2622677
2506079
2469700
2467140
2509592
2619557
2475499
2647771
2565623
2473117
2612400
2650180
2550226
2503138
2404770
2301017
2295207
2288138
2241214
2461488
2243407
2405103
2458311
2337934
2242519
2269173
2240631
2350736
2347515
2244534
2291243
2282191
2272996
2238841
1987001
2118214
2103295
2227606
1992014
1982001
2237179
2191832
2238525
2189345
2128901
2120563
1981553
1981068
2137031
2238040
1984169
2133582
2224653
1978971
1872184
1967761
1838342
1821113
1975914
1822785
1933873
1879054
1964558
1915840
1874488
1922432
1822292
1914493
1869858
1867347
1821779
1929860
1823821
1821569
1816245
1814161
1810869
1710057
1715422
1811277
1773755
1809233
1775497
1721944
1818713
1718294
1809034
1820091
1726537
1772307
1709898
1767329
1729810
1786942
1630850
1615663
1588841
1702436
1578859
1577123
1444054
1440121
1641668
1614507
1647181
1588670
1639151
1610651
1705102
1666397
1613122
1636163
1695116
1606222
1435474
1256077
1384367
1379844
1212605
1205670
1200507
1108376
1291724
1388217
1297132
1278397
1271973
1253330
1200898
1112362
1111285
1392301
1299347
1209522
1062082
899848
1100093
1004520
1059393
1090837
896980
990131
1098858
1057547
987551
906018
1068098
1106757
996285
984414
999537
1105491
1055654
1043354
759603
732210
726190
816493
755191
727469
812968
783578
777895
728678
851392
855825
787591
757236
753274
730448
730209
725451
710119
823666
629543
674383
666218
664109
639680
636737
634097
683120
684477
669894
668432
667070
676298
647973
604430
685842
631943
681507
672413
665471
540488
554497
563939
536358
539495
553593
562681
520069
497804
542474
538013
561590
517765
534016
531693
535485
541200
494676
529974
492515
87161
445392
476055
82098
448847
442859
81410
479991
444114
454429
86790
474530
86595
86254
86405
79242
86236
473289
79748
78565
73309
73259
71963
73782
72175
71841
73537
76327
78484
72226
73357
73759
72976
72285
76256
76564
73642
73508
72075
76421
71721
71415
69776
71538
71548
71441
71340
71185
71120
71074
69642
69700
69852
71477
71017
71749
70938
71634
70842
69551
64310
67513
65299
65351
69243
65034
64516
68879
64429
64640
68812
64960
69210
69288
64898
69452
65096
69108
68932
64665
59527
60026
63851
59681
64136
60101
61981
63611
60228
62087
64097
63910
60169
60732
64253
62164
60657
63807
60107
59622
56737
54035
39711
30278
57084
25310
57233
57164
56877
56656
25553
25469
25165
25100
25388
25410
56821
30360
25214
25280
