766774545
822547561
772774466
772703799
772602093
772549301
769011238
768462701
768711435
769265317
767612081
767594778
767344519
766871472
766802078
770284163
772743354
770621788
768495416
765947366
719695196
718334605
725904589
763550650
764176577
725835628
727406239
763598478
764906042
764130179
763664799
727594053
765664352
727456808
725868998
719961124
719755419
762219704
722235735
765733373
710508654
716273573
709059925
715332962
710466488
710156031
714347531
708950873
715782149
711253671
709006284
710546899
715219353
710528319
709921898
709982553
716246012
711575632
710402018
708846943
698730593
708482925
708411504
708286865
706502996
706437998
700674096
708625109
707815504
705789003
708178486
705658918
708806861
703713826
698643272
706569177
708065573
707965884
704154199
700637929
696104023
689595800
692402512
694781806
692635494
689679394
691376362
691543649
690980214
692375071
691268298
693529230
692535210
694612794
692589244
694702805
696030593
698515818
692485213
691701975
685429627
687075131
689413254
685955112
688956787
689236822
687875646
687784796
685862375
685752316
684233813
684194947
686114593
689143531
689477965
689066344
682228342
689557472
689336033
686981416
674022074
673021037
674373707
674240443
672908319
674115941
680769008
674602819
680675257
680730605
672975459
679595707
680705228
678498901
673867022
680600844
676597590
673772489
673935839
673699816
672538811
671183507
668078030
668103663
669010618
669114607
666013262
672631793
672697519
668049469
667998287
666047405
665949256
670993090
668162989
667467818
671263074
672843687
668131416
671078790
652453107
655342377
665893189
665531684
652603127
646676198
652722604
665715727
665479590
663455366
646651890
656801969
640999677
663535605
652802068
663847094
655394955
665821102
663793855
663732642
623917190
636208665
633230915
624368312
627540146
624323944
627438801
636171385
627513311
624225608
625732342
629177231
636146493
625671745
627487113
623839889
624265136
623094980
629091828
623076230
621768664
523410822
620136543
620106160
620356717
621587044
620606386
623053117
621632879
621886816
620007256
621615567
621743885
620562823
620327477
619969885
620678237
621697890
620459791
620543049
511356089
518036747
512984424
523388318
514461634
511383929
511336896
517946311
511240133
517978420
511422400
512939420
511527895
518061450
511492729
511246735
511170857
511576303
514419652
511315445
501675015
510722802
510823734
510945528
501730663
494070641
491798654
501871934
491887840
491460233
511048422
501820489
501755186
492687240
491682156
494100308
490799263
490710846
492683992
502010232
478850756
475523822
490551500
477069895
475560911
477009860
478356108
478883313
490450605
490495943
479751499
490625538
475508932
490411001
476018630
478454621
478513180
477289462
471815046
478831046
440767681
452191826
450472885
471792291
464875012
452169479
459094598
447601604
453083523
450337598
471763108
464771519
453164462
447414782
456610321
444492972
446149643
449599348
442544497
451919780
437812271
440686863
439049051
440346563
440002744
438615263
440332852
439154597
439908211
440742493
438991157
438037575
437787219
439202173
440459953
439135240
437749452
437999437
439293316
440749942
431978697
437585799
433892060
433730836
432353087
433978766
437670277
437504059
434394635
433652973
432472696
436102718
432434064
431444219
436204124
433839679
434473672
437628519
437700328
431423132
428811921
428661059
430898944
431291912
428716602
430524411
430657807
430044575
430025548
430004515
430610263
428738638
428629374
430563945
430104092
429433365
429601849
429747320
428777595
428678592
427208782
428105798
425430945
423734747
425788867
425634606
426792113
425758178
425028826
424893962
428220383
425699751
425732123
425663118
427180934
427146935
425098278
427930965
426870206
423794031
423698436
423652475
423714320
423544292
421307213
422593129
423629858
420867722
423461186
421403458
423578365
421364630
421164552
423520572
421260196
422707955
422886706
421481817
421047387
421183109
417028462
417961640
420271184
417699961
418076233
417969376
417265913
416844894
420398942
419229022
417859826
416867385
420202926
419381096
417896857
417763319
419250634
417241111
418174972
419309362
406505491
408765938
413008759
410819554
412001535
410727253
406445357
408839353
415769388
411505533
410840799
406501898
410895009
411939213
411847961
411553308
410776237
408831478
408761214
414494385
402047666
403933093
401956298
406146170
403994187
403172752
402855845
403881887
403125447
404170015
403149959
402072149
404089602
402031250
403803761
404143606
402924898
402561300
401854013
404024860
397827376
400200660
399755263
400317334
400267107
399442837
399776434
397271198
399733217
401548702
397992450
400892405
399771609
400755380
401429399
400630720
401366535
399373116
397912412
397204876
394968047
393182535
394476044
393135135
396965295
394529256
394511849
393868160
395232292
393277644
396920381
393230698
393206944
393256469
395150512
393161256
396768081
395417607
396537982
395053969
390694125
392450570
390039160
386903748
392658339
393096674
392684451
390640199
387358093
390977266
392513855
391219695
390665196
388432549
388664804
387417245
392680511
391285557
393044845
386835246
386225587
382487035
383322996
386610753
384183605
383043572
381904636
381848106
379964276
379772184
383017181
386755699
384145626
383107588
380853186
380214178
384083257
380029816
384232471
383397468
376994860
378760721
378687834
378639880
378417314
377531579
377115404
377069990
375649193
375596656
379070677
377249473
379679901
379187173
379160890
377338575
378705209
375117484
376349520
379600438
375026469
373113782
373893995
375010209
374588526
371938040
370332509
372153167
371165740
373158860
370846164
371980442
370038037
369934017
373593033
372026690
374528269
370031076
369622505
373925758
368811281
366145596
365062485
365021217
364659825
366196610
364783597
363952176
363917097
367275126
364807889
364383269
368853677
364974496
364579796
364325989
369575009
369476624
364284887
366600428
360587389
359268104
361036512
361001851
362793505
360801782
361333894
359336412
362636356
362697508
359874363
361251845
359161492
359441169
362107997
361424009
360806794
363865111
361124571
359377908
357929194
352419156
358027430
358359203
358606778
358734552
357880805
357851057
353978025
353776024
352499460
354009325
356730490
358323597
356750741
359098133
357846020
352350333
354013304
356776316
349119553
348132389
344560287
349209596
350810634
347964035
344599366
344192077
350783859
352188274
345952423
348056117
347175295
344988374
346025327
349134748
345058655
350949833
345114077
345708684
332504555
332021350
333185346
332394194
332468697
335565076
332370520
343911232
332037748
334431549
336819890
336771735
333021778
335495745
344177590
332940147
332438911
332428493
332475206
332057536
331699978
331791745
330785931
327869004
331536592
331988965
329816556
327314511
327175272
331843828
331625220
329132050
327912273
331480103
330805001
327329383
327948143
329242785
330851888
330456305
317570023
320303832
318956373
327006718
316257593
319905288
318881577
318012685
321218191
317761771
322378066
319013646
320963564
320895810
320920170
322289991
319874235
320884516
317839691
316723195
312450355
316202378
311647483
315361499
316163138
311669008
314568346
315136172
311638569
315229668
315103052
314032439
311717225
311701450
315456009
315170485
315281625
315411561
315831744
315500224
308494311
309027981
311424030
308344044
310334404
310237915
311354039
310360369
308982772
307464227
309001701
308424123
309817024
310043277
310077790
311619087
310260797
309747334
308980945
307388215
305922618
307379360
305923554
307138183
306873152
307165853
307211045
306857262
305941052
306888729
304834510
305982524
306843920
305961579
306821762
307159619
306809708
307164292
306034407
306003257
299645432
301260600
300538628
302091718
303023352
300137825
301448064
300133033
302117114
300770763
300751994
300041112
300244065
301291127
300076149
304485125
300023693
299615778
301296047
300184325
293924806
297275433
298989904
298520428
293716372
293807492
293792899
293800403
295109546
298477239
295074988
293998139
291306895
296436139
295167914
291262483
290229354
289798678
298498912
299496701
283312159
284904573
284478821
283022443
284323165
282981627
288867578
283731011
283262355
288819868
289288241
289178990
288761516
284923369
289316384
284921716
284549534
283254818
283053027
289216560
280133058
280259865
282069166
280819011
280207068
280166009
281861851
282922898
280090638
280031782
279814409
282023195
282098191
279971326
282893364
281960494
282951928
279767356
281964569
281910278
278024965
277995162
279123496
277220819
278980584
277188502
277136449
278869905
278051393
279504758
277938153
279017514
279676143
279006587
278802084
278280404
278105556
278312207
279707573
278077309
276393070
276487496
263385734
263639362
263557879
276521310
264450476
263657611
275370378
263429901
276618526
264412165
275289899
267852851
276570453
275303966
263525880
262632112
277049472
276447405
253860931
253755967
262392411
258432920
262509769
257266511
258440996
262357611
258435190
253953747
253165349
253129895
253098068
262483445
262604402
258360772
253146161
253111839
253910342
253990925
253162850
250282471
247514214
247257739
247291673
247533300
252528795
246357329
248326209
248289470
246892762
246351766
249333931
248210594
248146343
246334323
251101519
251047817
248258846
248098993
240518535
240354770
245477872
241435486
240455083
245648773
245241102
245572845
245177650
245283198
240428347
245145566
246310732
245677845
246257812
240605967
245215239
240296359
246066518
241385555
240210632
235673358
240274058
233459723
231968618
239784683
231994606
235719134
231941162
234902712
231172039
239815845
240216247
239631383
231613433
239525811
234846283
240240698
236610623
236576843
229579943
230968648
230328431
230236111
230173006
229618751
229447790
229685621
228868357
231106993
230780888
230370178
228832240
231009038
230400957
229489731
229650565
230133338
229533310
231146756
228102950
227384415
228709679
227349374
228069471
226566973
226462154
228140344
226577440
227984574
227306776
227021477
226475401
228015926
226632456
228666774
228798375
226605768
226979806
228042599
221160070
226281682
223780806
221114094
224720808
220395745
226099056
226129438
223813478
226203015
225859645
225839865
225856668
221046497
223739514
225872091
225812404
226166310
225820684
225785836
217554303
217483507
217682385
217440412
217443310
217651307
217473127
217760360
217430180
217613819
217527685
220353641
220280502
217500315
217413707
217455834
218423558
217805452
217723729
217580418
217129298
216304645
216247750
216634863
216607467
217161166
216358622
216586798
216665879
216600792
216206202
216100330
216403545
216125896
217403996
217073634
216644980
216621305
216181699
216152101
215301170
211424414
215384050
215869525
214795157
209137357
215811867
215793883
214906123
215234776
215887608
215263238
210606815
209038739
215854874
215184973
215873222
208952085
209785293
215833676
204332732
205271922
208178145
199586397
208839731
205973811
204322121
208262524
208892270
208810331
205805861
205196854
202393534
205204754
201126086
205231378
202309340
199644817
205263157
204282836
199540270
198203513
195255864
193121705
193192193
195330631
193538827
192388256
198856458
196019971
195989475
198701150
198731586
198211414
193520770
193151961
192569664
192427340
195286917
191996190
190863784
190554561
189451284
189873660
190559620
189512090
189485801
189471876
190970042
191012318
191755509
189894841
191365061
189584170
189555366
191714971
191100758
190898427
191051964
191724186
183502602
187473600
188792983
188824347
187304965
189009516
184342916
184322232
183564119
189399642
188710052
187551133
187247958
183476813
187505829
189039334
188740394
189419182
184373823
187001068
177091644
182776465
176137887
176114376
175125143
175032187
175194401
180010818
176132100
181918854
175620852
179110723
181956305
176145101
175088465
179848310
175458589
182814248
182746980
179097938
174637793
173975175
174714713
173598309
174310867
174597897
174364899
173992740
173277194
173897293
174342496
174470349
173906479
173649149
173097303
173050089
172970439
173780507
173613725
174505141
169205525
168684712
169364752
169062226
172796181
171380591
167415715
167402849
169477067
172864857
172817572
171421520
168717906
169508101
169421797
171677188
172896560
172565159
169230964
172588181
166430737
162634849
167113786
162564101
162811892
166398196
162674079
167391553
166983098
162761118
166964812
162841541
162141342
167164951
165337611
165301129
166925100
162113888
167366262
167379878
159868354
158573837
158530258
161830447
159877169
161705784
161591241
161874512
161551368
162083844
161986566
160621243
160574548
159951210
160676246
161933113
161459787
162034740
161563143
161430539
157545129
158499771
156961297
156921095
156883282
154216806
153564346
153390518
158034148
153501454
153453443
153418680
157811004
157624493
154133950
153533922
157583263
151993778
153214115
154178683
147621337
149222803
148946155
149952916
147754068
147604719
148880384
148196457
147580288
149911596
148626155
150275876
148546403
147766665
147741665
149927894
148916131
148654971
148694195
148525961
144617968
146783530
146255087
147491521
146898300
144595061
144412146
146291186
146637165
146603233
144487070
146304313
145116846
144455907
146665415
146327422
144527215
146867270
146312856
145169377
142952222
143457590
141968109
141938837
144170584
141566692
143790113
142001789
142029060
144175495
143804059
142960523
144371139
141598596
141817174
143282403
142915584
144327368
144136964
143780954
141037215
141023402
140988321
141009226
140817761
140152677
140149511
140127656
141054048
140645747
140853404
140083942
141362309
140110047
141065203
141494872
140781387
141292682
141299797
141321924
138981135
139298007
138410688
138087986
138050303
139250828
139985544
138053583
138104255
139963471
138061369
138943034
139331072
139215007
139319258
140015902
138016125
137986152
138452607
139186987
132804021
135021818
137684817
136405833
136473422
133201531
136439541
135161627
135819191
135953509
135710115
133692890
133765959
133179822
136680571
137667985
136573810
135653886
135142318
135123612
130272523
131197861
131576956
130584980
130491444
130930919
131554337
130478543
132633495
130677125
131264554
130514961
130244513
129510012
130180961
131253128
129465349
131242161
130976015
130840279
127638788
128287783
129349890
129272789
127258606
126637317
128745242
128680854
128251174
127606475
128622091
126603446
126623661
128731211
127653048
127697747
128717196
127682101
129398672
128500510
124903121
125941519
124882292
125605421
124940447
124629183
126351728
126577823
125915106
124814903
125509839
125616031
124852837
124929151
124918763
124865677
125548716
126278293
125472613
124827324
122247937
124593145
123631079
122947551
122760909
123577009
122308782
122883576
122276635
124438092
123923308
123133732
123114526
123902432
122365442
122345985
124541261
122324681
123824003
123520315
121649913
121058244
120277285
121598360
122217757
120291278
120338192
121636567
120346303
120175965
120936537
121309883
120885591
121086965
121278937
121695826
120305138
120830577
120253365
120366574
119079567
120074757
120091185
119820497
119418963
119400881
119109704
119000071
119904480
119783964
119337310
119305209
120139340
119872760
120047837
119373466
119127999
118886146
119377452
118910459
118545619
116415776
114833316
118241542
117285180
116709977
118174969
117376528
116674837
118567628
118123166
114869419
116599859
114784651
117330334
117265790
118210737
118090522
117591719
116404675
112921635
114001283
114182218
113840720
113204439
112894794
113866964
113291497
114267642
112874569
114151994
113894744
113253902
112845227
113924949
112860317
114329593
112907575
112878327
113808874
112232661
112213141
111172578
112333097
111637623
112605601
111961542
112564790
110069400
112251081
112173992
111351314
111984686
111155536
111506196
111339022
111033950
109260785
110982616
109289908
107696207
107633577
107901502
109140758
106953098
106299898
106201265
107940877
107787658
107007234
107042469
107664688
106843978
107751298
107855872
107228137
106876907
106924779
106244056
106983998
105447964
104896132
106057812
104812408
104926840
105666214
105503179
104049052
104978091
104923751
106099496
106177289
104704230
104090165
104785172
104954606
105007211
106128802
104749830
105394760
102204776
102969552
102574530
102581280
102480630
102157052
103409655
103382619
102608058
102562073
102285786
101860929
101841066
102434557
102628355
102310271
103354473
102611607
102180737
102920838
100202624
98380830
101497564
99863039
100183229
99886531
99099650
101522045
99218511
98948380
101538122
98910883
101212056
100228113
99057208
98410478
101826870
101231837
99196486
101803470
95687401
97438663
95375236
95340151
95283559
96076744
95978161
96031734
98121280
96511566
96473335
96456274
96356875
97368569
96333560
95675471
95694121
97484676
98041847
98093993
94550772
93269030
90355876
91440013
90407619
90368529
91532990
94035701
91469013
95241767
95138418
94752396
90752852
90390455
90729777
90336086
91813581
91492992
90337357
91517032
88157119
87320800
89402654
87347751
87264215
90307731
89390372
89346436
89371832
89300647
88223734
88118331
88208448
90321874
87299971
88683157
88212497
88189208
89272294
88171203
85845322
86677258
85882034
85521079
85395100
85407860
85157090
86713104
85381016
86674430
85501827
86535243
85421351
85251274
85199253
83179916
85177205
83026375
85221121
82991981
81660337
81437210
82364244
81507600
81039139
82446270
81607448
81630478
81541696
81452343
81010876
81031842
82407673
81676554
81381007
81582693
81023587
81014695
82946965
81418090
80938935
77565520
80830748
80354080
78295907
78337818
80373939
80982156
79840528
78358958
80961647
80806574
80994123
78317633
78094544
80324020
80305069
80276343
79040389
79009709
77493617
75750039
73897163
73477349
77259896
69466359
77527948
75729137
76141573
75711320
75568900
69940167
69427236
69356577
70490221
76083804
77232382
75685885
77277550
75746423
68395753
67955203
67512623
67429888
69041120
67341902
68502682
67462636
67338996
67361790
68553625
67603183
67138130
68524942
67619880
67343601
69074934
67495272
69097335
67127438
67110540
67050575
62356725
62707531
64087137
63771392
62596103
67062796
64278282
63167868
65320972
64685573
63013038
64673507
62733982
62761599
67085042
66957822
63552808
63800447
61109187
60907387
59813542
60308460
59651724
59620566
60879843
62265079
61970222
59843252
62252250
62219232
60857251
59635114
60330325
60777530
61957241
62303338
62285625
59782247
57497504
56529119
55799446
56546393
59440740
59089359
59438023
59081026
59071192
58848605
56934704
56694577
56180267
55795408
56703127
59079148
59609829
56482048
55801948
56496355
53334103
54458325
54435310
55522030
53346121
55763247
53032185
55785551
53936342
55206864
54691285
53432226
53023921
53444874
54445703
55185083
55755261
55772197
54427482
53926260
52675085
49994477
48994760
52930094
50001012
52909612
50491297
49985930
49687038
49665691
49000358
50639880
50685345
53017452
52840187
50503364
50652030
50674072
49695959
53021195
48863444
48044700
48017418
48964531
48974855
48524436
48849609
48233592
48226678
48944731
48877085
48650122
48031548
48255446
48360751
48985701
48665761
47972753
48655634
47947053
44755238
44514581
45652057
43430134
45727181
44201436
44463205
44185356
44675893
43630722
45733173
44029050
45403564
44485038
44147813
44035283
46876054
44380920
44228096
47027589
42893037
42939746
42159406
42298552
41823908
43252334
42876998
41969116
42238736
42128541
41825105
42037431
42121244
41817470
42929878
43092836
42111784
43426489
42469769
42044979
40580131
40465935
41556594
40889454
40380917
40446441
40241081
41493951
40705188
41428736
40348734
39621671
40404998
39844053
39728563
39634466
40343158
41511350
40329454
40964092
38207117
38836146
38615034
38530419
38606497
38371713
39015414
38511150
38381555
38596766
38262112
38182443
38375750
39593442
39587113
38711158
38191170
38274749
38057049
38579506
37964436
37600736
36306870
37842972
37482425
37862223
36296260
37853765
37605457
37442126
37803423
36969954
37611054
37813049
36206914
37594654
37874582
36262421
37456023
37787664
34967315
34976776
34609177
36086930
35450516
34854026
36079661
36064273
35458518
34620254
35956137
35926826
35949689
34542424
34128775
34105474
35940899
36070625
35793954
34848482
33393080
33369098
33123718
33405710
33386638
33116088
32772536
32992886
33412518
33401421
32765647
33156045
33965043
33380492
33955052
33002854
33100964
32917053
32760889
33723843
32174591
32233837
32481492
32756862
32656721
32530824
32738686
32532492
32542193
32746798
32617739
32638774
32226335
32665988
32535862
32165467
32151666
32429952
32210761
32436429
31749668
31770744
31468100
31708654
31477513
31761178
31475846
31445107
31692119
31493407
31671339
31457249
31657169
31645210
31466281
31429146
31302058
31483933
31294634
31682170
31198880
31204644
31040521
30514264
30982263
31197457
31208515
31032447
30723945
30749924
30238667
30208483
31048642
30970935
31286966
30751720
31290622
31057213
30764725
30570884
29669601
30195535
29831727
29849636
29442767
28370073
29981766
29772596
29403516
28997827
29997111
29784388
29434208
29665079
29953870
29951787
29648259
29123167
28365120
29793880
27593049
27782755
27788954
27671717
27482718
27686720
28303147
27081218
27771760
27627899
28217772
28132325
27696567
27643494
27402687
26676177
26661736
27507247
27298790
26684498
26181870
26620389
26189746
25969149
26491255
25956149
25932166
25756652
25742033
26627005
26655399
26480714
26380523
26177035
26611827
25770478
25737971
26052642
25948258
25961782
25372802
25734178
25478427
25548395
25542953
25405391
25472124
25385136
25319433
25534054
25378746
25299731
25725371
25418251
25412573
25393607
25314184
25308189
25366879
25715225
25205395
24941997
25214477
24936097
24975410
25186826
25197892
25013956
24928175
25271608
25289947
24951882
25020033
25279187
25234678
25228915
25193460
24962932
24957892
24968207
24516977
24390031
24726605
24635036
24905134
24733390
24641152
24313461
24805370
24322092
24524808
24794335
24915354
24341218
24778268
24743531
24648473
24912056
24798837
24917874
23999356
23976590
24010742
24188382
24180463
24041291
23960549
24196207
24025890
24015861
23821056
24009748
24032116
24184717
24005290
24021511
23985222
24280236
24289130
23920506
23809006
23480238
23772994
23763951
23474649
23805022
23581089
23701766
23814472
23694884
23601184
23785051
23801432
23614811
23555355
23466847
23438938
23445894
23608237
23549586
22973289
23432914
23213478
23381042
23225499
23203377
23428264
23013689
23207891
22833178
23018076
23424042
23023480
22970781
22966468
23004532
23218384
22980729
22998920
23357938
22463228
22823518
22771631
22629355
22459177
22473467
22632629
22821952
22812827
22479191
22808326
22476091
22827381
22800871
22468145
22819522
22551930
22545488
22817056
22452513
22283011
22390694
22398329
21915314
21908443
22407989
22441561
22113268
21898888
21894146
22294529
22434774
22289370
22088249
22189259
22098562
22104439
22108312
22386087
21900127
21400915
21745278
21495890
21397739
21283382
21278850
20799514
20795375
21683879
21251798
20791109
21489781
21422014
21553901
21849851
20928713
21679941
21273211
21502858
21415882
20455490
20466318
20462306
20638039
20628238
20538610
20478418
20474345
20454692
20449075
20783172
20632529
20469817
20460347
20407141
20402274
20530446
20779243
20624272
20786237
20117953
20303261
19791911
20298612
20307688
20060660
20093599
20124359
19782278
19745797
20102765
19882090
20053490
19778875
20113404
19788272
20089017
20267359
20075789
20279149
19436124
19492789
19591180
19487218
19475422
19444096
19490333
19600987
19479844
19456869
19496130
19452211
19406858
19402092
19485199
19553448
19425620
19462500
19412640
19417772
19070526
19398540
19394818
19331763
19313108
19195144
19298083
19336041
19133012
19318231
19215764
19212342
19191491
19388761
19205518
19202554
19153384
19145223
19199551
19139176
19063217
19047596
19028805
19021266
18893064
18903213
19007119
18761183
19037389
19058576
18888813
19066793
19042400
19013974
18752396
19054778
18884635
18756416
18898950
19051909
18543553
18025342
18738046
18530865
18503040
18737170
18733281
18748400
18399006
18394991
17961948
18023070
18494675
18726517
18402312
18744135
18538325
18390292
18741380
18240330
17551105
17387821
17692602
17683881
17679116
17534234
17389540
17386776
17149251
17685267
17147467
17145559
17674601
17948787
17548170
17659585
17665998
17542565
17152697
17538729
16481781
16459052
16597446
17144147
16589461
16477311
17141279
16586640
16571988
16604044
16488597
16582911
16468209
16566979
16490586
16473629
16494801
16777501
16774674
16485429
16224427
16346359
16446597
16339625
16240304
16133349
16307247
16328702
16315834
16244214
16235331
16228262
16256344
16326126
16311635
16452196
16217221
16260177
16141286
16136692
16127626
15787192
15936364
15629010
16099239
16108606
16087684
15957397
15798083
15802636
16104119
15934145
16130824
15968960
15776633
16122407
15946128
15812924
15951163
15806587
15598384
15569870
15521695
15513987
15482482
15518096
15579593
15574407
15479468
15473685
15467950
15367396
15584596
15371996
15612481
15590555
15511512
15494640
15488280
15504635
15075640
15204012
15178374
15211746
15318906
15196643
15218964
15154410
15325038
15351814
15310365
15337559
15190722
15061262
15187213
15362980
15070220
15184055
15302555
15357551
14911774
14853087
14879282
14819613
14857420
14822284
14807922
14904947
14800421
14814464
14719320
14711621
15021981
14991897
14866960
15011838
15052106
14871553
15035849
14829669
14351234
14357503
14334076
14515114
14530619
14521880
14368361
14228220
14685198
14217888
13836239
13831094
14223150
14704404
13826349
14217089
14506145
14343369
13018577
13026042
12921494
12722607
13011427
12937694
12713005
12902192
12877168
12945598
12862751
12915329
12734673
13001133
12941845
13010848
12992397
12926962
12908075
12894260
12715887
12931557
12573139
12412505
12389388
12557130
12546010
12314939
12712419
12591942
12606792
12550917
12339217
12307587
12201391
12708819
12384658
12403765
12607541
12583672
12396599
12711848
12004926
11988399
12193504
12171773
12004411
11981482
11859966
11993395
11863168
11976839
11867647
12017580
12009380
12004507
12009709
12004206
12153679
11966236
11858601
12160690
11820399
11693716
11704696
11426430
11680308
11547070
11425891
11833232
11697841
11824332
11685225
11555472
11566611
11852012
11400181
11561133
11410696
11538292
11433683
11677721
11087784
11099867
11354809
11215301
11344479
11335747
11372359
11395223
11332160
11104726
11363793
11222176
11349249
11382910
11360952
11228566
11210511
11092354
11388931
11241029
11076356
11066496
11087485
11070729
11085031
10839504
10951430
11069994
11085713
11068629
10918475
11086226
10938065
10913399
10834517
10922958
10829642
11082750
11086815
11069422
10817832
10816969
10826374
10780125
10775385
10814371
10811582
10796137
10822691
10815910
10703940
10818814
10819123
10811930
10788100
10692991
10688325
10699553
10770697
10792877
10345039
10337963
10290552
10215673
10322679
10199083
10210922
10672178
10185211
10305362
10434210
10683630
10579171
10202339
10297993
10178370
10433762
10206820
10461910
10439846
10094871
10074514
10047836
10059229
10054673
10166593
10072828
10091333
10065586
10076304
10174665
10163831
10049880
10048303
10043603
10038880
10177305
10074850
10050277
10039993
9956544
9707350
9934106
9947199
9954169
9825544
9715272
9933108
9942119
9931511
9937242
9943036
9718416
9947888
9942472
9932771
9722406
9710535
9726628
9709919
9579797
9575742
9700942
9572377
9458909
9447610
9420595
9305830
9414790
9299967
9313531
9290866
9407702
9294292
9594807
9588771
9472478
9580250
9296026
9437079
8698289
9190572
9070627
8937415
8839182
8828598
8824270
8695098
9173097
8705135
9198222
9065682
8932495
8818920
9187385
9182663
9155998
9057751
9163662
8834175
8563696
8297871
8294601
8211366
8417295
8685223
8572196
8689196
8228008
8223923
8220216
8671602
8605702
8311976
8680583
8686402
8592162
8558131
8597332
8308952
8125616
7953136
8122377
7970416
8128379
7959111
8117839
8203915
8041581
8138251
8051240
8045929
8061136
7976382
8207025
8042709
7972858
7947710
7942079
8067225
7851409
7931542
7861552
7886195
7533330
7585828
7935208
7588780
7660322
7886265
7752804
7528514
7871835
7586371
7595941
7525104
7609200
7592058
7687418
7586068
7467997
7462344
7470751
7386375
7522743
7376159
7457132
7447364
7453734
7518973
7475101
7477423
7300993
7280995
7373438
7273718
7284227
7446205
7449502
7380088
7258903
7110796
7198037
7107678
6959210
7188061
7268653
7048600
7265244
7202232
7116349
7270717
6961262
7207252
7190631
6955766
6951931
6946079
6948465
7194195
6796151
6720877
6890972
6713848
6709912
6941002
6833405
6708928
6724980
6943073
6791762
6728552
6710643
6657885
6648519
6731352
6652865
6895381
6885435
6880464
6641766
6433921
6436368
6575476
6513308
6639525
6428319
6427481
6427317
6427783
6443577
6439349
6572088
6577976
6505483
6447240
6639749
6430023
6645307
6567564
6406860
6426480
6425998
6425698
6425552
6423435
6427094
6423929
6425418
6421786
6425855
6423764
6421032
6404812
6424576
6426652
6421409
6426164
6426298
6426832
6369493
6403455
6314652
6310369
6309546
6394792
6404401
6403744
6369708
6372319
6306845
6398471
6404700
6394902
6403179
6397452
6304518
6396275
6366845
6376174
6296482
6299711
6222491
6153871
6224997
6241267
6288145
6294409
6252437
6285139
6156465
6232093
6296254
6247004
6244482
6148290
6237523
6249650
6296803
6248001
5712644
5757639
5937940
5754505
5742461
6146219
5730113
5797082
6072094
5749597
5940457
5725741
5878165
5715319
5735693
5697052
5454506
6081957
6142250
5882053
5446437
5449213
5407451
5384694
5196463
5387858
5194693
5391774
5452217
5247362
5197422
5399379
5381939
5389766
5244854
5246253
5196905
5196320
5191837
5403046
5049378
5048116
2174870
2167555
5178630
5045072
5185628
2281394
5187491
5057719
2222927
2170081
2187413
2171968
2165396
5181394
5053339
5176314
5051619
5176067
1932648
2072160
2110859
1973273
1966423
1931555
1929143
2036387
1936111
2044266
2039546
1979022
1933892
2164979
2126088
2069906
1976501
1968637
1934499
1970847
1838607
1843159
1871160
1840796
1836332
1919828
1819070
1881914
1828875
1887559
1879429
1877096
1832331
1822324
1842197
1923884
1927031
1884604
1873629
1921800
1772371
1660067
1650935
1761804
1814946
1704817
1806733
1764300
1767610
1695832
1777792
1818471
1775508
1709647
1811865
1662748
1661504
1816124
1652998
1705821
1577231
1517154
1495778
1642752
1492969
1575163
1522005
1513509
1644449
1502668
1506070
1563090
1639067
1640616
1569002
1508826
1559992
1571501
1578859
1647332
1399628
1397604
1369390
1298353
1383600
1373283
1323558
1303925
1320589
1370606
1491509
1386894
1316155
1394295
1436909
1439971
1459971
1462695
1379882
1437116
1274334
1099537
1283262
1146062
1140240
1103792
1097574
1276549
1287029
1102236
1050264
1050209
1283912
1049840
1288142
1054571
1280922
1050049
1200563
1291194
832142
1007769
993237
990106
857926
792812
859372
856928
1047722
822184
786791
1003299
824792
995504
790115
788703
999537
860167
819459
791268
710785
645528
674535
638447
687081
763206
677402
669966
679740
646887
636233
592668
592787
718533
671571
716823
640994
634965
760090
713296
567866
560615
556047
528833
565516
555010
562539
552909
563914
530055
524723
481050
480003
557070
553704
558743
485208
482980
526803
592534
424200
395541
392357
375581
374935
396838
478072
393064
389710
372624
370718
389537
477426
422466
445546
478987
373386
390997
445105
398016
359605
320432
336610
361382
320523
334678
333480
322336
317124
335582
335203
336124
338505
369117
359993
334937
336873
329697
324976
318920
266299
250260
249096
273567
268286
250665
293324
269524
272127
316542
270268
271448
267553
264609
248615
251436
295016
286510
265622
296505
235039
227288
225291
217862
232241
227055
247479
219499
226950
226659
201942
220335
203821
217081
248072
234155
226894
222592
232903
227178
