1192446855
1195193678
1190208784
1185814233
1185226955
1185650695
1195422860
1181229121
1197671573
1197571646
1190040998
1182767547
1194702394
1185969392
1182518593
1185458489
1195082919
1183624707
1197457000
1185090928
1169006180
1165126636
1167596103
1179150560
1172370920
1164699628
1174467674
1165244641
1172256858
1170207596
1164843097
1176287763
1170084452
1169759926
1180572574
1176355842
1180457484
1174288731
1172744405
1172847429
1158631121
1160283584
1158823238
1158374660
1160401237
1158304115
1152518001
1163340955
1159091300
1164500010
1160550651
1154672433
1161299971
1161225091
1163023913
1162713844
1159182418
1162609568
1158481027
1162458040
1152403518
1137922181
1137788601
1134874675
1135745666
1151689885
1144321291
1135627543
1133379080
1149743910
1138128661
1138012937
1135316582
1152047946
1151838974
1135457163
1144510089
1149882248
1138238954
1135539952
1117936549
1117761248
1115676867
1115167863
1118581605
1115537713
1133285669
1125247050
1125396611
1121172540
1125567201
1118708518
1123419559
1115263823
1128142655
1130255350
1127998228
1128272315
1118643731
1118108538
1113864861
1113329131
1110966223
1109091272
1113610622
1109428515
1108862763
1104852567
1104769105
1106910983
1109318784
1109206001
1105078839
1105000229
1111214295
1107294559
1112899278
1107380080
1107176671
1107098177
1095733627
1101576441
1097251965
1097111144
1095107671
1099687501
1102032059
1099493689
1102142495
1099346659
1095924685
1099952426
1094924650
1101752613
1099834574
1101906827
1095892546
1093219385
1095808457
1102274018
1089468656
1091042017
1082129576
1089260796
1088498989
1086467432
1089544226
1089124115
1088692129
1089396457
1093060067
1086960480
1084085593
1087069468
1088322715
1086234618
1092937233
1083864897
1082438227
1089016637
1069605699
1080077762
1073496797
1069264292
1075983159
1075836892
1071320182
1074632550
1080705018
1076426069
1074427268
1080597459
1073864548
1071081886
1075747107
1070953311
1073643465
1076197895
1076340494
1080234655
1064999084
1056043677
1055873443
1054424981
1069167067
1058873948
1067213818
1058529089
1058688841
1056509688
1054355674
1067124289
1065318869
1065576404
1065415017
1067309929
1058087350
1058228981
1058356555
1056581864
1054064700
1049829712
1050093929
1042893534
1046003170
1053190189
1050012697
1045938514
1043145608
1053745264
1047416916
1045481475
1045363535
1042703753
1043046511
1053890714
1049710260
1047333321
1053345724
1045599395
1035121305
1033981511
1032027051
1033917230
1034052192
1040640698
1040506765
1040612543
1037052741
1035280447
1034108972
1035813284
1037193107
1035670463
1040163783
1037795387
1037330055
1038004017
1037911761
1035480972
1025439003
1025303820
1030284424
1030195344
1021233321
1030104405
1025195855
1024854072
1031697111
1027365309
1021344067
1030348109
1031546387
1023012364
1022813298
1031898571
1024997866
1020903187
1031366908
1025540052
1013281180
999381476
1015769777
999611341
1012964699
1017657143
1005796237
1006045438
1013362497
1010070793
1013123648
1017744895
1011189784
1011151852
1011095257
1005988246
1015854043
999227188
1019274977
1011048259
996133466
989551440
998618430
982452897
978618049
978291685
996677394
980331707
997223255
989605771
989452851
989187113
988944550
985472036
981907272
999051747
980895496
989296272
980080186
989023931
965452853
963814738
962337555
976765302
962258342
962004647
963700641
976918691
973088007
973201228
965742489
965493387
966108310
966473317
965665728
961926997
976816321
968314705
977919889
970610070
946358968
945914264
960161605
952643145
944576226
942593567
946176690
945984627
947710746
944648364
950560703
949720117
942726907
947862387
950532452
948020338
955011731
954942364
949623036
952588401
931377654
934729685
938114006
937697531
931542341
935678110
939722110
941838981
933040879
940442715
933547928
940466129
933152309
931934981
937371184
931824247
940504176
942434616
935173034
934619691
927411176
927082204
917220658
924875808
926927129
917004476
917631512
917326123
917560967
924608339
924779927
915657640
927310792
917088985
931059352
925003962
921876773
918861227
918972900
918779429
907345750
906621787
911733453
915305733
908748023
907311785
906233349
909838149
911548874
909886421
906778382
909504996
905236913
905166134
905273044
915524499
907244718
915444728
909744259
909954527
898525043
891872666
896271009
898347692
905037546
892980573
898833368
903163195
898975183
896426277
903087523
900397537
900284184
898421140
893296462
901225118
901109944
893159814
899118441
902620685
885869189
888900170
891658593
890672328
884030055
877135034
885758958
874321045
885210041
873839405
891126345
889837361
889238938
878451370
881240703
889107343
874378458
888987487
889699953
884102497
868099546
863245072
870456144
863643317
861992414
863338020
861926794
863864799
862034119
870664540
870518116
865998571
862956853
860954408
864045705
866126570
868121415
862862659
859961268
861021135
850724612
852486096
852410522
857524962
850697887
859187527
859308135
854646315
854190011
854345675
854109829
859386109
854254288
854601845
859046964
853834391
853570787
851692231
859097386
857417408
848459040
848777402
847930221
846249752
846209899
849710619
847969587
850459992
850599692
847772980
848289261
848371397
847698895
847845441
850263830
848821534
846337417
850673368
848851035
849639746
841479286
841443902
837517583
836575190
834983500
840301635
844818128
838561568
834819012
844140983
840699240
840423153
844063392
838620989
844178550
844244997
837499282
837463975
836728893
844871863
832863368
831316616
827273991
833045822
829211025
829461728
827552120
827407548
834707764
831130651
829355113
832790471
829285677
827490784
826371270
826302530
826177869
832921839
829157036
825769489
804524465
804444293
804606154
799761109
825596198
799377502
804371935
799788054
823822958
825348730
823347721
821375375
825272233
823265589
799716626
823529853
825696932
823435677
802570251
800719384
795354031
797070412
793569545
796767639
796997306
793836932
793708758
796791495
797275130
793750543
796657279
795690806
797121700
793636642
793491166
795754151
797479761
796881340
793796187
797195451
789167401
788864925
789094960
793392361
789021199
790931443
791181204
788925240
791068356
793027979
787240286
781169759
793301843
790997362
789288989
793139030
782821077
793218398
787179412
788800691
775716863
780897726
775944871
779561842
779664420
777290906
777581150
779183225
779617181
779804550
779253590
778017215
777475658
777406193
781104673
781013173
779724333
777951190
775843804
778091804
763887217
764216784
768844611
774414671
763693066
763798446
771912722
765318731
764176121
760252900
766756218
772282088
772209922
771972940
775629493
775564038
768623650
763748224
763607616
760164795
760076690
754437094
754323591
750634016
740727108
742923094
740661480
759811143
740609543
740447804
739677575
739623136
739501853
759877122
740518940
739420589
742849415
739354720
737865888
750699409
733470698
737486685
731748620
731492518
737830617
734104568
733649803
737412717
731593704
734015890
737732066
734233469
731407875
731150989
734202679
734171664
731861391
737595781
733924147
733575542
729195290
726651729
726570155
724833341
727229510
729355170
726581444
724699354
728819940
731056731
725785506
724981997
724913650
729492644
725728132
724643516
724566890
728778427
724519568
724481744
724435460
719064372
721392562
719708483
721322978
719810409
721218819
719520859
719429557
724369487
723662459
719871183
717831791
717750763
715816098
723734349
723601604
719645386
719779760
717901016
709876080
706193802
712042401
709696634
715662758
709626653
707718484
715542387
709926335
715739847
711962998
710020220
708089934
715424257
707804715
704432956
704387979
713072064
708155875
713154609
699858420
703329831
703400478
701692100
697914977
699786109
699969952
700191176
703247591
704347544
703876925
701818431
697640320
699645863
701505727
697796856
704001048
697536419
701599083
703465437
694301378
691956341
691403894
687404453
692089611
694180703
693914231
692599770
693795081
692524612
691671489
693687407
687148494
691288857
691512946
687514266
697488921
687015154
686061056
694068378
679702198
680140517
683175314
681777722
683497569
681401058
679501763
679382733
680651669
683300315
685929410
678588992
683374616
681632587
681313139
678359304
681491340
680675251
678542984
685991944
665923378
667652701
676598848
672452598
665868094
678215431
673902487
669135576
667732842
666003051
667492407
677336656
676513182
677462740
668814951
672359049
677739681
677595091
677897918
665975697
659423705
658301141
657804857
663109547
659281918
663948754
658335169
656158178
658415008
665410181
661298927
663189365
656118858
663896890
658507032
663979777
661170381
659361851
665319747
664005593
654875605
652626970
650706720
651047901
652881232
653074788
652530004
653397868
653372825
655238249
653455953
650821899
652770064
652433702
653185409
652966360
650948951
656088162
653429038
654739260
645037586
644940512
645925728
644562437
649105778
649176724
649630457
649533547
647826183
646157741
644782538
647407386
646050990
647451210
646298269
644656798
649451824
647335628
647247179
646416200
644276950
639709189
639533011
639475905
641585379
639202777
641240822
641529171
644418030
640841793
643107651
639781716
644218184
640979097
639631312
639302554
641343721
643021574
642740772
639353984
633663406
627354008
627466195
630949124
627421663
637727792
637886079
635990229
630464798
635021699
637644377
633788739
636156609
632450867
632178312
636092733
637572769
632269363
633536807
631068579
624373447
623756601
624416608
623851390
627066787
626546375
625676486
626705084
624177654
624073412
623921492
624303820
626486953
627171389
625754773
625595982
625128854
625212082
626610789
627287776
608715920
622921434
622231437
617095795
614682658
614189347
622307663
622691036
615707504
622620781
615476383
622853532
610138209
609734133
622761591
616024431
613924298
609796376
618050774
612926711
606629938
604796088
601976562
606570004
608443436
603867038
604670113
606794966
604581897
603258165
604873922
603018553
602201698
608595538
603329878
603179533
603109246
603516314
603052299
605418898
601097934
599372802
601820024
599311230
596047876
601144289
600946678
595587392
593279588
601722891
599608095
599142798
592686893
595405723
599219477
601066509
595324399
593037785
591890072
595483911
590320439
588939786
591147219
590440758
591254935
591103168
591568779
590508602
590062217
591348992
588824256
588706152
588620201
591812659
591705499
590568560
590147756
588460632
589983916
591197190
585193020
588416954
587543690
581886134
585487358
583703546
587174256
586047368
587302861
585335180
581785536
588377119
588329483
587383394
584045345
585967852
580795951
585014483
584140111
581948750
580003999
577092131
580040742
575867559
577447715
576096681
577514507
580664899
576002619
580207187
577287114
580100535
574618020
580274785
577231488
575893269
579110043
578849340
577182307
574534933
570731997
571079506
569551341
569645948
569421614
566566017
574472553
568438635
566638866
568360341
567015583
566954912
566958874
571021065
569568027
567991695
566928611
570632621
568290419
569715049
565219704
565695447
562446898
561763903
561607128
562493893
565756031
565264356
564190483
564120814
561827013
565596076
560867218
560594609
564158919
561651068
561985824
565143460
561893276
561713414
557162694
554244169
556869249
558083732
555746327
559278400
555577578
557106666
555677492
555882771
559382103
559160852
558184299
557317407
555828775
559755506
555499932
555362509
559205039
558003954
548408676
549642374
554183007
550742342
549763174
553760247
552492491
547996572
552752339
552305712
549821588
548082910
553839655
552548672
554046261
550700179
552615770
552418258
549359654
554127579
545861533
543565259
545249649
544547689
544499689
545780321
544568950
544115451
543804344
547034286
543669542
547061054
544017913
545462120
546996571
546813951
543878224
543741670
546856717
543952823
542535665
539625561
539437113
539904592
542623095
542206663
540192913
542837508
542106446
540147013
539564180
539667737
541141798
542875569
539515454
542697464
539968894
541223292
542270974
539458173
532575425
538753860
538687281
532999298
530822218
532909396
538405327
529816343
538504771
533053573
531385083
534425261
531287259
534255174
532296879
531060627
532669788
533102398
532488646
531468628
526349275
529711220
528808855
526628256
529221593
527867225
528866432
526493458
529649876
526557947
526268479
528934841
526118512
526186657
526024588
526424632
529400896
529671892
529565454
527534826
523305454
522624205
520705220
520463991
520324645
522513568
519163458
523030058
522910113
522763092
522387868
520751875
523197579
520135523
520214541
519345880
519100059
518890969
523133477
523252337
517945737
515855866
515812921
517093168
517005465
518806746
513695442
513637434
514168279
513791179
517596211
517850386
518797692
514246174
516955352
518756238
515709940
516894502
517133055
517072050
505813388
512648473
512237116
510793767
510253986
510340349
512332580
508503527
513529665
508042798
513419372
506298039
513575292
513497923
508105560
508457630
505855739
513468069
512547937
507965563
501249530
499830562
505351893
501370685
501099314
504974999
505603516
501298942
501163050
500036455
498349563
505777359
501572763
499679922
498429494
501454836
505671710
504598400
499740838
504447437
492289566
492228256
497207190
494019025
498273534
492261399
493630158
496804865
494099072
493997092
493926556
496913213
494873044
493377084
497232318
498198534
494920789
493819735
494122736
493512604
490358577
489583048
492046028
489742259
492113825
492170113
491968620
490109827
489752953
492098195
491593370
491892917
489665524
490325092
492149275
489814054
491732983
492128281
491806645
491633182
485861135
488292027
488196039
486893503
487226206
486714588
486782631
489433045
485968522
485963420
487933507
488097776
486638715
488107937
488351691
489437176
488429291
487356739
486790365
488018405
485252723
485722497
481206341
485198508
482266951
483443777
483518411
484012111
482349612
482184410
483858101
482615167
485652789
483752464
485323549
481200145
485410069
483574588
482409688
485472212
476869688
479889374
479332238
480873545
479682819
479208416
479952244
479375891
481074100
478428970
476923593
477843104
478494647
477884307
479763675
479276824
479616370
477715699
480034546
479998653
472325885
472382200
471422705
471327842
471438879
474544695
474485681
474440522
474422266
472971799
472950020
473011243
471263468
471191883
476799792
471377339
471213792
472335860
472318478
474175907
467665249
449050340
454511037
453377129
463272980
464919273
464930366
453369083
453007953
462973615
470015146
464771519
471121089
462905160
467622432
464551350
452872723
471047108
468355719
463221150
445878758
444117232
448992354
446831613
445510978
444285016
442375694
448776365
443798649
444025625
442307356
445443806
445565304
445927881
448735618
442778254
449027443
442747875
437423132
446929768
423471648
427013396
419327376
419210687
418257252
424984899
430954700
422894086
418292669
425364069
425608958
426688355
419284046
436756017
419141130
424913461
436693342
432581947
430002847
426859991
409659411
408829071
412138925
412095883
410874847
409721231
414806557
409445168
408623398
409451343
410437754
411610544
408549097
408800303
415961481
414884742
414837943
412172421
414874162
410760421
407459158
407424429
406646376
402711847
400416212
405157941
405196904
406650440
400580650
396608230
401854013
403850232
405406481
402657590
400603298
398439120
400649837
398400286
405375401
403900188
393081055
393029879
395444677
383074220
396535155
393122692
391820710
391660375
391276327
383066078
389983937
391956508
393998939
391737764
391920022
387449383
395453683
396497438
383098814
394061029
381177659
371654067
382552572
379730617
375008079
371610973
382523599
379792408
370451608
379852526
372824353
379259206
374947839
379570235
371635663
379203401
382507821
379650091
379611842
382461835
366992302
368612736
362879696
363669475
370412848
365181687
368402218
365158538
369005352
362870839
367275126
367062278
364923119
368962282
366095942
368981692
368972159
367124247
365029011
363966831
358333042
357559305
359959607
359845947
357631812
358235444
358159553
357534411
360200697
362811875
362390086
357537355
359911421
359633276
357598540
360236627
362837704
360131320
359903710
359749121
356905682
356436361
357075082
354571097
356468359
354757045
356415128
356349507
356116814
352928597
356961558
354620072
352886059
352907183
354701128
356189714
353666574
357004466
352862887
356056133
352696128
350634828
352108463
349541549
352149068
349982167
352576431
349335656
352192256
352646329
352488064
350013116
349448058
352842404
348774187
349375639
352636775
350949833
352809087
350774770
348129013
347379215
348239877
346142267
346426800
346274302
348308519
346198918
347650942
346020299
345450333
345462515
346308453
345951881
345413595
345433215
347602770
348171303
348752203
348123546
338178510
338148009
338068969
338027697
337667556
337722552
345183888
337562160
340831892
342353703
340727254
338111641
345230947
337609873
340776379
345146075
342439617
342146048
342278785
338203987
336087324
334638535
337159608
335332230
335280208
337116042
335220163
336605079
337210735
335455406
334699975
336550691
335605889
334729989
337204583
334609889
335179928
335619710
334668757
335522563
334416358
333286269
330785931
332057810
334049205
330903427
334363191
333143019
331902850
331632336
331601616
330805001
334566453
332041594
331945647
334116728
333990994
333095931
330851888
333313361
329790987
327218082
329748173
328721958
323465704
323570669
328660712
326932757
326980868
323628558
329684845
328689461
330702404
329861327
329838579
329409378
329339595
329818096
329157759
330640187
321545940
317459596
316536955
315340948
321396793
318012685
323439654
319633275
315730453
321386037
318814981
315395155
321008916
320971047
319038721
315542573
318858164
323221880
321548423
319599456
308799310
313470539
311242845
311198076
308518088
310926582
313687152
313674496
311120641
309706728
313652664
313276537
313412540
315287489
309842883
308861578
311059208
308362452
310100368
308429613
305415581
306363384
303390281
301984861
301926619
306304034
306781903
306540632
305813883
302052157
306450669
302084390
305734889
307821446
306743680
307795801
306767330
305840737
306795823
305759767
300746508
298404510
298344259
298085697
299013272
297031039
296078976
300708693
296518537
296986577
296157850
301850533
298026945
300601237
300675858
298123826
297142943
297090256
297053107
300266367
279986648
291422125
276446775
281498184
279922391
282407325
296076694
281451346
279155199
275431046
291329673
277488147
291364187
274331543
274163684
275343119
281500758
291335668
280059606
281456391
260021166
260469501
273122613
263160323
274041984
273250205
265575210
260488240
260325374
254725923
263226046
260507646
260391035
273201979
260364170
254745558
265517659
273195562
265610930
265484473
247318684
246678476
251036315
245618238
246682514
250904718
245572845
250990179
252991944
246720073
249228039
245422483
246684927
247346297
246702015
251074230
243880741
250856331
248157663
249194817
238319355
235637423
232613682
232564864
243786247
238644454
239106345
232020100
239072558
239631383
231995531
243754088
238706189
238303970
236450450
239744048
231991957
238269754
243832266
239481490
230276675
230995683
230236865
231172039
224058228
228039004
230978060
226474041
224023026
223844799
226650635
231106993
231665117
228007537
227939757
227906977
226357840
231066971
226441268
231146756
222635229
219040727
218331302
217730248
217336462
219640730
217288653
220202030
221341188
218017974
219547075
217310169
219500079
217703706
219467372
222470626
221357154
219429052
217836471
217816451
211399896
210820287
210611278
212326534
212231531
216461282
214728739
211379867
210886772
214795157
210622591
213924152
210898363
216178231
211282996
211328992
213856493
216471908
214697765
216208225
206505125
210486037
207183532
210107968
208076361
206612848
207282373
207247200
206650336
208137352
209108109
210444114
210150490
210133140
206510597
205803510
209845347
209746017
206477143
206047453
201129245
199868298
200622448
203359329
204222942
198437547
201084497
202739198
203668837
203389742
200653929
201292349
205145254
200544092
200441101
199747453
198422947
198361612
200509273
200598651
198285128
198156633
198044150
197348059
198203455
196964580
197223814
196956717
196929023
197289232
197992349
198281361
196299842
196966117
198288442
196949389
197162834
196939266
197130242
198336982
191410421
194171551
191456131
194287188
191431162
193279448
194661631
195543986
194709238
194579790
195379466
194253017
194070886
196290900
194747473
193232698
195508041
195410340
194213384
194115133
184888166
184107496
188190899
182621742
184312208
186370710
181946501
186255994
188241422
182748691
186686907
182550849
186651553
188321840
186713296
190247294
184389888
182717635
182676229
182603092
178113850
181884777
181320351
180599241
178480618
177271788
173904244
181776881
181242091
181072134
178430425
178155209
177359864
177298874
177209875
174775389
178398387
181750459
181529522
178091747
168836815
172058176
168758028
170894553
168504245
168689997
173037849
173155157
173212015
169477067
172975409
169508101
173091248
173840671
170017292
169967039
169421797
168816772
172020648
173771553
165038718
166468173
165379437
164887848
162586710
161699772
161169759
161124761
158499771
168117542
158462502
161072618
168073298
163340898
158583219
164078958
162560953
166484531
164125399
158529518
156733914
155668197
158360330
156900614
156038353
156008714
155625583
155137728
156916848
156914099
156090013
157033351
156066033
155618644
155981293
157329079
158402116
157840236
155805079
155871763
153968320
153279194
152183791
154350387
154128736
153596812
155081049
154089162
152879295
154622110
154015296
152786463
155056824
152810709
154656258
153400984
154344726
154323067
153205920
154155304
150477080
147922714
147540020
148013246
146915262
151411565
149600407
150160737
151439067
150225500
148918461
148883071
149653020
147871325
151372059
147844225
147822156
146919835
150331538
147963033
146521422
144427856
144170807
146488210
146266724
146250379
145395240
145231604
145453480
146859743
146681924
145426230
145366211
144201668
146547400
144494548
144312092
144133221
144462048
145341535
142305772
140641695
139934844
140972240
141415958
143711687
140418660
142320238
143566340
143322006
140092890
143300857
143010400
142118048
141378442
143768837
140468096
140120096
143723158
143363131
139791027
132611923
138539363
135608105
136844825
132558262
137396153
137275347
136028275
136863763
139671030
135906523
135710115
132513692
133899473
139867690
138177068
133592410
138517498
136835373
129065326
129017744
131681189
129910226
129867484
129143857
131738634
129418506
129105825
130388903
128350765
128679548
132063851
129527702
128638044
128097183
129219659
128054465
129511082
129809050
124705109
124395113
126540134
124515184
123952627
126453451
124678390
125099168
123598699
122706571
122669335
124357559
126482862
125215580
121957210
122649692
126556564
123762649
121952267
124427854
113950164
121727963
119750362
118962362
114094960
120129406
116004307
121777757
117350586
116899289
116940347
113614612
120162819
113897231
120953805
120178611
118195116
118167483
113612485
116854010
108877523
112274671
109151287
113553262
109823003
112298388
110695927
109102136
113282927
113586999
108991561
107678813
106079261
109187453
105788760
108947645
111565663
106041362
111614076
113259857
104700597
105705817
105349023
105644604
105446578
104667399
103036587
103951266
102419063
103423169
104333634
104657857
105768694
103389239
103080867
105384092
105313117
105673184
102997086
103460737
102371986
101816870
100867748
101851512
100824272
100234744
102285096
100374338
102330708
102228544
100277933
101864285
100842596
100551076
101832394
101623078
102145453
100327050
101873231
102108079
98456134
96017826
96804619
99570326
96050070
97576909
97348362
95978161
97602686
97553309
96852066
96526467
98740443
97633964
97288787
99889758
98005669
96495289
99915267
96838264
94602026
94185852
95842804
95204354
94111806
94852847
93982928
93937453
94890466
94553397
94033934
93459238
93436017
93405825
94906299
94142533
93505911
94243944
94157353
94777249
92083376
92111057
93266689
92725977
92766227
92654691
92139947
92052833
92529869
91490178
92186345
92832862
92688176
92016070
93238817
93365095
92788714
92754505
92634157
92816649
87408458
90563941
90055963
89424234
90730964
91454948
90595059
89321498
91283044
89470721
90637206
89494458
90680762
90769610
87447149
90753496
89389513
87780585
89555912
89529640
83146513
84447596
82765737
85454951
84532737
86166717
83130388
86152832
83094944
84037990
82846998
84519019
83180205
84425371
84457435
82790872
87391154
86185916
86495921
83164108
82263984
82377147
81967079
81926055
82027883
81912807
82327947
81937662
82344914
82143495
82008113
82244632
81949913
82401549
81979978
81637256
81994206
81622721
81601124
82284959
80860486
80424510
79040389
79009709
78890576
80414026
79525995
80920189
81539861
81584721
81570423
80967796
79491193
80988186
81000279
79634471
80942909
80893911
81555446
79567475
74307031
78030188
77521336
78059118
76037975
78852522
77277720
76188175
75760884
77260957
75120906
75508686
78021415
78094544
78806633
77487943
75737939
77551190
73789769
73704999
72568414
73455462
68861685
72494425
70401553
70002879
69122729
69101638
72642553
70024389
72662575
72504245
71130353
70670257
70690030
70423690
72600040
69113364
72624679
72534572
67621006
68619846
68596690
68170472
68634148
67683759
68568963
68204717
68495852
68094855
67128882
67641287
67113229
67092626
67063286
68070723
67557596
68470438
68187431
68125837
64324998
64090466
65757130
63889124
64073484
65732112
64361574
66569309
65311247
65309799
63906130
66601471
66142250
65328836
66644603
66653425
66046140
66962509
65346760
65274281
62988961
62759471
63608870
62980930
62794544
62783510
62804288
62737153
62422141
63660561
62429590
63013289
63825699
62971266
63003199
63809668
63738063
63633824
62819829
63763052
60293291
60367453
60249624
61855465
60263799
60136420
62285362
61477316
60315636
60382097
60156072
61972319
61957241
60277359
62264582
61496608
60962834
61451802
60945760
62414352
59879185
58833975
59581703
59427908
58987557
60099772
59664036
59858371
59746997
58785846
60119954
59325659
59004568
60065516
59408866
60077952
59646713
58979740
58953101
58856763
58397058
57152527
57123600
58365229
58749434
57085766
57631515
58324079
58758704
57140348
58774509
57961763
58350217
57652793
57611526
57890166
57100515
58733036
57581607
57558143
56144719
55677422
57054749
56103933
56131401
56972037
56664742
57070756
56656119
56623134
56634099
56645840
56167172
56474439
56155786
56118396
56021244
56005891
55987592
56445666
54682074
55412792
55404680
54601364
55589617
54578824
55616980
54546793
54800754
54780950
54620648
55574190
54566240
55085393
54711464
54844204
54830517
55263663
55637124
55425368
52984341
54388534
54272715
53845207
53789453
54297942
53570113
52995325
53810934
53366222
54367110
54377451
53759954
53322456
54338503
54355475
53830819
53353628
52964829
54318217
52199661
51800302
50770230
52600610
52630271
50511726
50377300
51785328
49683358
49678319
50780397
50522613
50501528
50367443
50792774
52864096
52881760
50358067
52584061
49692813
41561833
42801420
39674843
48814983
41575349
48802888
48662901
41693258
41582336
43383506
48829092
42786167
41567738
41672085
43392452
43540437
43530739
48672957
43532341
41683296
26182785
26375062
26261553
26245985
26770853
36854813
26218067
26199834
26172296
26163052
26235921
26244226
26377964
26204823
38093905
26198625
26206101
32074172
36859956
26375051
13515176
20613273
15639455
19153701
20604991
13906689
13893537
13039112
15630082
13034797
18463404
15620118
19145622
13913253
14216671
16074826
14209846
13520301
15988557
15983059
10303792
10833379
9611914
10684704
10476307
10183542
9722799
9718424
12604196
12612431
9606914
10817886
11076570
10678431
10566260
10561803
10312385
10296054
12766820
10190677
8136579
8221057
8300532
7973607
8046620
7959111
9296799
9302001
7932337
7935208
9580844
8309414
9584361
9305445
9177330
8216885
9577446
9417540
8213278
7970752
7467997
7851409
7844768
7470751
7522743
7861552
7886195
7533330
7518973
7475101
7651949
7588780
7660322
7528514
7752804
7871835
7595941
7525104
7609200
7592058
7386770
6574206
7457728
7218798
7400329
7308146
6646239
7287418
7187005
6960771
6965135
7453974
7202468
7133107
6578267
7464476
6570747
7377059
7282121
6663277
6429940
6436929
6434903
6509959
6281487
6276587
6513180
6277364
6432668
6427174
6372475
6273650
6437730
6278836
6364709
6510256
6368730
6367765
6238182
6424998
5865009
6227722
6234292
5867455
6210633
6150153
6214854
6217061
6152871
6155390
6072094
6225402
6066662
6208391
6146468
6001743
6205402
5861943
6012735
6068721
5496014
5735471
5511425
5815473
5803256
5717988
5806708
5699911
5495272
5627504
5497897
5737456
5694508
5706520
5530159
5655541
5740528
5730275
5496443
5623817
5392380
5492713
5494786
5260149
5492967
5337858
5327956
5321102
5491648
5247621
5383104
5492280
5333354
5323639
5232756
5236337
5380973
5253163
5395552
5240943
5108003
5187130
5127541
5055434
5042371
5111536
5129971
5046212
4994390
5177708
5195968
5036200
5182831
5180744
5175415
5115993
5030822
5038211
5191837
5050498
4921455
4926094
4915590
4841621
4912916
4857627
4930548
4852108
4844445
4916936
4788754
4784092
4972135
4848720
4982285
4983766
4909599
4979752
4700791
4623851
4491694
4492604
4499036
4558900
4495841
4534324
4426436
4563016
4543839
4548730
4542695
4530780
4554694
4489678
4432984
4547074
4538481
4539675
4473101
4551896
4424923
4358936
4344272
4273220
4184604
4175274
4418492
4348122
4422854
4251094
4188148
4168324
4267302
4249978
4413728
4353789
4414988
4254505
4171833
4421116
4151352
4028419
3979611
3977980
4078330
3923094
4084828
4147976
4155208
4140971
4082042
4075448
4023920
3981525
3984286
4067977
4031300
4068208
3959823
4094760
3613944
3602470
3755104
3758392
3669278
3898002
3701590
3605432
3565386
3860518
3761861
3597515
3606218
3744745
3608072
3917002
3896343
3862562
3772993
3919711
3563560
3559773
3382956
3286694
3394774
3555028
3489054
3392955
3397147
3485527
3387947
3553084
3381293
3557669
3561724
3483220
3435958
3394189
3285507
3556235
3011028
3251393
3242903
3246902
3231219
3100634
3154049
3103589
3214106
3213395
3099426
3230795
3106780
3212741
3015488
3164935
3158045
3057559
3062944
3155866
2900253
2853048
3008518
2902486
2895434
2966066
2892455
2962601
2855277
2959627
2940245
3009165
2944138
2938201
2942833
2950338
2898854
2889755
3008725
2948923
2786886
2849690
2837309
2847453
2839860
2831054
2744726
2782751
2787969
2785042
2828792
2827032
2825898
2832451
2759187
2757847
2844786
2744941
2834541
2791094
2709696
2702810
2699193
2654089
2744543
2696099
2511366
2690755
2508587
2714323
2718140
2687491
2659744
2553844
2506685
2587983
2693617
2500689
2503651
2586104
2221746
2491927
2214791
2428709
2426976
2350718
2347961
2220081
2494173
2276145
2216717
2494758
2273031
2491451
2270091
2223946
2490441
2496612
2431390
2211848
1919052
2206404
2055835
2050241
2210278
2125796
1912961
2208095
2165893
1926173
2204908
2050442
1914019
2203666
1911166
1977213
2123502
2210533
1916261
1922139
1834297
1570113
1489621
1907369
1885794
1777071
1773975
1677719
1572456
1609042
1680266
1708927
1688726
1647117
1652435
1909059
1712755
1909248
1716154
1511030
265622
99970
106115
1278306
107756
1335195
1333805
99032
98955
1294239
1310444
1293895
355896
1454097
1277969
264609
1430280
1313021
1487901
1333920
